-----Simulation 0-----
172836.1796,0
172876.6852,0
172900.3311,0
172957.0338,0
173016.2619,0
173189.13422,0
173245.5815,0
173282.039,0
173342.5778,0
173509.1574,0
173554.9524,0
173620.6537,0
173861.9241,0
173947.23080000002,0
173968.5945,0
174087.1794,0
174147.72759999998,0
174279.3178,0
174385.6465,0
174600.4229,0
174916.0495,0
175459.6189,0
175612.17016666668,0
175616.6051,0
175733.80849999998,0
175846.0084,0
176016.22948,0
176043.76178333332,0
176111.2416,0
176130.8421,0
176630.55430000002,0
176939.3607,0
177016.5649,0
177066.9751,0
177221.753,0
177291.0896,0
177305.1417,0
177350.15409999999,0
177406.2559,0
177416.4365,0
177561.3952,0
177613.2527,0
178020.896,0
178371.2326,0
178597.69520000002,0
178678.6669,0
178951.922,0
179088.1092,0
179142.09769999998,0
179321.9348,0
179362.0321,0
179555.6189,0
179702.4373,0
179724.7977,0
179840.3856,0
179852.3193,0
179950.6162,0
180078.0558,0
180269.84769999998,0
180282.6404,0
180511.55430000002,0
180601.1661,0
180605.01799999998,0
180661.7304,0
180784.058,0
181025.7865,0
181493.1705,0
181593.3026,0
181855.9119,0
181858.23820000002,0
181877.4635,0
181899.99420000002,0
181924.1286,0
182135.6799,0
182201.983,0
182546.88348,0
182658.936,0
182677.0418,0
182948.735,0
182990.8979,0
183061.59,0
183235.1624,0
183339.3058,0
183384.5819,0
183814.2658,0
183835.7609,0
183917.2751,0
183927.5436,0
183989.1987,0
184136.3614,0
184314.7841,0
184357.3422,0
184705.98739999998,0
184979.6546,0
185049.5894,0
185141.006,0
185156.27909999999,0
185422.5541,0
185490.4761,0
185592.16879999998,0
185865.8572,0
185899.5447,0
186350.649,0
186756.6764,0
186879.23369999998,0
187036.3185,0
187044.0901,0
187090.2053,0
187174.13270000002,0
187310.9572,0
187462.2919,0
187706.2831,0
187922.0354,0
188081.8666,0
188182.5519,0
188190.7749,0
188446.58980000002,0
188581.5129,0
188636.5656,0
189077.1667,0
189094.766,0
189170.4912,0
189198.8473,0
189259.4098,0
189418.2798,0
189481.7668,0
189527.5991,0
189579.49180000002,0
189697.8456,0
189749.171,0
190140.33120000002,0
190408.1198,0
190411.2427,0
190475.0418,0
190512.56579999998,0
190609.6605,0
190669.334,0
190760.0945,0
191098.7993,0
191235.4306,0
191304.14789999998,0
191385.6166,0
191544.0905,0
191573.53960000002,0
191811.74180000002,0
191872.8556,0
192002.8474,0
192037.2008,0
192243.5157,0
192338.0165,0
192380.5752,0
192406.7054,0
192715.0864,0
192749.22090000001,0
192833.1489,0
193003.9372,0
193062.1497,0
193129.2824,0
193333.11,0
193376.23450000002,0
193446.142,0
193570.38640000002,0
193618.9021,0
193940.9684,0
194493.26189999998,0
194505.049,0
194906.6408,0
194925.10749999998,0
194931.07809999998,0
194960.3536,0
194990.6529,0
195132.9056,0
195353.6746,0
195406.2778,0
195631.3912,0
195814.6738,0
195906.5868,0
195978.5237,0
196205.2819,0
196647.2591,0
196667.0721,0
196982.1146,0
197146.3658,0
197208.494,0
197573.3996,0
197603.46600000001,0
197611.3542,0
197900.142,0
197932.2327,0
197935.5185,0
198155.4977,0
198683.5918,0
198757.4872,0
198787.4619,0
198900.8765,0
199020.5858,0
199186.4659,0
199434.0603,0
199502.06900000002,0
199778.54379999998,0
199840.9799,0
199879.7055,0
200007.272,0
200023.7879,0
200195.5094,0
200305.72090000001,0
200509.61729999998,0
200668.245,0
200764.58789999998,0
201078.1592,0
201313.4546,0
201340.8873,0
201696.8611,0
201706.5723,0
202035.9743,0
202222.2988,0
202331.7252,0
202402.6569,0
202618.911,0
202677.1361,0
202730.7898,0
203250.0689,0
203257.8591,0
203659.12,0
203737.1401,0
204395.0512,0
204407.8029,0
204793.0547,0
204914.799,0
205329.60820000002,0
205427.0889,0
205464.67560000002,0
205469.3569,0
205665.9656,0
206079.6966,0
206290.67810000002,0
206332.9736,0
206723.8877,0
206847.5356,0
206895.3802,0
207045.67859999998,0
207148.5601,0
207356.3086,0
207708.426,0
207792.555,0
207876.8561,0
208021.39049999998,0
208070.166,0
208093.9521,0
208146.82020000002,0
208298.1929,0
208367.887,0
208572.7648,0
208639.30180000002,0
208799.12339999998,0
209146.32630000002,0
209380.5105,0
209499.1415,0
209533.4535,0
209593.0558,0
209688.4245,0
209777.149,0
209798.4865,0
209827.9245,0
209828.0386,0
210155.0478,0
210163.498,0
210180.5461,0
210260.20429999998,0
210360.6011,0
210376.3819,0
210789.6067,0
210800.991,0
211281.1147,0
211455.8135,0
211457.449,0
211693.4855,0
211837.1061,0
211895.0257,0
212032.13150000002,0
212076.1187,0
212117.5887,0
212277.474,0
212541.5321,0
212558.4738,0
212573.80670000002,0
212602.6637,0
212704.583,0
212734.646,0
212816.404,0
212836.7526,0
213090.1666,0
213286.6076,0
213321.5384,0
213407.8702,0
213423.0943,0
213501.351,0
213641.2176,0
213824.2018,0
213932.2104,0
214000.315,0
214199.2144,0
214479.0082,0
214521.4964,0
214578.5875,0
214859.7321,0
214927.5713,0
215076.0031,0
215161.3082,0
215220.4327,0
215721.7581,0
215757.65649999998,0
215875.7368,0
215999.3979,0
216094.7086,0
216177.6409,0
216415.4287,0
216467.6325,0
216666.0519,0
216669.8578,0
216937.317,0
217086.7525,0
217134.1783,0
217134.68060000002,0
217308.501,0
217334.5386,0
217479.0932,0
217754.0189,0
217761.0781,0
217830.2017,0
218112.3959,0
218177.8375,0
218268.2601,0
218412.9272,0
218638.4847,0
218639.9108,0
218814.2163,0
218961.9111,0
219233.4984,0
219261.5933,0
219318.9962,0
219465.8503,0
219744.5773,0
219863.6827,0
220167.5214,0
221194.8739,0
221205.8735,0
221445.3642,0
221708.9985,0
221807.27360000001,0
221947.935,0
222131.1184,0
222166.8908,0
222236.309,0
222423.25400000002,0
222642.6196,0
222662.78720000002,0
222735.657,0
223295.2617,0
223436.8049,0
223566.7569,0
223695.9132,0
223803.0326,0
224173.5004,0
224329.5414,0
224495.9161,0
224683.8816,0
224746.5787,0
225067.1084,0
225199.6832,0
225370.2913,0
225729.1062,0
226110.5713,0
226180.1968,0
226253.536,0
226359.3189,0
226414.2118,0
226643.8352,0
226741.75,0
226823.00400000002,0
226878.9034,0
227014.9227,0
227220.822,0
227281.3745,0
227296.3744,0
227474.7475,0
227494.43660000002,0
227650.9197,0
227743.5696,0
227998.52730000002,0
228152.3352,0
228403.2371,0
228630.3115,0
228676.72580000001,0
229092.985,0
229147.6676,0
229147.702,0
229302.0049,0
229524.05359999998,0
229646.72063333335,0
229688.5866,0
229691.5036,0
230166.8461,0
230373.4995,0
230402.4341,0
231003.5806,0
231075.1098,0
231104.8347,0
231205.5357,0
231308.777,0
231510.9407,0
231536.87290000002,0
231601.8822,0
231702.1201,0
231893.1942,0
232260.41820000001,0
232294.7518,0
232664.0105,0
232744.9482,0
232802.12050000002,0
232834.94586,0
232865.8697,0
232965.7527,0
233135.2946,0
233230.5117,0
233266.9138,0
233321.0679,0
233387.86119999998,0
233558.8017,0
233685.0048,0
233995.687,0
234227.8916,0
234264.4618,0
234440.4798,0
234441.0176,0
234648.3264,0
234803.2374,0
234894.0458,0
234937.652,0
234998.508,0
235043.9062,0
235108.3372,0
235124.60330000002,0
235173.1475,0
235333.1826,0
235423.52539999998,0
235480.7873,0
235556.0971,0
235571.5539,0
235894.2289,0
236102.387,0
236215.9199,0
236293.5075,0
236320.0757,0
236325.3478,0
236398.6717,0
236585.3504,0
236710.7512,0
236957.76951666665,0
236965.8635,0
237199.2434,0
237276.4688,0
237676.6922,0
237678.5259,0
238036.2091,0
238198.4918,0
238598.6421,0
238599.9713,0
238669.3404,0
238791.38189999998,0
238881.9222,0
239105.1471,0
239253.3722,0
239398.4481,0
239646.051,0
239987.2604,0
240019.7125,0
240152.75579999998,0
240279.1669,0
240373.2827,0
240623.478,0
240720.767,0
240815.584,0
241194.9902,0
241902.7862,0
242558.28639999998,0
242670.7364,0
242790.905,0
243036.8725,0
243487.2512,0
243797.9116,0
243877.2966,0
243891.4933,0
243965.4197,0
243976.267,0
244251.5842,0
244328.93170000002,0
244362.8456,0
244426.6766,0
244670.4264,0
244905.8076,0
245025.13569999998,0
245360.6808,0
245466.0031,0
246207.5144,0
246235.2885,0
246244.9453,0
246301.06900000002,0
246315.2372,0
246742.0648,0
246798.6187,0
247428.2925,0
247468.2228,0
247962.0439,0
248176.40350000001,0
248186.435,0
248254.6042,0
248360.0937,0
248499.9439,0
248559.55109999998,0
248689.6828,0
248907.0962,0
248964.8442,0
249338.2471,0
249404.2108,0
249488.8632,0
249564.23113333332,0
249579.6773,0
249784.6028,0
249857.6351,0
249943.4934,0
250098.6181,0
250101.6615,0
250144.2076,0
250298.8429,0
250392.6121,0
250514.6655,0
251005.6841,0
251012.85588,0
251032.82048333334,0
251266.9528,0
251321.4933,0
251766.6998,0
251913.2071,0
252138.05969999998,0
252172.0767,0
252179.9829,0
252238.0421,0
252308.9639,0
252354.2966,0
252559.1775,0
252625.35330000002,0
252638.21289999998,0
252710.5311,0
253324.9092,0
253366.5336,0
253397.2793,0
253455.58018333334,0
253472.7221,0
253693.816,0
253783.5157,0
253907.1424,0
254017.9389,0
254038.8665,0
254046.35366666666,0
254063.6999,0
254181.04379999998,0
254276.1608,0
254365.0841,0
254518.1597,0
254729.1312,0
254735.4843,0
254758.6105,0
254892.8314,0
254946.5478,0
255001.14860000001,0
255104.0045,0
255256.4125,0
255596.2613,0
255700.0252,0
255795.1812,0
255822.6367,0
256077.6207,0
256158.7652,0
256284.6158,0
256357.5365,0
256454.4996,0
256803.0026,0
257108.2684,0
257144.323,0
257421.5828,0
257441.714,0
257455.6951,0
257514.1914,0
258079.48903333335,0
258118.5577,0
258178.989,0
258202.9099,0
258296.3911,0
258342.60878,0
258526.5735,0
258595.428,0
258772.6635,0
258782.34769999998,0
258809.5997,0
258897.0228,0
259080.8638,0
259824.3724,0
259845.2734,0
260588.7557,0
260684.7053,0
260720.7946,0
260765.13079999998,0
260771.2805,0
260853.94079999998,0
260910.9718,0
260927.6999,0
261088.2633,0
261098.6704,0
261135.7913,0
261282.1001,0
261324.962,0
261449.1559,0
261566.45549999998,0
261589.5297,0
261611.75160000002,0
261759.2221,0
261927.7078,0
262027.568,0
262118.2015,0
262405.099,0
262421.4251,0
262434.1309,0
262511.7422,0
262513.6642,0
262679.2117,0
262780.0733,0
262912.6263,468.60470000002533
262941.866,0
263067.3392,0
263187.3738,0
263612.07513333333,0
263641.7826,0
263679.2525,0
263866.0847,0
264062.7035,1536.3853000000236
264369.381,0
264501.3562,0
264583.4165,0
264751.697,0
264753.5189,0
264859.3489,0
265093.1121,0
265166.2778,0
265192.9044,898.4444999999832
265545.411,0
265581.8208,0
265678.1995,0
265797.5845,0
266043.7412,0
266207.8902,1363.2555000000284
266284.3408,0
266347.81059999997,0
266351.3894,0
266407.8698,2673.1974000000046
266557.1829,0
266576.6518,0
266620.0544,0
266636.7506,0
266750.2047,0
266796.479,0
266852.9458,0
266878.5559,0
267044.4943,0
267061.8136,0
267188.6132,1629.0696000000462
267263.7419,0
267344.2464,0
267362.1461,0
267383.5595,0
267518.892,0
267594.4099,782.2073000000091
267660.7981,0
267670.0731,218.25419999996666
267800.3849,0
267991.6223,757.7166999999899
267996.5488,0
268077.5249,0
268460.4243,0
268550.6181,0
268722.0955,0
268744.2922,0
268749.0789,0
268968.246,0
269461.0958,0
269470.4776,152.4035000000149
269488.733,1482.0207999999984
269504.7799,1647.9815000000526
269548.7679,212.5235999999568
269801.9116,0
269911.612,0
269928.3501,0
269957.5375,0
270111.3684,38.199099999968894
270225.0749,0
270299.3016,0
270434.2198,0
270449.4024,0
270543.07955,0
270943.5082,1583.2939999999944
271009.0195,1358.0378999999957
271412.3075,0
271685.3544,0
271699.525,0
271880.2409,0
272052.0505,0
272064.9039,0
272417.8752,0
272472.692,2732.427399999986
272789.1736,0
272910.0535,0
272951.6127,527.3687999999966
273066.0762,0
273162.9689,0
273441.63430000003,0
273658.0544,0
273736.29720000003,0
273916.2341,0
274102.8812,870.4431999999797
274531.3188,0
274576.7557,0
274880.7762,0
274910.3972,2036.902300000016
274954.73503333336,0
275076.5728,1598.6803200000431
275230.2835,0
275379.1615,0
275477.03520000004,0
275508.486,0
275526.7286,5222.181699999957
275843.8054,0
276027.7388,0
276326.18200000003,0
276676.8158,2322.4012999999686
276836.2593,0
276921.6998,0
276948.4899,0
277072.6279,0
277201.4628,2817.6447000000044
277420.4734,4960.883499999996
277447.8092,0
277522.5423,0
277524.5466,0
277704.974,0
277842.7135,0
277962.5114,0
277999.8766,3014.9016999999876
278085.8403,7547.408399999957
278143.9891,0
278257.4947,0
278325.7134,0
278362.9998,0
278499.3579,7844.448299999989
278626.149,8945.12189999997
278886.702,0
279697.138,0
280133.3056,10010.233600000036
280220.2606,0
280453.7726,26.723300000012387
280554.8871,5257.864599999972
280591.9577,0
280784.6844,4726.905000000028
280836.0458,944.531500000041
280926.3521,0
280970.8737,0
281150.7177,0
281260.4496,0
281668.0046,0
282047.9888,0
282251.5717,0
282385.4256,0
282617.2013,0
282712.8762,0
282749.9436,0
282781.6612,0
282822.9301,0
282976.1212,0
283227.2464,0
283903.1414,0
284360.9042,0
284399.3415,0
284641.7724,0
284815.273,12004.098899999983
285126.8361,0
285161.4216,0
285164.249,0
285205.368,3610.2832000000053
285247.3887,1790.858833333361
285886.9053,9912.02039999998
285902.9704,0
286280.1164,3252.6876000000047
286545.7313,9923.127999999968
286564.5815,13743.872399999993
286720.1982,0
286762.68590000004,0
286779.6523,1756.741100000043
286950.5706,5964.920299999998
287041.5713,0
287481.7538,0
287643.1379,0
287711.31,0
288181.5719,0
288236.9296,2728.3668999999645
288278.8416,0
288353.7461,0
289137.137,736.6509000000078
289307.3605,0
289307.6174,0
289509.2161,13932.041000000027
289809.7142,0
289889.528,1164.2543999999762
290073.0477,0
290635.7941,0
290727.24425,0
290834.7205,224.91279999999097
291070.1577,0
291125.7026,11113.346700000053
291175.3576,0
291229.6574,568.4685000000172
291234.5221,0
291716.9514,0
291739.2419,0
291828.6515,11957.950799999991
292044.1938,0
292262.5082,1610.4990000000107
292366.7604,0
292445.6824,0
292576.9567,4968.893699999957
292809.322,0
293472.23600000003,0
293591.2469,0
294010.8521,11907.443200000038
294210.5701,0
294231.5112,0
294259.5658,0
294433.7085,0
294494.5994,0
294785.4088,2522.3926999999676
294996.8136,0
295125.0441,4826.315499999968
295199.172,8012.233000000007
295582.6526,9608.85599999997
295657.9372,2766.907999999996
295926.0858,0
296066.8309,8456.314000000013
296210.9814,0
296261.9296,859.069199999969
296353.8515,3593.4400000000023
296573.3647,2416.06879999995
296816.7851,0
296985.8206,60.99269999994431
297586.9654,12158.21669999999
297754.2882,6634.278500000015
297883.7939,0
298308.3344,966.5318333333125
298400.3026,0
298530.2966,0
298799.0436,3001.8029000000097
299467.6364,2283.231000000029
299554.7795,12100.10599999997
299756.0589,0
299821.618,2670.3566000000574
299961.7994,2619.6147000000346
300107.1767,3105.2172000000137
300456.6244,0
300783.8761,0
300861.871,0
300984.675,6957.5854999999865
301356.9609,5886.08189999999
301448.4467,0
301608.0469,7757.610400000005
301619.576,12233.835900000005
301642.9315,8189.539400000009
301823.2515,0
302187.8788,7731.12910000002
302233.8204,6317.369800000044
302461.7894,0
302597.3029,0
302835.6208,5075.634199999971
302966.5686,1465.3375999999698
303004.5614,14564.799100000004
303073.103,0
303100.7815,11455.40909999999
303338.5269,0
303378.0464,6490.930599999963
303537.7879,2039.5633999999845
303569.4119,11409.193599999999
303644.8683,5515.935599999968
303948.2353,0
304003.5146,0
304015.1118,0
304301.2449,0
304400.66469999996,0
304533.1714,0
304685.5444,3715.781100000022
304862.9541,0
304959.3828,5391.7510000000475
305008.3847,1891.0430000000051
305071.3947,3227.284800000023
305091.5396,0
305160.8369,3501.196100000001
305163.625,4601.45199999999
305370.1085,3018.2658999999985
305628.657,2771.6203000000096
305695.2147,5888.161199999973
305777.8216,2565.6140000000014
306160.7398,875.6117999999551
306539.6774,3520.763800000015
306541.155,4551.703300000052
306667.3267,7231.903399999952
306782.2721,9242.626500000013
307172.3049,6960.7976999999955
307458.7858,2518.494699999981
307597.8727,3107.403800000029
307778.6309,4281.646300000022
307821.2963,0
307975.989,7571.076300000015
308170.9076,2583.503999999957
308201.7843,5578.440400000021
308220.8413,11869.436499999953
308347.6345,5040.54939999996
308396.5759,0
308689.1517,1679.5016000000178
308702.7017,3066.654499999946
308819.6007,2197.410900000017
309121.6487,2693.0111800000304
309186.0265,3123.5678999999654
309307.7362,0
309308.0603,4159.025200000033
309392.6184,2000.0025999999489
309567.5166,1687.3676999999443
309815.4319,1066.3302000000258
309856.249,3433.5049
309993.1235,5319.7568999999785
310012.6527,3307.5820999999996
310038.7713,6200.592400000023
310095.5037,2775.708400000003
310128.2853,0
310253.9653,2812.1484000000055
310334.5366,21340.459700000007
310387.4896,0
310453.931,6162.237699999998
310485.8446,2964.294900000037
310789.3402,12129.97729999997
311068.7308,3307.5444000000134
311280.9745,1445.9755000000005
311450.9019,0
311520.787,6164.266600000032
311624.1195,1177.3620999999694
311727.9544,1060.978300000017
312189.7917,2672.990600000019
312569.8222,624.3653000000049
312572.9927,1682.3048999999883
312577.843,0
312578.3812,0
312710.3001,0
312747.5684,22.692999999970198
312804.6547,0
313046.6309,6203.230199999991
313721.1141,0
313731.009,0
313739.0902,0
313826.7917,3591.107100000023
313867.2364,1825.396699999983
314128.681,0
314203.0347,2874.744100000011
314227.0607,1880.4855999999563
314808.6769,0
314985.4337,0
315343.6703,0
315384.6797,0
315431.2494,0
315437.0979,3345.778800000029
315482.3496,968.741800000018
315490.1104,0
315683.9192,0
317013.6529,499.80957499996293
317031.8705,0
317160.1204,3995.918500000029
317247.5115,0
317519.9113,4575.882399999944
317613.7551,0
317640.2688,0
317860.2115,3662.75079999998
317864.605,0
318095.3774,0
318690.2271,0
318729.5666,7476.84090000001
318771.4607,1734.4237999999896
319097.3528,0
319320.3946,4132.517700000026
319605.4043,0
319628.1245,0
319787.1921,0
319907.5958,0
319944.9022,0
320210.0101,0
320223.8057,0
320267.9561,0
320358.1466,0
320360.9915,0
320616.8576,5628.592500000028
320644.1493,0
321151.1475,0
321212.3491,4073.258700000006
321411.8673,0
321646.9522,0
321789.50954,0
322176.2218,0
322512.50419999997,0
322732.6542,0
322799.2331,0
322944.7069,0
323044.1086,0
323084.2051,0
323402.8177,0
323413.8659,0
323453.5335,0
323523.6545,0
323638.5658,0
323683.6962,0
324070.1876,0
324271.8085,0
324706.0742,0
324905.31,0
325013.346,0
325258.1533,0
325296.891,0
325348.2966,0
325442.0272,0
325592.3881,0
325617.3985,0
325939.6291,0
326257.3554,0
326305.8625,0
326409.591,0
326551.74179999996,0
326644.3668,0
326817.3569,0
326865.1121,0
327072.4515,0
327082.9988,0
327227.9745,0
327315.1091,6224.239500000025
327522.7453,6634.4149000000325
327569.5533,0
327572.1103,0
327726.3825,0
327754.9417,6060.376900000032
327979.9916,0
328031.747,0
328079.1707,4287.728400000022
328129.1878,478.84325000003446
328299.2318,97.12440000002971
328305.1457,0
328355.0961,0
328527.53260000004,0
328729.9146,0
329071.77415,0
329176.49566666665,0
329261.8441,0
329461.9886,0
329515.53260000004,0
329795.3098,0
330098.1426,0
330240.4353,0
330293.3929,0
330746.0125,3109.5212000000174
330873.01196,0
330878.6009,4443.273100000049
331348.0236,7118.128200000036
331369.7651,0
331374.38910000003,0
331886.2917,0
332193.73589999997,0
332354.6251,0
332638.1676,0
332666.5707,7825.407699999982
333102.3462,0
333411.7194,0
333447.7814,0
333684.3866,5925.421300000045
333849.6032,0
333875.7568,0
333941.9828,7132.6791000000085
333958.2049333333,0
334182.0188,10540.142600000021
334465.107,0
334670.5736,39769.379599999986
334835.9982,0
334887.6958,0
334935.89086,0
335127.1564,0
335131.3648,0
335182.3453,0
335300.6588,8529.571299999952
335369.9412,0
335428.8452,0
335438.3651,0
335713.4462,0
335781.9467,0
335784.8087,0
335830.2063,0
335906.1168,8610.744600000035
335916.2533,0
336054.7766,0
336149.7097,0
336236.3095,0
336318.4928,0
336343.4827,0
336345.96140000003,0
336398.025,0
336405.4542,0
336433.232,0
337196.0521,0
337273.2635,0
337352.7679,0
337375.8122,0
337424.4725,0
337451.0968,0
337463.57,9394.964399999997
337757.926,0
337834.3669,0
337980.7092,0
338087.1726,0
338161.9046,0
338193.6367,8141.638099999982
338288.88,0
338293.1579,0
338524.3555,0
338563.776,3066.417400000035
338758.0291,0
338784.7776,2421.056099999987
338848.8479,0
338857.0762,0
338872.1961,0
338890.3109,0
338939.029,0
339045.9047,804.0555000000168
339075.751,0
339099.609,0
339306.92370000004,0
339342.2381,0
339469.4934,0
339657.287,0
339663.8186,0
339686.8141,0
339792.4965,6258.995400000014
339970.5395,0
339979.6342,0
340038.5536,1383.4495999999926
340134.5035,0
340224.0498,0
340797.737,0
340849.3439,0
340947.3727,0
341010.4331,0
341252.8095,0
341519.3225,0
341526.0859,0
341537.4582,0
341623.2854,0
341736.07779999997,0
341780.2652,0
341805.4921,0
341833.1402,7560.742200000037
342012.2395,0
342118.211,578.7098000000115
342457.2542,0
342485.0085,0
342561.976,0
342736.9549,0
342751.0168,0
342772.218,0
342787.9937,0
342889.9113,0
343074.4999,0
343178.995,0
343233.7412,0
343286.7107,0
343413.1817,1791.6637000000337
343442.873,0
343548.9066,0
343597.6087,0
343651.2736,0
343689.4016,0
344079.9775,0
344434.927,439.05970000004163
344526.9145,0
344648.8637,0
345192.1928,0
345227.0585,0
345232.3922,5870.762999999977
345309.5651,0
345332.2354,0
345355.0442,0
345364.8334,0
345520.4109,10292.390100000019
345689.3316,0
345838.1607,0
345847.4477,0
346066.0518,0
346387.9207,0
346546.006,0
346624.2815,0
346815.2477,0
346859.8405,0
347071.8966,0
347150.4181,0
347644.9838,0
347898.2142,171.2734000000055
347996.3521,2672.4077000000398
348077.00549999997,0
348199.75080000004,0
348218.6948,5609.551600000006
348276.8629,0
349025.3525,6687.733899999992
349407.4914,0
349436.521,0
349447.7345,0
349567.9913,12717.463500000013
350035.4834,0
350119.1142,0
350255.5776,0
350286.8167,0
350388.5733,0
350396.8779,0
350426.5177,2726.300199999998
350529.4807,11030.134699999995
350545.931,0
350628.5783,184.4014999999781
350659.762,0
350693.679,0
350770.2598,0
350894.8517,6801.760200000019
351004.5696,2848.974199999997
351154.2958,0
351195.7043,0
351233.0962,0
351337.2428,0
351452.1849,0
351461.3213,8619.187900000019
351773.6399,5291.203600000008
352098.8771,0
352155.0661,0
352211.3109,0
352965.1016,0
352978.6676,0
353531.1872,0
353762.6434,3778.965199999977
353787.6903,1938.0001000000047
354245.6848,11986.712499999965
354318.1205,0
354415.9805,0
354425.9837,0
354446.8969,0
354636.5613,0
354662.4439,7183.377400000056
355088.2378,0
355143.1987,0
355169.6851,1864.318900000013
355249.6465,452.0594999999739
355338.1454,0
355648.1068,0
355775.1587,14616.288966666674
356074.67676666664,0
356117.0901,2887.8170999999857
356289.0069,0
356475.4581,0
356689.8402,0
356740.5522,7422.176099999982
356980.0296,2826.9672000000137
357049.1101,0
357345.1646,0
357785.4642,0
357820.9659,0
358014.490225,0
358116.9374,2313.777300000016
358295.5514,1681.941999999981
358427.2061,2866.0871000000043
358472.6354,5314.701700000034
358698.9086,0
358796.0517,9578.087500000023
358810.2457,14323.66750000004
358992.315,4089.6275000000023
359215.9305,10720.266500000027
359648.608,9592.893199999991
359983.5726,5183.7895000000135
360060.0862,3744.39300000004
360194.1931,1989.6573999999673
360338.085,5210.108999999997
360500.1471,7519.1956000000355
360507.9702,8058.94319999998
360519.8524,16945.2365
360681.1562,1756.4346000000369
360762.3019,0
361403.2208,1158.6651999999885
361883.5996,0
361949.0181,976.3066000000108
362219.9863,8732.741700000013
362475.7289,0
362747.2507,4136.495200000005
362800.6091,14633.378199999977
362972.2766,0
363235.5998,2380.241700000013
363372.0705,8632.989799999981
363427.3538,9794.017300000007
363781.826,6014.511700000032
363853.7442,5145.422599999991
363988.6745,6651.941300000006
364026.0844,2879.433000000019
364148.0251,2059.3761000000522
364234.1098,1959.5185999999521
364359.4501,7151.175600000017
364463.2689,11523.984600000025
364549.4951,998.4675999999745
364626.4116,2575.6195999999763
364700.0286,1271.7719999999972
364921.2996,3934.935700000031
364968.2205,1967.8780999999726
365135.3543,4508.705300000031
365313.8743,2191.186300000001
365423.3668,3295.4381000000285
365427.8889,9582.813200000033
365594.0864,5072.027799999982
365640.72,0
365913.3794,5839.753199999977
365938.6476,4513.764300000039
366130.4089,0
366182.1709,7563.993800000055
366697.7362,10889.426099999982
366979.6632,5255.8273000000045
367057.9817,10266.998900000006
367083.0091,0
368072.205,1570.5593000000226
368581.66240000003,0
368611.2255,1448.930699999968
368746.7092,0
369572.1335,8980.127500000002
369636.7512,2923.736199999985
369719.2259,10827.117499999993
369793.3486,11924.473400000017
370067.8025,17571.285600000003
370118.3859,1643.57640000002
370122.7288,3347.0540000000037
370144.7154,4984.742599999998
370257.1272,11403.51059999998
371163.7362,6098.534999999974
371330.5022,0
371369.1234,0
371396.3972,12643.63320000004
371403.2503,12049.70240000001
371424.1936,0
371469.1475,0
371617.0477,3393.8317999999854
371743.0855,14351.800459999999
371785.8056,11440.543800000043
371929.8529,14087.12949999998
372201.17579999997,0
372870.7949,7096.355799999961
372918.3263,14667.399600000004
373329.1908,10916.434200000018
373394.2143,15973.414999999979
374087.3087,0
374777.6838,1648.2250999999815
375234.4533,15136.706599999976
375291.853,0
375696.108,5084.076100000006
375701.2359,4013.0243000000482
375833.68,0
375851.2276,0
375955.5852,9427.867899999954
376083.1921,0
376309.842,8066.627299999993
376484.7911,4794.78409999999
376551.7253,22927.98609999998
376591.5643,18791.553800000052
376657.6723,16666.41319999995
376695.7383,4355.118300000031
376812.8062,15301.83289999998
376975.4132,21049.271699999983
377412.1746,11960.05130000005
377527.1875,14033.696999999986
377684.1956,10893.48589999997
377788.6709,14089.33600000001
377923.2129,17596.720299999986
377984.7034,8617.780599999998
378095.6391,10624.562699999951
378322.8154,0
378362.7235,0
378406.8456,7831.767700000026
378430.8791,0
378706.14780000004,0
378910.0341,6162.512699999963
379177.16863333335,0
379218.6906,10782.525699999998
379957.1915,18856.33230000001
379963.3632,16783.66260000004
380448.5983,4562.503700000001
380481.2962,12106.811600000015
380741.1298,4119.511999999988
380776.4019,15617.897899999982
380836.7161,12407.005600000033
380948.7255,4686.581283333362
381120.2623,12621.386100000003
381763.3349,7212.3343999999925
382452.1514,4963.137299999944
382654.5363,11077.979399999953
383041.7868,9987.871700000018
383352.8232,29662.202700000023
383875.4888,15944.649700000009
383906.2409,10724.793799999985
383910.546,0
384043.4214,13591.493699999992
384047.6129,6855.508499999996
384103.5669,9046.906699999992
384237.6092,6753.072800000024
384628.7492,7405.934600000037
384721.4781,0
385004.5643,0
385028.3382,18925.265599999984
385102.808,15107.94219999999
385211.7851,0
385273.5343,8901.448900000018
385615.7173,6549.00900000002
385715.8306,17031.736600000004
385753.5098,0
385954.4108,0
386024.9671,6275.782999999996
386046.9404,0
386075.3492,5017.220099999977
386695.6287,10345.69260000001
386780.5848,6785.371600000013
387043.3034,8214.729899999977
387137.2939,14063.13010000001
387195.4998,3871.5387999999803
387367.0761,7011.646133333328
387495.8043,10430.463900000032
387871.8206,0
387934.5884,20045.381600000022
387946.5316,12952.225299999991
388133.3502,11649.554000000004
388197.5503,24690.343200000003
388210.3354,13378.54959999997
388293.0077,10631.888399999996
388315.7559,0
388383.1001,0
388397.2304,0
388422.5659,6701.108999999997
388556.0921,14804.279800000018
388656.5782,2520.5308000000077
388871.2339,4166.556299999997
389008.3024,19668.305099999998
389033.4227,22027.292099999962
389239.1901,8249.812399999995
389336.9751,12983.10189999995
389603.3688,5485.602499999979
389637.1671,6167.15260000003
389645.3359,16140.286599999992
389696.9266,9916.720399999991
389714.8787,16935.591799999995
389810.1959,6131.901799999992
389851.4892,0
389916.084,12702.73709999997
390166.5778,5080.89320000005
390381.2634,0
390469.2841,0
390505.7061,0
390576.4094,20870.308499999985
390711.0439,6128.590499999991
390928.717,6210.0386999999755
390962.8906,21423.796449999965
391007.3669,8625.001199999999
391211.7669,11786.513699999952
391442.9592,3871.8701999999466
391453.7372,3985.1269999999786
391532.3143,9466.490800000029
391655.192,15298.887899999972
391790.243,0
391804.9389,4261.412899999996
391832.4039,0
391864.7162,1701.2854999999981
391884.3963,14382.880600000033
392115.7413,4741.4220000000205
392234.9775,6937.635699999984
392299.6322,5680.230699999956
392315.9049,0
393166.3989,17718.361799999955
393251.8315,8018.28899999999
393307.792,6142.281100000022
393353.6297,4273.925799999968
393434.3579,10755.69709999999
393465.4131,19652.33620000002
393576.7997,2441.8560999999754
393645.0465,3137.069599999988
393672.7102,3936.5974999999744
394239.0305,0
394355.508,25756.726599999995
394442.6659,18506.68570000003
394539.9229,5446.757500000007
394586.9235,5706.565899999987
394588.3909,4153.479600000021
394809.2038,5874.824599999993
394820.8233,4115.101800000004
395145.4414,4786.128299999982
395148.6325,2990.9581999999937
395226.632,3736.2400999999954
395228.9576,4074.781799999997
395332.4013,8091.84600000002
395857.3289,6934.717100000009
395870.6479,899.8620999999694
395964.9486,9578.190900000045
396355.6364,4893.3449000000255
396378.4232,4084.7596000000485
396488.337,5131.751099999994
396547.0072,4521.087799999979
396576.0594,22882.544100000057
396707.3319,14633.338999999978
396734.7271,3905.5369200000423
396812.3456,27575.54580000002
397242.43,0
397311.2305,6345.464700000011
397662.8974,7717.303000000014
397753.7774,8776.686400000006
397949.6544,3231.747299999988
398013.8823,2114.07640000002
398132.5076,10625.087
398230.3795,3607.4448166666552
398318.4643,9939.33759999997
398421.5522,2491.1262999999453
398690.8619,722.1381833333289
398691.8928,8930.353299999959
398922.1411,7225.592400000023
399046.5873,9155.981000000029
399123.2005,4352.277100000007
399224.98470000003,0
399306.7068,12065.878299999982
399551.7246,4749.09090000001
399715.1557,10951.74530000001
399741.8094,0
399856.2357,2989.592900000047
399956.8876,15812.67240000004
399974.2918,5543.99430000002
400056.5955,1400.854400000011
400368.9845,14016.198900000018
400424.9414,7383.874599999981
400444.75430000003,0
400464.0286,0
400604.5102,9994.623300000036
401007.7219,2934.6754000000074
401210.1586,3422.760500000033
401383.5873,14741.498499999987
401466.7327,2349.485400000005
401801.3671,14607.576100000006
401865.0105,2721.4282999999705
402091.4964,8437.191500000015
402100.7914,3179.878399999987
402641.676,6671.856899999955
402646.185,2889.379799999995
402889.9295,188.07042000000365
402892.4523,4782.5772
402991.3856,7089.068399999989
402994.9442,22837.153300000005
403048.7049,0
403136.09,18386.4326
403254.5359,0
403538.509,6433.198200000043
403592.2908,3362.982100000023
403622.96,6549.946750000003
403843.3158,0
403877.9329,11352.635300000024
404362.4002,8324.380199999956
404448.3076,0
404464.6872,3323.0046999999904
404589.1357,0
404780.7424,5460.821200000006
405170.3322,5899.717000000004
405211.0492,4363.787500000035
405250.4609,11115.950799999991
405281.3117,9050.225200000044
405375.6518,0
405956.574,8965.287100000016
405968.7101,2758.2247000000207
406014.3483,5739.945080000034
406065.1358,6012.701300000015
406097.0051,0
406316.6927,19677.8284
406330.3361,28221.22570000001
406539.9744,2615.985099999991
406679.2168,9923.230900000024
407103.7224,29842.837900000042
407127.6742,4392.059833333362
407309.8717,4472.695799999987
407394.5878,6129.542799999996
407678.6555,11749.51410000003
407704.8036,9130.753199999977
407744.4196,29576.09400000004
407952.6302,4100.057700000005
407989.2523,23331.090999999957
408276.8383,3520.1023000000278
408360.9907,5493.687600000005
408417.24569999997,0
408746.0408,32536.278300000005
408823.5846,0
408846.0581,4771.090000000026
409259.6122,7043.261399999959
409309.4219,2627.6995999999926
409351.1485,4769.748200000031
409387.1445,12780.899900000019
409491.6714,17403.838999999978
409601.5326,7967.264899999951
409667.0712,4951.533799999976
409782.8833,19851.808299999975
409928.524,6710.685699999973
409990.0062,13750.881999999983
410231.4612,2287.928500000038
410466.1033,11685.881120000035
410964.5508,7905.319433333352
411020.6648,157.81340000004275
411090.8349,6275.275400000042
411110.8881,18461.69829999999
411317.5507,8149.901400000032
411609.2343,25892.89789999998
411695.714,0
411702.5692,0
412373.024,4492.861399999994
412421.5979,5436.441200000001
412594.279,9039.298499999975
412612.6635,4091.053600000043
412666.1945,9562.352699999989
412726.0254,4258.466899999999
412801.3879,10073.699199999974
412902.7511,6749.085599999991
412946.1589,7274.70279999997
413251.3798,0
413256.3491,0
413321.9876,0
413352.6762,5202.845099999977
413397.7848,11616.087100000004
413525.9005,5015.693700000003
413788.2231,3788.722300000023
413931.985,12972.179399999965
413946.7105,20664.953900000022
414082.7782,0
414334.3387,12774.016900000046
414552.9684,2179.183799999999
414561.65,5527.993000000017
414565.0188,0
414571.9736,8778.846300000034
414651.3344,1311.2525000000023
414694.8903,5366.9759000000195
414797.0883,0
414882.8674,5963.354266666633
415197.2647,2285.989579999994
415358.96,16358.740099999995
415525.0848,4141.455799999996
415531.2312,1316.8224000000046
415569.2181,17355.41479999997
415654.6245,16286.367799999949
415902.0967,7117.295700000017
416915.8743,0
417015.9074,4644.683900000004
417051.0769,2182.982399999979
417164.639,4362.776899999997
417406.2795,2714.5386999999755
417680.3331,12251.223899999983
417737.9171,17486.53470000002
417890.0476,11368.68359999999
417948.2376,2240.5460999999777
418071.8725,4636.566700000025
418255.4459,2304.6117000000086
418498.4419,37473.65149999998
418516.00043333333,0
418890.3613,18262.943299999984
418979.7811,6799.320400000026
419100.8455,4979.584199999983
419459.9449,11316.694100000022
419491.3355,0
419587.2868,0
419708.352,2956.8171999999904
419756.6356,1935.7534999999916
419824.8516,3405.770499999984
420075.3446,11936.458700000017
420242.0767,12512.01919999998
420395.4502,5281.534299999999
420543.0924,8842.602600000042
420591.3094,4794.983899999992
420604.8467,0
420690.7432,0
421200.1724,7829.509499999986
421552.9014,9973.253899999952
421765.0859,2490.488100000017
421803.3845,1998.4858999999706
421939.8629,15415.484899999981
422105.3801,0
422367.8754,4056.5863000000245
422550.8684,7810.7186999999685
422584.1038,21164.696399999957
422822.7341,12887.07679999998
423112.6212,11013.499899999995
423131.9301,4921.785800000012
423517.6099,0
423542.9786,5291.821100000001
423549.1249,16860.300500000012
423590.3815,0
423591.277,17427.984600000025
423679.8585,4913.5000999999465
423745.1414,0
423948.3634,16259.80249999999
424044.9525,0
424174.9352,10538.087500000023
424342.3439,0
424482.81,10940.444599999988
424487.1978,5354.030200000037
424495.5304,0
424586.3151,5164.709700000007
424904.3469,17106.61420000001
425031.046,0
425228.0687,7379.732000000018
425309.0146,4617.950699999987
425684.8576,9884.454966666643
425797.7277,0
425829.912,5372.964399999997
425879.8513,0
425954.4115,2555.762400000007
426600.9635,1745.5963999999803
426679.3994,12036.120200000005
426726.5156,2861.1939999999595
426785.2377,4538.581799999985
426989.635,1045.6290000000154
427102.2948,7064.732199999969
427152.5151,2251.4213666666765
427416.4716,9211.540399999998
427425.5154,6283.079599999997
427430.0529,12537.25020000001
427587.3175,3395.7453000000096
427611.9674,8708.963300000003
427971.4703,9690.433799999999
428454.3576,3918.8721999999834
429122.588,6447.993399999978
429286.603,9377.169300000009
429323.438,4613.715500000049
429562.5221,5472.653699999966
429564.3604,4618.712500000023
429825.4133,4103.485099999991
430166.3882,9875.429899999988
430231.4671,24108.161599999992
430289.5918,24255.0441
430415.4294,17888.732799999998
430478.0707,3991.020900000003
431120.4591,4309.3197999999975
431558.7558,14925.316699999967
431853.2072,1386.8366999999853
432076.3915,8522.516900000046
432134.2296,15413.491399999999
432157.7313,3874.5069999999832
432195.5838,5264.457600000023
432296.9714,5948.27509999997
432400.8915,6331.689300000027
432554.3436,23296.051399999997
432670.8911,5357.587200000009
432791.0296,3997.216300000029
433581.5618,9123.114100000006
433796.0057,9830.5343
434541.8533,6902.058799999999
435017.1989,12406.582600000023
435156.1364,20036.113100000017
435219.4987,5416.500100000005
435260.804,5769.812199999986
435356.8002,14801.545199999993
435512.6131,7013.8206000000355
435653.3276,10818.005200000014
435707.6558,16811.503800000006
435734.0018,11161.833500000008
435817.8126,6160.39870000002
435881.3965,17199.096499999985
436227.672,9337.545100000047
436364.204,15450.59110000002
436615.8816,11124.015300000028
436665.0535,6669.002099999983
436722.3426,10101.601599999995
436775.7242,11036.696400000015
437236.1866,15484.275800000003
437282.7786,10798.05620000005
437336.4325,9857.853300000017
437383.2043,6742.733999999997
437383.9412,10433.91810000001
437420.6211,6750.729999999981
437621.2038,8987.481299999985
437656.1182,16398.10188000003
437886.8569,7257.904000000039
437900.5346,7811.840200000035
438137.318,9896.448000000033
438279.4043,17227.40299999999
438722.4334,8884.442299999995
438770.5239,15349.565299999958
438805.7076,9040.041800000006
438983.026,7436.476900000009
439289.2233,7209.035800000012
439372.5395,5396.785900000017
439455.6936,17004.275399999984
439484.383,8606.724099999992
439653.9774,25548.566499999957
439951.3302,38066.57820000005
439956.5213,10507.784800000023
440130.1436,8883.271200000017
440968.0555,12327.222899999993
440989.6006,8364.972999999998
441082.9891,7981.542799999996
441169.1087,25111.79879999999
441290.2608,8456.447999999975
441314.8246,15595.756999999983
441464.4338,6921.493299999973
441611.6046,12658.784000000043
441871.8518,10040.202800000028
441940.5704,7317.833400000061
441991.879,21308.791299999983
442137.4665,21425.070599999977
442524.1487,8957.966500000039
442546.5865,6185.689599999983
442689.3983,14046.580699999991
443024.5022,8523.821100000001
443044.9562,15446.146500000032
443068.1275,6519.285199999984
443529.3652,17977.98199999996
443580.988,8993.042600000044
444046.5386,13750.057300000044
444305.6984,8827.92849999998
444400.0199,12640.350800000015
444407.9738,13813.847499999974
444433.1288,12536.215299999982
445022.4673,4899.66240000003
445894.9503,8945.20080000005
445964.5049,13527.032799999986
446131.8023,10771.552999999956
446216.6558,8723.472799999989
446353.2168,9964.586300000024
446556.1833,11400.447199999995
446597.0317,16727.078425000014
446617.9759,11667.511500000022
447285.8799,40156.8603
447451.0227,10556.920099999988
447549.8844,16689.051699999953
447801.4481,11869.498599999992
447935.2034,10203.523799999966
448208.3096,14673.914699999965
448325.1436,17568.0588
448628.5287,10199.59050000005
448667.0772,23966.032399999967
448801.1932,16707.69029999996
449166.384,19800.101700000057
449231.7338,14882.631599999964
449286.3429,11265.083700000017
449345.0552,12764.563000000024
449379.522,17770.182975000003
449673.0749,11535.948199999984
449732.035,15579.656599999988
449855.0828,9982.196699999971
449959.8383,9329.698499999999
450567.0418,10056.199100000027
450635.8886,11685.722100000014
450917.5281,10146.667299999972
450941.6943,15992.781999999948
450979.9769,9870.191300000006
451042.0929,11159.109899999981
451202.3406,20176.400599999994
451288.9793,15590.06719999999
451421.2895,11756.838900000032
451494.0085,12350.360999999975
451796.9381,12349.826900000044
452218.4496,11433.537599999981
452447.6089,0
452524.201,19138.575499999977
452631.7266,23466.828600000008
452703.2149,11047.589000000036
452886.6096,19270.84540000005
453023.1141,22328.41830000002
453037.1035,12331.24940000003
453438.7936,12494.063199999975
453734.261,19482.530800000008
453764.5917,11295.980299999996
453923.854,14852.19299999997
453990.945,15160.743300000031
454208.2676,19208.75230000005
454401.7247,10234.800300000003
454764.0844,16237.356099999975
454925.1877,16882.076100000006
454994.9387,9386.664300000004
455159.6901,16181.430099999998
455236.2918,9444.020100000023
455469.5453,10991.869799999986
455919.7177,19309.64109999995
456498.2865,9815.411199999973
456566.3997,9323.434000000008
456676.81,23165.286000000022
457310.6117,12695.684400000027
457322.8926,11856.172500000044
457402.157,11490.676600000006
457683.3725,12743.181099999987
457683.4626,16864.010500000033
457848.9721,11003.525000000023
458088.2839,22725.037499999977
458433.3812,11877.264000000025
458527.1395,21453.537899999996
458639.8048,21247.072199999995
458703.531,19285.3811
458749.7204,16561.01370000001
458798.3588,12482.99099999998
458804.153,18579.228899999987
459050.3726,11371.961499999976
459148.55,22882.25893333333
459177.0478,10287.43988333334
459313.1051,11331.02039999998
459579.1956,28966.45834999997
459734.1984,21328.26760000002
459905.9596,19540.754599999986
460176.535,26197.74530000001
460306.2628,12960.325000000012
460571.3673,9917.298299999966
460736.6991,11235.09030000004
460941.024,12334.96279999998
460988.1279,10321.61619999999
461281.2223,15880.481200000038
461348.9483,16283.475299999991
461590.8303,13020.487499999988
461821.3956,20807.069599999988
461849.8234,25061.79819999996
461860.3102,14856.3125
461972.6905,17586.2267
462003.1329,11594.400000000023
462358.4607,20916.139800000004
462409.5006,12187.616600000008
462432.74,18019.055519999994
462727.4012,13946.425600000017
462773.7474,11082.125699999975
462986.5386,21165.194300000032
463036.4221,9979.227800000052
463167.6075,14719.301299999992
463493.2968,15118.543600000034
463606.7099,16694.31449999998
463637.5651,12027.323499999999
463983.9321,26187.407299999963
464077.6497,16274.070600000035
464141.5832,15803.300300000003
464251.2929,18895.252399999998
464562.8019,17066.411900000006
464802.881,21092.337499999965
465433.374,10699.713800000027
465437.057,11685.882799999963
465478.2413,13722.924100000004
465981.3623,33407.18959999998
465983.6352,30463.187399999995
466113.9194,27616.49859999999
466298.936,17685.36050000001
466555.2827,22209.0723
466640.3041,16964.935600000026
466893.4346,13509.532099999953
466962.2024,29878.578600000008
467177.8575,17056.327099999995
467758.8133,13477.978499999968
467802.6807,27523.439700000046
467845.5658,9470.709499999997
467871.7385,21003.64399999997
467982.905,18172.673300000024
468116.6283,9612.961299999966
468475.9806,12417.103699999978
468494.5551,16277.782699999982
468742.7801,15557.48709999997
468914.1,18379.694099999964
468914.9938,17396.93219999998
468936.6434,20001.512300000002
468985.3053,16201.817900000024
469081.3171,13393.545500000007
469100.2641,18019.908799999976
469195.116,12911.221099999966
469366.7444,13316.201800000039
469509.2987,12428.86189999996
469565.156,19686.660100000037
469639.3341,11666.298699999985
469651.2873,17061.105700000015
469665.809,15443.258399999992
469933.5093,15963.061399999948
470071.7972,19737.927799999947
470204.6255,9251.808200000029
470574.6422,8458.265899999999
470806.494,27650.384900000005
471026.285,17228.28779999999
471131.9066,17470.64240000001
471204.4549,12377.709000000032
471239.431,11062.345499999996
471480.2759,3046.3341000000364
471571.2902,2331.383600000001
471643.1897,25872.27760000003
471939.0687,18991.42830000003
472115.9637,8145.042100000021
472325.9733,11189.814000000013
472355.3372,3545.9076999999816
472439.1656,13090.056700000016
472605.5387,35336.67589999997
472749.3998,13593.639300000039
472787.3133,8102.125399999961
472833.8521,7958.183200000029
472853.2514,18793.8615
472869.8505,4612.589399999997
473216.8475,23739.012899999972
473356.6218,8119.495200000005
473461.8517,0
474177.8415,0
474318.2184,19809.23960000003
474465.6228,8096.542200000025
474659.8033,22594.62320000003
474972.8704,10277.281524999999
475138.7401,16927.79430000001
475178.3754,14124.646400000027
475435.7835,22186.241200000048
475522.7078,24379.27159999998
475542.6661,7096.63949999999
475795.562,21155.4056
475991.8542,20468.12640000001
476220.3095,23576.197199999937
476243.8427,25701.62579999998
476297.2046,23700.946799999976
476434.6678,35351.41214999999
476677.1019,17056.2304
476893.913,29007.5527
477273.3627,12730.44339999999
477581.1768,13931.323499999999
477769.6495,3890.3365166666918
478081.0627,15138.424700000032
478150.5541,10115.506099999999
478508.1188,19039.6826
478515.4769,10830.292499999981
478590.4594,20512.770900000003
478923.0353,0
478942.9989,10645.646000000008
479251.6596,12717.723899999983
479315.7114,19889.17219999997
479634.6134,10169.4559
479649.39,16984.61619999999
479694.3881,0
479730.8042,8162.755600000033
479925.7743,8043.284400000004
480095.0148,10414.69339999999
480245.9875,9614.78859999997
480424.4278,0
480444.6004,4599.115699999966
480457.6421,24616.160700000008
480749.8434,0
480763.438,12432.156800000055
480851.3471,11366.924300000013
480912.6048,17622.449799999944
480959.811,0
481458.756,26921.17690000002
481550.5963,13386.502199999988
481656.74,19769.43319999997
482294.7396,14029.793799999985
482294.9799,322.57359999994515
482943.7151,10809.57679999998
483013.2785,0
483125.474,10861.263199999987
483158.4969,0
483624.1978,40077.09740000003
484401.9079,11842.104999999981
484734.8079,10239.334700000007
484943.6169,12332.901300000027
484963.2853,0
485107.0067,3681.2651000000187
485698.2546,0
485709.4558,24294.488499999978
485807.2712,5843.5552000000025
485807.4579,10769.628800000006
485948.803,27312.9179
485978.6072,24923.25960000005
486245.0865,21965.724899999972
486314.6708,13114.551099999982
486404.5984,9819.257900000026
486429.6218,10189.156400000036
486474.5586,28842.358200000017
486613.8013,30968.9093
486823.4155,32388.723925
487257.3607,4465.161499999987
487276.9004,33078.04369999998
487377.2596,12207.583299999998
487581.4736,23084.705000000016
487646.8947,17403.250300000014
487819.2718,1482.1988999999594
487956.82,10689.535499999998
488253.8334,42839.65989999997
488284.3667,21232.584600000002
488550.8941,12691.565399999963
488594.8136,12419.73709999997
488838.8403,0
488856.8056,0
488882.4401,8809.672900000005
489069.4832,21011.14320000005
489102.0284,8950.864100000006
489761.4696,11171.770699999994
489767.1172,8853.582399999956
489824.976,23135.986400000053
490024.7992,0
490039.9063,13321.714599999948
490069.2665,14288.675000000047
490262.3599,0
490293.9422,21339.582799999975
490414.51,9507.133600000001
490437.9262,18568.31189999997
490985.2684,0
491131.6496,31712.253099999973
491238.9123,10533.542000000016
491295.6674,10131.464399999997
491323.4901,15991.012799999968
492000.4062,18289.992900000012
492103.1642,8662.614000000001
492207.35,23661.126300000004
492213.4072,13181.102500000037
492242.2194,18349.38579999999
492423.0726,11018.11129999999
492502.3196,9759.887099999993
492564.9259,15216.597899999993
492950.7057,33308.4105
493049.1669,11021.38890000002
493401.7005,0
493413.8113,23497.275599999994
493457.7112,16386.2806
493462.9266,8716.478400000022
493530.663,0
493554.2087,9408.910399999993
493559.0224,0
493732.7446,28018.81409999996
493739.6532,10877.847999999998
494454.9451,7587.852899999998
494664.4312,2802.5949000000255
494748.1096,13701.36480000004
494792.1171,25763.963099999994
494812.9661,31285.790500000003
495079.518,0
495220.2493,28229.60500000004
495227.4627,0
495267.2055,14292.3983
495320.4097,0
495736.3311,6715.848300000012
495794.9986,12663.283599999966
495843.4868,7230.81660000002
496032.1831,9241.525300000038
496066.1371,19097.60480000003
496458.6675,30379.686499999953
497199.9682,11504.069400000037
497243.569,18259.907000000007
497674.8366,0
497889.3031,10564.996400000004
497924.8349,16636.51569999999
498140.7694,36857.05819999997
498402.4406,13332.295599999954
498469.8733,9364.764099999971
498592.7671,9363.959600000002
498650.6653,15824.218699999969
498679.0781,26750.951100000006
498728.4822,21355.77799999999
498777.0861,15434.479300000006
498830.1647,29453.559366666712
499292.8844,0
499294.9776,19265.94140000001
499451.5969,9422.579299999983
499649.6515,12211.874979999964
499874.0864,11083.328199999989
500118.824,11937.99920000002
500118.8878,33850.512800000026
500189.3718,25546.55330000003
500201.3727,0
500288.4331,27701.54330000002
500329.4304,37211.19530000002
500373.0385,15122.442200000049
500393.9306,10800.48060000001
500819.711,9570.599400000006
500954.3916,10375.423299999966
501157.92350000003,0
501194.1091,0
501215.7675,27077.675300000003
501270.1101,9490.113899999997
501423.0588,10274.608699999982
501766.005,11250.540000000037
501927.3945,30841.1728
501944.3857,10093.37030000001
502179.9628,17762.552999999956
502431.147,8869.628199999977
502436.203,12484.771499999973
502514.8595,9306.140425000049
502554.0857,17768.954700000002
502718.1734,13057.140900000057
502843.9175,4958.852499999979
502872.67220000003,0
502923.37,7145.912899999996
503105.7066,20679.36309999996
503150.9718,9325.584199999983
503152.4581,9238.367599999998
503414.2642,11896.672299999977
503446.3139,23985.435999999987
503834.2004,7745.543999999994
503943.9261,9212.390699999989
504038.9283,20171.90850000002
504114.4894,16781.3137
504222.0004,13908.011600000027
504227.6369,8967.035600000003
504322.8113,21221.435200000007
504406.407,6985.832899999979
504530.9623,4778.649000000034
504794.4891,8883.688800000004
504939.71,11769.1532
505024.7876,0
505030.303,9207.06270000001
505102.0891,5786.965299999982
505243.2803,27860.947799999965
505416.6633,13853.361000000034
505537.9722,0
505557.1502,9876.87149999995
505661.465,5611.913500000024
505670.4352,16957.4118
505701.6723,8654.339299999992
505824.2971,7274.420300000056
506375.5388,3636.638500000001
506791.8046,12287.012099999993
506989.5453,7649.732000000018
507022.2926,13538.71729999996
507059.1705,2669.2917000000016
507131.5377,0
507208.6475,0
507240.3199,7682.908833333349
507349.4486,5404.6857999999775
507441.3085,0
507563.542,0
507567.4037,5538.878700000001
507595.986,29447.004199999967
507690.0429,2806.443900000013
507861.7776,5214.044899999979
508141.3722,3377.291899999953
508186.041,18095.848500000022
508404.2335,0
508588.2658,6998.569299999974
508762.2546,4633.9538000000175
509482.3975,14001.261600000027
509914.8153,39270.301000000036
509999.966,4883.664300000004
510127.0887,0
510250.8622,4866.5996999999625
510326.8534,5357.0620000000345
510345.2365,20063.64029999997
510367.1153,0
510437.5324,0
510442.6741,37079.65539999999
510448.4122,5011.768700000015
510649.1567,8905.636599999969
510753.0881,5448.164199999999
510918.1277,26506.119200000016
510942.5368,5825.418999999994
511123.6368,12278.884699999995
511287.6527,6037.631699999969
511678.9411,25364.244200000016
511723.2978,3755.234999999986
511729.0522,8170.918099999952
512035.054,7117.343999999983
512090.9429,4806.201900000044
512173.5087,4421.563900000008
512247.0355,5609.002899999963
512330.185,18494.8321
512512.5244,3999.424400000018
512686.5557,5433.765100000019
512710.2248,5174.439700000046
512720.3993,4875.507099999988
512751.3022,6028.381999999983
512753.13300000003,0
512839.4388,18490.40486666665
512943.1427,5620.027200000011
512973.9722,4956.9231000000145
513155.8581,28450.97690000001
513246.4576,0
513428.5176,2041.204000000027
513655.7008,10867.443499999994
513778.609,17711.959199999983
513791.4865,20081.84659999999
513879.6728,3671.9687000000267
514214.221,2988.803200000024
514515.4903,33.552700000000186
514821.1489,1854.2520999999833
514823.3469,0
514894.4434,5760.645799999998
514932.3594,16369.586600000039
515058.3148,3988.654600000009
515148.1494,12693.42359999998
515361.6074,8287.349599999958
515514.7934,3515.0436000000336
515770.2053,7092.097799999989
515839.0281,5185.572400000005
515968.332,25235.980500000005
516178.2196,3535.565899999987
516724.8134,2685.3156999999774
516830.8923,15598.63559999998
517079.1223,5662.23629999999
517187.0314,12411.891799999983
517253.9435,4325.622499999998
517277.1044,20810.745799999975
517884.2274,9799.68829999998
518056.132,8283.568800000008
518246.9945,24317.813199999975
518360.035,6734.258899999957
518557.7165,0
518602.0077,3804.998800000001
518726.5335,3804.8179000000237
518871.4158,0
518930.542,18099.042600000044
519010.1816,21800.113899999997
519028.9903,25112.246800000023
519248.0997,3297.504500000039
519254.4645,12684.323399999994
519306.5391,3988.5384000000195
519471.3661,3611.7935999999754
519809.7854,5985.3434000000125
520059.3924,15446.431900000025
520210.6165,15595.54879999999
520468.096,0
520497.0306,9725.279700000014
520547.3113,42.52169999998296
520629.6694,3140.1622000000207
520827.9017,0
520882.5577,4014.7353000000003
521376.9172,10266.4081
521469.7747,4304.49450000003
521489.2277,2105.964500000002
521605.1763,2304.7923999999766
521770.0642,14103.458700000017
522153.7914,6768.923899999994
522649.489,15917.525900000008
522921.2259,23650.92499999999
522942.3062,21316.180699999968
523161.4275,4722.493599999987
523350.3272,6117.3369999999995
523676.9223,10047.669399999955
524046.3429,12811.347099999955
524156.918,4707.64360000001
524169.6995,11128.62400000001
524305.2705,3278.4530999999843
524404.5858,3454.799699999974
524622.8679,3354.7964999999385
524704.0127,6605.746199999936
524929.0071,11391.044800000032
525427.3271,32727.58010000002
525656.2016,4597.002500000002
525754.6565,7745.296300000045
525789.1074,10093.490699999966
525855.9481,6009.378400000045
526663.1379,4263.199099999969
527410.6432,5622.072200000053
527580.16,10058.485060000035
527878.6391,22862.668900000048
527947.7411,5702.596099999966
527956.8595,13527.934600000037
528284.6748,12493.712600000028
528396.7413,11943.027000000002
528680.2949,5318.176899999962
528717.733,8674.889000000025
528912.1675,7055.973399999959
528949.4333,5720.7517000000225
529047.7732,15299.590900000068
529052.3392,5956.047600000049
529253.1455,5342.248800000001
529303.6603,13341.162699999986
529474.174,8515.071699999971
529641.75,9826.08759999997
529815.1539,6149.681300000055
529983.1682,20151.730499999947
530304.9408,22652.668599999975
530381.1134,21372.671100000036
530502.0831,14583.766000000061
530613.7971,5733.013500000001
531147.9972,14374.178399999975
531544.3356,10325.679650000005
532118.9731,7481.703699999955
532171.0231,7941.669400000013
532463.8766,17600.044999999925
532465.7228,8267.62049999996
532891.6045,18696.861900000018
533263.9911,17024.498900000006
533399.7338,10949.275800000061
533456.5791,8099.86129999999
533762.3579,12518.84879999992
534066.3661,8104.599399999948
534587.751,25761.53310000006
535048.0384,9034.371500000008
535256.5153,11096.811899999972
535308.1286,22337.294500000076
535350.5099,15740.42109999992
535369.8785,15778.040199999989
535513.5424,22602.514350000012
535719.1767,11313.864679999999
536290.2054,18759.0282
536347.0541,13274.750999999931
536504.0701,25678.5613
536786.7241,9754.974799999967
536974.4728,11126.473800000036
537002.8498,16427.262699999963
537102.7103,11084.337999999989
537277.2089,13094.58236666664
537601.5271,11120.424099999946
537865.6708,20747.201799999923
537934.1393,10506.190800000099
537949.6741,11335.382400000002
538254.5895,16989.31449999998
538475.8847,10879.907600000035
538580.0624,15057.115400000068
538581.7299,11009.891900000046
538980.3265,11089.944900000002
539067.1804,11587.030499999993
539442.4324,23400.195200000075
539780.1008,12975.587825000053
540007.7792,17637.043399999966
540073.1332,11565.490900000092
540127.0253,10752.787699999986
540371.4377,16444.23490000004
540677.2095,12540.280000000028
540751.2625,15897.810699999915
540943.1831,16324.804200000013
540990.3331,0
541016.5099,10628.161899999948
541046.6065,15848.652000000002
541107.0282,18633.21689999994
541219.1894,11780.169500000076
541270.7287,19198.55429999996
541616.8065,15916.977799999993
541623.0682,10641.018199999933
541938.6085,22504.026199999964
542055.6823,11288.610299999942
542160.4792,17938.379399999976
542329.123,12082.08779999998
542508.0953,13655.225600000005
542546.5779,11412.53350000002
542655.5318,9544.161100000027
542742.3314,11606.375899999985
542797.1348,10482.858400000026
542881.2394,16114.13169999991
543188.2917,9883.508399999933
543265.882,9893.052299999981
543340.5863,18677.580299999914
543635.3447,19626.519900000014
543883.7661,10780.920900000026
544293.0496,14045.247199999983
544315.3669,10222.390000000014
544346.7396,0
544412.6446,10840.624500000034
544479.2409,18078.97829999996
544710.4025,12737.220099999919
544936.2264,12329.325799999991
545015.8975,16593.613699999987
545113.3684,16663.00900000008
545379.99,14113.555199999944
545380.3426,12280.607100000023
545675.4213,19671.677800000063
545690.9679,11940.58440000005
545940.7028,14891.516799999983
546017.7935,11183.636900000041
546070.8244,36292.65130000003
546203.3306,8047.285299999989
546713.82,9003.619599999976
547295.5902,19481.85930000001
547430.8117,14411.527899999986
547613.2558,17009.751700000023
547788.5838,9532.531599999988
547943.9106,17647.55569999991
547968.826,11589.0919
548008.3884,11204.69550000003
548747.677,9194.5098
548761.7827,10392.055300000007
548802.8030000001,0
548818.8289,28153.63069999998
549052.1858,17548.569400000037
549214.9608,11734.650799999945
549242.9269,16257.480899999966
549477.5639,13620.09699999995
549979.1878,20831.257400000002
550031.3798,15317.609100000001
550155.9111,10626.106600000057
550156.8523,12081.987399999984
550893.0966,22903.390600000042
550922.0268,33059.22194999998
551035.2348,10891.00410000002
551038.5427,10630.849300000002
551165.1813,26434.600400000112
551186.958,13500.546199999982
551427.1469,13529.517900000094
551598.5123,20959.45599999989
551852.6112,16403.846900000004
551883.264,14824.794200000004
551912.1328,9211.744900000049
552033.4183,9877.19590000005
552100.2312,20481.85770000005
552251.9665,10663.603299999959
552271.2159,29332.382999999914
552428.1518,9244.743799999938
552501.3281,21875.521100000013
552539.5084,12156.567400000058
552573.7155,12222.7178000001
552582.5647,9671.54740000004
552611.8584,11450.986000000034
553144.1796,19665.482200000086
553144.6289,13052.551833333331
553155.6569,23295.84329999995
553355.437,28704.420700000017
553384.855,10460.188800000004
553390.7201,9324.767500000075
553885.5144,21095.765783333336
554193.7157,15631.049599999911
554715.8377,11356.631999999983
554796.0095,21843.015600000042
554925.0584,11261.339700000011
555116.3637,18746.12910000002
555209.9866,9142.187599999947
555405.1061,10121.533399999957
555758.0696,9511.204900000012
555996.1466,8965.938800000004
556210.9537,9049.267299999949
556570.5452,13711.082500000019
556957.9008,24263.762199999997
556979.2478,11205.606900000013
557124.141,14727.265899999882
557199.6435,17849.300400000066
557474.7487,20854.30350000004
557704.5413,13923.763600000064
558215.5451,11081.559299999964
558245.8018,9457.497600000002
558292.9862,15622.802000000025
558553.5067,27995.984000000055
558602.8053,30752.805900000036
558845.37,13008.002199999988
559054.1329,12609.560300000012
559414.6328,17520.164800000028
559424.7457,3509.0902999999234
559455.7411,12002.387099999934
559608.9768,3851.7248999999138
559830.4811,12239.00529999996
559865.8225,10522.525499999989
559997.4319,10119.686800000025
560064.4804,13070.190799999982
560085.4644,14940.35830000008
560193.2555,18705.626700000023
560413.9329,34848.885499999975
560417.501,3376.642300000065
560639.9216,10929.752100000042
560877.338,39605.09329999995
561062.7876,19852.42989999999
561263.6433,20759.20160000003
561513.7619,26515.656799999997
561563.6955,17559.501400000066
561780.4013,12506.743600000045
561994.56,10842.527200000011
562024.0444,38593.25180000003
562044.0422,15461.406200000085
562258.2061,446.5705999999773
562392.6717,287.39259999990463
562527.8091,5087.871799999964
562685.4444,9090.564100000076
563014.7233,8741.665799999959
563076.9047,100.61749999993481
563251.3353,16834.553799999994
563256.1539,22709.315900000045
563324.4266,25045.78079999995
563369.8626,23475.857799999998
563656.5314,11188.516999999993
563845.2882,14431.999100000015
564106.5577,4019.600300000049
564738.6984,35490.203499999945
565063.4351,5643.596900000004
565171.3416,9781.76640000008
565384.9867,30741.9338
565425.4407,14783.320100000012
565634.6082,13415.821800000034
565712.7506,21909.126500000013
565886.5391,17620.590400000103
566192.3285,34449.084900000016
566310.3418,24386.0732000001
566440.2115,18913.364399999962
566565.019,12960.32050000003
566765.4897,22522.082900000038
567007.2408,25371.929400000023
567021.7742,15665.48769999994
567312.5138,23116.980899999966
567418.2309,14597.434466666658
567684.2833,12422.647499999963
567691.4806,12017.89480000001
567825.6309,22255.649800000014
568065.6945,1467.43479999993
568204.893,12076.460300000035
568209.9566,22034.21880000003
568485.7669,0
568788.4155,15888.188500000047
568805.0521,12528.41240000003
569349.524,16435.82409999997
569376.6063,24424.617699999944
569568.7316,16286.869900000049
569649.5712,17608.592599999974
569786.7557,21123.621399999945
569832.9643,17834.592399999965
569925.6145,13319.751600000076
570123.3669,0
570124.961,15233.981299999985
570422.289,13377.747899999958
570981.6115,13965.543399999966
571060.3007,21733.322799999965
571262.3726,13945.879199999967
571277.6892,30063.708400000003
571509.0273,9089.522200000007
571623.3984,25766.24239999999
571707.2107,7024.908000000054
571788.0129,21453.28509999998
571907.1866,13391.360199999996
571942.2068,30284.955200000084
571969.6872,8879.227700000047
572203.1378,17277.05330000003
572206.2568,14895.499399999972
572604.2538,37605.94219999993
572727.7239,16240.652999999933
573157.2454,3044.3697000000393
573325.5318,24616.02709999995
573779.93,14048.74860000005
573866.5204,21352.586499999976
574080.652,36846.00699999998
574100.3864,15326.33899999992
574126.9176,15436.984100000001
574565.2956,23400.679799999925
574683.6124,18887.247100000037
574741.7967,32724.510899999994
574907.3227,12510.88500000001
575080.78,16398.185100000002
575163.5495,17727.481099999975
575372.3669,13754.937000000034
575466.1773,12287.895400000038
575582.51,15929.09030000004
575907.784,11775.456800000044
575992.7393,23495.328100000042
575995.5808,16808.246799999964
576026.9346,26676.60830000008
576191.1151,14835.946900000097
576255.6477,23548.651599999983
576658.842,39571.78939999989
576824.1478,8016.277300000074
577114.2376,17561.25899999996
577247.1813,24659.18260000006
577428.7648,14164.257699999958
577883.4906,12948.012899999972
578072.1868,39751.72920000006
578318.93,12593.157400000026
578382.2051,19605.678900000057
578424.6714,9746.695599999977
578651.3284,23689.958600000013
578685.9741,4731.907200000016
578844.8075,7349.743600000045
578892.7126,37914.74339999992
579122.8957,25443.604900000035
579235.1959,19825.624700000044
579316.4618,27863.804700000095
579347.5223,24272.963899999973
579377.1887,12437.512900000089
579448.1892,14049.611499999999
579639.1243,11009.514500000048
579758.5753,29499.572400000063
579859.3265,13420.261899999925
580090.1186,22232.816500000074
580096.2399,16769.741299999994
580534.8515,14672.507600000012
580763.4064,10837.729899999918
580951.2113,27624.784999999916
581087.2526,12524.236200000043
581118.4054,11414.656500000041
581248.2005,35892.85869999998
581665.0591,34667.96769999992
581698.5556,15165.860400000005
581701.5527,28299.799499999965
581860.5756,18082.26919999998
581910.971,13120.014900000067
581980.2969,13894.836299999966
582265.7262,12312.316100000055
582307.8871,20725.545000000042
582895.3212,6411.553799999994
582911.6669,35744.8027
583044.4847,10711.844500000007
583116.8212,24637.378400000045
583135.8646,10530.718699999969
583168.4616,17989.879000000074
583478.4924,16809.050300000003
583511.3656,18078.74080000003
583582.8466,28549.04950000008
583603.5535,6429.948100000038
583605.2502,12560.136300000013
583728.2167,32470.354799999972
583763.0107,12909.324299999978
583930.2349,16668.995700000087
584037.1774,20959.982500000042
584108.285,16092.85247500008
584337.9221,12301.070100000012
584351.6775,12634.85519999999
584636.9891,6340.196800000034
584653.0855,12507.709000000032
584763.7673,11718.875099999947
585012.9913,14631.987199999974
585038.786,22926.87799999991
585087.4968,17981.91322499991
585140.825,8444.556899999967
585406.1176,8532.484100000001
585555.9673,16759.537499999977
585758.2372,8500.104999999981
585794.6841,10779.737199999974
586208.7282,8843.51549999998
586665.2766,8629.095559999929
586677.8935,14197.09149999998
586680.9832,10214.30720000004
586822.8908,13636.56910000008
586879.073,10064.016300000018
586886.6474,8355.997800000012
587042.1244,16289.106099999975
587064.1167,11172.83460000006
587262.8532,8641.224599999958
587288.1247,29827.90460000001
587354.6794,8602.13089999999
587373.6291,13606.570100000012
587621.3114,31923.202200000058
587882.8915,13097.595700000064
588067.1516,30749.1287
588274.2479,8803.984999999986
588318.222,9698.783799999976
589342.3954,9262.995200000005
589376.8863,11629.72530000005
589692.2521,10906.432600000058
589756.3772,15458.449999999953
589782.0123,10230.918599999975
589793.1795,20382.41769999999
589828.5477,12976.684600000037
590465.4158,16972.36069999996
590538.8588,0
590581.0913,12659.714799999958
590616.773,19676.17009999999
590860.0351,9481.565100000007
590882.889,20061.252199999988
591183.0145,28533.19570000004
591370.2976,21137.62160000007
591551.5385,25957.130000000005
591812.81,6538.142749999999
592011.7255,12103.959999999963
592070.5014,32251.702899999917
592267.9543,12279.391500000027
592285.9128,7921.476300000097
592383.722,9429.671199999982
592432.3879,10129.854999999981
592804.6502,6885.989600000088
592858.3611,34800.20689999999
592914.3705,6268.705466666608
593075.0374,14626.08620000002
593255.2721,9426.418299999903
593283.8901,7238.634099999908
593569.4063,21766.365300000063
593588.2485,6608.330899999943
593800.5561,12376.750400000019
593824.2839,31930.52350000001
593921.848,30661.58559999999
594003.3997,28610.043599999975
594200.7363,5499.198600000003
594671.4691,7762.411599999992
594731.1608,10776.369299999904
594876.3594,40888.61780000001
595081.0706,5361.499199999962
595114.4045,34488.62719999999
595403.8279,8563.389000000083
595412.1268,7626.164899999974
595676.3065,8635.300433333265
595727.663,11062.629799999995
596025.4803,15432.621400000062
596155.694,10030.468600000022
596180.1169,7389.14710000006
596396.5616,33646.589800000074
596677.9131,6109.1735000000335
596898.9465,8285.087899999926
597095.2533,8808.071600000025
597099.8225,5336.337300000014
597371.2597,5728.5815000000875
597571.6955,17680.622900000075
597591.0855,10597.094299999997
597733.0719,9402.419800000032
597757.1629,5481.26099999994
597944.7904,6874.378800000064
597971.2558,10057.806900000083
598346.1582,16015.392299999949
598575.4602,7749.2071
598699.3917,5638.571100000059
598822.6809,9911.467100000009
598838.4337,10414.982200000086
598876.1655,6321.866700000013
598887.0852,25385.23789999995
599191.1702,14830.188100000028
599445.1633,7764.1735000000335
599859.527,23909.47589999996
600098.1709,13997.61499999999
600255.3033,10835.180999999982
600397.2452,12829.011500000022
600452.5555,22440.158999999985
600515.8221,21088.32959999994
600521.731,18418.90619999997
600548.7361,10158.515400000033
600689.7796,6562.470699999947
600709.9023,18781.925999999978
600758.4507,10709.777500000084
600847.5056,6419.946200000006
601045.2931,24391.39049999998
601300.7877,12514.269699999946
601460.6322,8572.860600000015
601569.2958,4142.64599999995
601607.0888,7993.1236999999965
601630.8116,6331.805700000026
601788.3425,28782.759700000053
602701.3467,5384.22789999994
602707.1701,17362.601179999998
602718.5694,6937.712400000077
602732.2187,5605.953199999989
602807.5911,25273.226399999927
602870.3704,8505.481400000048
603093.5699,28575.719199999934
603116.1606,12122.009899999946
603162.3423,21724.69040000008
603290.4956,24446.300500000012
603566.0506,8630.886599999969
603791.7556,36562.71299999999
603792.1396,25292.442500000005
603853.7658,24742.630200000014
604153.5334,8266.686600000015
604168.6033,4010.006699999911
604323.6036,5403.920400000061
604327.1541,4884.135200000019
604437.5998,21710.40519999992
604534.1009,32276.23199999996
604543.1865,10818.76939999999
605199.8695,9665.10850000009
605334.9539,11102.762899999972
605364.91,11952.724200000055
605429.6825,9371.315500000026
605687.9183,12752.618000000017
605816.3311,7908.272499999963
605827.6444,30901.98809999996
606416.3012,6674.954599999939
606530.3025,8858.12249999994
606533.089,12609.666199999978
606711.0645,5728.162200000021
607029.1516,4862.4995000000345
607048.8047,12549.758099999977
607072.4403,29375.557900000014
607209.3239,5330.189599999925
607459.5065,7170.075700000045
607734.287,8997.703399999999
607894.7076,15010.697700000019
607949.9196,13198.078399999999
608046.2772,8573.796700000064
608698.2073,10860.43610000005
609001.2399,6662.368900000001
609032.6203,20557.646899999934
609293.2079,9734.70940000005
609519.4944,8904.528099999996
609679.7232,7476.646799999988
609915.0614,5077.996400000062
610079.9664,17345.846600000048
610167.3174,11139.861000000034
610463.9695,7364.908999999985
610641.4471,6808.928799999994
610716.6932,4758.846400000039
610878.4175,18946.676399999997
611340.6674,10043.977799999993
611421.7687,22018.390400000033
611815.7812,5715.661399999983
611958.2434,11421.120733333402
611994.5339,7598.020300000091
613076.4462,20101.023000000045
613186.2249,20974.124900000053
613309.2821,8128.604699999909
613365.104,6012.3273000000045
613488.8784,6672.993400000036
613549.7452,9997.318100000033
613610.2304,19434.251099999994
613661.8901,18074.42570000002
613821.0586,8148.780000000028
614429.4333,6352.689100000076
614449.2646,7404.552000000025
614449.4188,7638.278399999952
614594.8455,16360.450900000054
614661.4658,20098.806300000055
614664.5533,21854.58409999998
614719.7054,14524.172999999952
614863.609,10364.958400000003
614882.088,8765.875
614882.7431,0
615059.8461,17341.65149999992
615350.6305,8267.277299999958
615413.1269,24462.14789999998
615420.95,6610.339599999948
615585.5533,10868.804800000042
615638.032,6732.516100000008
615662.254,5306.271699999925
616031.689,7738.446800000034
616347.8491,16686.70809999993
616527.0363,6399.225800000015
616531.8008,4950.239399999962
616572.3921,7982.314900000114
616677.1199,15983.51780000003
616685.3944,17355.998499999987
616819.8466,9167.994660000084
617019.626,7710.901300000027
617128.9839,12284.04469999997
617160.3038,13897.088199999998
617248.1173,5474.482300000032
617495.5511,15098.64419999998
617639.4173,14013.618299999973
618178.2397,6921.260699999984
618405.1094,10459.461399999913
618899.8397,18654.247700000065
618961.8444,14165.055999999982
619045.3106,20314.46829999995
619410.8604,18770.782299999963
619577.917,20720.14659999998
619633.9572,15127.606299999985
620145.4218,9553.675799999968
620276.9553,15590.706000000006
620283.4291,10084.151399999973
620451.6668,8623.586299999966
620865.072,6639.74450000003
620923.888,9019.893299999996
621191.0852,6135.738000000012
621222.9328,14514.867899999954
621365.3332,7898.295900000026
621524.685,15431.973800000036
621828.939,9156.599600000074
621929.8244,7300.629799999995
622167.4213,6067.324300000095
622465.4513,29896.868299999973
622821.3621,19754.062800000072
622944.2678,6948.808200000087
623525.5761,12179.121899999911
623601.7982,7807.863899999997
623800.4287,7479.421000000089
624386.3694,9181.806099999929
624593.5446,9615.660900000017
624676.112,7832.4379999999655
624709.2569,19366.42850000004
624719.5943,0
624793.622,7045.228899999987
625286.337,16670.67650000006
625615.5042,9398.643299999996
625631.6062,15366.248000000021
625660.7476,14001.31819999998
625712.804,10652.717100000009
626204.6697,8029.88049999997
626417.328,28246.852399999974
626479.2537,10927.950900000054
626710.7634,5960.933300000033
626788.0534,10212.258299999987
627083.417,12076.344900000026
627229.8806,9452.233600000036
627242.9615,11509.086799999932
627502.8735,23354.62540000002
627505.836,24034.282299999963
627766.2727,24791.47100000002
627915.2152,7110.709900000016
627953.2908,20658.841999999946
627959.627,15946.218499999959
628180.0454,7917.385699999984
628277.093,9596.303399999975
628464.7797,10357.882699999958
628606.0844,19105.30340000009
629204.8746,9978.705399999977
629550.4272,8663.124000000069
629565.8539,8051.556199999992
629597.3393,6810.388500000001
629674.4353,7705.613200000022
629720.7281,24549.387699999963
630084.6918,23042.22100000002
630088.6774,18817.17280000006
630247.1943,8887.753999999957
630312.5339,6654.805700000026
630817.394,12829.16149999993
631293.3855,14095.731199999922
631362.458,7033.6563000000315
631529.7865,7689.836699999985
631627.7236,20760.95279999997
631780.199,8381.197900000028
632362.2392,7784.797900000005
632368.9763,21576.94669999997
632441.5147,23712.25470000005
632472.7868,11870.417099999962
632530.4944,14293.905900000012
632609.191,24679.109199999948
632812.9142,18275.850199999986
632928.3964,7456.332599999965
632971.7896,20834.612900000066
632975.3135,31045.033000000054
633066.8617,7395.517899999977
633344.3042,7126.511599999969
633859.9532,10143.012400000007
633874.3085,23372.43410000007
633935.1994,12618.259300000034
634078.7598,10864.636500000022
634234.0581,7447.480100000044
634364.7599,8324.560899999924
634761.8151,12407.030000000028
634832.0187,17346.178700000048
635251.1239,12670.459900000016
635562.7984,9807.397600000026
636062.2937,13322.705100000021
636071.6234,7377.824300000095
636073.3914,8275.145099999965
636083.1192,9997.91810000001
636667.474,26968.86869999999
636675.5767,15088.99410000001
636897.4428,14713.7696
636952.9353,9918.165799999959
636954.1116,0
637334.34,22654.533699999913
637422.7695,11745.234200000064
637737.4602,7696.97789999994
637784.6082,25672.745200000005
637866.4348,9115.716000000015
638189.8192,9455.377100000042
638280.182,7164.578199999989
638422.5708,24301.415099999984
638586.0188,18923.691799999913
638681.0409,17774.5196
638795.1296,8295.577300000004
638834.3748,12924.080399999977
639117.4771,9340.404499999946
639165.7402,9045.753600000055
639340.4058,7475.349899999914
639518.7958,23606.146699999925
639877.4384,24522.92319999996
640367.3706,6064.2828000000445
640527.5984,12599.250299999956
640531.8968,17329.513999999966
640775.9873,9487.616200000048
641040.595,9393.666499999934
641094.7229,10626.839800000074
641151.4068,20971.16319999995
641212.1685,22580.912699999986
641440.5286,20474.45079999999
641570.695,18446.54449999996
642064.5289,26964.14670000004
642112.3802,23911.70980000007
642129.7401,12779.406300000031
642285.936,11548.150799999945
642333.675,9262.491900000023
642360.8507,15746.865599999903
642675.9923,13014.193700000062
642815.5146,12995.88870000001
642878.208,7407.239999999991
643020.7616,12438.88069999998
643033.3415,11086.15969999996
643033.9666,7306.887100000051
643165.9855,35093.52229999995
643602.1583,22540.41379999998
643785.7553,11905.726900000009
643790.4165,14946.81930000009
644214.5576,41411.533599999966
644371.9021,11260.962999999989
644449.0346,0
644752.9374,20103.95370000007
644761.7436,7792.024600000004
645030.5222,30928.084900000016
645100.7284,10270.567600000068
645263.5536,13510.700599999982
645353.6862,25237.476200000034
645421.3332,8897.487800000003
645546.3871,23294.49080000003
645691.7849,9775.154600000009
645821.0001,7043.120499999961
645932.6097,17371.607100000023
645937.7014,13785.099400000065
646027.2317,7696.923700000043
646109.9598,14501.404799999902
646110.8007,17347.68689999997
646166.3479,18816.593300000066
646175.0641,1843.47080000001
646256.5267,20359.113100000075
646258.0802,9953.415500000003
646659.6489,11289.891700000037
646659.8682,7264.396000000066
646750.6544,19188.75159999996
647477.7432,7376.332516666735
647586.6328,17366.77350000001
647594.1057,25033.566899999976
647611.988,7193.929920000024
647876.4796,15195.239300000016
648114.4228,24030.096499999985
648129.5791,6389.0527
648580.8245,20731.587300000014
648974.5481,16433.591600000043
649051.9042,11277.564400000032
649081.1677,17362.88619999995
649222.9195,6986.5461999999825
649276.9352,13603.784099999932
649297.0948,26151.107940000016
649317.7572,13554.761700000032
649593.1233,13471.563100000028
649736.5724,19139.571999999927
649743.0537,21562.050200000056
649889.8491,24799.371000000043
649979.1475,9826.274800000014
650127.7955,3352.372699999949
650196.898,6334.008099999977
650281.1173,8598.012466666754
650491.5672,11273.847700000042
650523.522,0
650628.1225,16803.369200000074
650807.4918,6760.595099999919
651326.5326,20765.702900000033
651367.3229,8819.432499999995
651987.5657,14081.033400000073
652042.9838,7687.778800000087
652512.8907,9973.327500000014
652542.4553,8308.207700000028
652647.4258,9234.178499999922
652798.122,0
652864.8873,5983.458699999959
652869.0942,16427.804000000004
652908.5894,8365.08620000002
652949.9639,9300.40579999995
653134.4629,17669.786300000036
653572.6116,7085.545099999988
653612.6044,7793.322199999937
653627.7511,1253.4907333332812
653857.0564,12710.618900000001
653861.7034,18964.987800000003
654013.6238,9897.70439999993
654055.7672,6928.704599999939
654383.6919,18423.54999999993
654444.5928,5460.120099999942
654570.8055,23417.534199999995
654780.8509,27251.763999999966
654854.1092,6371.879599999986
654893.5999,5279.081800000044
655215.866,7328.0953000000445
655658.2656,20693.83010000002
655800.6296,8425.324200000032
655937.3786,15269.439200000023
656032.4273,0
656147.8353,4725.814699999988
656230.7472,10019.69869999995
656308.27,8876.58189999999
656563.4048,9233.356600000057
656585.8574,21924.068699999945
656628.0516,6036.106200000038
656799.4289,9744.64690000005
656801.2782000001,0
656801.7143,8546.636799999978
656808.8113833333,0
656888.7469,10403.10580000002
656924.9738,30394.43790000002
657093.957,0
657239.9563,18436.406799999997
657394.2194,432.94739999994636
657553.884,13823.14189999993
657656.1259,14608.877299999935
657684.9271,5982.393299999996
657715.0159,6313.133700000006
657812.9678,7462.434400000027
657896.7657,8542.864599999972
658134.4545,9436.41359999997
658144.6819,18249.406899999944
658861.1482,6734.23310000007
658885.9132,8104.980299999937
658946.639,15468.428299999912
659037.4462,6917.917800000054
659047.6046,25793.43029999989
659073.0192,6116.028700000024
659164.1099,0
659211.6616,7088.427000000025
659441.9732,16118.929800000042
659632.9876,18701.542099999962
659714.6358,1482.7603000000818
659742.2369,11549.367500000051
660141.6839,1143.6972999999998
660446.3763,10040.736600000062
660540.5021,17352.47370000009
660796.0874,0
660884.2286,22617.182499999995
661306.5879,16686.336100000073
661337.3388,8693.49410000001
661413.4707,15759.96649999998
661504.7107,29561.62200000009
661525.3823,20147.284700000077
661833.3302,12072.115599999903
661923.2129,6833.2815999999875
662165.25,10616.463299999945
662293.9461,25573.312999999966
662321.4214,0
662449.3026,6095.771300000022
662456.5433,9615.953500000061
662494.8544,8745.498699999996
662588.2226,25216.188199999975
662849.4541,6998.7351999999955
663080.2431,40265.31050000002
663161.4567,1297.814924999955
663307.0057,6002.748799999943
663432.2002,23172.336399999913
663488.935,12429.622800000012
663818.2237,32955.598
663862.9571,8802.761700000032
663875.477,10337.663899999927
664452.1713,11797.093800000031
664505.9359,0
665131.4263,7752.722600000096
665392.6414,0
665507.5428,26048.065100000007
665664.8,7825.473200000008
665666.6018,10748.347999999998
665932.1472,9057.925599999959
666032.6582,9350.984799999977
666547.2603,9273.878499999992
666596.926,16130.374499999918
666625.2122,15574.992899999954
666732.3799,10417.394100000034
666759.7111,0
666867.8336,9995.770374999964
666948.7518,7163.293899999931
667305.3917,9416.037100000074
667398.8389,11784.904499999946
667475.5722,11132.978600000031
667830.2001,13491.536900000065
667897.9829,25373.743099999963
667979.2638,8460.0233
668216.5566,10671.597500000033
668243.9438,246.75089999998454
668295.2506,9514.707000000053
668445.1618,9568.8027
668455.7542,11163.920533333323
668633.8496,7527.164299999946
668658.2268,6598.727299999911
668715.6162,34727.73080000002
669291.0733,19744.07070000004
669689.7539,397.42700000002515
669771.8121,0
669802.2039,9453.922099999967
669845.599,23779.604700000025
670034.5098,0
670122.4782,12596.430900000036
670221.4662,21945.146000000066
670313.6413,7115.271233333391
670352.5111,10928.328699999955
670368.3595,7948.126600000076
670406.5718,8613.709099999978
670464.6263,12145.226000000024
670551.8711,24512.947199999937
670607.7101,18223.283400000073
670619.3033,12298.337300000014
670754.2718,8036.36950000003
671036.2861,17716.30660000001
671207.274,14542.57389999996
671302.9838,0
671469.7736,11175.263399999938
671479.4078,8542.127000000095
671939.5909,8013.51099999994
672169.1613,7628.727400000091
672337.3426,9376.75319999992
672458.781,8731.809499999974
672769.1304,14229.810100000002
672802.3317,6496.310899999924
672850.4819,7499.096099999966
672861.7462,5568.800800000085
672870.6393,34110.87910000002
672902.5325,17256.754799999995
672932.3639,8887.186600000015
672948.4363,31631.86619999993
673049.5552,0
673052.9212,4841.781799999997
673238.3307,0
673285.5943,16641.79819999996
673559.382,13753.015999999945
673725.0898,3106.8294999999925
673923.5876,13592.570199999958
674046.0124,10917.216600000043
674229.098,10095.75026
674288.1065,7012.194200000027
674414.2847833333,0
674440.0128,22010.824200000032
674888.5623,6743.2497999999905
675308.6295,21595.649800000014
675651.3801,7609.157200000016
675876.068,7463.436699999962
676607.0476,23128.603200000012
676759.3739,31539.634300000034
676866.9963,0
676892.9495,14953.262299999944
677093.3023,14724.191200000001
677157.7839,6348.646799999988
677451.2626,9215.520400000038
677637.7798,8090.4999000000535
677690.4499,13251.988000000012
678123.0359,0
678260.191,12367.391300000018
678280.4862,8875.368000000017
678303.4564,8288.391300000018
678370.2095,7018.278799999971
678377.8869,0
678552.262,6988.287899999996
678716.4658,8851.837500000023
678941.0101,10472.931899999967
679544.7564,7571.141599999974
679644.4564,8778.137199999997
679733.0456,6159.760899999994
679823.9715,8146.225499999942
679916.1514,15144.667599999928
680081.2089,6645.29859999998
680085.387675,0
680139.5404,12596.513100000098
680245.0493,17736.08939999994
680320.3349,6461.902300000074
680420.7876,25253.550800000085
680491.5281,4342.239799999981
680642.9918,0
680732.6421,7828.302100000088
680938.1736,5172.855499999947
680955.8318,8999.384000000078
680960.7291,2856.6679000000004
681032.5839,7333.440500000026
681157.3767,0
681186.6488,6838.856199999922
681674.2989,17087.042600000044
682075.1756,6202.027200000011
682094.385,3468.84440000006
682569.9887,12073.973400000017
682668.3834,10319.839000000036
682685.9979,16467.65149999992
682688.7901,0
682770.3866,4759.261599999969
683340.9446,0
683550.1337,0
684400.0138,7782.932700000005
684439.0893,14186.031599999988
684592.2924,0
684694.2745,30456.058200000087
684714.8402,11697.058799999999
685211.0574,29934.380700000096
685222.1877,5756.502800000017
685361.5328,19357.77938000008
685424.2482,17210.575399999972
685435.1954,31558.267399999895
685532.7154,2019.2301999999909
685568.4797,21101.308100000024
685698.6349,7782.4686999999685
685754.0535,22797.597300000023
685831.1224833333,0
685931.2322,4521.825799999991
685971.3966,4791.795700000017
686443.3716,9897.376416666666
686499.4366333333,0
686534.6014,20023.80540000007
686642.784,6109.648000000045
686673.4644,8501.264300000039
686778.9214,0
686882.6539,18043.83090000006
686894.04,18127.135699999984
686984.4503,5952.793780000065
687050.4711,6035.553799999994
687103.7807,11675.09169999999
687451.2596,11743.11499999999
687669.594,9610.452075000037
687780.2923,20448.696299999952
687863.5102,7415.381000000052
687966.7413,8806.638999999966
688140.5505,4802.28489999997
688295.9091,20870.649800000014
688377.6755,9328.760200000019
688567.2631,10392.303199999966
688804.0076,10901.116099999985
688855.023,6952.080799999996
689090.7198,8143.633900000015
689298.6883,0
689352.8784,5286.620900000096
689374.155,15134.362399999984
689407.1796,17656.789100000053
689424.1124,2297.3380999999354
689478.0889,1823.7543000000296
689806.9386,12753.490299999947
689869.2846,2141.1676000000443
689895.9717,0
690418.0084,3097.967900000047
690445.7073,10670.671300000045
690505.1763,7371.104500000016
690584.1747,5181.165799999959
690713.4075,2398.281100000022
690796.7379,37030.67810000002
690875.9774,7680.709566666628
690936.2159,2879.6658999999054
690965.6116,6952.629899999942
690979.6406,2754.6283000000985
691158.6432,0
691411.8709,2857.409299999941
691756.6125,6064.134300000034
691799.9109,7217.590700000059
691837.9472,7117.1732000000775
691880.1708,0
692061.2378,2010.6868999999715
692259.9394,0
692766.8233,2350.435800000094
692926.8344,7707.082800000091
693141.5186,14396.561099999934
693240.9355,2005.0363000000361
693316.6696,6035.80150000006
693616.7644,983.6639999999898
693908.9416,26294.159766666708
694305.0729,5452.059800000046
694560.8464,32669.35010000004
694567.1156,3733.9346999999834
694965.3766,544.9495999999344
694988.0606,7379.741999999969
695270.3962,0
695285.7591,3567.3773999999976
695383.7224,0
695485.637,16305.294600000023
695618.514,7840.251199999941
695764.1632,8117.161499999929
695825.8086,26222.01179999998
695840.1673,13645.52919999999
695862.8847,0
695953.381,14278.507700000075
696435.7221,9227.712200000067
696675.7161,26133.701099999947
696840.2587,3808.745499999961
697053.0376,21090.990300000063
697198.8117,13738.365299999947
697225.9995,4623.206699999981
697343.2767,10590.225600000005
697346.9851,5378.144800000009
697595.0122,13754.075100000016
697719.1013,7587.882299999939
697895.7772,2040.2110000000102
698302.5158,6038.783700000029
698416.7717,3393.4872000000905
698438.1642,8264.059000000008
698765.3836,1535.5450999999885
698943.8484,11186.68359999999
698967.2233,4146.965699999942
699318.6577,11293.018900000025
699388.9947,4682.8946
699655.9587,4313.987599999993
699776.2295,4385.221299999976
700240.6547,8659.66399999999
700346.3542,3125.9780999999493
700811.0586,5066.272800000035
700822.2139,3653.7441999999573
700932.4494,3280.439699999988
701177.1321,17948.835400000098
701178.462,3730.378800000064
701246.4273,5824.5760999999475
701266.224,8391.560200000065
701287.5859,7348.297799999942
701530.8786,5316.741200000048
701976.8394,37687.4715000001
702092.4197,4800.250699999975
702325.921,2963.455299999914
702522.4111,5713.001500000013
702689.8275,4074.7643999999855
702708.5997,6525.992300000042
702770.3653,11802.901399999973
703002.6454,12674.966100000078
703149.1676,7666.060000000056
703207.3725,5490.190700000036
703235.6566,3820.4129999999423
703560.9213,16040.959299999988
703630.6534,12130.324699999997
703672.9677,10827.30580000009
703852.2547,6394.393600000069
704126.4049,8610.299099999946
704296.343,5291.722799999989
704299.9962,9800.326000000001
704333.6728,13611.924399999902
704581.4028,6385.399300000048
704606.16,10936.793400000082
705364.6912,13312.334000000032
705374.2782,7522.429999999935
705407.6419,6515.783800000092
705501.483,26484.324999999953
705560.3352,7343.13599999994
705680.5407,2818.8786000000546
705699.2886,2844.259100000025
705787.1329,5484.5309000000125
705836.3484,4789.587400000077
705901.0745,5731.775599999935
706019.9855,12055.628899999894
706049.9772,11764.653799999971
706389.9368,6625.1054
706478.6561,4359.973100000061
706531.2766,5226.222599999979
706695.1731,5276.768700000015
706833.0487,2621.235800000024
707159.1394,6763.836400000029
707228.1832,5773.716000000015
707349.3052,3886.857299999916
707409.109,9385.936900000088
707883.5633,16766.766300000018
707978.2928,7439.4804
708139.7527,5066.622399999993
708155.9723,6371.829099999974
708283.2149,4973.501500000013
708313.9565,3391.4599999999627
708445.9524,2909.3491999999387
708609.4358,2685.110400000005
708655.7665,4429.992700000061
708874.2233,12069.09699999995
708961.1422,4771.044860000024
709028.3855,4232.902200000011
709082.2821,10958.627499999944
709206.9378,3669.5877999999793
709338.4303,4724.488299999968
709474.168,9641.08329999994
709636.1578,5548.776799999992
709882.7199,5635.622700000065
710174.7438,2366.859300000011
710285.8435,7144.6722999999765
710308.4239,7062.655700000003
710666.9702,4958.235899999971
710704.3733,31024.191699999967
711595.7027,3754.4751000000397
711846.5519,22452.395499999984
711950.1052,3339.1787000000477
712567.7413,2300.436800000025
712926.5447,2296.811999999918
712934.7147,22328.60294999997
713225.4084,9478.906799999997
713229.8898,6825.363200000022
713615.6879,16203.749500000034
713845.5988,5894.859200000064
713996.3248,15270.364699999918
714011.4669,23900.509300000034
714055.9402,18335.123399999924
714399.9257,3601.9524000000674
714552.2392,16635.64659999998
714911.2954,12294.254899999942
715467.1872,5913.17790000001
715611.685,12000.675900000031
716051.0733,0
716201.7418,19834.670299999998
716299.205,5922.710899999947
716382.1606,7733.945499999914
716391.6885,9540.460700000054
717285.9134,13967.66359999997
717696.2522,10637.785999999964
717894.5396,11983.073500000057
717998.6642,5110.86109999998
718065.2446,7737.543799999985
718080.4361,8542.31910000008
718198.6352,11727.488400000031
718295.9396,2097.642200000002
718338.637,10407.351000000024
718432.8715,17030.397299999953
718525.8113,12780.166199999978
718774.3171,7288.886500000022
718905.0105,13152.705799999996
718913.5793,5170.643199999933
718946.2634,3430.3027
718978.9996,6510.400799999945
718998.7056,11015.276599999983
719046.0716,1239.3340000000317
719147.3318,0
719445.9911,32125.357699999935
719719.3743,11157.366400000057
719933.0987,2368.9481999999844
720014.803,3746.918399999966
720155.5089,2947.5369000000646
720561.6901,25011.764599999995
721176.9052,11867.781100000022
721254.7592,15873.31779999996
721271.5346,7728.833800000022
721668.5778,9523.349999999977
721769.8761,15930.306899999967
722253.1687,16659.86340000003
722413.4181,3897.257499999949
722475.7795,8204.382499999949
722570.8815,9898.779899999965
722792.7752,9342.52529999998
722912.206,10440.759300000034
723093.8453,19320.962600000086
723144.035,22816.548200000077
723187.235,7299.393500000006
723572.1923,20191.86750000005
723592.5949,14829.834499999997
723625.6582,7304.9218999999575
723658.0845,2959.053799999994
723686.4778,21359.34010000003
723947.9113,6413.584000000032
724148.3721,8986.96550000005
724397.0681,32055.113300000085
724436.6953,7356.681899999967
724618.6053,5203.155600000056
724619.6811,17946.42280000006
725456.9817,14974.374500000034
725555.9689,7326.381399999955
725696.393,4439.841800000053
725738.0331,4506.4514999999665
725807.6286,10939.639500000048
726217.7397,6421.001500000013
726434.6568,8890.572999999975
726558.2058,15554.089400000055
726601.3037,5597.511700000032
726681.7243,19667.44459999993
726769.4554,13730.4571
726984.0695,8537.395000000019
726989.582,27213.593500000075
727065.788,2107.540699999896
727069.2843,5302.740800000029
727484.9506,3808.1962999999523
727883.9657,2278.6973
727986.0078,6924.52230000007
728060.505,5885.957900000038
728320.3483,8487.80249999999
728391.3624,27289.294999999925
728853.6355,11026.279499999946
728926.316,5704.8116000000155
729238.0635,17937.49820000003
729631.5732,8621.404800000018
729758.9341,3135.4727999999886
729905.2388,10549.998299999977
730159.8389,9568.487800000003
730395.8545,9868.612300000037
730417.0542,11520.479999999981
730426.1766,20134.989300000016
730459.1605,11402.305300000007
730668.9036,6620.703699999955
730730.8575,40258.09750000003
730931.8323,16890.78509999998
731048.2852,5544.99700000009
731134.4644,11272.639500000048
731229.9219,5609.200799999991
731306.5529,8848.94299999997
731343.2677,4410.079099999974
731429.7554,1440.7179999999935
731525.2758,6068.146999999997
731648.359,40511.3611000001
732155.3884,2924.952200000058
732307.9303,5593.145800000057
732316.8442,6113.224600000074
732326.78,6891.842500000028
732397.6768,10721.854500000016
732566.295,6438.768700000015
732717.1205,6749.75159999996
732778.7375,480.4699000000255
732915.1729,19041.88659999997
733010.9984,10841.383700000006
733483.0281,9880.775000000023
733722.6756,3819.957599999965
734323.8271,11206.407999999938
734815.2037,4642.464099999983
734887.6556,14481.3820000001
735030.2585,28707.653500000015
735182.2606,5785.483899999992
735234.5403,6061.059600000037
735433.1388,13328.04469999997
735815.1453,24115.391100000008
736119.9473,2627.1567000000505
736325.3715,20750.750366666703
736508.4916,14917.273099999991
736925.3959,12699.712999999989
737080.9712,15789.551399999997
737123.7164,6501.520499999984
737159.308,9898.858999999939
737374.0692,15023.101800000062
737823.8283,5518.455300000031
738224.4248,4434.679500000086
738804.6563,10836.305300000007
738814.5612,18802.504799999995
738848.9358,7390.2495000000345
739212.2855,13690.233699999982
739237.5598,0
739276.7016,21286.75040000002
739349.8954,6236.379900000058
739553.18,7679.43060000008
739645.3467,9320.25529999996
739659.4475,15317.744799999986
739783.2475,14328.159100000048
739871.4435,377.6853000000119
739900.4981,7350.558499999926
739955.8067,0
740006.6105,9282.76529999997
740025.3459,1685.7971999999136
740099.5024,23335.488299999968
740412.1035,7845.432900000014
740456.6228,6904.386399999959
740510.9028,0
740527.3531,6574.963199999998
740692.9741,0
740935.1654,28905.871700000018
740955.0672,7974.527500000084
741052.4874,13737.003599999938
741442.9647,0
741563.1518,19103.361999999965
741827.2369,9276.65280000004
741939.4044,8728.78489999997
742200.1517,20957.27370000002
742579.6318,890.0843999999342
742683.3211,8444.844299999997
742688.5523,11493.287000000011
742697.1169,16677.128000000026
742761.012,10092.140699999989
742935.5198,8893.005200000014
742973.5537,10260.901799999992
743116.81,8588.13360000006
743119.7094,1830.3354000000982
743249.0472,0
743277.736,9243.320100000012
743429.4956,9434.159600000014
743769.3847,16335.473800000036
744008.3946,12160.177999999956
744040.0816,9786.569900000002
744273.3328,14283.289899999974
744345.8119,15279.834999999963
744474.767,24784.913100000005
744482.0055,0
744839.2769,9623.323600000003
744996.8334,10277.75
745224.8989,20139.254000000074
745383.574,25642.826899999985
745385.0937,10721.946099999943
745407.4458,16844.070599999977
745502.3384,16220.374399999972
745696.8852,25276.770400000038
745875.1981,8962.242300000042
745901.177,10247.092799999984
745901.4252,17277.016300000018
746045.8972,9293.615800000029
746074.1816,24835.08810000005
746098.8664,8050.153200000059
746120.0422,9909.628499999992
746128.6384,11804.606200000038
746175.7004,26301.146100000013
746280.0033,21941.787099999958
746309.8134,13921.610699999961
746323.2815,9860.209900000016
746365.4695,22335.98840000003
746434.1566,9588.191100000055
746592.0737,18967.554599999916
746611.6135,15257.673199999961
746690.9505,20165.919900000095
746858.9083,6319.044899999979
747090.8905,0
747350.4943,10283.363200000022
747359.4807,4313.506599999964
747365.9767,10552.198800000013
747366.339,7831.396999999997
747503.2968,34712.34680000006
747623.578,9257.006999999983
747645.7161,40366.509899999946
747721.9152,12166.6133333334
747816.8041,10373.894899999956
748006.2932,9803.999899999937
748229.6577,13835.300999999978
748276.3289,11688.351399999927
748639.2913,17721.43260000006
748686.8638,10455.70689999999
748727.8666,4831.783499999903
749106.4019,7281.206700000097
749114.5854,0
749763.4263,8882.792600000044
749786.9968,25023.32189999998
749861.9438,18739.665700000012
749899.0873,8514.851400000043
749980.6476,17669.228100000066
750090.3545,10345.528300000005
750195.1892,8401.122600000002
750208.7839,0
750457.1276,11390.375299999956
750570.5546,9286.542000000016
750787.9002,3321.59169999999
750909.4206,9916.64209999994
751074.7591,3774.6190000000643
751162.4709,0
751489.0059,2182.6705000000075
751513.7359,4680.026599999983
751709.9855,13809.209999999963
751784.5644,15072.423900000053
751799.0541,27765.299199999892
751869.7213,12170.38300000003
751978.4726,11127.854500000016
752252.1658,7569.522200000007
752305.8401,14061.231499999994
752568.6132,6853.418300000019
752939.5209,10868.292499999981
753183.0056,11512.930500000017
753343.1073,14054.484300000011
753600.6464,0
753813.1539,9903.539800000028
753830.4824,25372.96789999993
754649.1086,0
754664.602,5795.193699999945
754696.7583,16202.87109999999
754727.3258,0
754889.5624,0
755054.7705,5970.541899999953
755063.232,16475.128019999946
755139.8426,6956.992699999944
755204.7916,7536.526799999992
755644.5961,0
755787.7886,6336.690699999919
755794.7781,12933.750800000038
755904.271,5651.778799999971
755962.8555,11819.752899999963
756081.5313,18699.37730000005
756203.2949,5277.176099999924
756257.3942,20551.437399999937
756263.2185,26967.649600000004
756424.3517,6103.609300000011
756659.174,5718.743299999973
756875.3337,30636.90209999995
757110.7686,0
757129.0625,7842.508900000015
757151.9137,5853.212200000067
757199.3537,6275.098299999954
757576.9409,19703.892700000084
757658.8198,6090.888100000098
757688.0272,6729.662299999967
757801.2626,0
757950.6386,13289.69750000001
758000.445,17755.543499999912
758163.1901,18561.78859999997
758228.3488,6395.248320000013
758298.6534,8226.722799999989
758373.8553,19442.847300000023
758472.8002,4447.511000000057
758533.3321,6017.691200000001
758744.944,8993.106299999985
758993.1433,14120.722900000052
759755.7668,17593.58939999994
759957.5472,7549.637199999997
760053.1006,10284.835300000035
760139.534,8867.868200000026
760228.1727,11171.245200000005
760451.028,0
760552.8097,7198.525999999954
760672.5547,26513.147400000016
760681.3245,7949.989500000025
760776.7946,0
760858.2217,15280.151100000017
761082.9569,0
761113.0716,6464.27230000007
761133.1597,6281.196799999918
761153.3359,5757.057199999923
761203.1241,19440.682700000005
761372.6298,8301.060500000021
761582.5822,9415.72259999998
761775.5376,30028.199499999988
761790.6459,0
762114.9343,4500.122199999983
762536.1269,25452.49080000003
762578.8265,13757.792724999948
762674.8876,17226.035900000017
762835.699,110.19183333334513
762903.0204,4900.97490000003
762996.8102,5107.8425999999745
763338.6947,5421.3946
763579.3023,10907.011500000022
763593.496,10153.089500000002
763607.6977,733.7985000000335
763948.3394,5577.009200000088
764241.3742,11923.076699999976
764628.0023,22433.792400000035
764662.2396,20637.292299999972
764856.7832,6756.473699999973
765197.0652,15182.072399999946
765306.2689,9599.674400000018
765421.1959,17179.669800000032
765616.4044,26415.248099999968
765779.3316,0
765790.9377,16943.263600000064
765879.5162,6900.266799999983
766022.5851,6389.617333333357
766062.8909,27620.205899999943
766158.4472,0
766363.435,9245.682800000068
766566.4392,4173.645299999975
766693.913,10788.970599999884
766693.9904,6431.106600000057
766803.2689,5166.395000000019
766947.4262,19829.324900000007
766955.098,10754.878599999938
767086.0896,4039.3181999999797
767181.8858,19005.88140000007
767208.338,11121.076899999985
767219.9604,30881.441899999976
768041.4668,0
768132.4968,8754.94869999995
768149.1056,19019.73510000005
768386.5551,8879.202199999942
768524.4154,4144.839200000046
768725.1283,8384.658999999985
769177.8631,6210.179699999979
769284.3219,14392.746199999936
769964.2613,6915.297900000005
769972.9004,14552.772900000098
770088.2702,11908.574200000032
770254.1511,9454.526100000017
770510.1971,3906.1563000000315
771483.7012,7828.656333333347
771494.2261,5372.524099999922
771775.7832,16504.104099999997
771905.6835,11891.232700000051
772184.7903,13123.191200000001
772198.021,19196.566499999957
772207.635,13797.09050000005
772710.3788,13720.060699999915
773124.0697,5692.474199999939
773208.1263,11657.120600000024
773740.6593,16050.259000000078
773949.2594,7145.131500000018
774147.3625,19202.902000000002
774439.464,21208.969099999988
774455.4951,6867.713199999882
774663.8705,15350.314599999925
774962.3608,21259.139399999985
775236.4204,11248.363199999905
775270.2805,14109.361399999936
775355.2673,20262.62989999994
775427.4385,20037.536300000036
775448.7823,11165.541899999953
775549.4357,6363.177400000044
775567.5059,13551.344000000041
775738.7328,7273.079299999983
775825.9185,7269.568599999999
776151.791,18074.889299999923
776224.6937,12716.473499999964
776450.1655,17193.08600000001
776480.9931,10399.902000000002
776589.588,5662.850300000049
776707.9358,6235.8133999999845
776808.2394,10586.861700000009
777119.184,10846.536700000055
777126.5532,9130.404899999965
777247.3838,7117.0457999999635
-----Simulation END-----
