-----Simulation 0-----
172922.4137,0
172997.139,0
173122.3123,0
173141.7899,0
173264.7714,0
173283.9218,0
173415.8551,0
173446.42369999998,0
173472.21659999999,0
173745.79869999998,0
173826.527,0
173859.4254,0
174026.0414,0
174085.817425,0
174336.2725,0
174453.1238,0
174839.64865,0
174944.0062,0
174997.787,0
175003.2878,0
175003.37709999998,0
175154.4624,1113.4795999999915
175173.5736,0
175304.3078,0
175429.8452,0
175441.2096,0
175463.9607,0
175525.5923,0
175547.11383333334,0
175703.5962,0
175727.8684,0
176174.6191,0
176531.9387,0
176579.2392,0
176682.6419,0
176921.2355,0
176940.6645,0
177131.011,0
177389.7366,0
177457.5377,0
177670.3533,0
177787.0167,0
177850.5716,0
177983.0052,0
177988.4483,0
178173.726575,0
178255.4349,902.056099999987
178383.5451,2560.9755000000005
178386.5061,0
178406.9725,0
178709.18170000002,0
179014.4976,0
179112.3016,0
179146.7715,0
179443.3657,0
179737.28830000001,0
179904.31900000002,0
180007.9526,3042.674399999989
180394.5292,0
180527.6858,0
180549.2713,0
180666.1004,0
180832.4445,2098.8307000000204
180845.6148,0
181196.9692,0
181263.5626,0
181489.3465,868.9131000000052
181619.0614,0
181823.7615,0
181978.6885,0
182131.6586,0
182305.6323,0
182660.7157,0
182748.054,0
182781.871,1716.1942000000272
182794.9369,0
182812.3058,0
182850.1055,0
182904.7037,0
182984.8494,0
183136.2281,0
183151.5129,0
183304.0726,0
183315.8951,1241.7797999999893
183365.0057,0
183583.79690000002,0
183821.0135,0
183939.6865,0
184003.7432,0
184249.7059,0
184340.568,0
184402.2671,0
184433.7119,4891.649899999989
184650.202,0
184722.9066,0
184789.45679999999,0
184799.4373,0
185170.6137,0
185426.9941,0
185635.4475,5749.698300000018
185769.0147,0
185792.7608,0
186020.446,0
186047.2274,0
186076.456175,0
186082.7545,0
186220.6095,0
186242.8635,1008.7814000000071
186438.1215,0
186454.8596,2778.570399999997
186812.2995,0
186848.7763,0
186941.5679,0
186965.0223,0
186982.6378,0
187134.6763,0
187339.3511,0
187417.8325,0
187745.3088,0
187871.0295,0
187963.2225,0
188041.6795,0
188059.3071,0
188178.6145,0
188207.1326,2342.146800000017
188214.2118,2914.8312999999907
188238.105,0
188361.43768,0
188471.5939,0
188516.1847,2067.474500000011
188554.6768,0
188608.0113,0
188697.88390000002,0
188749.9766,0
188766.3223,0
188778.6304,0
188924.1535,1592.8170999999857
189105.0627,0
189127.1651,1093.803200000024
189207.098,0
189383.7405,1065.7587000000058
189388.5132,0
189445.14860000001,0
189789.1404,6561.372899999988
189847.7379,0
189951.8709,2304.183400000009
190236.1558,0
190274.9653,0
190788.9242,0
190891.0346,948.174800000008
190985.113,0
191182.0916,5796.64340000003
191223.5728,2650.5898999999918
191380.8294,517.1033999999927
191393.0896,0
191402.4603,4695.745200000005
191789.2293,0
191893.8069,3054.969000000012
192086.7599,0
192140.5749,0
192440.3719,0
192525.1428,0
192608.5718,5590.15790000002
192693.354,30.060399999987567
192830.5216,0
193643.1226,2524.9077000000107
193653.2403,0
193684.1527,0
193705.6181,2368.356300000014
193837.7542,8412.255600000004
194178.7895,1699.4849000000104
194326.4826,3726.7048999999824
194588.278,7373.00059999997
194615.5897,4132.368700000021
194793.78710000002,0
194875.3474,217.1417000000074
194902.4721,0
195066.8402,2625.7678000000014
195183.0815,0
195262.9094,5932.324200000003
195375.2427,3443.5548999999883
195766.4968,0
195775.0774,4631.715700000001
195869.946,5319.874000000011
196979.4704,0
197222.8102,8379.42730000001
197319.5408,5160.353600000002
197361.02539999998,0
197395.5611,4649.878599999996
197472.1987,2817.8896999999997
197496.8558,889.4563999999955
197583.1862,8291.59719999999
197626.0414,8441.109899999981
198014.7251,3352.5967000000237
198025.1807,0
198276.358,5614.433500000014
198373.9502,750.5941999999923
198428.8726,5780.630300000019
198533.5935,7053.946499999991
198542.1787,0
198576.1939,0
198675.9578,4465.481300000014
199655.617,0
199668.0549,6308.835599999991
200060.3406,0
200197.0014,2966.629799999995
200493.9073,8561.760999999999
200878.43180000002,0
200941.2363,6130.56719999999
201003.3381,0
201096.1019,4330.353300000017
201441.2612,0
201541.3377,5261.874899999995
202379.73930000002,0
202624.3442,0
202857.7787,6451.729099999997
202944.8662,0
203106.4271,7752.092700000008
203295.2268,0
203334.968,1171.6926000000094
203413.194,5408.65889999998
203688.8937,0
203747.072,0
203824.4647,0
204013.6808,12685.56760000001
204117.5652,317.8931000000157
204120.3381,5634.123099999997
204130.5565,39.84429999999702
204785.4287,1676.9444999999832
204902.8281,9445.728300000017
205247.2464,0
205440.0654,8213.264399999985
205845.2347,0
206031.6605,0
206096.4307,6980.128700000001
206160.1386,0
206247.179,15179.151100000017
206475.412,0
206541.3286,0
206831.3743,0
206831.7596,2634.3429999999935
206862.0515,0
206881.9457,16838.059100000013
207070.33179999999,0
207124.83475,0
207162.5516,0
207181.44,0
207288.4998,0
207496.8388,0
207717.4545,15745.319300000003
207740.2697,0
207884.72879999998,0
208028.7826,5892.815300000017
208031.6359,0
208116.9606,16470.296899999987
208166.9826,0
208223.8008,15538.04269999999
208249.1833,2801.6791000000085
208441.6374,10963.60130000001
208624.4887,8498.752399999998
208716.8232,5502.412600000011
208718.2372,5456.32269999999
208932.1568,5913.724699999992
209217.5955,12476.450000000012
209258.38079999998,0
209269.98810000002,0
209327.2501,0
209332.5903,0
210066.5912,3155.8793000000005
210228.7248,0
210250.3129,6596.4663
210279.9442,0
210293.29236666666,0
210469.2735,8159.261900000012
210577.6334,413.4759999999951
210928.4843,8998.633700000006
210958.7306,0
211074.6729,0
211339.1875,0
211339.2641,3039.7629000000015
211363.1206,13687.452099999995
211465.33539999998,0
211503.3577,12447.48550000001
211548.43420000002,0
211811.0178,0
211837.0985,0
211840.2827,6320.059000000008
212037.7579,0
212164.3927,0
212221.6432,2140.7395999999717
212242.3738,0
212253.7662,0
212448.9927,0
212765.1982,0
212859.1224,0
213365.4295,0
213587.9575,7688.952499999985
213916.083,3730.580500000011
214033.7354,2565.3440999999875
214315.0015,0
214465.1903,10189.48079999999
214477.4946,449.65540000001783
214495.7643,8969.04700000002
214502.1704,0
214570.5895,7205.63459999999
214812.6689,0
214971.4134,0
215314.8985,4765.420900000026
215375.0397,0
215438.625,1086.2198999999964
215525.5292,4789.408999999985
215732.0415,6467.518799999991
215829.0525,0
216205.2879,0
216246.8746,0
216264.414,0
216376.3086,0
216572.4915,0
216723.5205,4217.220500000025
216759.6141,23.698600000003353
216804.2859,0
216913.9161,1888.1036000000022
216919.6174,0
216996.1838,0
216996.7689,616.3457000000053
217396.2617,13306.75350000002
217414.7176,12900.8131
217503.4174,0
217530.8304,0
217583.3026,0
217735.3997,0
217759.91330000001,0
217838.8856,0
217857.6002,11423.484599999967
217858.9353,0
217932.6002,3780.107799999998
218094.033,0
218095.1477,511.65200000000186
218126.6552,159.04760000001988
218225.5649,1341.809500000003
218383.1773,491.2360000000044
218419.1118,0
218665.2582,0
218718.2237,0
218771.2487,0
218866.1156,0
218976.1459,0
219039.4029,0
219113.4258,62.01469999999972
219313.6296,0
219388.1157,2956.279999999999
219606.6629,0
219672.6723,1075.3074999999953
219695.162,2745.873100000026
219977.9765,458.93919999999343
220533.45750000002,0
220821.4569,0
220865.662,21322.46669999999
220944.6269,13476.271600000007
221299.6372,0
221334.4285,0
221710.823,0
221823.0885,0
221830.1413,3642.375299999985
222069.8946,11597.199200000003
222277.2459,7733.748600000021
222546.3681,0
222591.3691,30.0684000000183
222632.061,3929.718599999993
222695.3043,0
222784.3137,0
223124.2919,0
223224.5569,3839.148499999981
223455.9111,0
223585.84171666668,0
223660.5394,0
224308.4157,0
224355.2655,0
224526.1487,972.0486999999848
224585.5461,3299.3803999999946
224613.4141,0
224629.1977,0
224757.4338,2273.8782000000065
224807.5379,0
224985.86119999998,0
224988.5221,0
225278.7441,0
225534.5302,0
225543.3939,0
225563.8313,2376.87539999999
225584.8651,783.6428000000014
225825.4282,2710.5966999999946
225890.2804,6394.834999999992
226365.3221,5381.57620000001
226406.4357,1119.962200000009
226513.0639,2005.8629000000074
226719.3127,2265.9359000000113
226780.9262,0
226805.015,0
226914.5449,19874.876500000013
227266.4201,0
227341.7935,14733.708799999993
227414.45694,0
227537.5653,3039.8594999999914
227702.4664,0
227961.4437,4144.511999999988
228168.6987,12867.73610000001
228203.3742,5026.658299999981
228242.2738,1446.175499999983
228261.7827,0
228336.5106,0
228968.4685,0
229052.342,0
229057.60820000002,0
229298.1576,9341.518899999995
229871.899,5585.624540000019
229877.8399,0
230251.3476,6175.889200000005
230257.4327,10732.979099999997
230574.751,0
230915.8609,0
231153.96120000002,0
231169.8262,0
231175.4205,0
231236.0856,0
231319.5922,0
231756.8146,15966.413300000015
231764.1038,5507.047300000006
231835.2457,14358.857600000018
231866.4039,11896.726200000005
232074.7784,0
232331.1399,6109.70140000002
232481.21122,0
232869.7261,13744.369800000015
233161.0299,0
233402.4739,1443.6218999999983
233629.3424,0
233703.6574,0
233806.3232,5391.790100000013
233913.496,26624.117900000012
234126.128,156.20720000000438
234380.026975,0
234424.1743,0
234494.47606,0
234561.4476,630.8136000000231
235370.9306,0
235634.347,3565.03363333334
235879.8303,3570.427100000001
236181.1465,0
236488.434,8345.74410000001
236500.2612,6265.123200000002
236609.8819,9578.02430000002
236672.8659,0
236695.4678,0
237029.8215,7032.345499999996
237048.5727,0
237089.4039,0
237262.48963333335,0
237271.1422,4921.723899999983
237308.2727,389.46429999999236
237451.5391,0
237586.476,0
237658.6851,0
237752.9375,0
237871.5436,0
237943.3224,0
238326.609,0
238656.5601,0
238788.1789,0
238865.1159,0
239012.34519999998,0
239058.12459999998,0
239095.2119,0
239152.08299999998,0
239513.7727,9237.276400000002
239804.2072,0
240778.5143,0
240842.6597,0
241022.3261,0
241129.3607,0
241149.0968,0
241263.5674,0
241514.467,0
241706.624,259.78549999999814
241739.36560000002,0
242017.4003,4048.9827000000223
242074.77033333332,0
242251.0857,2677.7072000000044
242478.47950000002,0
242521.8055,0
242721.2889,5600.69160000002
242901.6543,0
243160.6216,0
243380.25699999998,0
243432.8613,0
243747.8779,0
243772.0481,0
243881.6703,0
244152.0773,0
244202.3731,835.2353000000003
244215.0816,0
244228.4481,0
244288.3882,0
244366.3031,0
244586.256,0
244757.5568,4527.789699999994
245010.2365,0
245220.8873,0
245269.2809,0
245462.6782,0
245470.6833,0
245600.5392,0
245715.2942,0
245908.6599,0
245946.5895,0
246113.8896,0
246236.267,0
246294.71006,0
246408.9633,0
246516.6566,0
246573.1961,364.1259999999893
246867.3172,0
246928.451,5750.960599999991
247138.7903,0
247141.0449,0
247220.6638,0
247241.5474,1806.5070000000123
247298.2144,4396.196599999996
247593.63569999998,0
247898.1375,0
248479.5637,0
248546.7845,0
248865.8518,0
248922.0916,611.8716000000131
249134.2984,1779.5835999999836
249447.0657,0
249544.7739,0
249725.1528,6691.292199999996
249957.8327,0
249988.3757,0
250002.8019,0
250057.5985,0
250071.4094,3480.473400000017
250109.8485,0
250149.0812,10803.146600000007
250377.7788,0
250501.9974,10287.391199999984
250630.1637,0
250866.8611,0
250894.8585,0
251199.2124,10112.219199999992
251572.9009,421.12470000001485
251664.1342,74.48510000001988
251757.6742,0
251839.5056,0
251905.8355,0
251948.02182,0
252110.7929,0
252168.5094,0
252398.2628,0
252644.8942,0
252752.6576,0
252798.1287,0
252826.6458,0
253136.7894,0
253194.8518,3739.0609000000113
253676.5483,3416.946800000005
253728.95010000002,0
253852.2776,0
253871.5178,0
253895.3038,0
254441.2426,1719.5861999999906
254610.1613,3271.2143000000215
254670.7177,0
254876.4595,0
255449.9826,0
255452.61849999998,0
255468.9895,0
255589.0222,0
255837.3652,512.8616000000038
255858.5493,0
256018.062,0
256198.0804,0
256347.56949999998,0
256602.1469,0
256739.73930000002,0
256767.2522,0
256826.43420000002,0
256850.64429999999,0
256887.1811,0
256939.6092,0
256951.6941,3781.1337999999814
257150.9096,0
257249.2388,0
257504.7543,3019.094699999987
257713.5508,3616.0657000000065
257768.1415,0
257783.3991,0
257811.4054,0
257826.8247,0
257967.308,0
258079.46899999998,0
258228.43,2317.774399999995
258291.358,0
258433.836,0
258736.9382,0
258845.9765,0
259087.8436,0
259175.084,0
259238.4649,0
259484.6192,1032.5458166666504
259496.4922,8361.837599999999
259786.101,0
259987.7265,122.05319999999483
260105.4883,5422.8272
260234.4452,4289.511899999983
260411.9727,728.1415833333449
260415.5555,4890.945699999982
260456.3451,0
260469.317,4406.65400000001
260595.2842,2961.3803999999946
260636.7758,1623.0531999999948
260698.6534,8312.25940000001
260815.2979,8576.887600000016
260843.8288,15551.563799999974
260950.75569999998,0
261184.1013,0
261187.7704,430.5967000000237
261604.0313,0
261952.352,0
261975.2134,0
262140.2847,0
262339.5638,0
262430.1509,0
262456.3378,0
262487.3017,8076.96650000001
262698.3664,0
262767.4441,5305.64810000002
262767.7835,0
262886.8058,0
262899.305,0
262981.4497,0
263112.4351,272.99099999998
263214.6529,70.04389999998966
263242.8755,0
263311.055,4744.287099999987
263415.8698,3767.9945999999763
263583.1162,10443.843399999983
263614.4423,0
263787.9747,8777.081600000034
263939.1791,221.86469999997644
264168.215,1696.6630250000162
264304.5348,3057.5574000000197
264625.86,13635.568599999999
264650.4834,0
264732.6345,0
264751.8471,909.1974000000046
264780.49439999997,0
265679.2329,0
265758.2204,1274.9941999999573
266028.1482,131.47299999999814
266260.4497,9999.2929
266275.9135,1555.4975000000559
266290.2895,6268.145799999998
266294.1406,0
266295.4565,0
266771.6266,0
266790.2112,196.56729999999516
267008.0733,3089.6273999999976
267559.6682,0
267566.7413,507.0751000000164
267686.8451,907.975599999947
268010.4151,0
268134.4417,1668.1730000000098
268142.8921,0
268289.6381,1183.6696999999695
268341.15,0
268979.1455,15063.586099999986
269872.9956,15680.729300000006
269951.1025,11615.689899999968
270007.674,7376.9151999999885
270298.6865,7350.9774000000325
270441.2114,1991.3775999999489
270470.9654,0
270689.6856,2983.896700000041
270749.2323,3234.5775999999605
270849.6853,9161.638500000001
271012.6444,8707.606233333296
271548.8536,2825.5014000000083
271672.2862,3754.2681999999913
271869.89191666665,0
272031.2053,5337.4832999999635
272283.4316,9341.479999999981
272403.1756,19707.648800000024
272476.1852,0
272720.718,10241.180899999978
272822.7148,17225.758900000015
272901.3305,3873.667599999986
272991.0894,9910.484400000016
273039.1254,0
273198.076,10206.499300000025
273224.9837,5734.140199999965
273275.7015,13736.129800000024
273371.502,0
273410.2462,14980.297900000005
273486.4405,6151.426399999997
273742.6867,6418.785300000047
273761.1772,4509.670199999993
273975.1188,16706.49219999998
274130.7811,11905.271400000027
274183.3329,0
274386.111,0
274403.6981,4692.795699999959
274498.8176,4659.862699999998
274778.6732,9425.627700000012
274804.3164,5762.7270000000135
274864.5581,5156.967400000023
274918.8259,6135.666900000011
274922.4995,11531.970499999996
275032.0639,6408.717899999989
275111.5981,8545.190300000017
275261.4504,0
275273.9754,8134.724899999972
275286.7851,17279.70399999997
275540.2115,4048.8972999999532
275756.4602,20984.516599999974
275864.1768,3703.8910000000033
275906.1816,5145.291599999997
275912.973,4445.381400000013
276381.4801,3266.4576000000234
276499.743,0
276553.2458,9312.959999999963
276562.3702,9601.491399999999
276811.46270000003,0
277233.6556,0
277335.2943,5284.88559999998
277349.0048,4774.0768999999855
277705.8032,13722.344100000046
277785.6571,9822.522999999986
277981.2968,11846.501999999979
278270.7749,0
278290.4883,5139.305900000036
278613.942,9522.95299999998
278725.5732,3417.9724999999744
278803.9266,13286.449699999997
278851.3567,7718.608999999997
279494.9483,6268.073600000003
279663.028,4260.854999999981
279866.3191,4638.08520000003
280150.2418,5764.909700000018
280261.1182,5933.58070000005
280421.1394,8402.492199999979
280567.5893,7311.712699999975
280805.4102,4825.941699999967
281010.0587,16844.197199999995
281469.4689,5515.264299999981
281672.1814,4940.962300000014
281887.3373,0
282030.6723,0
282115.1074,13279.094199999992
282211.7048,11311.06270000001
282282.3325,4219.077099999995
282556.0174,5992.2658999999985
282755.0258,15336.072199999995
282995.9756,12057.481800000009
283019.0549,8992.18160000001
283388.268,0
283533.0884,5291.163700000034
283608.9561,0
283631.8688,17691.872299999988
283654.3696,4951.18809999997
283816.7544,5025.157699999982
284152.2857,10157.656799999997
284310.9446,15843.738699999987
284751.9444,15835.204099999974
284815.9766,4429.198299999989
284959.7329,5873.4473
285039.1507,12245.920900000026
285076.4588,6113.129599999986
285148.315,9160.652799999982
285322.5971,9569.440100000007
285370.483,12260.565500000026
285724.0281,14510.020099999965
285951.6354,11058.310525000037
286000.7395,0
286012.1437,0
286260.667,5533.018299999996
286305.5104,4993.1152
286310.0525,14039.978999999992
286343.844,6357.480599999952
286593.0699,11112.382400000002
286770.161,9925.635500000033
286843.6015,13222.862900000007
286866.0819,5617.501999999979
287089.6497,0
287170.125,11370.8505
287236.6487,5014.223500000022
287264.8817,10634.400900000008
287356.9558,5934.444299999974
287921.3829,4162.88890000002
287944.4891,7039.839399999997
287977.2387,3301.722000000009
288069.707,0
288150.6844,4967.36460000003
288226.8558,0
288625.7074,11766.964500000002
288980.1453,3914.53409999999
289338.1542,4025.346099999966
289402.1381,16533.383499999996
289732.2707,13864.182299999986
290216.0098,17851.4951
290275.469,9271.310399999958
290306.3649,21724.199399999983
290349.4941,9390.259300000034
290621.339,6012.2347999999765
290932.283,0
291034.1482,8330.617700000003
291222.2466,0
291322.8977,12359.301399999997
291350.2472,7476.373199999973
291966.5892,5367.363199999963
292769.3821,4396.034400000004
292860.4095,0
292902.2798,16343.405700000003
292947.9407,2114.876499999955
293025.8566,5982.766899999988
293075.2693,7478.799300000013
293275.9798,23951.972499999974
293402.6226,443.2827999999863
293476.4749,1641.594299999997
293751.0112,6019.813400000043
294028.5222,4523.964900000021
294148.7556,23920.54430000001
294182.3147,4793.339800000016
294764.884,6960.330300000031
294992.5875,13921.185500000021
295157.4363,18290.705000000016
295568.5723,6612.365600000019
295638.1975,15186.84480000002
295713.1148,10556.402599999972
295826.6427,9296.117600000056
295844.0444,7403.277500000026
295935.5866,9299.714799999958
295940.0954,5993.811999999976
296160.093,13387.620200000005
296489.5909,25032.53470000002
296682.5974,6631.44226000004
296842.2533,10776.749399999972
297352.4331,11289.714299999992
297562.4006,5948.847899999993
297572.2022,6314.580499999982
297751.0332,39182.92910000001
297874.5743,6044.286399999983
298305.9598,21943.6042
298601.6096,25294.92530000006
298644.776,10847.6434
298687.628,12325.038300000015
298914.3955,7814.339600000007
298928.9491,23859.064700000046
298980.9546,13454.440899999987
299395.1546,13202.739700000035
299436.7103,8724.182299999986
299616.107,15933.870600000024
299655.9167,17673.115700000024
299782.64,11184.351800000004
299864.4934,20900.17709999997
299891.0004,14082.007600000012
299981.9992,12211.800700000022
300016.9795,10597.174300000013
300059.2785,8615.450000000012
300126.6326,0
300134.8347,13670.953199999989
300239.7694,7853.330100000021
300441.3398,8610.279600000009
300574.8384,20135.89069999999
300731.5713,8133.233700000041
301122.1501,7904.454300000041
301281.0145,8541.430899999978
301364.5874,8689.326300000015
301410.6571,7776.647500000021
301591.2862,2370.163100000005
302362.1869,0
302465.4557,10601.747499999998
302567.1027,15704.469899999967
302598.1367,4835.427800000005
302755.8812,8236.89585999999
302970.354,9014.27529999998
303187.6146,13433.222899999993
303365.5838,20888.324699999997
304141.5617,0
304166.9607,15253.379000000015
304291.7902,17009.573999999964
304304.7002,9136.466799999995
304553.7935,11340.641700000037
305201.7208,14154.123599999992
305255.1474,15595.093300000008
305408.3776,13265.670900000026
305443.594,27968.1238
305567.56200000003,0
305621.6292,12996.5
305656.5274,10202.672699999996
305858.4812,20285.405899999954
306037.0978,9657.8897
306119.8432,0
306263.8228,15923.303166666708
306501.7574,17985.996600000013
306550.8933,11950.965199999977
306731.9358,13091.568599999999
306846.246,0
306852.984,10146.694000000018
306875.8994,17228.89399999997
307098.1093,15532.36050000001
307501.6355,12583.708199999994
307975.6266,9588.092800000042
308006.1237,28217.612800000003
308066.1793,11947.595900000015
308125.398,9283.872899999958
308221.8029,16837.67240000004
308245.3124,10731.3848
308453.4375,11467.847899999993
308739.2619,11651.049999999988
308896.6517,16392.509699999995
308902.9254,0
308926.1266,14424.982900000003
309029.7098,12699.192700000014
309267.4028,20365.460099999967
309473.1742,10460.064200000023
309593.0472,15134.908499999961
309644.2058,9930.538899999985
309666.1359,0
309692.3546,0
309730.7014,14334.127300000051
309788.1578,16319.473100000003
309789.2949,6815.088199999998
309990.4091,0
310263.0432,11334.317500000005
310271.8358,18415.3554
310346.2781,13098.53019999998
310659.5573,0
310903.4858,9695.884900000005
311343.1918,21076.060599999968
311449.65,24333.44610000006
311471.8496,15450.74410000001
311749.1608,0
311750.602,8996.045199999993
311925.375,0
312075.9663,16799.521299999964
312163.2796,9376.627900000021
312357.1971,12569.714600000007
312665.9921,11560.669799999974
313012.6812,11972.344700000016
313065.7633,20659.233699999982
313187.618,13830.59970000002
313206.8441,23280.456399999966
313244.5632,9447.204499999993
313425.6766,11395.438699999999
313634.9465,17909.332900000038
313746.3922,0
313820.0597,9480.015899999999
313837.1418,0
314060.1333,15974.127199999988
314090.8744,12289.177799999947
314097.1485,3538.7513000000035
314345.6017,21514.84639999998
314400.113,15877.974199999997
314466.6343,14303.513699999952
314490.205,12130.217800000042
315029.023,9414.640199999965
315370.0411,0
315488.3393,9329.748499999987
315794.1322,14759.69829999999
315863.316,19296.623699999996
315876.6808,21896.827300000004
316019.6106,19419.081400000025
316147.1009,20223.38750000001
316255.9402,20516.180866666662
316288.8596,13845.917200000025
316461.1497,10295.001300000004
316469.7842,0
316479.5789,0
316545.2093,16132.466799999995
316632.079,9336.533975000028
316956.5115,12540.800366666692
317074.9907,0
317225.955,0
317235.4507,22214.12969999999
317443.8942,11662.414999999979
317674.3407,0
317757.5774,9148.355900000024
317847.938,9962.661100000027
317862.0923,7818.457300000009
317883.8322,8037.3273000000045
317885.9122,2555.477600000042
317886.6401,11678.1299
317943.5586,11754.583500000008
317996.9919,11865.642600000021
318114.6256,16709.64970000001
318206.621,18915.222499999974
318292.6436,12000.201500000025
318350.8957,14119.513800000015
318465.1318,0
318467.7492,25576.84540000005
318678.9203,10067.44630000001
318714.4318,0
318841.8258,18412.43400000001
318907.6655,10481.232599999988
319055.6651,15493.398599999957
319122.5423,0
319144.5622,6502.362499999988
319373.7162,16838.314899999998
319381.9301,7913.53879999998
319397.2636,9424.684000000008
319436.5775,7165.50820000004
319687.0242,9429.86619999999
319708.4178,5897.966933333315
319818.9563,0
320056.9744,10171.774800000014
320216.8384,9611.842400000023
320221.0691,15509.866200000048
320331.829,9617.299600000028
320474.9531,5906.281299999973
320550.9377,24302.24470000004
320857.6754,3541.869699999981
321112.3964,10336.245800000033
321212.5456,8910.102000000014
321236.2101,5891.954900000012
321340.3212,30514.872659999994
321399.0695,6781.0375999999815
321440.30700000003,0
321491.3984,4865.454199999978
321653.9975,6199.2184000000125
321778.8727,6286.510899999994
321930.859,17854.1789
321947.8991,0
322953.3142,0
323163.735,3698.685899999982
323407.283,0
323465.3147,30735.969999999972
323470.2448,3970.5186000000103
323544.0543,2907.774700000009
323633.1745,3408.94100000005
323879.7514,10418.114899999986
324106.5424,10197.051999999967
324142.4901,10147.80800000002
324145.8225,34467.76930000004
324173.9259,5085.512099999993
324289.4193,7137.283400000015
324373.7828,16907.9608
324452.5293,19247.281599999988
324495.9072,21621.376500000013
324592.9466,0
324813.184,29719.24859999999
324985.2665,1337.452500000014
325052.6666,6113.0395000000135
325394.0621,0
325425.4902,17804.346299999976
325702.6887,4143.269299999985
325712.9287,2517.278099999996
325773.30460000003,0
325801.4133,14358.476100000029
325990.122,4220.9522
326022.0118,3308.3042999999598
326089.2237,12695.81289999996
326483.2354,0
326579.9529,2202.7466999999597
326804.8614,31944.548899999994
326860.6822,22320.242900000012
326872.9952,0
327095.5214,924.0670000000391
327285.1746,0
327474.9991,5922.882199999993
327698.7679,1181.334600000002
327947.7938,441.9054999999935
328433.2509,4353.1329999999725
328569.1747,0
328577.4613,17750.586900000053
328814.9395,681.4361999999965
328835.319,19227.970300000045
329003.2543,13228.336299999966
329075.4755,1652.708900000027
329178.0617,14850.374800000049
329347.3953,14648.485799999966
329463.0301,1003.6838999999454
329515.0556,13733.300600000017
329577.4651,18023.636899999983
329609.7168,9.823900000017602
329738.1322,1239.066679999989
329819.2154,31949.6299
329833.6448,0
330142.5054,13208.46980000002
330364.6917,10113.657400000026
330459.9073,5505.406400000036
330544.8153,0
330655.1146,0
330845.4394,26122.1458
330946.32,0
331043.3787,3635.9942000000156
331143.6758,2353.166600000055
331243.5659,10627.305099999998
331498.3798,7696.047399999981
331651.6095,10505.557499999995
331846.5293,24575.041499999992
331986.4313,10207.381200000003
332472.4854,0
332496.7389,0
332560.527,1232.8877000000211
332719.6978,0
332764.8367,15021.188199999975
332797.6538,0
332902.9608,29945.833500000008
333363.9678,0
333642.0042,5927.629800000053
333790.1299,0
333846.2992,6819.317099999986
334356.8643,4988.635650000011
334413.613,15422.799100000004
334489.2329,5.844900000025518
334645.8475,8598.247299999988
334759.3047,6284.101999999955
334952.9832,0
334983.409,0
335020.145,5393.3453000000445
335154.7755,5881.559299999964
335164.2179,25267.607900000003
335247.0032,0
335388.175,18393.285600000003
335588.5953,1938.425099999993
335716.5994,5880.779000000039
335743.5393,37956.22489999997
335867.1581,0
335948.6967,0
336107.4285,1637.8364999999758
336134.1364,2743.334499999997
336159.6006,6970.626099999994
336179.1346,0
336526.2117,1074.265000000014
336577.724,0
336691.4187,909.2530999999726
336830.9407,3221.043000000005
337212.5149,36294.24609999999
337256.2936,11510.47649999999
337413.9742,0
337807.5436,0
337945.1092,9505.940400000021
338037.6761,0
338053.43319999997,0
338128.6737,2623.6327000000165
338266.7545,0
338312.9768,2342.723400000017
338374.4776,0
338407.1386,6158.391200000013
338658.8164,5143.697600000014
338809.8291,0
338912.1701,0
339102.03,0
339325.2028,447.2997000000323
339536.936,13015.862800000003
339732.2844,6584.331799999985
339961.588,9408.845299999986
340078.4177,7101.684200000018
340164.1045,6914.274600000004
340233.5415,1518.2213999999803
340243.8358,894.5372000000207
340558.5265,18481.206999999995
340737.45,7018.184500000032
340866.5165,14138.626400000008
340917.6969,6540.378599999996
341058.7301,0
341349.5266,11291.981700000004
341356.3701,0
341388.0075,0
341392.2189,0
341445.3175,7329.346299999976
341503.1118,0
341680.2052,544.9891000000061
341947.4478,0
341958.7946,1677.3978000000352
342207.7095,7459.453700000013
342237.9948,2554.7108000000007
342417.8596,0
342575.4676,15189.690499999968
342815.0324,1146.3227000000188
343284.1881,326.438700000057
343301.5044,5965.574699999997
343452.4495,110.0559999999823
343527.3622,7983.254499999981
343579.36,6462.409299999999
343881.3495,2525.10070000001
343936.6252,0
343941.5904,18601.74186666665
343950.0522,15547.354399999953
343997.5142,450.0877999999793
344017.407,1943.6124999999884
344210.725,0
344399.3272,3246.808799999999
344553.5831,0
344681.407,0
345094.8141,9240.938900000008
345195.3619,4242.39360000001
345349.3719,132.7620000000461
345362.2314,2374.0049
345495.762,0
345732.5522,0
345864.0516,8370.931500000006
345865.1023,8073.8902000000235
346180.677,5797.547600000049
346201.6966,4017.9253000000026
346391.4527,430.41049999999814
346525.459,11203.311199999996
346631.2016,756.8491999999969
346782.1287,9173.112299999979
346783.4037,10634.416900000011
346786.0137,15618.405299999984
346836.4922,7909.651099999959
347217.2449,0
347277.3819,0
347321.5162,337.72509999998147
347459.7422,21598.272200000007
347698.5421,1516.3894000000437
347805.8431,0
347883.5205,2675.253700000001
348082.3804,11852.233800000045
348086.83212,0
348348.8995,0
348622.111,2317.054999999993
348670.61950000003,0
348753.2066,7694.224400000006
348868.1628,1345.3301999999676
349155.1382,1857.88539999997
349917.3428,14009.507400000002
350017.7195,0
350167.8296,2811.7981000000145
350213.2029,1904.1087999999872
350553.3115,0
350582.6238,7770.559300000023
350775.1494,0
351048.5025,8826.52039999998
351050.0283,8171.901599999983
351113.0292,2199.7609999999986
351442.864,21092.14770000003
351517.8626,11827.986499999999
351632.3246,0
351686.2645,6361.036499999987
351766.4007,0
351940.9649,17134.15419999999
352109.4932,3245.4167000000016
352292.5545,7790.522500000021
352349.5474,4034.7924999999814
352592.5663,4708.293300000019
352598.9804,4272.261599999969
352927.528,5217.5773000000045
353348.8205,14718.864199999953
353426.1953,11247.964000000036
353698.6566,6867.388500000001
353711.0372,4318.4781000000075
354238.489,3171.708900000027
354242.3529,5347.894299999985
354258.9971,4795.056099999987
354451.6905,303.97360000002664
354461.4747,8229.425500000012
354480.3104,1917.3768000000273
354645.593,6750.936300000001
354757.4334,8417.59229999996
354929.5338,1507.6443999999901
354977.8868,0
354981.995,8462.647699999972
355078.42,5080.406900000002
355096.1947,3097.393700000015
355100.1826,1575.6650999999838
355473.9094,3470.121700000018
355811.2974,8258.012199999997
355841.1641,13072.868680000014
356231.455,13418.54800000001
356307.0144,4367.900800000003
356650.5307,4070.951300000015
356684.1714,3612.5321000000113
356778.0516,3692.2513000000035
357156.3586,3021.009299999976
357511.325,17180.78759999998
358188.0021,2582.637633333332
358203.9511,11087.405100000033
358205.7748,6819.131099999999
358208.8232,2925.2153999999864
358470.3624,2842.869699999981
358535.5764,14036.240099999995
358686.0847,3680.1145333333407
358721.1469,7544.811500000011
358996.377,4236.693099999975
359042.8113,4302.803899999999
359737.7303,0
359788.3309,6365.871600000013
359934.8154,3870.1342000000295
360091.1679,17373.324200000032
360324.2957,11435.631799999974
360606.6604,3923.7259000000195
360627.1179,11447.575899999996
360675.9675,14263.660900000017
361107.9364,20312.646999999997
361311.6882,4827.744099999953
361327.1203,2881.198700000008
361405.8451,14266.915699999954
361571.1774,6865.407100000011
361831.6434,7320.646799999988
361989.0198,14744.529700000014
361991.5402,6726.319299999974
362195.1666,2806.8957999999984
362531.503,8986.111000000034
362855.5653,3335.3666000000085
363243.4279,8130.591300000029
363459.167,5716.806600000011
363475.6047,12724.631600000022
363591.918,13095.663100000005
363626.689,10928.549999999988
363840.8029,4583.810999999987
364203.0292,18640.263600000006
364386.9892,4313.0152000000235
364422.0013,4381.259199999971
364482.5908,7044.504399999976
364555.7163,10408.113299999968
365133.0959,5677.839600000007
365156.5645,6079.780299999984
365276.1226,9961.731700000004
365410.2702,19769.886800000037
365430.0412,4737.91399999999
365794.7314,3918.2665999999736
365932.1426,5631.762500000012
366853.1924,6865.775699999998
366878.4123,17256.776200000022
367076.2577,8967.355299999996
367526.6438,9218.362800000003
367609.9872,22493.062399999937
368080.7396,6051.144099999976
368195.376,23069.295600000012
368369.4699,8570.339500000002
368669.9859,13135.354900000035
369032.8452,12820.6066
369224.9325,13591.806299999997
369257.808,10781.739583333372
369429.8185,7026.20769999997
369500.0243,14584.109699999972
369783.2724,0
369809.2504,6239.654600000009
369831.3806,30447.253199999977
369834.8032,6973.957300000009
370185.5659,11492.049899999984
370314.5525,14576.993699999992
370575.9753,13996.083400000003
370712.7415,8757.900200000033
370997.6714,21261.981700000004
371063.0011,8028.403899999976
371219.1053,12602.07130000001
371522.9978,9240.672900000005
371556.9622,11560.45140000002
371695.1412,12329.755700000038
371788.4774,13925.147899999982
371810.2468,10264.149000000034
372155.6776,6730.568599999999
372407.9797,8436.634600000049
372408.3993,8113.1879999999655
372473.1876,21388.92100000003
372745.4568,8048.517499999958
372891.4927,8347.649900000019
372895.1665,15744.12949999998
372903.2579,7482.94650000002
373025.3731,9092.91340000002
373122.9634,9041.078199999989
373172.9369,7093.420899999968
373404.4446,12095.064199999964
373433.5184,13552.810799999977
373813.5007,11650.156299999973
373815.2056,8283.64049999998
374143.4533,17166.592999999993
374259.2233,6925.967400000023
374662.4564,8734.075200000021
374691.2356,5124.834100000036
374706.2312,16572.84839999996
375008.467,6643.344700000016
375292.5026,7303.41320000001
375860.9158,6508.835800000001
375895.7713,12157.857266666717
375897.2673,7442.794700000028
375949.4303,11729.919500000018
376148.7963,15241.409999999974
376227.6696,6998.869800000044
376428.5363,14054.151466666663
376491.6391,7220.71749999997
377066.3553,19359.51000000001
377104.1223,5276.69650000002
377560.9407,10141.845999999961
377901.5434,6501.486600000004
378218.9231,9770.062099999981
378248.0257,10701.06680000003
378282.2595,6905.486600000004
378466.128,10852.145600000047
378634.481,6258.930300000007
378709.9395,7553.550799999968
378948.4838,13968.038899999985
378949.8749,7643.76059999998
379628.1622,17888.06880000001
379754.2352,15450.073574999988
380397.0991,7754.1348
380499.0326,24052.37559999997
380697.9056,7288.46040000004
380820.7019,7611.941899999976
380981.2921,18363.586100000015
381062.3124,14561.212
381105.6438,7207.778099999996
381173.5616,11300.665900000022
381371.1114,15760.091199999966
381574.6387,6038.526200000022
381636.5644,20444.872199999983
381804.0108,2261.690799999982
381852.0664,18217.967999999993
381857.1654,12191.501939999987
381952.7626,16844.603500000027
382346.0928,22641.740300000005
382350.9807,4730.688499999989
382407.6311,17659.602399999974
382446.8611,6511.420599999954
382641.4385,6876.301259999978
382768.9712,21229.42080000002
383077.6046,7074.391899999988
383344.6091,17784.431700000016
383368.3459,13910.938699999999
383517.0801,5343.201133333379
383791.5593,17155.786000000022
384029.0518,873.8413000000292
384166.419,21205.11089999997
384403.5727,9554.662500000035
384588.1712,10050.8603
384616.1338,22530.532799999986
385008.4314,33276.21240000002
385035.2109,22683.494200000016
385117.4851,8983.979500000016
385132.251,17556.575899999996
385206.1571,10588.2733
385250.8137,5484.14519999997
385277.9103,30336.44279999996
385471.0372,1758.0144000000437
385714.4789,10528.044799999974
385807.5613,28760.37929999997
386308.609,15782.953800000018
386440.3111,18424.110799999966
386446.9753,8851.759699999995
386490.6485,0
386594.227,10481.414800000028
386647.1506,14554.642500000016
386722.8708,7705.578574999992
387112.5341,2890.150659999985
387127.2671,16204.925700000022
387295.1811,6792.232699999993
387394.3256,12751.420699999959
387683.4628,11591.16929999995
388059.8092,23629.247900000017
388095.6196,13041.992199999979
388120.2801,10272.062999999966
388175.7444,11631.544000000053
388334.134,15480.568700000003
388396.1149,9907.604899999977
388396.3301,6902.48940000002
388470.984,8840.512799999968
388540.1899,18649.435899999982
388876.42,8260.989599999972
389001.3385,7861.950000000012
389380.0903,15611.937199999986
389680.8317,11462.555799999973
390266.6074,6288.891499999969
390375.1843,3010.231599999999
390565.4406,14745.386599999969
390886.8064,8697.261599999969
390994.2617,7256.805799999973
391080.3789,8718.112300000037
391085.3789,4507.60129999998
391192.8862,11194.31210000004
391219.9314,10179.673499999975
391315.1943,7211.07289999997
391594.939,26383.6164
391768.0183,17869.026100000017
391995.4492,5494.364499999967
392094.8972,22027.79600000003
392207.4331,16752.05150000006
392220.7566,8822.508600000001
392280.9405,9250.164400000009
392331.9608,17732.974999999977
392506.4,21919.59720000002
392731.2976,8827.356499999994
392846.7349,0
392869.4066,8749.381300000008
393098.5654,29994.021899999992
393204.0358,16058.743300000031
393325.1227,14324.135500000033
393376.2549,6777.424700000032
393377.4443,30462.614199999953
393399.2495,6612.193499999994
393507.8822,28596.576699999976
394253.6584,7606.5652199999895
394400.7697,11429.553200000024
394413.9524,9637.107900000003
394766.3783,32119.91559999995
395029.8698,15570.873699999996
395232.7168,5655.197500000009
395382.3747,6172.010000000009
396118.7813,8620.929699999979
396186.1298,9535.935899999982
396219.0964,6681.463300000003
396260.4258,19063.197800000024
396608.1828,10203.981900000013
396792.5458,15757.130300000019
396856.7579,1629.6353000000236
397023.4019,9527.377199999988
397156.235,6736.372499999998
397188.6813,16688.71299999999
397215.2079,12204.941899999976
397456.8735,10318.398799999966
397586.5797,13007.457799999975
397816.8422,7426.05812500004
397838.0658,31355.234799999977
397964.8668,15994.614899999986
398126.0495,18218.4007
398152.7939,10265.06329999998
398168.2842,10900.472999999998
398270.6412,10026.106800000009
398532.3215,10797.4522
398538.0759,21870.701100000006
398595.4878,30040.191899999976
398707.575,11024.10519999999
398856.9211,19233.267300000007
399260.1138,9123.378800000006
399429.083,10922.233550000004
399637.0103,10990.141300000018
399648.3077,11064.709299999988
399752.2439,11142.236199999985
399786.7548,11685.686199999996
399837.9229,15749.310100000002
399876.9773,1624.0384000000195
399973.6545,6512.0148000000045
400214.0941,12744.798100000015
400400.6844,28050.998300000036
400511.589,12249.522899999982
400725.5999,16788.227199999965
400779.1208,12490.837299999956
400865.2434,4512.742399999988
401058.4646,39918.995200000005
401132.2811,20406.995200000005
401217.1881,31787.701
401272.4797,11799.86070000002
401492.1743,13849.53740000003
401615.8775,21744.109600000025
401762.8604,12392.801199999987
401811.3824,39320.63650000002
401830.1952,24564.721699999995
401897.9072,22073.972100000014
401986.3634,11326.40009999997
402299.1233,11541.934599999979
402394.3713,10321.616399999999
402905.6878,12685.236600000004
403106.7527,29242.45730000001
403205.5741,10472.749900000053
403459.9972,32783.789899999974
403464.4878,5395.7033999999985
403469.3329,4537.589099999983
404133.6743,3332.0297000000137
404348.2479,14497.403900000034
404415.6448,19983.89400000003
404835.5984,10762.515000000014
404907.4853,17276.156400000036
404926.259,7355.6720000000205
404930.2686,16723.781400000036
404944.8923,26730.886100000003
405037.1753,8909.015000000014
405214.001,29652.164700000023
405214.1987,9973.256999999983
405425.6213,19320.180999999982
405678.823,15725.499499999976
406025.5201,4355.311459999997
406052.7092,10713.738199999963
406143.9894,12971.611000000034
406446.8927,19454.275700000057
406473.2766,10183.695100000012
406707.4427,13752.284199999995
406733.7858,12072.550400000007
406734.8384,16547.243400000036
406927.6044,20689.187600000005
406963.3355,0
406980.2573,9940.434799999988
407103.185,9786.828199999989
407196.0153,11862.78250000003
407842.1577,41566.11089999997
408051.3755,12757.330400000035
408189.1208,18863.275399999984
408238.5482,10407.199100000027
408677.9052,17466.066699999967
408697.3178,20092.41107500001
408702.4434,8577.403500000015
408827.825,1705.1770000000251
409051.8127,15549.882500000007
409191.5699,9313.510899999994
409214.819,25551.785600000003
409388.6344,18320.903099999996
409397.697,9324.745799999975
409499.1684,17511.819400000037
409546.5737,17792.038899999985
409601.234,10913.07309999998
409875.648,7266.074499999988
409986.3372,8240.09533333336
409990.0488,0
410008.6185,19269.8419
410191.332,23133.542799999996
410202.8421,16564.4914
410526.5657,8500.917099999962
410560.4485,18674.546199999982
410776.849,7317.659999999974
410840.32,8568.368000000017
410868.5228,9933.448700000008
410933.4628,5356.72729999997
410959.2764,4945.041899999953
411004.8974,4765.033700000029
411030.8324,19798.320200000016
411044.3764,24854.891200000013
411076.828,18621.421099999978
411081.3403,26440.607299999974
411155.3691,6031.520000000019
411217.0614,27667.763000000035
411403.9324,11483.127600000007
411462.9217,10300.600399999996
411497.2622,4573.652599999972
411730.4597,29441.075300000026
411737.2505,8739.862500000047
411982.0782,4125.468499999959
412154.2916,5765.6086999999825
412316.6591,4206.726399999985
412453.4646,17157.717600000033
413021.0055,17427.49859999999
413114.0678,16033.254000000015
413272.9155,6676.847599999979
413311.8948,5511.328199999989
413353.2009,11842.09249999997
413411.3379,15862.021400000027
413423.8004,7094.987200000032
413513.1793,6230.161300000036
413616.902,12257.216200000024
413618.4244,5410.346300000034
414036.3222,14982.673699999985
414073.9875,26201.51740000001
414152.9115,5324.1258999999845
414916.5954,5900.863699999987
415026.1933,16816.964800000016
415066.0075,8033.125500000024
415166.3312,8586.488500000036
415273.8514,5332.924599999969
415769.3042,8544.719299999997
415910.2314,6678.182900000014
415918.8974,38191.999300000025
415974.6726,22864.342000000004
416246.6856,3658.1712000000407
416634.7819,3925.7887999999803
416698.4564,106.7738000000245
417710.8121,7117.985499999952
417879.5084,6598.559899999993
418092.922,20436.77390000003
418248.3673,29315.880799999984
418266.8591,4137.661900000006
418318.6612,21369.008599999943
418537.984,7229.512300000002
418578.5759,38889.197199999995
418687.9133,6864.882333333371
418840.7541,0
419253.4553,3213.4888999999966
419335.3357,14346.382199999993
419630.1265,4258.072600000014
419695.2327,6157.407899999991
419728.106,10127.818500000052
419780.8333,22371.08269999997
419877.0986,6272.579800000007
419929.6503,10249.252099999983
420111.167,9872.21120000002
420220.8165,1478.5302000000374
420455.2761,12284.896400000027
421093.9156,5921.478000000003
421423.4613,12422.225000000035
421532.6073,6050.410799999954
421625.9817,6101.161900000006
421732.3314,0
422234.1272,18145.06329999998
422554.195,34460.31459999998
422584.2675,5739.894300000044
422592.9459,14097.524600000004
422720.2811,5126.907999999996
422872.578,5729.746500000008
423111.7026,19642.80580000003
423310.2972,13609.384999999951
423502.273,17123.10579999996
423664.0258,6034.4366000000155
423765.7359,7600.654700000014
423910.8639,9608.083299999998
423966.7061,6561.658100000001
424311.7581,5155.232900000003
424577.7921,16139.267900000035
424646.4206,15615.865800000029
424678.7709,16642.816500000015
424847.8241,8643.731800000009
425022.4133,33609.6986
425072.8817,11088.940900000045
425120.5222,5260.909800000023
425249.6955,7253.6868999999715
425460.1341,8743.122000000032
425512.148,7255.2497999999905
425667.3223,20926.978200000012
425713.738,9093.970100000035
425897.9093,15079.827099999995
426101.8415,9144.588999999978
426352.091,6976.977200000023
426627.1021,7104.779600000009
426782.0867,19677.175199999998
427026.4073,7405.679000000004
427070.6691,11170.40499999997
427101.6519,6816.278699999966
427146.8836,5472.488300000026
427627.6537,6618.594299999997
427631.8739,17026.858600000036
427762.044,7673.5638000000035
427786.5424,9259.729999999981
427852.0761,9627.737800000003
428398.7202,20661.67339999997
428426.1123,26595.18299999996
428632.1351,13126.23000000004
429429.2605,8039.388899999962
429605.0057,11747.978799999983
429876.0097,20092.62949999998
430086.8211,9465.436999999976
430249.0288,8598.774599999946
430257.0313,11029.954199999978
430307.9137,12668.671299999987
430329.327,6736.739699999976
430556.1536,16245.427599999995
430624.5835,10484.973200000008
430811.2402,6767.174100000004
430871.2224,7293.215733333374
430883.9775,7748.557700000005
430974.3705,8530.496400000004
430975.3815,32692.58050000004
430980.8247,11991.868599999987
431152.575,8134.981000000029
431408.481,18700.229700000025
432196.3094,19059.68590000004
432443.0032,10969.340799999947
432555.5698,6286.549100000004
432877.2997,10161.089299999992
432886.6895,8242.986700000009
433059.9241,6291.5072999999975
433114.207,16522.26270000002
433870.8576,9885.129799999995
434193.1934,10353.680899999978
434232.4093,9421.130249999987
434312.9405,13354.351800000004
434483.2078,6690.33349999995
434689.1786,10129.2108
434749.844,8121.2190999999875
434778.8279,6872.643699999957
434848.0344,9925.341799999995
434946.8892,10342.517899999977
435256.9836,8237.128800000006
435432.773,6718.135999999999
435477.9542,18515.268499999947
435925.9754,8113.646399999969
436130.7915,6738.021299999964
436199.5242,10855.929200000013
436269.3584,12985.167000000016
436635.5918,11351.397999999986
436776.4931,9809.001900000032
436817.1767,27944.805899999978
436902.5146,7945.828899999964
437381.6567,11951.65399999998
438026.9165,6885.029600000009
438100.6062,9780.666299999983
438291.1564,14111.542399999977
438299.6093,11364.913300000015
438574.7754,19820.21609999996
438631.7502,19167.487100000028
438908.3864,13321.652300000016
439096.0653,36592.44709999999
439118.7388,0
439134.2414,16480.9718
439150.1765,19498.042200000025
439459.2163,9657.892499999958
439701.5348,9948.766700000037
439727.8918,30967.235400000005
440558.5934,0
440601.6455,16807.073600000003
440901.059,10356.892600000021
441102.2693,34792.67289999995
441144.5452,18333.555799999973
441261.4712,9349.568599999999
441441.0592,12935.578900000022
441471.8731,9912.493100000022
441489.5961,17372.773400000005
441490.3344,10213.921199999982
441763.6038,10891.249699999986
442081.189,12588.245540000033
442381.1806,10830.093500000017
442669.713,17219.766899999988
443099.7495,9410.624499999976
443309.2122,10186.384499999986
443474.0986,40082.87440000003
443548.5642,21722.909400000004
443602.048,24124.274199999985
443834.6011,10860.656100000022
443869.073,14236.353599999973
443930.3227,12972.275000000023
443939.9305,9524.197800000024
443978.2793,10718.064699999988
444221.1349,13120.93670000002
444359.7583,13410.741099999985
444511.4694,10645.165800000017
444587.3517,12889.716299999971
445071.2162,20940.645800000057
445241.786,26316.95942000003
445761.1949,11865.538899999985
445974.7074,12896.043700000038
446093.9855,12655.104500000016
446102.6279,14315.219400000002
446289.9418,19359.028399999952
446658.6703,9938.507299999997
447164.1542,9804.153699999966
447173.9411,10404.74040000001
447179.4784,11348.901700000046
447268.6639,15721.991699999955
447428.4129,12130.7218
447860.2914,12422.368399999978
448111.7866,10980.843600000022
448123.1667,13000.72100000002
448418.1806,12000.893700000015
448428.2477,14067.973700000031
448589.0809,11070.760100000014
448702.9542,27981.132799999963
448762.3484,14372.618900000001
448906.0914,21883.88759999996
448914.4104,10644.245400000014
449149.1761,14752.070199999958
449295.0858,26491.70889999997
449347.9568,10853.410299999989
449466.9168,0
449551.2955,21330.88679999998
450069.1469,11992.267500000016
450136.175,16540.950399999972
450189.9744,20277.613500000036
450228.1556,19775.64809999999
450566.1032,17826.930900000036
450862.3153,16985.42830000003
450968.3507,22331.860199999996
451150.7996,28074.45940000005
451587.9255,14190.389200000034
451634.5563,24622.091599999985
451691.2887,23969.01999999996
451701.9033,11257.032600000035
451974.2986,20608.60183333332
452087.7922,13668.01820000005
452122.9969,16524.89440000005
452170.8754,13307.625600000028
452517.3025,13876.32309999998
452733.0867,21866.818099999975
453448.943,12299.304600000032
453562.7178,15228.570599999977
453637.9228,18726.38050000003
453877.7674,29245.872600000002
453881.7576,19950.733699999982
454783.848,14891.405800000008
454859.2051,12994.049600000028
454886.9361,13224.532100000011
455228.778,14820.622499999998
455268.903,14970.526000000013
455319.059,18335.636400000018
455326.7157,16641.145100000023
455527.546,13017.236799999955
455537.3065,9787.819200000027
455613.6705,23269.020200000028
455756.2359,12457.95060000004
455788.1316,16961.07500000001
455790.898,24560.087499999965
455921.2137,24731.183500000043
456007.4476,14559.223300000012
456573.009,12991.001800000027
456838.6584,12624.12969999999
456912.7485,18265.801399999997
456981.5038,18521.100199999986
457276.3715,15980.554400000023
457684.8112,17906.132899999968
457772.4278,19832.292000000016
457889.4235,12780.368399999978
457964.236,15690.696499999962
458161.6043,18075.765799999994
458212.3726,13980.926199999987
458355.5685,28444.726399999985
458780.4527,13548.732300000032
459005.3854,12188.839000000036
459383.0236,19337.48509999999
459623.1403,15862.358300000022
459747.108,10862.319000000018
459780.5421,14159.742200000037
459996.1244,27900.53146666661
460062.7429,14469.138000000035
460125.1624,20940.729599999962
460422.4963,14769.952300000004
460603.6668,21475.582900000038
460702.1746,13629.165000000037
460743.821,14361.263500000001
460765.3089,21552.859999999986
460773.8571,17952.473300000012
461017.7463,20386.521699999983
461094.9861,5037.082799999975
461314.1707,19987.872600000002
461435.8331,15743.267300000007
461564.7895,9483.027799999982
461656.7953,10212.294400000013
461851.6749,20036.330499999982
461962.3256,18861.12949999998
462042.0594,29606.66810000001
462714.9662,19188.835100000026
462915.513,17714.02799999999
462919.4092,21928.91340000002
462973.981,17840.223500000022
463044.0121,31055.069799999997
463240.2489,12997.918799999985
463618.6527,13764.943800000008
463649.6276,19337.381700000027
464058.1279,10994.767300000007
464243.1681,23909.60499999998
464448.4578,24114.729099999997
464605.22,11109.130000000005
464638.6891,25866.70000000001
464867.0414,12290.61619999999
465424.3368,24228.46749999997
465450.5938,25518.391000000003
466130.3555,19697.07089999999
466281.1328,12542.39400000003
466319.6494,10957.459700000007
466576.3124,26633.4608
466609.5684,21477.816499999957
466651.1754,26658.471900000004
467282.1068,11599.8027
467299.5668,1323.0609333332977
467371.5463,17690.39929999999
467406.2894,20946.73960000003
467576.6744,2171.9148000000278
467623.8041,12102.4657
467833.097,16163.962
467944.3187,22443.232499999984
468148.278,12063.393899999966
468164.7061,21895.287624999997
468553.5484,14289.270799999998
468554.4657,14657.234400000016
468844.7229,16837.9718
469219.6312,12670.59480000002
469490.0666,9246.782200000016
469599.0566,15404.03409999999
469850.5008,14742.892799999972
469852.8958,12973.526899999997
469894.3633,18623.80250000005
470093.6157,12371.601599999995
470119.9833,8269.116700000013
470700.3686,21839.684899999993
470833.179,13000.637500000012
471121.8076,18639.18300000002
471144.1826,31927.694100000022
471241.5297,15443.585000000021
471503.7651,31404.274000000034
471771.8129,11350.923400000029
472010.1714,18085.16399999999
472266.6469,20877.854699999967
472285.3591,22678.919999999984
472383.1188,33359.48689999996
473030.2868,20561.068499999994
473138.5017,0
473187.3462,18001.306100000045
473340.2676,0
473561.0845,13772.307499999995
474019.9936,13286.557499999995
474020.2095,18402.939000000013
474053.8147,19404.81270000001
474207.2588,3668.3206000000355
474287.8806,17697.401199999964
474718.2135,14119.35560000001
474725.2267,25602.168000000005
474880.3748,33593.649399999995
474900.3347,14081.536800000002
475280.619,23972.534199999995
475311.456,9585.525900000008
475338.7444,14583.37360000005
475536.3745,25052.98749999999
475849.1281,32193.796799999953
475971.1614,14996.66399999999
476058.1024,23166.43359999999
476260.5821,4229.4781000000075
476269.4108,30217.05680000002
476281.1976,0
476358.8961,15481.970199999982
476567.0294,30757.914500000014
476708.4614,9237.958299999998
476756.3642,22096.396300000022
477228.6592,15850.9179
477260.4658,14395.634300000034
477382.827,15579.612299999979
477638.8365,19736.80779999995
477882.6646,1711.1846000000369
477987.9107,14624.145000000019
478110.9738,18227.51079999999
478449.3014,25109.602899999998
478548.4669,15861.223999999987
478690.2331,13896.324699999997
478899.728,30480.420600000012
478993.2582,24700.7316
479109.408,17048.932299999986
479180.2388,32729.13929999998
479913.9775,16898.05170000001
480292.3452,5399.150619999971
480371.1466,22304.0147
480878.486,23049.88750000001
481233.8006,22082.227899999998
481361.3545,2818.9983000000357
481713.2805,24487.61949999997
481849.7885,25645.444600000046
481939.3258,0
482092.9421,1815.7924999999814
482129.0422,23325.338600000017
482195.506,15903.234200000006
482248.5098,36208.3628
482809.0514,22866.512300000002
483439.3741,22643.704499999993
483619.0729,37381.14440000005
483865.7169,30095.46279999998
484282.4492,24812.05839999998
484693.0556,17268.27680000005
484741.3609,33039.64770000003
484753.0498,32249.6691
485176.8589,19428.599099999992
485285.2748,24554.60269999999
485458.0326,24481.365499999956
485479.8289,22991.492800000007
485507.8978,31364.773499999952
485673.607,2997.533939999994
485713.4747,16084.3554
485746.5398,3334.266100000008
485817.4912,25980.78409999999
485845.3409,18307.89790000004
485879.3134,29130.812399999995
485924.4614,27398.790699999954
486153.8248,19458.21020000003
486184.261,30379.333799999964
486231.466,1584.8392999999924
486796.9962,17899.54680000001
486861.0212,3045.427400000044
487521.2666,22443.276599999983
487562.3787,15443.736700000009
487844.2233,33780.73810000002
487903.6475,17879.251000000047
487979.8854,2897.102600000042
487998.316,25961.41930000001
488029.2455,18963.222699999984
488279.6224,18529.149800000014
488305.74,17108.437999999966
488337.3886,26529.398400000005
488746.718,38910.197600000014
489289.7742,21584.54090000002
489342.0217,36840.956999999995
489351.0717,22495.310599999968
489682.1028,16569.547499999986
489804.1243,18308.858200000017
490034.159,0
490181.2677,25920.774800000014
490197.9532,4971.702899999975
490288.8544,17465.396800000046
490297.3724,18774.392899999977
490317.1275,19815.364899999986
490389.3605,25901.3419
490405.9454,16590.604100000055
490443.3744,17310.452699999965
490494.4081,19964.51899999997
491060.8588,19544.423899999994
491150.8756,26052.62320000003
491186.7127,20918.013699999952
491291.1827,27519.420700000017
491297.6646,16876.21610000002
491337.0184,3337.360900000029
491496.6808,29489.79389999999
491503.2696,18522.06819999998
491604.0146,10163.848600000027
491875.0279,27539.926099999982
491932.2435,15866.382999999973
491951.9379,29753.367599999998
492325.3364,29545.316099999996
492431.3846,0
492694.7308,31555.293999999994
492701.3074,16062.061999999976
492834.7524,26516.658200000005
492911.274,19343.489299999957
492915.8029,34016.66100000002
492989.7989,27590.95139999996
493117.9088,36109.33470000001
493311.8445,14473.277300000016
493571.4424,19367.901799999992
493586.3392,13965.330799999996
493626.0881,13218.109999999986
493718.2097,14904.553599999985
493846.7071,15100.293000000005
494074.9872,28593.092066666635
494272.2012,13605.146000000008
494692.0179,31831.266100000008
494790.9564,22593.532000000007
495165.953,26359.516100000008
495193.1336,31876.03509999998
495348.5881,6941.307499999995
495684.7255,22267.413
495894.2132,14077.87400000001
495954.4514,18848.669200000004
496246.5073,13260.821200000006
496254.8587,14911.425899999973
496281.6356,37547.980700000015
496312.5812,25117.596900000004
497246.3733,28628.638699999952
497475.2476,12409.391699999978
497605.5134,16273.003199999977
497734.5452,31304.59110000002
497764.3564,14169.13069999998
497837.6662,20203.2071
498129.5637,8483.211699999985
498264.9745,12875.464500000002
498335.9608,33290.34499999997
498492.1935,14988.589879999985
498573.9932,13953.59970000002
498748.5883,11873.81719999999
498848.4945,20717.353899999987
499199.5407,20333.05229999998
499743.1957,34022.97810000001
499779.954,20801.397333333385
499822.0482,29075.696200000006
500017.7696,14062.579299999983
500198.7988,16088.028699999966
500270.1403,14075.045000000042
500332.5446,11553.115800000029
500492.3598,31235.91459999996
500598.1076,12055.181799999962
500726.0377,18216.972899999993
500844.0555,11952.232720000029
500931.2848,28785.829000000027
501095.5341,21644.167133333336
501404.5748,13799.46159999998
501423.8498,9108.295800000022
501460.8356,22783.43729999999
501661.8214,27128.011
501768.9765,19330.42339999997
501812.8483,20429.12300000002
501877.0716,16321.563699999999
501887.1346,13946.998299999977
502300.39,39394.5674
502410.8376,10060.078466666688
502480.2902,28116.207200000004
502567.854,31117.920500000007
502885.6595,12368.173400000029
502983.6177,13210.39480000001
503066.1113,15150.054899999988
503352.5104,15010.338199999998
503426.2746,14254.699800000002
503525.4611,10129.039300000004
503743.1783,45298.80870000005
503764.081,35113.72830000002
503767.6178,12618.204499999993
503822.9739,25790.4216
503966.2491,11802.093099999998
504824.9824,11014.550899999973
504867.743,11265.890500000038
504891.2152,15326.418799999985
505061.176,14676.028099999996
505936.0079,10031.162500000035
506015.5476,1178.6631000000052
506024.1416,11920.689199999964
506173.6273,10946.743699999992
506231.7158,19206.83010000002
506749.7399,16374.826399999962
506870.5314,13540.822999999975
506983.7222,19870.586300000024
507066.5461,12462.501499999955
507515.3578,16971.870800000033
507739.6472,11835.533700000029
507840.3636,15551.241299999994
507923.323,28230.282999999996
508141.1878,20177.616900000023
508275.6641,10884.8027
508383.3977,18406.403899999976
508537.4123,10089.897200000007
508779.1521,18793.001099999994
508836.2105,28415.868199999968
509094.9746,16787.14380000002
509168.5497,10440.293299999961
509373.7328,16762.14659999998
509500.7362,12277.845399999991
509688.0098,16846.362199999974
509812.1123,28559.8946
509881.0345,11573.951899999985
509961.8232,15996.213499999954
510031.4095,15978.030599999998
510194.193,13321.60090000002
510693.8365,25331.681799999962
511080.8114,0
511339.0282,37759.69099999999
511453.7022,16095.670199999993
511797.788,12015.04269999999
511832.3667,17365.753800000006
511861.8446,13345.410199999984
512038.441,12738.412974999985
512293.0164,9355.160300000047
512334.5547,12277.938699999999
512452.0377,27172.415899999964
513233.7764,35741.78839999996
513304.4642,10501.481900000013
513423.4202,23971.101399999985
513484.3909,9857.391300000018
513519.5242,12841.805200000003
513616.1452,15373.955900000059
513727.015,12945.763200000045
513782.633,11449.79059999995
514110.5174,17454.584499999997
514187.9837,19293.765000000014
514328.1468,15987.384699999995
514794.5711,21421.035499999998
515308.7044,9650.830499999982
515438.533,33459.71509999997
515535.9671,11416.415800000017
515578.3693,11531.195000000007
515922.7491,33839.784199999995
516014.418,19524.918799999985
516078.0723,26129.804983333335
516347.855,48099.81799999997
516841.9736,12779.02800000005
516877.3304,0
516908.1829,19134.64970000001
516915.4144,14832.249899999995
517155.3246,20667.295199999993
517155.834,12089.521399999969
517214.6679,27483.554000000004
517432.8697,10410.363699999987
517527.9522,18647.353500000027
517531.6842,10643.338700000022
517699.8303,15986.672499999986
517791.5335,22344.123900000006
517964.6654,14773.06819999998
518044.9498,22870.9485
518057.2818,14417.698199999984
518382.5403,11688.53859999997
518407.0009,10082.249699999986
518433.9149,11696.152999999991
518576.2292,31315.172100000025
518672.6465,23593.07859999995
518910.8583,11219.267900000035
519158.715,19421.50760000001
519189.6832,18717.881800000032
519204.1868,44327.6213
519240.5032,11942.860799999966
519273.8769,22944.703299999994
519347.4027,10344.883399999992
519449.0107,12734.997399999993
519524.5573,10933.063699999999
519575.4791,15785.836100000015
519634.4091,9861.602799999993
519690.9806,21070.62030000001
520515.4354,14226.689200000023
520527.9223,11452.051199999987
520596.1996,22961.6348
520749.172,11286.500800000038
520840.6341,29991.71530000004
521324.8826,0
521453.4362,3327.973699999973
521914.4406,9082.585699999996
521953.8578,13295.415600000008
522038.6296,18670.359999999986
522051.7174,20451.843700000027
522123.0721,9539.248900000006
522160.7025,24651.263000000035
522508.2022,10810.8799
522993.98,14034.139399999985
523007.9255,22909.941100000055
523082.4916,12410.210499999986
523113.5611,9500.78489999997
523350.0903,16208.766599999974
523541.0929,14307.723300000012
523544.0054,12274.915000000037
523544.3637,0
523613.7124,10490.72040000005
523957.9898,8729.077899999975
524021.0957,10501.442800000019
524035.5904,9417.297399999981
524047.3785,20289.76529999997
524129.4903,14000.738899999997
524227.39,9898.324100000027
524422.1804,15007.199099999969
524523.5378,12793.826700000034
525086.2612,16555.649299999932
525246.8625,11690.782000000065
525260.5498,10889.158800000034
525620.0432,13951.052699999942
525817.494,31251.08289999992
526022.9083,12089.306299999997
526024.3726,10093.50900000002
526165.6291,11348.096400000039
526353.8598,8970.224099999992
526399.5138,45580.00899999996
526737.1182,9177.09990000003
526921.2832,8211.58329999994
526966.0464,10567.166299999983
527170.4187,10146.837200000067
527544.7116,11902.659300000058
527647.5546,18503.869000000006
527739.895,15916.50020000001
527740.2008,17346.569000000018
528063.0895,44129.81959999999
528168.4078,15082.90240000002
528169.3856,9399.743100000022
528222.6607,31638.97769999999
528599.9388,12318.202600000019
529177.4924,11348.08289999998
529306.6289,20310.9939
529727.134,10567.516399999964
529746.3713,9436.041900000011
529908.8385,0
530051.2166,16155.486500000057
530161.1665,11157.447900000028
530319.3976,10273.555600000022
530495.7022,16385.768880000047
530505.8545,10061.447800000024
530668.7618,16655.830499999982
530686.9123,11280.672399999981
530953.0592,9631.41810000001
531044.7671,14374.084300000046
531551.1182,15142.800700000022
531558.844,7214.51660000009
531820.8582,24750.024800000014
531921.3406,13433.382299999997
532113.3313,14214.937499999942
532135.17,11098.561200000055
532191.6634,14460.988799999934
532354.6296,14062.468499999959
532627.5006,26022.00820000004
532631.4551,17122.08480000001
533027.7838,10404.424799999979
533130.3688,10732.451100000064
533180.2384,17193.672100000025
533381.0781,12509.427500000049
533467.1945,18945.82819999999
533472.5101,11894.762399999949
533601.8164,12641.210300000035
533716.0114,30703.166899999953
533929.0417,0
533942.885,22985.195000000007
534403.6281,10774.131599999964
534756.0769,11068.871400000004
534859.9653,29309.08580000006
534987.536,22555.27509999997
535061.5119,11524.766400000022
535115.4885,11493.75959999999
535126.4815,11116.103799999983
535823.4272,16472.006700000027
535934.2266,18208.976600000053
536107.8566,12212.690900000045
536148.8902,18149.358600000036
536255.4675,11478.248499999987
536811.1435,27822.23490000004
537333.2777,15565.33169999998
537432.9876,13578.2402
537439.7154,12470.576999999932
537564.6784,13239.715299999923
538424.3618,15159.981899999955
538450.5057,18768.1532
538565.4343,14523.902199999953
538601.8678,0
538690.61,12485.2169
539203.3268,13126.306300000055
539523.8476,14663.596699999995
539534.459,31657.51390000002
539971.1964,12505.409800000023
539998.4451,15101.851200000034
540205.4766,30200.60340000002
540344.1447,22178.663699999917
540360.1402,11294.48589999997
540361.7754,32291.49040000001
540637.6396,13560.473299999954
540819.1063,12091.232500000042
540948.7463,17260.29580000002
541192.4387,14472.725200000103
541522.5189,11044.30170000007
541757.9048,22562.253200000036
541863.5158,18090.53190000006
541914.6466,11412.500799999922
541977.0986,13635.519700000063
542164.5374,20832.095300000045
542407.9262,13178.226900000009
542608.2654,16990.318100000033
542803.8699,13644.157200000016
543074.37,34983.51329999999
543141.2224,23608.204299999983
543165.7489,15840.872199999983
543183.1519,22541.52310000005
543296.935,16287.586700000102
543314.8122,12097.318100000033
543460.7174,20944.580999999947
543502.6228,13730.253099999973
543616.7943,15985.282699999982
543814.1886,15292.661300000036
543824.4909,21275.742899999954
543976.7669,32856.81450000004
543980.6091,21180.232100000023
544162.5964,18614.101800000062
544194.2602,21543.70020000002
544227.1909,23315.918800000043
544314.49,10057.157999999938
544382.4587,34994.117499999935
544384.1209,20179.903699999966
544516.7563,12445.331000000006
544642.2846,8840.242300000042
544782.5657,13243.103300000075
545050.3245,11613.162099999958
545066.8616,14076.076399999904
545073.0553,35229.030299999984
545085.814,11921.738200000022
545225.8688,12729.589600000065
546615.4623,21425.19319999998
546795.5875,13064.15850000002
546927.7312,27334.287700000044
546954.5067,23308.155900000012
547146.6224,30403.65359999996
547299.05,15649.563800000004
547429.5449,15089.42889999994
547493.5266,29131.845374999975
547724.1253,12538.31939999992
547946.5553,17448.803700000048
548055.4093,10595.963200000115
548140.6785,9258.880100000068
548672.0155,16048.67949999997
548771.1842,12926.022800000035
549007.2838,28371.73689999996
549204.6398,20165.481299999985
549637.3822,10231.083400000003
549669.4284,12629.196799999918
549715.9337,18742.29740000004
549806.4321,0
550241.6508,19305.81999999995
550451.3845,949.3213000000687
550673.6837,14177.261300000013
550730.4848,28086.988599999982
550785.0473,10347.009199999971
550917.4972,14660.786300000036
551137.0858,11729.971200000029
551191.6261,25261.968899999978
551244.7705,11399.52780000004
551245.1699,11367.282499999972
551338.7551,22777.584199999925
551533.5649,29962.441699999967
551654.8852,19476.049
551775.9826,1711.21809999994
551783.2324,20134.651500000036
551808.8167,11412.558699999936
551898.6505,17510.779899999965
552015.2747,19881.106574999983
552089.2111,15913.332599999965
552176.0967,15477.275999999954
552305.2454,24382.3787
552675.7193,0
552779.3222,9639.306100000045
552837.1313,9946.27119999996
552996.7616,18173.012099999934
553123.2816,8675.796600000001
553611.42,2783.0901000000304
553627.9582,22165.909800000023
553682.4266,7249.197700000019
554020.3906,8489.485600000015
554142.6661,1045.7081999999937
554267.451,14922.058300000033
554314.2582,10256.55560000008
554386.1862,17100.148120000027
554441.0621,18297.023399999947
554685.251,9272.132600000012
554712.066,27564.498900000006
555003.5963,11239.86659999995
555061.8342,12190.538400000078
555234.2243,14830.325700000045
555800.6184,18539.61200000008
555983.3152,181.5797999999486
556169.8138,694.922600000049
556284.341,18970.949200000032
556341.1618,13268.741500000004
556392.8208,14802.825799999991
556458.6171,23304.06660000002
556624.8154,13068.486799999955
556641.5308,14197.399499999941
556821.3671,8570.651799999992
556885.4969,6915.906399999978
556944.3176,17174.909999999916
557051.3492,27989.973800000036
557293.9455,24872.160499999998
557660.1902,13202.980799999903
557995.8682,18689.72530000005
558231.7776,11617.837200000067
558391.5642,0
558565.0617,20082.361799999955
558576.4926,16617.65460000001
558684.7162,18845.622399999993
558840.4968,10468.20776000002
558876.4409,8174.634700000053
559275.148,9055.614600000088
559387.1029,0
559409.5997,35810.24650000001
559593.9653,19270.662820000085
559783.4349,21525.838899999973
559847.3812,13026.617499999935
559905.1903,20085.45550000004
560573.7409,0
560607.6855,28382.946800000034
560644.5402,10026.520200000028
560768.6009,8880.575599999982
560853.2401,7459.760600000038
560917.3299,17640.72840000002
561202.9503,9548.189300000085
561304.186,9034.210399999982
561521.9009,18945.495300000068
561878.3031,0
561997.3666,10021.484699999914
562369.0455,10794.944000000018
562485.2733,0
562492.9004,15081.521800000104
562550.3236,7836.724000000046
562791.4441,14747.956000000006
562820.2857,9654.799600000028
562960.4126,0
562979.1134,0
563449.3086,13111.287899999996
563496.3731,17147.444900000002
563907.7407,10346.03239999991
563929.8628,17308.54700000002
564007.2622,8983.16630000004
564200.2288333334,0
564240.3896,12827.625
564740.2549,0
564933.3507,12976.321799999918
564956.3878,8495.79170000006
565036.944,17252.75919999997
565149.7597,9429.624400000088
565556.0932,10307.853299999959
565807.4884,9674.573600000003
565893.246,0
566190.418,12922.357899999944
566294.5343,18474.733800000045
566744.6192,36142.10739999998
566950.5707,10408.32480000006
566985.3843,10428.044300000067
567221.5258,11581.177599999937
567416.6140000001,0
567421.4116,13104.296399999992
567497.2977,18633.063399999985
567654.6319,24798.63829999999
567748.8803,31522.90909999993
567863.7264,0
568121.7856166667,0
568212.7526,10866.271399999969
568469.2022,18498.105500000063
568545.9408,19200.201499999966
568824.4056,26137.675600000075
569363.7468,10713.865799999912
569496.4212,11743.224099999992
569499.7487,0
569803.768,8079.619999999995
569809.7152,16653.93689999997
569814.3576,16443.252899999963
570075.4489,19995.590800000005
570128.1788,0
570139.1777,0
570259.5734999999,0
570467.4928,0
570469.5178,15313.842400000081
570477.3285,15675.56369999994
570747.001,29570.19790000003
571032.6259,0
571309.4344,13417.703300000052
571661.764,1176.1879999999655
572010.3351,0
572149.4283,15827.348600000027
572178.004,0
572347.9997,0
572445.8873000001,0
572463.5919,49644.30800000002
572537.8351,11518.335300000035
572567.4729,12453.360900000087
572599.9898,13304.479599999962
572792.7874,31081.41969999997
572846.9806,11229.46649999998
572860.996,14628.082500000019
572907.8873,12123.037999999942
573040.2629,15789.503299999982
573095.4447,22312.010899999994
573137.0575,3974.158199999947
573160.6179,11565.451499999966
573324.8767,24924.699200000032
573346.6084,10048.120800000033
573482.4729,15656.0499000001
573505.0034,8733.840599999996
573625.0294,10560.868400000036
573651.4563,9396.19750000001
573761.6391,0
573842.0304,16079.894166666665
573978.0632,10142.934699999983
574125.0572,24339.020900000003
574140.0303,13426.552200000035
574331.8011,13111.346200000029
574378.355,16474.15419999999
574447.9625,22126.31130000006
574487.4417,8454.578600000008
574863.2158,8819.260899999994
574881.2674,10292.017100000056
574991.2365,11243.259300000034
575126.7722,8019.471600000048
575140.4041,16851.272900000098
575177.6577,23684.491099999985
575189.2888,11658.468400000012
575193.6506,28069.22490000003
575216.9624,10115.162399999914
575408.3072,18514.483600000036
575437.7095,9585.378000000026
575448.4675,0
575766.0613,19061.564399999916
575813.2871,0
575987.9803,9427.434800000046
576029.5854,10836.28509999998
576165.971,16918.954000000027
576408.6208,6888.323399999994
576461.9866,8225.836799999932
576470.5723,0
576562.1378,19795.68000000005
576626.6186,25664.06170000008
576716.9236,11841.819499999983
576936.9993,0
576997.5371,8569.187199999928
577111.0705,9393.136500000022
577341.7592,6695.23179999995
577427.9567,7243.541899999953
577457.1197,0
577598.252,15055.1446
577852.8512,8881.723274999997
577906.8917,15418.580900000059
578372.8857,13341.083199999994
578463.702,9203.90260000003
578480.5518,23901.61719999998
578529.9737,0
578740.054,9753.544600000023
578976.7397,16884.469500000007
579105.1808,0
579118.1101,377.23750000004657
579123.3904,11541.888299999991
579260.3793,28494.400400000042
579313.2935,7779.763500000001
579474.354,7597.889300000039
579915.4157,18631.854099999997
580133.5368,33871.19920000003
580134.7895,14639.455899999943
580222.4214,11297.647499999963
580310.3605,10162.68160000001
580519.8966,11831.341299999971
580823.0182,1711.7132000001147
580825.3185,9062.645699999994
580895.5438,8597.09739999997
581022.028,9855.262000000104
581078.5251,9750.121859999956
581293.7467,21189.204800000065
581366.9338,14893.060500000021
581469.1265,6981.56819999998
581473.8231,24835.254200000083
581560.5165,7159.763966666651
581609.0146,7821.121500000008
581755.9702,6986.468600000022
581788.9526,18298.36170000001
582300.2996,8658.02760000003
582329.6819,16198.426299999934
582768.8447,12595.499399999972
582858.4083,7777.88340000005
582927.8189,0
583125.8319,17922.045599999954
583258.987,8680.054400000023
583779.5333,8067.56819999998
583926.9968,9365.463199999998
583937.1623,11634.350600000005
583986.2817,0
584064.3158,0
584276.109,11525.216200000024
584293.1326,10247.52190000005
584339.3361,7347.359199999948
584411.2591,30276.858699999982
584650.039,0
584718.9224,42763.07300000009
584862.9405,7820.7179999999935
584905.7171,19612.9865
585459.8699,0
586034.145,16067.51800000004
586222.1216,15013.658899999922
586331.8794,11270.327099999995
586417.4036,9352.812199999928
586663.3674,14857.947199999937
586699.3064,0
586784.413,8372.308699999936
586892.9842,16487.76464999991
587305.2936,26232.273399999947
587350.6396,0
587495.4694,18957.96869999997
587657.1447,0
587885.0201,46706.85499999998
588190.4567,12923.464200000046
588193.5329,20598.62989999994
588215.7167,8400.800599999959
588377.5093,6610.776799999992
588424.0685,8550.757300000056
588455.55,17418.89690000005
588528.8137,19520.983800000045
588646.6158,5603.916100000031
588705.9998,6266.021799999988
588779.2342,10787.600099999923
588980.3106,0
589241.9034,0
589415.9481,14223.611400000053
589556.4964,0
589682.5042,9041.058699999936
589712.6434,0
590337.4093,20417.304100000067
590883.8614,10556.548700000043
590971.2025,14962.688399999985
591069.6234,8469.108700000099
591084.6381,11138.954799999949
591129.8412,0
591188.9535,0
591207.9184,11935.320799999987
591321.5136,8197.275699999998
591375.5607,7728.812099999981
591379.5114,10480.358799999929
591771.4841,0
591855.713,20615.9473
591917.2833,9331.370100000058
591938.8833,17246.210300000035
592103.9034,6236.324099999969
592136.1832,9860.231199999922
592147.03,0
592538.2733,8214.233800000045
592560.9787,6628.245299999951
592627.9904,12960.897600000026
593394.0607,6119.192200000049
593514.7274,9756.834000000032
593574.3362,9003.94140000001
593593.7327,19785.11869999999
593689.0814,0
593781.5018,6952.448600000003
594131.1671,6361.475399999996
594169.24,16845.127499999944
594384.2796,9816.20849999995
594517.4414,0
594518.2646,6313.511240000022
594595.4257,17578.660200000042
594617.6334,0
594780.3825,7105.087999999989
595029.2158,9062.811800000025
595145.8449,9692.979799999972
595256.9402,8176.8565499999095
595269.2527,10142.107799999998
595400.6107,19685.363999999943
595478.6861,17046.688725000015
595727.523,0
596036.9042,7912.402200000011
596062.5081,12498.916499999934
596240.0154,19171.036399999983
596261.632,20911.87234
596359.0947,4071.162800000049
596573.5784,5952.227900000056
596727.3847,6158.556300000055
597142.8372,0
597186.4556,13954.893900000025
597188.9981,15488.565500000026
597257.7984,10909.959599999944
597421.5116,5350.49589999998
597559.5518,7790.527500000084
597609.6184,18803.90140000009
597644.3451,10931.461600000039
597817.641,5516.956799999927
597862.2963,5780.116299999994
597966.9318,8737.124700000044
598007.4883,0
598056.8453,14406.38770000008
598126.8589,0
598175.9289,22732.019300000044
598188.191675,0
598225.0165,7102.2807333333185
598487.0536,0
598508.9451,19770.94510000001
598625.8041,7376.751799999969
598748.3783,0
598761.143,5716.576000000001
598844.9852,0
598937.6727,31107.433300000033
598974.1461,20999.965599999996
599027.6737,24091.110600000015
599289.4463,0
599373.1586,4103.222899999935
599779.3139,17652.233499999973
600326.7845,4963.605699999956
600368.4041,5055.238899999997
600521.3203,2403.1957000000402
600599.701,3084.9666000000434
600602.4085,15058.73880000005
600700.6487,7073.935700000031
600831.4729,0
601144.9464,12671.204999999958
601204.0417,5108.722899999935
601297.7465,2528.412299999967
601607.0922,0
601652.9489,2503.3544999998994
601711.3093,5412.4226999999955
601941.9031,13194.390200000023
602057.2543,12240.01660000009
602059.2746,4984.646999999997
602090.2458,11028.938000000082
602118.4612,11608.783700000029
602172.7651,22352.907499999972
602245.6492,9552.653199999942
602675.1835,4323.868800000055
602772.7943,0
603167.9186,29992.142499999958
603216.6659,7386.958500000066
603468.0458,4774.1849999999395
603823.151,0
604013.7642,30813.31409999996
604135.74,5013.258499999996
604249.128,5927.860975000076
604547.5907,5128.791399999987
604549.1058,5705.53350000002
604637.1851,39972.17460000003
604778.7158,7758.479900000035
605004.2745,25361.381700000027
605008.7737,3483.76529999997
605242.3268,1146.0842999999877
605281.5793,6058.887600000016
605381.8806,3239.086100000073
605660.0405,13748.270600000047
605668.0197,5404.925249999971
605757.0416333333,0
605765.3217,12643.078099999926
605802.7328,5740.3896999999415
605900.571,10894.68590000004
605902.6449,8246.918399999966
606202.0298,12851.329600000056
606520.5491,0
606699.2188,12926.564000000013
606708.1337,0
606724.8894,15220.706400000025
606884.031,7745.31819999998
607063.5284,5919.194099999964
607083.8134,17933.622300000046
607111.6123,0
607447.3246,5458.632300000056
607563.4928,5606.886799999978
607688.4214,0
607704.8436,48925.34600000002
608125.923,4522.803499999922
608406.534,5340.478299999959
608547.0572,0
608562.8874,4209.096499999985
609163.7919,9424.624399999972
609357.9127,5506.919600000023
609467.8351,8250.130400000024
609495.4168,0
610045.0377,17844.372100000037
610071.8894,32653.75919999997
610658.0383,6652.60010000004
610759.7828,9780.15690000006
610779.9407,4718.60420000006
610868.7708,7762.814900000114
610909.7978,10850.122600000002
611148.5766,16341.71940000006
611190.7837,9175.503800000064
611212.96,5051.955399999977
611468.1103000001,0
611564.7954,6101.599499999895
611607.1022,9928.06819999998
611607.3474,6296.085599999991
611811.9833,479.3291999999201
612029.1914,6222.950900000054
612032.2322,6107.871199999936
612118.6229,5090.70689999999
612157.8679,9918.727333333343
612902.5242,6034.520499999984
613032.4989,25172.390600000042
613427.2975,6073.794899999979
613851.3932,2998.4023666667053
613932.639,13911.812999999966
613969.3307,5240.003800000064
614236.1401,4373.688299999922
614396.2624,5353.443100000033
614488.7573,24831.402900000103
614569.6575,12254.17539999995
614731.005,6935.338800000027
614942.6684,0
615077.6747,8363.603499999968
615215.9288,5516.048899999936
615245.0622,5738.181850000052
615372.7575,18723.440799999982
615551.7992,10610.062900000019
615706.4094,4206.188700000057
616469.3423,16963.520400000038
617075.8456,6111.46239999996
617149.1898,6073.300000000047
617558.9384,6579.679000000004
617898.5733,17746.065500000026
618035.4042,21932.74589999998
618062.9382,0
618104.0432,6564.434299999964
618532.7827,13077.596900000004
618633.5197,8140.414099999936
618638.8721,9755.55680000002
618684.1136,11798.670200000051
618769.6614,5124.6896000000415
618887.3469,17204.799899999984
619165.7143,8871.395900000003
619467.0351,20914.94200000004
619540.2251,8351.165600000066
619627.0918,6742.575100000016
619860.9755,10039.042499999981
619997.06,5711.045400000061
620011.6563,9995.737000000081
620088.0668,9273.322700000019
620245.8027,8608.132300000056
620318.8721,6489.030100000091
620413.7844,20545.927400000044
620547.5738,11814.999599999981
620890.2847,9010.518700000015
620932.9461,16313.723099999945
621053.1804,0
621068.5026,9092.885200000019
621112.2294,5319.630299999961
621379.6837,12014.313800000004
621425.5073,7294.873300000094
621717.421,18063.454000000027
621739.1621,27129.821200000006
621743.651,13223.841999999946
622062.468,17970.239700000035
622139.4968,11495.36679999996
622289.2306,21836.486999999965
622377.1895,17623.4632
622594.5625,6751.69709999999
622752.5952,8483.406300000031
622795.0646,2774.8381999999983
623214.8286,25282.535900000017
623266.021,1575.8600999999326
623305.6952,8850.834999999963
623481.7938,7667.857100000023
623513.2184,12913.862100000028
623821.0119,0
623854.0832,9430.119900000049
623937.2079,6523.474099999992
623946.6457,14598.878099999973
623973.1014,15673.28010000009
624035.8518,7622.236899999902
624205.0589,7003.39599999995
624253.4146,19404.199499999988
624733.4673,9453.258800000069
624743.779,0
625265.1916,8116.270200000028
625452.9724,5487.846299999976
625786.2929,7715.167499999981
626106.8035,11843.816100000055
626249.6969,12491.278199999942
626251.9133,37719.570999999996
626445.89,6235.807400000049
626592.9274,8375.663700000034
627200.4133,15302.116800000076
627723.9851,0
627807.24,12315.557700000005
627928.8092,10346.786274999962
628175.5385,9077.556199999992
628476.2925,25818.661100000027
628522.3433,15604.76509999996
628604.847,12771.383199999924
628742.5188,5878.26529999997
628856.2503,8053.31959999993
629073.5619,14811.596399999922
629074.4483,7230.833400000003
629470.7907,17310.95610000007
629957.0329,6166.659600000014
630292.8924,19572.618499999982
630406.8806,25893.95180000004
630548.5357,7101.842700000037
630558.7654,9807.704700000002
631099.5396,7766.919600000023
631348.7043,9226.086449999944
631381.1373,11388.445499999914
631426.5729,8912.854999999981
631662.97,6511.405299999984
631699.639,11439.009499999927
631968.4982,15573.381300000008
632011.4878,26479.01020000002
632162.3133,9018.884500000044
632250.6402,8129.419300000067
632330.4832,6951.6875
632355.2368,15060.35519999999
632416.9835,17610.94479999994
632745.9758,16190.040900000022
632757.9258,9306.673100000015
632803.9482,7141.11269999994
632874.3856,10138.038000000059
632917.997,0
632948.3747,19296.655600000056
633177.7678,18816.22330000007
633494.5493,7218.053299999912
633498.1628,18289.844299999997
633508.8862,8754.453299999936
633510.8124,11886.956100000069
633614.5562,14067.157933333307
633628.5775,18217.514399999985
633848.7995,5917.414699999965
634160.8008,19558.600299999933
634278.4874,8778.210399999982
634471.6539,4763.117399999988
634609.2031,7090.803900000057
634632.8286,18101.848299999954
634640.8707,8557.340299999923
635029.0956,13218.467799999984
635143.8806,11390.569000000018
635705.6198,6884.703299999936
