-----Simulation 0-----
172922.4137,0
172997.139,0
173122.3123,0
173141.7899,0
173264.7714,0
173283.9218,0
173415.8551,0
173446.42369999998,0
173472.21659999999,0
173745.79869999998,0
173859.4254,0
173901.1676,74.64059999998426
174026.0414,0
174085.817425,0
174336.2725,0
174453.1238,0
174484.7192,443.7363999999943
174839.64865,0
174944.0062,0
174997.787,0
175003.2878,0
175003.37709999998,0
175173.5736,0
175304.3078,0
175429.8452,0
175441.2096,0
175463.9607,0
175525.5923,0
175703.5962,0
175727.8684,0
176174.6191,0
176531.9387,0
176579.2392,0
176682.6419,0
176921.2355,0
176940.6645,0
177131.011,0
177389.7366,0
177457.5377,0
177670.3533,0
177787.0167,0
177850.5716,0
177983.0052,0
177988.4483,0
178173.726575,0
178190.6921,2368.1224999999977
178386.5061,0
178406.9725,0
178709.18170000002,0
178840.4685,3293.3546666666516
179014.4976,0
179112.3016,0
179146.7715,0
179303.1702,1949.7913999999873
179443.3657,0
179737.28830000001,0
179740.9327,2775.654500000004
179904.31900000002,0
180000.3211,1266.7073000000091
180394.5292,0
180527.6858,0
180549.2713,0
180666.1004,0
180845.6148,0
181196.9692,0
181263.5626,0
181619.0614,0
181823.7615,0
181978.6885,0
182131.6586,0
182305.6323,0
182660.7157,0
182744.2221,670.1068000000087
182748.054,0
182794.9369,0
182812.3058,0
182850.1055,0
182904.7037,0
182954.5414,1888.8646000000008
182984.8494,0
183136.2281,0
183151.5129,0
183304.0726,0
183308.0922,2687.6588000000047
183365.0057,0
183799.7492,4257.687199999986
183821.0135,0
183939.6865,0
184003.7432,0
184249.7059,0
184262.3637,4376.614499999996
184340.568,0
184402.2671,0
184650.202,0
184722.9066,0
184789.45679999999,0
184799.4373,0
184996.8007,1413.0037999999768
185170.6137,0
185426.9941,0
185485.6897,251.60759999998845
185769.0147,0
185792.7608,0
186020.446,0
186047.2274,0
186076.456175,0
186082.7545,0
186220.6095,0
186438.1215,0
186695.7432,3019.453999999998
186812.2995,0
186848.7763,0
186941.5679,0
186965.0223,0
186982.6378,0
187134.6763,0
187339.3511,0
187417.8325,0
187554.0995,2254.719000000012
187745.3088,0
187822.2599,1957.2741000000096
187871.0295,0
187963.2225,0
188041.6795,0
188059.3071,0
188178.6145,0
188238.105,0
188344.7901,1013.4537000000128
188361.43768,0
188471.5939,0
188554.6768,0
188608.0113,0
188697.88390000002,0
188749.9766,0
188766.3223,0
188778.6304,0
189076.1153,2627.4051000000036
189105.0627,0
189207.098,0
189388.5132,0
189400.7561,6172.988599999982
189445.14860000001,0
189519.6933,1201.711500000005
189753.6332,2105.945700000011
189847.7379,0
189921.4616,1888.0997000000207
190236.1558,0
190274.9653,0
190713.4646,770.604800000001
190788.9242,0
190880.7183,5495.270100000023
190903.8337,40.1076999999932
190985.113,0
191116.193,4409.477899999998
191393.0896,0
191789.2293,0
192004.8906,3431.9077000000107
192013.0504,4994.636500000022
192086.7599,0
192140.5749,0
192440.3719,0
192525.1428,0
192803.4507,140.15709999998217
192830.5216,0
193523.7904,1044.485799999995
193541.2775,2204.015700000018
193621.9679,8196.469299999997
193650.5622,4811.724300000002
193653.2403,0
193684.1527,0
194260.1108,1819.0383999999904
194419.6985,7204.421099999978
194445.9878,3962.766800000012
194658.2057,0
194793.78710000002,0
194847.7582,4247.980500000005
194902.4721,0
194942.8029,3799.441200000001
195113.7074,5783.1222000000125
195183.0815,0
195220.5904,3288.902599999972
195368.3796,4818.3076
195766.4968,0
196703.538,5585.323100000009
196975.8969,4816.709700000007
197157.218,177.74760000000242
197245.1417,7953.5527
197327.8808,4582.198300000018
197361.02539999998,0
197627.5535,2973.2445000000007
197882.1058,3219.9774000000034
197948.2565,5286.331999999995
197963.6928,1356.293399999995
198025.1807,0
198127.6238,5479.381500000018
198133.2238,6653.57680000001
198181.1763,9337.793399999995
198270.5615,9085.630000000005
198542.1787,0
198576.1939,0
198696.4264,4485.949900000007
199354.1507,1730.7946999999986
199655.617,0
199876.6473,6517.428000000014
200060.3406,0
200133.0492,8200.902900000016
200642.432,5831.7629000000015
200878.43180000002,0
201003.3381,0
201181.6342,3951.2625999999873
201441.2612,0
201845.6609,5079.912299999996
202061.5094,5782.0466000000015
202379.73930000002,0
202624.3442,0
202944.8662,0
202969.7577,6563.708099999989
203593.5144,298.28759999998147
203687.9884,5683.453299999994
203688.8937,0
203706.9516,12378.838400000008
203747.072,0
203824.4647,0
203846.4395,8492.105100000015
204051.7789,1888.5035000000207
204531.272,731.5999000000011
204618.6606,6132.445600000006
204731.9796,641.2673999999824
204957.8505,1849.3662999999942
205081.2385,9624.13870000001
205247.2464,0
205717.7763,8490.975299999991
205845.2347,0
205958.9098,6842.607799999998
206031.6605,0
206148.5751,15080.5472
206160.1386,0
206373.5259,16329.63930000001
206475.412,0
206541.3286,0
206831.3743,0
206862.0515,0
207124.83475,0
207162.5516,0
207181.44,0
207288.4998,0
207381.6337,3184.217100000009
207412.0856,15439.950400000002
207496.8388,0
207661.6617,16014.997999999992
207735.8971,5599.929800000013
207740.2697,0
207884.72879999998,0
208031.6359,0
208113.6573,15427.899199999985
208166.9826,0
208361.1754,1290.843600000022
208372.7744,10894.738299999997
208521.4176,3073.9133999999904
208631.3721,5369.457599999994
208767.3078,5552.897200000007
208995.3231,8869.58680000002
209258.38079999998,0
209269.98810000002,0
209307.2953,12566.149800000014
209332.5903,0
209592.474,265.2238999999827
209629.5448,6611.112699999998
210228.7248,0
210279.9442,0
210286.3365,7976.324900000007
210293.29236666666,0
210372.4358,6718.589200000017
210717.4426,8787.592000000004
210958.7306,0
211074.6729,0
211080.0761,11536.880799999984
211175.9288,13500.260299999994
211339.1875,0
211465.33539999998,0
211477.7163,1313.5589000000036
211532.5326,12476.660400000022
211573.9203,4663.208400000003
211769.8425,6249.618799999997
211811.0178,0
211837.0985,0
211850.357,301.9227999999712
212037.7579,0
212164.3927,0
212233.9506,3934.4494000000122
212242.3738,0
212253.7662,0
212448.9927,0
212765.1982,0
212842.1723,2761.268699999986
212859.1224,0
213365.4295,0
213890.1136,7991.108600000007
214128.1651,3942.6626000000106
214173.3904,6808.435499999992
214235.692,2767.3006999999925
214315.0015,0
214370.5081,8843.790800000017
214502.1704,0
214812.6689,0
214830.038,10554.328500000003
214971.4134,0
215336.6449,1308.8057000000263
215351.9091,6087.3863999999885
215375.0397,0
215491.2745,1138.869399999996
215829.0525,0
216205.2774,5469.157199999987
216205.2879,0
216216.8245,5667.346900000004
216246.8746,0
216264.414,0
216376.3086,0
216572.4915,0
216804.2859,0
216919.6174,0
216996.1838,0
217005.6017,269.68619999999646
217008.0145,10573.898899999971
217124.109,2098.2964999999967
217248.5432,4742.243199999997
217500.01504,0
217503.4174,0
217530.8304,0
217531.4194,13017.51490000001
217583.3026,0
217626.0875,0
217652.5352,1272.1120000000228
217735.3997,0
217759.91330000001,0
217784.1369,13694.62870000003
217838.8856,0
217858.9353,0
218094.033,0
218419.1118,0
218439.7148,547.7734999999811
218562.8217,595.214100000012
218595.2583,1011.7625999999873
218665.2582,0
218718.2237,0
218771.2487,0
218866.1156,0
218945.2266,4792.734200000006
218976.1459,0
219039.4029,0
219276.5963,2844.7606000000087
219313.6296,0
219371.6756,2487.920199999993
219606.6629,0
219637.9047,586.4936000000162
220533.45750000002,0
220576.8434,1057.8061000000162
220576.8591,3627.5702000000165
220627.8857,10155.190300000017
220685.6959,2088.3310999999812
220772.3264,13303.971099999995
220821.4569,0
221266.2272,0
221299.6372,0
221334.4285,0
221710.823,0
221823.0885,0
222082.0643,7538.56700000001
222546.3681,0
222561.3007,0
222695.3043,0
222750.6393,4562.873300000007
222784.3137,0
223124.2919,0
223455.9111,0
223484.1464,4781.804000000004
223585.84171666668,0
223660.5394,0
224161.5331,11553.448399999994
224243.4744,4858.065999999992
224297.0209,742.9208999999973
224308.4157,0
224355.2655,0
224420.5047,3134.338999999978
224613.4141,0
224629.1977,0
224807.5379,0
224820.6608,2337.10520000002
224847.3169,46.09460000001127
224878.2752,17838.60680000001
224985.86119999998,0
224988.5221,0
225278.7441,0
225543.3939,0
225747.5498,0
225835.0114,6339.565999999992
225980.1585,2793.2025999999896
226217.6353,931.1618000000017
226324.0275,3209.1959999999963
226780.9262,0
226805.015,0
226894.8428,5911.096900000033
226908.3745,2454.997700000007
227256.3905,2749.1895000000077
227266.4201,0
227414.45694,0
227702.4664,0
227856.0823,4039.1505999999936
227873.1037,3375.397900000011
228026.2998,12725.337200000009
228158.9996,1362.9012999999977
228261.7827,0
228336.5106,0
228968.4685,0
229052.342,0
229057.60820000002,0
229230.1004,9705.646799999988
229249.3784,6072.662499999977
229646.0129,9689.374199999991
229877.8399,0
229900.2388,5824.780399999989
229910.2415,5623.967040000018
230548.5677,10578.890000000014
230574.751,0
230743.2488,14952.847500000003
230915.8609,0
231153.96120000002,0
231169.8262,0
231172.2809,0
231175.4205,0
231236.0856,0
231280.2743,23990.89619999999
231497.7498,0
231528.5913,5271.534799999994
231958.852,0
232074.7784,0
232282.8683,14806.48020000002
232326.9601,6105.521600000007
232444.5196,13319.163300000015
232481.21122,0
232660.8513,0
233161.0299,0
233435.2573,5020.724199999997
233629.3424,0
233703.6574,0
233870.1174,0
233969.9208,0
234380.026975,0
234395.9293,465.29529999999795
234424.1743,0
234659.2188,2589.9054333333333
235065.601,2756.1977999999945
235370.9306,0
235954.5991,0
236130.4239,0
236171.6175,5936.479499999987
236181.1465,0
236672.8659,0
236695.4678,0
236918.9447,4569.526399999973
237016.9256,9985.068
237048.5727,0
237089.4039,0
237315.989,53.49936666665599
237451.5391,0
237551.9115,7554.435499999992
237586.476,0
237636.7507,0
237658.6851,0
237746.201,827.392599999992
237752.9375,0
237871.5436,0
237943.3224,0
238326.609,0
238656.5601,0
238788.1789,0
238865.1159,0
239012.34519999998,0
239058.12459999998,0
239095.2119,0
239152.08299999998,0
239186.1257,11043.435800000007
239804.2072,0
240778.5143,0
240842.6597,0
241022.3261,0
241129.3607,0
241149.0968,0
241263.5674,0
241513.2528,1939.8742999999959
241514.467,0
241599.9699,153.13139999998384
241739.36560000002,0
241865.131,11588.634699999995
242074.77033333332,0
242233.5708,0
242358.1204,4389.702800000028
242478.47950000002,0
242573.1201,5452.522800000006
242901.6543,0
243160.6216,0
243380.25699999998,0
243591.7983,224.66049999999814
243747.8779,0
243772.0481,0
243881.6703,0
243975.2845,3745.5174000000115
244152.0773,0
244215.0816,0
244288.3882,0
244366.3031,0
244387.05322,0
244586.256,0
245220.8873,0
245269.2809,0
245462.6782,0
245470.6833,0
245600.5392,0
245715.2942,0
245908.6599,0
245946.5895,0
246047.3116,612.2711999999883
246113.8896,0
246209.0701,0
246236.267,0
246294.71006,0
246516.6566,0
246668.4614,3766.4435999999987
246826.8115,5649.321100000001
246867.3172,0
247138.7903,0
247141.0449,0
247220.6638,0
247593.63569999998,0
247898.1375,0
248127.9904,0
248479.5637,0
248546.7845,0
248629.6031,1274.8882999999914
248865.8518,0
249120.9049,2529.968900000007
249447.0657,0
249544.7739,0
249630.5918,6596.73119999998
249792.366,0
249854.837,9640.23079999999
249957.8327,0
249988.3757,0
250002.8019,0
250057.5985,0
250109.8485,0
250866.8611,0
251151.7762,0
251589.64909999998,0
251623.3876,1363.7860999999975
251660.0024,0
251839.5056,0
251878.0814,10791.088199999998
251905.8355,0
251948.02182,0
252050.245,0
252110.7929,0
252168.5094,0
252272.2124,2816.4214999999967
252398.2628,0
252644.8942,0
252652.831,0
252798.1287,0
252824.2251,102.56870000000345
252826.6458,0
253136.7894,0
253728.95010000002,0
253852.2776,0
253871.5178,0
254272.1726,0
254410.3352,0
254670.7177,0
254682.6611,0
254807.8809,3468.9339000000036
255324.5036,0
255449.9826,0
255452.61849999998,0
255468.9895,0
255571.3525,2400.7921999999962
255589.0222,0
255681.8332,2206.4678999999887
255858.5493,0
255936.5553,1060.09580000001
256018.062,0
256198.0804,0
256229.0459,0
256282.0507,16936.116100000014
256689.7683,2592.2832000000053
256739.73930000002,0
256767.2522,0
256826.43420000002,0
256850.64429999999,0
256887.1811,0
256939.6092,0
257150.9096,0
257249.2388,0
257446.6172,1535.9616000000096
257747.3648,1399.795300000027
257768.1415,0
257783.3991,0
257811.4054,0
258079.46899999998,0
258291.358,0
258433.836,0
258452.07338333334,0
258736.9382,0
258845.9765,0
259087.8436,0
259135.6068,306.4774000000034
259175.084,0
259185.7058,3661.0959999999905
259238.4649,0
259243.754,230.03139999997802
259245.511,3182.847999999998
259333.1835,7094.773200000025
259582.7403,7196.346300000005
259683.83111666667,0
259721.5413,14429.276299999998
259786.101,0
259793.997,0
259883.7009,18.027600000001257
260387.9026,971.3465999999898
260456.3451,0
260740.2799,6254.6202999999805
260757.17369999998,0
260824.0809,7684.808099999995
260950.75569999998,0
261149.5467,10014.892099999997
261184.1013,0
261604.0313,0
261691.1025,3124.334600000002
261952.352,0
262140.2847,0
262281.3665,3255.2369999999937
262339.5638,0
262350.4679,0
262456.3378,0
262471.551975,0
262617.6854,2969.810200000007
262698.3664,0
262767.7835,0
262886.8058,0
262899.305,0
262981.4497,0
263144.609,0
263207.4162,8196.523099999991
263239.2744,1992.2969999999914
263717.31440000003,0
263823.3851,6361.589100000012
263842.6497,0
264483.22620000003,0
264650.4834,0
264732.6345,0
264780.49439999997,0
265249.8213,1635.3790000000154
265323.3697,0
265681.4754,1763.0295000000042
265896.6752,0
266295.4565,0
266593.6439,0
266594.68570000003,0
266771.6266,0
267059.6662,0
267321.6997,855.4309999999823
267357.9953,252.0268999999971
267857.4207,7835.277000000002
267868.4517,5237.692899999965
267918.018,0
268010.4151,0
268057.9866,14142.427200000006
268142.8921,0
268322.1631,12061.006300000008
268341.15,0
268745.115,0
269199.8483,6252.139200000034
269231.6896,15039.423299999966
269327.697,1813.0422999999719
270126.4525,8438.405700000003
270345.9096,2640.1207000000286
270435.7543,1985.9204999999492
270470.9654,0
270550.11699999997,0
270666.8485,3107.1803000000073
271116.3671,18420.84029999998
271204.2682,8262.316599999962
271272.9269,8793.389800000004
271664.3925,4970.670500000007
271766.0294,8685.424400000018
271775.2889,3051.93670000002
271846.2713,6167.0384000000195
271856.6277,16259.671800000011
271869.89191666665,0
271944.3947,8952.818000000028
272060.6845,13630.736199999985
272476.1852,0
272628.5844,13089.012699999992
272854.5885,5519.574399999983
273039.1254,0
273286.445,6938.2353
273347.5761,16078.949499999988
273463.3462,8110.300700000022
273467.793,10077.264000000025
273609.3794,4581.71649999998
273817.2927,7250.884900000005
274046.9672,4208.012300000002
274147.782,4436.879599999986
274352.1491,16345.06799999997
274386.111,0
274404.8219,5781.475899999961
274423.3785,19651.434899999993
274676.0273,7536.776799999992
275027.8623,4266.972299999965
275068.8424,5361.2517000000225
275261.4504,0
275401.3476,3910.0333999999566
275560.7553,6777.596300000034
275741.61,4274.018400000001
275774.7533,3614.4674999999697
276059.6394,9098.76059999998
276421.0697,12437.610600000015
276499.743,0
276646.9086,3531.8861000000616
276798.5903,11679.48119999998
276811.46270000003,0
277001.1356,4426.20769999997
277072.4435,10937.648699999962
277200.1229,5149.714199999988
277233.6556,0
277354.3136,3399.424699999974
277379.672,26389.380600000033
277488.9561,9525.821999999986
277620.7354,8529.746400000004
277692.7808,12175.303899999999
277778.0262,9525.548100000015
278271.1023,7138.354600000021
278665.1939,3640.343200000003
278671.1677,10029.425999999978
278761.604,5610.4216000000015
279250.698,14837.669599999965
279262.7252,3955.1244999999763
279661.7866,15495.925099999993
279857.7219,5674.389000000025
279986.3487,6759.473999999987
280452.089,5049.915999999968
280889.0851,6503.753000000026
281027.1491,7771.272499999963
281235.3033,10334.661200000031
281381.72,8010.2179999999935
281406.4341,7078.896600000036
281665.5582,7034.90360000002
281887.3373,0
281922.3198,5942.85129999998
282030.6723,0
282233.3554,5397.043200000015
282291.8867,9721.736600000004
282729.0711,16789.074599999993
282755.3581,13919.344900000026
283128.6602,6397.441099999996
283388.268,0
283475.7287,9889.475199999986
283608.9561,0
283619.7958,16200.842200000014
283771.8688,7817.664199999999
284539.3999,6476.144499999995
284608.9308,11815.701000000001
284679.2937,5847.837100000004
285058.9158,11948.998300000036
285096.2316,16629.0257
285118.6883,13904.680299999949
285190.7783,16274.038
285262.5828,6470.98609999998
285278.3879,7036.463199999998
285522.7711,20231.069499999983
285523.8848,11529.25589999999
285755.354,8923.858000000007
285844.7897,7141.608200000017
286000.7395,0
286012.1437,0
286297.0055,10543.848500000022
286492.2196,11022.553600000043
286546.6678,10559.005599999975
286611.1512,4482.054700000037
286785.5844,10155.103599999973
286960.7984,7997.469199999992
287089.6497,0
287153.5992,6766.8208999999915
287352.476,12459.151125000033
287509.3675,13888.62890000001
287874.9666,12394.279099999985
288041.4832,7313.834499999997
288069.707,0
288155.9449,6843.549699999974
288184.5492,11340.02370000002
288185.9989,12386.724400000006
288598.2366,7349.656699999992
288740.8057,8754.442299999995
288973.065,8575.738200000022
289301.4927,7878.98119999998
289380.7516,17016.236900000018
289780.5351,8875.88539999997
290102.9374,5427.420700000017
290321.1854,14453.097000000009
290338.8707,6580.3767000000225
290500.3881,7317.068299999984
290603.3244,22021.15889999998
290757.1142,13898.371299999999
290972.8652,10731.771899999992
291222.2466,0
291323.8487,12642.579099999974
291381.0882,5672.338500000013
291476.8115,5667.818700000003
291617.8908,6305.08269999997
291799.2345,5163.362699999998
292115.7358,11111.5772
292415.7389,6029.6872999999905
292871.2209,9188.98450000002
292959.3398,0
293141.9188,10438.388299999991
293186.4653,5381.911599999992
293236.1417,8627.037499999977
293236.4155,23912.408200000005
293290.0535,13155.479299999948
293498.412,23270.200700000045
293722.1836,5581.665099999984
294002.5831,5775.72729999997
294138.1501,10264.276100000017
294205.5922,17646.7181
294391.5989,11668.019499999995
294843.9815,15880.385200000019
295128.99,9532.520000000019
295239.4627,8640.23669999995
295782.495,9210.866800000018
295830.123,7456.7753000000375
295854.0148,37285.91070000001
296068.4784,24611.42220000003
296314.5463,9271.456599999976
296346.3914,6957.41650000005
296912.9224,15841.52039999998
297151.6376,3517.628000000026
297221.516,20354.78470000002
297259.2847,8303.078000000038
297828.0321,17376.679400000023
297892.977,8422.170199999993
297927.9833,21132.90480000002
298297.6293,18798.020499999984
298426.9986,11896.473500000022
298440.8939,15834.261600000027
298534.55,7602.266999999993
298602.1413,8655.857900000003
298777.5371,8726.381960000028
298856.1083,8938.73920000001
298872.5402,10431.7733
299022.4815,25715.79720000003
299139.9765,8798.2267
299289.9796,8456.915399999998
299547.1472,23184.791599999997
299805.2443,13739.74040000001
299842.9313,20878.61499999999
299877.1352,24807.250800000038
300086.1717,8251.291100000031
300121.3636,900.2405000000144
300126.6326,0
300183.8047,14121.085899999947
300317.5051,8487.217200000014
300341.1146,25270.11459999997
300349.788,9092.166299999983
300842.1851,13045.05249999999
301010.8462,3248.1373000000603
301308.9966,15782.482900000003
301324.6086,19341.8076
301367.9488,12454.367100000032
301600.9294,15238.339700000011
302133.4505,15428.446199999948
302245.0602,2717.2514000000083
302304.3882,12884.582999999984
302362.1869,0
302411.888,13813.599799999967
302419.8104,16227.395500000042
302445.6338,7277.400399999984
302561.5338,10175.094500000007
302798.3636,22359.415899999964
302844.2785,11400.450000000012
302915.3512,12202.823199999984
302919.384,17200.18060000002
303134.9955,11303.935300000012
303187.8684,15417.669899999979
303347.4038,10749.066200000001
303799.6226,10581.926800000016
303938.7016,14617.997099999979
304098.2172,11358.633600000001
304141.5617,0
304928.1714,13064.463199999998
305129.507,15375.115300000005
305567.56200000003,0
305588.8235,11340.618300000031
305630.6157,11111.63036000001
305710.1338,11754.055099999998
305940.0149,19077.382099999988
306445.8042,0
306846.246,0
307170.1748,29694.704599999997
307292.4767,14079.324900000007
307682.4114,12588.475999999966
307724.5538,18064.499699999986
307848.9313,15706.224600000016
307893.2507,15268.12149999995
308023.1626,16975.565399999963
308108.3463,16239.118599999987
308164.5042,16903.780300000042
308237.5321,5263.325400000031
308348.0281,12894.17339999997
308426.4329,0
308525.6756,18185.1559666667
308588.4812,21306.264999999956
308645.0636,12265.855500000005
308902.9254,0
308940.3651,20424.604300000006
309078.1355,14478.207399999956
309159.0072,12452.717200000014
309264.368,19617.362599999993
309666.1359,0
309692.3546,0
309711.997,18146.248199999973
309870.2378,19977.756500000018
309990.4091,0
310337.6949,12823.767300000007
310373.1902,30584.679300000018
310619.6703,14501.086899999995
310969.9655,12582.431700000016
311103.555,19719.424500000023
311107.7673,19754.888600000006
311251.4417,14163.22980000003
311295.4903,13546.025000000023
311324.4657,16406.53840000002
311514.5836,15184.066500000015
311554.2884,19050.146400000027
311749.1608,0
311809.6722,17308.528499999957
311991.23,13928.958899999969
312352.4259,22426.03819999995
312434.1457,18965.46100000001
312484.99,12771.32309999998
312519.6474,17123.073300000047
312562.2064,18104.067700000014
312770.7965,15523.04859999998
312802.4318,20945.95140000002
313003.4455,22736.31429999997
313076.537,18388.2022
313641.8999,12434.298999999999
313746.3922,0
313837.1418,0
313987.8573,12247.86009999999
314034.8108,3476.4135999999708
314426.5718,18405.46629999997
314537.1009,13293.079300000041
314887.097,12132.540199999989
314980.1081,15192.625600000028
315029.0409,19752.595900000015
315136.6083,28020.404400000058
315280.9718,12494.320100000012
315370.0411,0
315465.1773,14359.854999999981
315520.2528,14479.91630000004
315630.8373,25172.481900000013
315687.9894,17681.583000000042
315728.4811,13698.243199999968
315741.1094,16384.09110000002
316164.2804,12366.921700000006
316169.1958,20443.582200000004
316383.259,10263.415800000017
316469.7842,0
316479.5789,0
316529.96869999997,0
316877.5051,16714.384499999986
316937.4451,11323.06229999999
316973.2183,15171.521699999983
317074.9907,0
317225.955,0
317288.2995,24063.894900000014
317432.2886,18910.149800000014
317516.3403,15156.353100000008
317688.3869,9076.912899999996
317799.0262,11640.435400000017
318462.92,21862.390799999994
318465.1318,0
318586.1254,24606.27190000005
318773.426,18360.683499999985
318786.7297,3456.2951000000467
318799.7588,23059.99946666666
318983.152,12817.003599999996
318990.1656,14574.454466666677
319192.3412,18157.90730000002
319284.4332,19716.844300000055
319364.9446,13583.465399999986
319376.243,16933.300600000017
319392.1035,11096.424500000023
319597.7805,23674.067099999986
319648.6646,9940.641300000018
319730.03,10283.193900000013
319818.9563,0
319932.2135,11067.043999999994
320116.985,13985.635699999984
320163.6455,11686.133399999992
320324.5512,29624.41830000002
320354.9818,11745.760300000024
320402.5074,14193.997199999983
320414.8584,8489.483400000026
320447.146,21155.747499999998
320486.0023,14297.027200000011
320810.4344,19814.249900000053
320971.4818,25950.160800000012
321017.2796,19612.30369999999
321166.5024,14874.060300000012
321335.5238,20906.13200000004
321415.4122,16974.146600000036
321418.1171,8775.917399999977
321440.30700000003,0
321646.2478,12706.94676666666
321692.2929,23617.836100000015
321779.0501,0
321870.2025,29039.447199999995
321913.2968,11656.138800000015
322025.0863,18462.819799999997
322208.895,12236.315400000021
322598.8972,17887.694300000032
322602.5396,11997.543600000034
322668.491,8858.0401333333
322686.3819,11971.852499999979
322786.596,20251.194699999993
322887.5267,13002.327099999995
322953.3142,0
323003.77,5687.964299999992
323084.8494,12308.698800000013
323098.9112,11750.885899999994
323136.9179,26888.22490000003
323148.7427,5343.832600000023
323362.0176,4239.475300000049
323449.4755,12789.918200000015
323675.7722,8331.516999999993
323779.347,11594.686975000019
323784.714,1836.8148999999976
323827.1833,9209.151399999973
324049.4176,8557.055799999973
324071.9297,16450.785799999954
324101.056,33275.60745999997
324480.6531,10930.164600000018
324679.5392,20602.8591
324889.1999,27216.664300000004
324950.4043,5485.355199999991
325179.5331,5679.806900000025
325394.0621,0
325395.6411,4759.361499999999
325561.9754,5337.741900000023
325868.1573,6779.7435000000405
326085.2902,33355.94549999997
326193.2578,2545.443800000008
326209.0655,18743.24350000004
326282.7196,12288.037500000035
326452.333,3256.6823999999906
326483.2354,0
326483.9062,2280.5703000000212
326505.5727,21300.32500000001
326521.9035,1928.9568999999901
326572.9604,3859.252899999963
326606.288,13144.651499999978
326676.7596,7737.132500000007
326872.9952,0
326900.0523,2746.654099999985
327120.3075,1347.0028999999631
327861.6087,3995.9223999999813
327942.2482,16499.310999999987
328281.5805,2110.126099999994
328586.8325,15193.421700000006
329078.4418,3174.06879999995
329128.5907,7576.473799999978
329191.7694,24651.33010000002
329773.0347,2267.146400000027
329833.6448,0
329857.7761,3340.342800000042
329889.2348,35028.92229999998
329949.3424,2461.8401000000304
330031.7211,5951.603200000012
330544.8153,0
330561.1484,8745.26000000001
330627.6482,10848.722799999989
330698.6911,19871.816700000025
330936.9908,3264.8154000000213
331303.6176,4166.170500000007
331385.154,15610.235999999975
331469.6283,16770.718799999973
331707.6045,17379.917600000044
331755.8098,5071.35149999999
331806.8795,2206.986600000004
331838.3022,1344.1471999999485
332003.6987,20449.87050000002
332055.1995,34185.614
332099.855,4026.3911999999546
332155.2955,4732.528900000034
332169.838,15235.802399999986
332247.5461,3788.1998999999487
332300.224,11154.171999999962
332496.7389,0
332531.0958,8977.608000000007
332541.8445,12290.810200000007
332653.0913,7980.540999999968
332707.0485,8904.716099999961
332758.9508,6458.135699999984
333038.2031,28314.90950000001
333192.2535,12575.992700000003
333252.9525,2306.632500000007
333647.5118,927.8139999999548
333790.1299,0
334141.3537,2813.714399999997
334198.0557,16454.407200000016
334216.0049,26944.517099999997
334283.8576,3539.5802999999723
334430.7741,5861.599400000006
334511.9983,2298.8224000000046
334748.2558,0
334952.9832,0
335151.303,2256.809500000032
335793.352,32836.22470000002
335867.1581,0
335948.6967,0
336020.8363,17030.022400000016
336232.6367,10185.036499999987
336519.4087,1067.4620000000577
336641.4554,2991.285199999984
336892.2909,9177.91650000005
336910.3223,8435.119599999976
336934.5369,755.4023000000161
337132.1691,3156.6909999999916
337343.3743,1561.2087000000174
337413.9742,0
337526.5538,4135.751899999974
337642.3634,7806.543000000005
337719.7664,20724.877000000037
337807.5436,0
337869.0854,2364.0444000000134
337987.5022,28090.892200000002
338037.6761,0
338053.43319999997,0
338110.5849,4194.257800000021
338266.7545,0
338448.301,9259.326499999966
338666.3673,8504.40830000001
338704.2889,3297.3652
338809.8291,0
338905.9916,13160.174500000023
338926.8411,0
339102.03,0
339255.0149,3284.7615000000224
339437.8399,2320.889200000034
339717.1544,804.984300000011
340102.1232,1627.8490999999922
340126.2816,7877.534199999995
340352.4506,105.60529999999562
340544.2341,12105.065300000017
340815.9536,2615.5320000000065
341020.9918,2305.6717000000062
341036.8189,18959.49940000003
341080.584,3009.309499999974
341135.2161,0
341221.8451,14700.771899999992
341356.3701,0
341366.4733,8816.216400000034
341503.1118,0
341602.3546,2067.011600000027
341672.6567,0
341688.131,8711.397500000021
341863.487,1284.724199999997
342200.2954,11647.5527
342323.9993,7946.6810000000405
342417.8596,0
342530.4303,2249.0335000000196
342901.4441,1232.7344000000157
342988.2265,0
343115.5138,3432.22980000003
343121.376,9005.40479999996
343330.238,13272.693100000033
343342.3935,0
343396.9181,16669.02799999999
343484.5595,9790.745599999966
343744.8881,8200.780399999989
343936.6252,0
344206.5081,0
344210.725,0
344218.7666,2083.5858999999473
344259.6071,6923.677400000044
344553.5831,0
344681.407,0
344817.8623,1270.4358999999822
344902.1641,7409.043999999994
345486.2973,18100.52019999997
345602.0447,1546.7630000000354
345722.2517,7289.853000000003
345732.5522,0
345874.3524,0
346027.7817,20687.933166666655
346037.774,10183.898799999966
346518.2662,4334.494899999991
346650.1747,1433.5647999999928
346693.1347,1197.3727000000072
346788.2616,11466.11380000005
347110.6914,5785.246933333343
347277.3819,0
347657.6892,11508.70240000001
347802.6179,7419.488500000036
347853.8268,1892.7845999999554
348086.83212,0
348348.8995,0
348670.61950000003,0
348672.2924,3177.7849999999744
348681.7507,3859.99649999995
348750.115,22888.64500000002
348818.4646,2739.6919000000344
348855.603,1638.3581000000122
349002.1774,2018.3862999999546
349006.2774,17838.668999999994
349222.6881,3506.3995000000577
349482.3219,36510.32129999995
349515.6822,3210.626199999999
350017.7195,0
350179.8445,0
350772.241,8374.26139999996
350903.6638,3380.831199999957
350959.7754,4031.8575999999885
351050.714,7835.583799999964
351120.5963,10945.191799999971
351275.5102,3978.2574000000022
351399.3186,0
351505.4728,2041.531799999997
351517.3019,9295.319799999997
351524.329,8646.202300000004
351671.0377,3687.8080999999656
351766.4007,0
351990.0307,39120.130999999994
352128.1435,5608.7961999999825
352236.5629,12546.686800000025
352272.0257,4712.980800000019
352379.4748,7421.794200000004
352382.2363,7880.204299999983
352589.6972,7264.469199999992
352613.2564,5542.144200000039
352916.7582,1530.114499999967
353366.6428,23015.9265
353524.5175,0
353792.4928,12041.798400000029
354112.8394,4829.5934000000125
354147.7169,0
354341.9055,6027.150599999994
354402.9265,5242.131699999969
354529.141,6347.8842000000295
354567.2118,15937.25549999997
354586.803,9404.4816
354740.0074,0
354977.8868,0
355022.3153,7138.04230000003
355224.4563,8393.188200000033
355238.3864,6343.927800000005
355246.6348,4481.478300000017
355283.6078,0
355545.0541,30.43540000001667
355700.3636,4750.887099999993
355805.0016,5806.988500000036
356023.4958,4956.715700000001
356102.9382,9763.097099999955
356125.4786,2580.0865999999805
356401.4165,796.0520333333407
356589.9304,13821.634980000032
356920.5901,14107.683099999966
357022.2626,5018.47490000003
357170.8043,3545.6851000000024
357457.9661,9904.680900000036
357562.7018,4476.901499999978
358280.6378,6068.568900000013
358744.0856,5130.302099999972
358884.678,18554.140599999984
359109.6387,7716.423699999985
359297.4678,5162.118499999982
360360.2439,13243.697900000028
360470.4864,9294.151000000013
360660.2319,17942.388200000045
360791.9181,8541.575899999996
360829.6055,7356.082700000028
360841.6611,7419.201800000039
360939.5576,5933.587433333334
361118.8066,5853.585699999996
361213.5232,8822.327700000023
361628.3957,12739.73179999995
362092.3893,15680.08269999997
362279.2306,21483.9412
362663.7165,6966.71239999996
362700.8072,6017.872700000007
363020.6225,4712.34149999998
363363.7198,4917.798200000019
363419.7034,9823.541100000031
363444.1205,8738.350200000044
363644.6336,16505.70419999998
363837.9593,6151.845700000005
363953.9596,9442.962999999989
364092.9882,13342.015100000019
364099.1425,16854.65240000002
364177.6798,13681.424899999984
364263.3562,13179.089600000007
364526.0956,5005.8968999999925
364878.2383,12180.099300000002
365029.8158,19467.050199999998
365276.5636,6101.421099999978
365503.368,5462.6258999999845
365691.364,6434.372099999979
365740.5391,16873.101800000004
365874.2646,11518.268099999987
365983.3086,7087.542099999962
366057.9512,7912.435400000017
366166.3458,6092.371800000023
366588.1975,7132.941200000001
366590.7268,21464.646400000027
366905.2778,18373.33409999998
366995.6422,21355.25880000001
367114.4393,8037.655100000033
367427.0248,10778.895200000028
367512.5321,5636.067299999995
367672.6096,12358.218700000027
367838.2817,18216.64559999999
368001.5074,22884.582599999965
368184.6423,8400.636400000018
368561.9871,10453.084700000007
368612.8466,8266.249699999986
369282.7685,6478.124699999986
369481.0302,18741.610399999947
370045.3825,10246.252099999983
370053.7045,13841.46590000001
370098.3227,10437.693599999999
370224.0161,7820.405299999984
370345.4751,30961.347699999984
370815.3324,20289.67300000001
371344.3667,11622.504599999986
371421.5438,15788.417599999986
371585.4835,8550.886299999955
371714.2343,21978.544600000023
371730.7053,13634.7316
372001.7916,12415.472100000014
372276.2213,10321.380000000005
372460.7165,15880.824599999993
372633.6991,10351.37420000002
372760.6275,14897.29800000001
372784.2587,13289.008550000028
372853.5454,8382.5245
373143.1652,8698.109999999986
373198.5035,11860.713699999964
373614.0162,8188.907200000016
373654.5621,18738.647499999963
373944.4966,9649.285299999989
374043.6529,9961.767699999968
374241.0039,8161.487900000007
374254.918,8834.6066
374271.4772,12181.089800000016
374484.4273,9787.487999999954
374667.0032,9803.103299999959
374790.4375,7621.267800000031
374818.5432,7529.963900000032
375047.1724,13737.791999999958
375110.9359,16876.163100000005
375305.4143,11334.069200000027
375307.784,15427.076399999962
375579.8905,7410.659599999955
375855.7713,12117.857266666717
375995.8637,7630.741399999999
376305.7849,11385.058100000024
376487.6372,10856.166900000011
376612.1884,16907.835900000005
376875.3502,15998.410999999964
376948.2064,12728.695600000035
377225.4933,8771.020699999994
377727.4664,15311.883299999987
377768.1886,28321.958866666653
377972.5224,19839.139599999995
377974.1578,12993.712899999984
378086.8012,8303.528799999971
378111.7363,10687.858699999982
378264.2099,9025.526000000013
378584.0434,7824.767500000016
379105.8873,11686.792599999986
379427.9038,10979.042799999937
379547.7744,13832.400000000023
379584.6197,8184.562899999961
379591.2108,12908.70240000001
379636.075,14940.954200000037
379706.6531,17966.559699999983
379825.0672,12211.084800000011
379863.524,8486.751099999994
379898.4886,12351.529700000014
379906.3711,8078.945300000021
380025.1659,17672.65850000002
380057.7727,515.4526999999653
380183.9198,9575.37069999997
380285.3852,10243.846300000034
380521.2425,14910.222299999965
380820.7019,7611.941899999976
380978.5559,9317.944900000002
381293.8335,3673.5412999999826
381705.2422,9981.396099999954
381717.1797,3543.300733333337
381768.2117,274.37099999998463
381910.6439,5975.2033999999985
381922.8158,8998.999099999957
382089.6775,19471.971499999985
382391.3988,25944.741800000018
382579.5972,8681.731499999994
382620.7222,12955.058740000008
382804.0696,12656.506599999964
382856.6063,19425.953099999984
383122.9377,23156.47980000003
383330.5631,9464.11560000002
383416.844,22225.151799999992
383511.4052,3744.7366999999504
383781.7516,626.5411000000313
383824.8917,22285.34129999997
383902.2862,8137.148959999962
383934.5926,7931.379899999942
383947.0118,14489.604599999962
384086.3703,18978.21120000002
384395.9719,0
384662.3034,18026.530099999974
384722.1878,9369.848600000027
385193.413,15515.649800000014
385376.6599,10527.749700000044
386258.9842,24173.383199999982
386306.7968,2593.774000000034
386349.4193,9078.9718
386490.6485,0
386848.8368,29801.65479999996
387146.0776,2923.6941600000137
387193.4641,35461.2451
387197.599,32256.13149999996
387200.2425,14501.5956
387262.2309,11628.242200000037
387345.3543,12702.449399999983
387453.3763,16766.136999999988
387666.3004,13920.264200000034
387848.6898,24547.33859999996
387869.9034,10021.686300000001
388102.9131,7599.964700000011
388136.4185,11592.218100000056
388247.1164,18224.622499999998
388604.7351,9587.442875000008
388888.9033,12796.609799999977
388966.492,17633.203900000022
389350.3009,17257.792799999996
389386.2508,14332.623399999982
389581.4926,11583.620400000014
389778.6896,8639.301099999982
389955.0003,25043.694799999997
390133.1495,9454.736900000018
390480.3231,942.6900000000023
390751.761,12533.48509999999
390900.2516,21200.141300000018
390993.2007,10021.35639999999
391346.4234,9169.20650000003
391412.703,12517.74669999996
392019.6666,10979.40869999997
392137.7946,12318.896000000008
392193.2107,11503.685300000012
392281.3259,10091.781099999964
392349.143,8371.427099999972
392396.3743,24147.954000000027
392677.2747,11547.017400000012
392739.6354,2319.77290000004
392774.6598,27563.33720000001
392846.7349,0
393110.4468,18511.460999999952
393116.5282,2725.7441250000265
393525.6346,30879.171899999958
393534.0956,15178.858999999997
393574.4834,30469.939899999998
393646.2642,18190.88260000001
393703.5336,9799.592500000028
393723.8775,10752.661000000022
393781.6213,11725.608799999987
393801.1246,23214.321799999976
393871.4484,24441.961299999966
394063.4701,9943.444799999997
394158.1616,17054.526000000013
394463.648,31548.817899999965
394474.8083,4338.073299999989
394573.9549,13848.668999999994
394629.3083,11598.532199999958
394761.2579,7974.201900000044
394842.1893,9588.498700000055
394853.8174,8254.987200000032
394930.6783,17733.450300000026
395022.8913,17996.222300000023
395227.1226,0
395295.7053,15420.658499999961
395640.8472,8993.754019999993
395644.449,15144.480700000015
396254.7523,31441.305799999973
396469.471,116.97000000003027
396718.3563,10818.973499999964
396847.7437,24762.11089999997
397054.6179,10811.704300000041
397168.8247,1600.960000000021
397239.5045,0
397281.6824,16246.266899999988
397553.3494,9926.692099999986
397685.3839,11035.190000000002
397945.585,11541.384100000025
397993.5505,9423.151899999997
398149.2999,13139.03389999998
398252.9389,0
398562.1876,10827.318299999984
398688.1609,0
398739.3934,14160.271499999973
398852.6083,11714.133600000001
398931.7438,0
398944.1833,19036.53449999995
398962.51,893.7256000000052
398987.4556,32504.62459999998
399377.5701,16172.900800000003
399397.2443,11509.51370000001
399634.2196,12366.408400000015
399643.8108,11033.803099999961
399654.6819,0
399767.1787,31211.882799999963
399772.4268,12088.956999999995
399975.8102,11874.741600000008
400082.0476,9922.747999999963
400378.6837,24942.206200000015
400579.7332,12291.449699999997
400614.9931,12352.927000000025
401152.8437,28803.157600000035
401335.5748,10834.520499999984
401600.2325,12127.613499999978
401817.9764,6577.03469999996
401950.227,12739.862300000037
401965.8478,14323.210900000005
402009.0808,12639.021599999978
402196.498,12618.978700000036
402666.0803,22842.14519999997
402684.6972,17370.88030000002
402762.0665,12102.103200000012
402849.6872,40358.941300000006
402997.388,0
403000.477,41861.00760000001
403004.3891,12783.93789999996
403382.3412,12625.152500000026
403482.3521,29696.841000000015
403540.9676,22238.74569999997
403598.2303,17654.756999999983
403664.1291,16374.718600000022
403735.3543,11662.599400000006
403938.0702,16743.841799999995
404084.8185,12581.169500000018
404555.0387,4482.087499999965
404572.726,23830.204600000056
404733.0671,11132.799999999988
404781.4677,34105.26039999997
404941.6629,15090.818900000013
404991.287,13388.242900000012
405160.962,21547.322999999975
405473.2671,21041.516300000018
405524.0132,27310.006999999983
405710.1575,4775.083400000003
405916.921,16217.682799999951
405951.0869,17744.59970000002
406370.6873,622.874049999984
406388.6829,0
406399.732,10110.150500000047
406521.3535,22032.96220000001
406966.3936,17013.07010000001
407031.6839,13859.305500000017
407105.3963,11766.425300000003
407203.909,13528.894899999956
407244.4764,12783.074199999974
407380.209,16641.43239999999
407757.3311,13096.095700000005
407856.1418,12522.908999999985
407966.2065,10649.849699999962
408826.019,16652.58779999998
408855.3467,15180.949800000002
408928.5851,42652.538300000015
408952.1482,15231.560300000012
409000.3888,20395.482075000007
409131.108,13837.062900000019
409631.3495,15486.908824999991
409728.5042,11897.155100000033
409849.6296,19631.7831
409980.632,23791.146799999988
409981.0798,7371.506300000008
410090.9545,18879.11599999998
410282.2621,22409.792000000016
410526.8126,10648.753599999996
410623.1611,7163.972100000014
410665.4472,18910.912399999972
410681.1195,18693.770499999984
411016.2763,8990.627700000012
411022.748,20267.998699999996
411393.6801,24335.8909
411551.3009,22640.357799999998
411732.3773,19225.383900000015
411886.8254,15559.901699999988
412058.1809,15501.655599999998
412076.0345,19620.627600000007
412128.9323,7005.083199999994
412150.8498,2160.801000000036
412179.8472,5939.983500000031
412224.7351,6210.50059999997
412645.849,29096.550600000017
413006.149,7176.7403999999515
413377.4274,17783.92049999995
413403.0159,18107.268900000025
413467.4952,31178.110800000024
413526.5931,7197.779900000023
413584.2628,16013.675800000026
413973.8604,16424.543900000048
414042.6421,7574.381799999974
414142.7417,12783.055900000036
414228.8919,11327.376899999974
414394.0038,17016.410800000012
414452.0623,7329.414300000004
414633.1679,6776.55819999997
415018.2376,6908.304899999988
415090.2852,7727.230099999986
415171.7991,17377.703600000008
415184.0891,8366.561899999972
415398.3834,8229.02919999999
415443.385,5843.097500000033
415537.2023,8254.184300000023
415637.5382,8094.1711999999825
415735.9596,17526.731100000034
415814.5291,14031.896899999992
415915.7302,9054.74079999997
416049.4191,38322.52100000001
416051.1827,26676.00589999999
416231.0303,9198.1483
416379.5036,8171.425500000012
416510.904,8981.761599999969
416610.7112,28516.830799999996
417224.4557,24114.125100000005
417578.1048,8562.373099999968
417666.9173,5078.402899999986
417895.4212,10890.310699999973
418087.8603,12939.032799999986
418157.0971,8925.048600000038
418169.3753,6423.10639999999
418206.9288,38517.55009999999
418490.3961,17687.957700000028
418869.8876,21920.234999999986
419018.6,7737.651499999978
419086.9717,21430.823600000003
419850.0689,5720.871700000018
419928.5323,14939.578800000018
419950.6681,4425.848300000012
419987.0656,9394.238999999943
420376.1024,12875.936899999972
421394.1011,7789.582300000009
421445.2681,11997.60229999997
422127.7303,26310.41889999999
422251.2678,12570.869599999976
422572.3296,18483.26569999999
422742.3297,18054.953500000003
423476.9673,20008.07050000003
423636.2107,6956.5395000000135
424199.0885,8034.0072999999975
424337.3169,17958.14969999995
424384.2162,8180.123900000006
424437.5572,15164.116899999965
424452.266,15451.029700000014
424656.1888,7513.357300000032
424931.1138,6090.359699999972
425109.7409,33721.023199999996
425109.9054,10807.12479999999
425245.3169,14331.889899999951
425314.602,16819.180700000026
425487.5658,7230.667599999986
425529.238,15828.325799999991
425933.356,17060.985199999996
426005.982,8587.808300000033
426014.9983,8687.300899999973
426208.4918,21468.14770000003
426293.7764,9576.76429999998
426313.283,28030.482000000018
426467.4828,12483.542000000016
426652.3091,18616.354700000025
426677.0894,7301.975600000005
426855.1675,7349.074199999974
427122.2397,18091.684899999993
427309.9675,8455.016200000013
427462.0263,11561.762199999997
427509.7364,8982.923999999999
427518.353,10561.1005
427600.5252,5868.19379999995
427792.1725,16974.09029999998
427878.8509,7743.85970000003
427895.4725,8373.149999999965
427962.2386,20857.327099999995
427983.9114,19545.387199999997
428158.1491,7872.77589999995
428292.8992,8672.170899999968
428541.1001,8578.866499999946
429335.2007,7260.125699999975
429595.3247,18990.309400000027
430093.5944,5394.716200000024
430347.0645,8957.192899999965
431040.5516,13183.524700000009
431044.7153,13405.472899999993
431294.383,23557.33619999996
431562.1042,7984.097533333348
431597.5121,11457.901799999992
431714.7254,10064.47119999997
431784.628,17473.902000000002
432082.1309,13093.174799999979
432092.4936,13795.5294
432240.5466,22457.166399999987
432477.0865,11003.424099999946
432523.7941,36158.27620000002
432863.6328,20155.381500000018
432980.4812,9837.612299999979
433114.3888,9070.322700000019
433234.6925,8555.31150000001
433393.0578,16801.113500000036
433808.8745,11092.664099999995
433872.0571,20735.43359999999
434404.8984,10190.51860000001
434406.8686,15380.877500000002
434492.8254,12283.39129999996
434607.7636,17645.077899999975
434642.8858,9999.18300000002
434720.1152,10880.602699999989
435315.1853,11329.457500000019
435315.5759,9511.33990000002
435648.1022,13645.263880000042
435685.6599,14727.071200000006
436038.7085,9769.687800000014
436054.2135,9418.733300000022
436088.1324,9837.314200000023
436375.6302,10817.092000000004
436732.9133,11921.634250000003
436770.5886,13486.397200000007
436778.8488,12174.477499999979
436857.9206,12297.952800000028
437112.4633,10344.046499999997
437117.9021,9325.027799999982
437286.8561,9380.671899999958
437672.9615,29121.862199999974
437678.3501,10442.030099999974
437684.3237,16917.46179999999
437916.7579,13149.722300000023
438270.4029,15184.01980000001
438384.0221,11755.397200000007
438541.1917,11521.336900000053
438601.7502,12290.548500000034
438634.6642,14526.896499999973
438913.8118,26215.692700000014
439227.236,9834.465799999947
439289.1226,11476.793599999975
439339.8005,14055.606700000004
439429.7332,19965.470100000035
439790.1138,14360.11109999998
439817.4905,11399.860600000015
439856.137,10899.451299999957
439970.1627,9976.184499999974
440036.4849,17383.21529999998
440085.6014,10543.63089999999
440411.5043,26553.031399999978
440424.1982,20772.06390000001
440440.6205,16037.3934
440451.6178,13484.126600000018
440558.5934,0
440658.7775,9516.890600000042
440695.5106,12375.570699999982
440993.0978,16813.483799999987
441010.6214,10612.973799999978
441476.0949,9937.230500000005
441572.9516,11591.977599999984
441805.4303,18010.858400000026
441935.1808,17202.701499999966
441986.7606,19175.77119999996
442522.4541,12721.13029999996
442762.0564,34001.40000000002
443330.5755,19213.75279999996
443533.2401,40142.0159
443609.0064,13064.840000000026
443696.1981,11784.29549999995
444005.9024,12446.522400000016
444446.4216,11768.5772
444619.093,14272.82640000002
444635.5906,22809.935799999977
444659.7435,16154.263199999987
444807.0135,13255.926399999997
444935.0814,14062.727300000028
444949.4413,25471.66749999998
445127.1344,34281.57579999999
445152.4376,19702.491500000004
445781.1028,20091.693499999994
445935.3954,13659.932916666672
445979.1691,12724.627500000002
446188.4061,13833.830600000045
446340.2387,27415.412119999994
446546.4994,22415.929000000004
446644.5273,13670.58230000001
446673.8788,17041.159400000004
446680.4166,13557.588899999973
447163.6241,13474.499100000015
447185.4313,13925.21669999999
447308.2269,16208.028700000024
447532.1739,13857.133700000006
447532.3912,16247.4326
447559.4504,16610.43319999997
447582.5719,12185.34719999996
448513.8957,15049.883099999977
448644.7409,16857.332399999956
448753.5331,15674.869400000025
448767.4048,13004.665600000008
449071.1448,16928.227000000014
449097.1921,18017.081733333296
449255.3882,21048.158200000005
449572.601,16133.72000000003
449579.6981,18033.02589999995
449748.5536,15541.501049999963
449868.412,15972.755999999994
449968.1996,14670.508499999996
450042.4729,17294.275900000008
450131.4872,27328.110299999942
450445.7926,14816.858799999987
450633.651,29911.829599999997
450831.5219,14111.358899999992
450996.0224,15334.639300000039
451245.3524,12126.613599999982
451334.4216,14565.220900000015
451517.3263,23296.917599999986
451613.6919,13343.526899999997
451759.4938,28683.15360000002
451969.1249,13294.261499999964
451984.8892,17789.125499999966
452004.4706,13509.924100000004
452043.4152,28633.406099999964
452043.7311,22181.278499999957
452911.1389,18922.002700000012
