-----Simulation 0-----
172854.2996,0
172874.3929,0
172940.4374,0
173121.7874,0
173127.0823,0
173187.172,0
173189.1215,0
173201.8991,0
173257.1484,0
173412.1108,0
173581.78759999998,0
173892.45870000002,0
173961.8788,0
174059.9262,0
174136.2734,0
174210.1055,0
174342.7336,0
174377.79602,0
174413.957,0
174591.3298,0
174601.9346,0
174704.9253,0
174708.01929999999,0
174848.41629999998,0
175088.1359,0
175139.1276,0
175263.9526,0
175287.23739999998,0
175311.8718,0
175396.2929,0
175415.926,0
175477.3755,0
175520.9175,0
175583.4577,0
175634.5887,0
175694.0784,0
175794.04379999998,0
175814.5914,0
175933.6534,0
176050.9705,0
176261.6194,0
176456.4165,0
176522.7758,0
176570.66999999998,0
176679.5328,0
176723.2858,0
176787.0278,0
176809.7181,0
177126.164,0
177459.176,0
177674.21169999999,0
177928.843,0
177986.6778,0
178295.8353,0
178360.4091,0
178430.2317,0
178524.9088,0
178678.8181,0
178803.4067,0
178871.6898,0
179450.23739999998,0
179770.6775,0
180009.6893,0
180028.6345,0
180197.80533333332,0
180286.1637,0
180333.2414,0
180397.4612,0
180412.8615,0
180552.93959999998,0
180633.4593,0
180683.55109999998,0
180850.79129999998,0
180932.39250000002,0
181040.8595,0
181085.5587,0
181188.1637,0
181410.953075,0
181435.2107,0
181451.6785,0
181499.1036,0
181540.79580000002,0
181548.6869,0
181567.7259,0
181694.6328,0
181764.3151,0
181788.5758,0
181873.0854,0
182283.5333,0
182322.0283,0
182368.0971,0
182462.0019,0
182608.23859999998,0
182732.2152,0
182765.5456,0
182774.7624,0
183174.2737,0
183249.9752,0
183637.91820000001,0
183756.69939999998,0
183767.0782,0
184157.2852,0
184224.86800000002,0
184235.27,0
184588.9864,0
184745.4129,0
184851.2358,0
184906.66950000002,0
184951.275325,0
185364.2282,0
185409.02240000002,0
185458.4364,0
185498.366,0
185547.01,0
185599.5377,0
185629.9601,0
185682.098,0
186285.5231,0
186330.3041,0
186834.7346,0
186986.0251,0
187002.6044,0
187211.63880000002,0
187515.7391,0
187535.8537,0
187539.9752,0
187540.56530000002,0
187579.84,0
187664.5899,0
187941.85869999998,0
188252.1059,0
188530.3031,0
188697.6741,0
188786.1599,0
188991.2763,0
189515.4026,0
189580.6142,0
189586.157,0
189806.7091,0
189825.4205,0
189978.3764,0
190285.9096,0
190382.6007,0
190387.8933,0
190401.8437,0
190613.22710000002,0
190758.0707,0
191136.4148,0
191235.7943,0
191285.97950000002,0
191304.9822,0
191314.2292,0
191467.66700000002,0
191511.9683,0
191566.865,0
191599.0776,0
191838.161,0
191869.64010000002,0
191932.7654,0
192319.902,0
192324.45679999999,0
192584.1448,0
192738.5001,0
192838.6319,0
193006.7673,0
193876.1843,0
194246.9756,0
194327.4214,0
194859.8596,0
194967.9419,0
195623.6937,0
195859.06650000002,0
195932.351,0
195997.3882,0
196026.3028,0
196098.9523,0
196220.08980000002,0
196622.62099999998,0
196687.7562,0
196733.7455,0
196806.9473,0
197030.3039,0
197116.2831,0
197360.67369999998,0
197362.3753,0
197612.97269999998,0
197827.6331,0
197926.28029999998,0
198106.4155,0
198419.3881,0
198543.325,0
198830.8716,0
199201.65899999999,0
199213.0794,0
199377.0508,0
199567.8094,0
199777.8008,0
199864.152,0
199920.4332,0
200087.0311,0
200213.8273,0
200491.0994,0
200516.0508,0
200526.6113,0
200672.5819,0
200836.1442,0
200877.6642,0
201165.9725,0
201167.88559999998,0
201311.4913,0
201365.1515,0
201481.7398,0
201561.8493,0
201744.8286,0
201906.935,0
202450.9198,0
202468.9861,0
202523.5969,0
202549.16314000002,0
202736.4411,0
203033.6574,0
203090.8062,0
203231.657,0
203294.0719,0
203416.4724,0
203484.7555,0
203707.0269,0
203846.6515,0
204167.38569999998,0
204232.303,0
204336.39556666667,0
204598.53696666667,0
204686.20500000002,0
204955.711,0
205196.6833,0
205418.6888,0
205443.49719999998,0
205527.37660000002,0
205948.86729999998,0
206055.19908,0
206224.4659,0
206592.80479999998,0
206703.0135,0
207349.7437,0
207512.1483,0
207525.3628,0
207538.7677,0
207692.7723,0
207714.14870000002,0
207716.7224,0
207742.0149,0
207841.610275,0
208190.88640000002,0
208438.0046,0
208675.502975,0
208750.8961,0
208927.2886,0
208934.30476666667,0
208979.0904,0
209192.533,0
209498.52289999998,0
209634.2637,0
209638.6619,0
209720.1151,0
209743.6924,0
209819.1123,0
209857.2311,0
210012.3424,0
210137.87660000002,0
210427.0028,0
210775.5256,0
210803.8227,0
210831.8166,0
210928.3307,0
211487.9458,0
211689.0277,0
211759.44323333332,0
211777.0612,0
211989.03889999999,0
212244.3308,0
212451.853,0
212486.6258,0
212697.3813,0
212698.1385,0
212795.9225,0
212816.30550000002,0
212873.51698000001,0
212896.2787,0
212897.58323333334,0
212915.73129999998,0
212952.06900000002,0
212978.0588,0
213113.2958,0
213343.4106,0
213443.95823333334,0
213971.57140000002,0
214212.2427,0
214350.66330000001,0
214489.1648,0
214511.7941,0
214521.6838,0
214553.9378,0
214599.7088,0
214666.8566,0
214915.35460000002,0
215122.7319,0
215155.4714,0
215231.8983,0
215246.7579,0
215287.3595,0
215431.6056,0
215581.6874,0
215957.6066,0
216929.7326,0
216948.33049999998,0
216994.5868,0
217042.8511,0
217380.8727,0
217504.3249,0
217520.9276,0
217526.9255,0
217683.8143,0
217693.1887,0
217749.3387,0
217797.693,0
217900.4843,0
217902.64429999999,0
217988.4708,0
218294.7127,0
218397.8413,0
218750.9107,0
218873.41592,0
219246.94936666667,0
219557.5113,0
219669.9615,0
219770.732,0
219829.163,0
220086.9078,0
220457.6954,0
220458.0907,0
220500.4736,0
220562.5575,0
220597.8492,0
221001.119,0
221221.7514,0
221282.0116,0
221343.0553,0
221400.6154,0
221455.7224,0
221531.472,0
221680.823,0
221770.5159,0
221811.2966,0
221839.6149,0
222042.9936,0
222287.9977,0
222297.5484,0
222458.33,0
222529.6816,0
222597.068,0
222615.2759,0
222617.2039,0
223056.0485,0
223130.2444,0
223200.6296,0
223649.0969,0
223737.08825,0
223781.6248,0
223803.1662,0
224195.3317,0
224330.4339,0
224420.926,0
224442.4595,0
224491.608,0
224511.22,0
224599.3737,0
224623.2646,0
224652.9662,0
224721.6323,0
224992.4687,0
225186.7628,0
225242.9296,0
225431.7879,0
225467.0544,0
225633.309,0
225711.68959999998,0
225972.6656,0
226372.49469999998,0
226446.6021,0
226899.11563333333,0
226909.02419999999,0
226933.93961666667,0
227121.04570000002,0
227470.272,0
227509.49725,0
227608.9997,0
227769.3577,0
227781.4141,0
228094.6233,0
228176.2256,0
228196.1728,0
228340.5814,0
228416.9774,0
228519.3618,0
228849.2516,0
228911.899,0
229038.7243,0
229054.9486,0
229059.2135,0
229349.9453,0
229390.1887,0
229525.54690000002,0
229633.7382,0
229658.3315,0
229812.9198,0
230240.06653333333,0
230251.36479999998,0
230340.5325,0
230470.3743,0
230703.418,0
230723.5898,0
230785.408,0
230847.8719,0
230852.8298,0
231154.0566,0
231313.173,0
231770.3488,0
231813.5835,0
231817.0914,0
231989.2114,0
232030.0079,0
232058.4386,0
232173.4773,0
232174.4199,0
233159.72580000001,0
233506.8786,0
233567.5196,0
233610.2219,0
233628.6955,0
233683.28889999999,0
233702.59649999999,0
233747.3833,0
234129.86920000002,0
234655.31,0
235167.4614,0
235491.4138,0
235508.2171,0
235590.95510000002,0
235630.02419999999,0
235947.2371,0
235965.3226,0
236013.14990000002,0
236024.8249,0
236183.1774,0
236201.5308,0
236307.604,0
236400.1702,0
236599.1319,0
236614.7876,0
236946.0234,0
236977.7434,0
237246.948,0
237301.5223,0
237390.65529999998,0
237418.4196,0
237594.5655,0
237929.2925,0
238116.2361,0
238307.6717,0
238715.35830000002,0
239040.2404,0
239075.609925,0
239463.4979,0
239601.0655,0
239602.6569,0
239659.03340000001,0
239806.7943,0
240004.0481,0
240213.6044,0
240400.3279,0
240507.2283,0
240572.6746,0
240587.4853,0
240948.4374,0
240999.1021,0
241172.7805,0
241594.8033,0
241638.6714,0
241662.502,0
241696.6525,0
241950.72090000001,0
242155.3524,0
242348.1495,0
242641.7311,0
242834.2051,0
242910.718,0
243117.842,0
243141.5001,0
243241.7168,0
243283.054,0
243312.3087,0
243523.5997,0
243652.5782,0
244054.780875,0
244583.1407,0
244587.4369,0
244745.5197,0
244814.59470000002,0
244836.4418,0
245130.2035,0
245285.5022,0
245418.868,0
245449.94150000002,0
245638.8055,0
245640.95059999998,0
245699.6258,0
245787.5406,0
245869.0944,0
245882.1969,0
245935.096,0
246039.41389999999,0
246398.0171,0
246471.3246,0
246600.3062,0
246603.7496,0
246822.8432,0
246905.5563,0
246958.00650000002,0
246960.8665,0
247416.4668,0
247487.9463,0
247548.0292,0
247596.9583,0
248857.2972,0
248867.9601,0
249117.5967,0
249154.4336,0
249337.5045,0
249511.9592,0
249572.213,0
249821.9858,0
249861.37,0
249876.4533,0
250041.2061,0
250108.8187,0
250220.18959999998,0
250433.7809,0
250453.3956,0
250814.0873,0
251135.5488,0
251615.521,0
251630.0577,0
251718.83490000002,0
251755.8657,0
251826.395,0
251925.2599,0
251943.7113,0
252071.12829999998,0
252220.9224,0
252268.8211,0
252303.38569999998,0
252360.1062,0
252437.1782,0
252522.0086,0
252733.2449,0
252753.4819,0
252790.5297,0
252897.2698,0
252921.2865,0
253103.4377,0
253210.8811,0
253351.8225,0
253369.3167,0
253406.5976,0
253460.3127,0
253591.4554,0
253629.4786,0
253861.3611,0
253868.4206,0
253929.6782,0
253976.7228,0
254005.9403,0
254245.34889999998,0
254362.27539999998,0
254414.1318,0
254443.3037,0
254475.6827,0
254517.31530000002,0
254564.3353,0
254625.1475,0
254668.0929,0
254807.1132,0
255195.5041,0
255453.1475,0
255486.212,0
255552.3622,0
255839.9399,0
255852.80920000002,0
256019.6103,0
256095.9721,0
256101.9075,0
256160.54369999998,0
256173.0419,0
256183.1579,0
256345.3007,0
256592.8386,0
256786.912,0
256877.12102,0
256986.07140000002,0
257182.8045,0
257287.7469,0
257334.9223,0
257353.1088,0
257458.4937,0
257468.3633,0
257569.28,0
257721.1983,0
257811.7995,0
257952.0523,0
257964.0199,0
258001.8511,0
258034.0032,0
258044.7323,0
258182.3466,0
258336.13809999998,0
258363.1184,0
258428.9671,0
258497.3448,0
258932.8688,0
259137.2181,0
259251.188,0
259428.4159,0
259472.1831,0
259543.5975,0
259832.7674,0
259869.5678,0
259884.6077,0
259911.7493,0
259986.2181,0
260122.7891,0
260300.1129,0
260497.8029,0
260639.51929999999,0
260738.4132,0
260745.4378,0
260793.6428,0
261074.5386,0
261319.0772,0
261325.7784,0
261438.83620000002,0
261520.867,0
261698.8215,0
261719.559,0
261773.2697,0
261815.6787,0
261925.9902,0
262310.8982,0
262326.1801,0
262375.3477,0
262618.3467,0
262868.4586,0
262893.0049,0
262922.2392,0
263043.4407,0
263477.5371,0
263531.4309,0
263555.6787,0
263636.9132,0
263688.65,0
263984.4415,0
264124.5564,0
264151.3161,0
264242.9954,0
264692.8047,0
264707.72665,0
264715.8317,0
264796.8748,0
264841.4265,0
264858.2741,0
264859.1454,0
264936.6202,0
265017.1507,0
265112.55128333333,0
265296.9747,0
265339.0833,0
265345.6475,0
265440.2361,0
265634.2743,0
265637.8468,0
265760.4649,0
266039.00800000003,0
266073.4803,0
266371.0307,0
266406.7894,0
266529.3505,0
266553.7323,0
266564.0403,0
266586.7173,0
266620.7072,0
266732.9964,0
266743.7099,0
266773.7253,0
266879.9953,0
266952.2035,0
267020.7302,0
267039.2162,0
267288.795,0
267290.3166,0
267361.7866,0
267390.7911,0
267738.77760000003,0
267837.3393,0
268088.2528,0
268158.8449,0
268336.9598,0
268489.7959,0
268494.5376,0
268601.0241,0
268603.8426,0
268750.4591,0
268853.664,0
269101.0883,0
269837.5192,0
269906.9171,0
270214.5069,0
270321.06440000003,0
270531.4464,0
270921.4334,0
271042.0261,0
271116.2663,0
271186.55418,0
271219.6414,0
271305.2661,0
271319.5913,0
271375.8281,0
271546.9631,0
271779.6266,0
271798.3408,0
271868.0023,0
271976.9305,0
272151.9341,0
272166.7152,0
272167.9507,0
272208.6314,0
272504.2361,0
272698.0184,0
272744.6708,0
272978.1041,0
273087.969,0
273118.3852,0
273275.056,0
273284.1979,0
273333.48219999997,0
273593.89,0
273633.654,0
273709.1247,0
273783.1154,0
273831.2081,0
274173.419,0
274177.8952,0
274283.10936666664,0
274310.0012,0
274676.7036,0
274732.2317,0
274835.3745,0
274909.8061,0
275014.78489999997,0
275081.1262,0
275190.6608,0
275775.3039,0
275878.004,0
276356.6928,0
276455.9637,0
276495.8201,0
276591.3378,0
276759.4205,0
276776.1675,0
276804.4059,0
276919.7355,0
277286.4061,0
277554.9109,0
277674.9928,0
277773.0927,0
277866.4546,0
277941.9306,0
278108.9568,0
278631.0795,0
278752.912,0
278893.9546,0
278903.3481,0
279232.1509,0
279300.0291,0
279385.4276,0
279444.6167,0
279574.75190000003,0
279687.5449,0
279771.7562,0
279779.646,0
280080.8264,0
280246.2424,0
280906.69539999997,0
281323.38300000003,0
281587.4568,0
281664.9181,0
281691.85349999997,0
281893.99569999997,0
282014.6892,0
282467.0072,0
282555.4083,0
282815.2082,0
282840.6507,0
282890.6111,0
283617.6518,0
283823.7066,0
283851.3733,0
283990.692,0
284295.5119,0
284377.804,0
284585.9196,0
284644.6315,0
284750.06570000004,0
284832.3599,0
284970.415,0
285020.8003,0
285168.5731,0
285361.9755,0
285434.3257,0
285445.922,0
285467.8003,0
285634.9565,0
285774.57649999997,0
285801.5665,0
285946.7484,0
286193.6516,0
286544.5542,0
286649.5104,0
287092.9843,0
287129.7841,0
287131.07458,0
287151.1655,0
287194.0027,0
287621.64280000003,0
287630.6338,0
287673.5922,0
287673.8464,0
287681.8468,0
287772.1933,0
288079.1775,0
288141.9044,0
288436.6263,0
288528.8663,0
288593.8674,0
288852.0402,0
289012.0213,0
289423.2425,0
289667.3566,0
289732.556775,0
289867.9419,0
290055.3169,0
290099.9763,0
290191.3935,0
290315.6324,0
290331.1032,0
290478.3244,0
290534.6754,0
290896.0281,0
290930.1424,0
290945.3177,0
291155.3958,0
291399.8369,0
291455.1977,0
291965.1643,0
292438.8105,0
292639.9095,0
292709.0871,0
292820.2621,0
293035.9148,0
293138.77780000004,0
293311.8802,0
293561.0708,0
293597.2109,0
293641.7497,0
293769.4693,0
293814.3455,0
294274.9915,0
294380.0956,0
294415.37659999996,0
294523.5249,0
294563.4175,0
294844.2349,0
294898.652,0
294947.7109,0
295226.7956,0
295397.4351,0
295427.7533,0
295430.9986,0
295433.736,0
295461.8622,0
295725.45635,0
295741.7864,0
295859.5841,0
296133.3159,0
296226.4608,0
296490.2516,0
296502.4135,0
296641.1869,0
296711.3503,0
297460.1927,0
297480.7832,0
297537.0838,0
297571.672,0
297757.6588,0
298110.3977,0
298217.4758,0
298235.5723,0
298314.939,0
298607.6074,0
298712.849,0
298765.7766,0
298804.0186,0
298808.2081,0
298826.3681,0
298956.424,0
299207.0825,0
299287.7795,0
299455.9723,0
299504.7749,0
299532.8458,0
299537.2686,0
299699.5368,0
299810.11434,0
299987.7024,0
300362.5691,0
300486.6094,0
300553.6941,0
300663.7856,0
300758.43,0
300858.0885,0
300958.4263,0
300986.2221,0
301036.3851,0
301065.0298,0
301070.0402,0
301238.9909,0
301320.57039999997,0
301454.4796,0
301664.17350000003,0
301690.5514,0
301881.895,0
301898.5124,0
302091.9005,0
302129.9595,0
302288.793375,0
302577.4521,0
302691.5557,0
302745.9372,0
303022.4522,0
303136.668,0
303160.6528,0
303408.9261,0
303713.3287,0
303900.2991,0
304039.3676,0
304073.6563,0
304260.60125,0
304277.0767,0
304435.7769,0
304506.7302,0
304568.78859999997,0
304722.9474,0
304808.6202,0
305145.2235,0
305165.9509,0
305358.6363,0
305563.5344,0
305598.3874,0
305642.5331,0
305651.3331,0
305933.7161,0
306051.8435,0
306111.6977,0
306157.0203,0
306177.9163,0
306260.842,0
306305.3663666667,0
306379.7505,0
306767.967,0
306783.2,0
307240.5621,0
307317.926,0
307330.5757,0
307653.4943,0
307730.12679999997,0
307884.8424,0
308048.3822,0
308068.3459,0
308182.2304,0
308457.13063333335,0
308698.8287,0
308716.4677,0
308989.5413,0
309258.7069,0
309282.4948,0
309476.5296,0
309519.671,0
309693.89780000004,0
310418.5377,0
310579.5,0
311199.4542,0
311290.7891,0
311926.5016,0
312717.8588,0
312801.1433,0
312826.5493,0
312919.0791,0
313120.59392,0
313142.9953,0
313299.7980333333,0
313424.46694,0
313901.8935,0
313979.1375,0
314046.0772,0
314205.1497,0
314362.8507,0
314373.9794,0
314638.85970000003,0
314968.4871,0
314973.4561,0
314991.51433333335,0
315358.0604,0
315594.6064,0
315960.62178,0
316370.1252,0
316377.7166,0
316588.7658,0
316898.402,0
316943.49186666665,0
317708.8393,0
317777.38670000003,0
317807.2158,0
317930.0671,0
318212.4985,0
318238.7319,0
318440.5413,0
318658.8425,0
318741.14043333335,0
318754.7495,0
318882.4595,0
318923.03306,0
319578.5579,0
319717.1788,0
319746.2001,0
319799.24069999997,0
319828.3527,0
320301.2597,0
320435.8833,0
320489.8723,0
320665.9108,0
320717.7711,0
321443.1676,0
321640.0193,0
321681.4549,0
321682.1125,0
321739.3468,0
321884.7552,0
321931.60970000003,0
321962.0759,0
322017.1432,0
322099.301,0
322165.4086,0
322555.5636,0
322583.5414,0
322610.7478,0
322620.0412,0
322861.3754,0
322888.9121,0
322964.8704,0
323060.7531,0
323293.7471,0
323309.8103,0
323825.8462,0
323836.3764,0
323917.6842,0
323957.2704,0
324059.6692,0
324072.4095,0
324311.2069,0
324452.88300000003,0
324731.5482,0
324756.8652,0
324879.1372,0
325186.222,0
325189.0665,0
325899.521,0
325927.7186,0
326368.1002666667,0
326460.0729,0
326584.4672,0
326859.2777,0
326949.1907,0
327022.1481,0
327148.1881,0
327408.6259,0
327426.6172,0
327514.1236,0
327634.1912,0
327733.67449999996,0
327968.0832,0
328109.3404,0
328406.1553,0
328427.5272,0
328882.0891,0
328929.2021,0
328979.3725,0
329084.4562,0
329208.4646,0
329232.9453,0
329520.0071,0
329530.8949,0
329600.39029999997,0
329627.1555,0
329788.3335,0
329826.3588,0
329937.2486,0
330061.7209,0
330463.9817,0
330677.6503,0
330823.0905,0
330992.0171,0
331004.2481,0
331256.208,0
331305.275,0
331526.6788,0
331801.0962,0
331836.2096,0
331956.9796,0
332025.2672,0
332260.9938,0
332277.9275,0
332501.2538,0
332526.8404,0
332606.7317,0
332908.6866,0
332909.1764,0
332945.0555,0
333097.5171,0
333244.2198,0
333519.2619,0
333528.8432,0
333604.7215,0
333649.3725,0
333725.0642,0
333768.6241,0
334046.7741,0
334094.9472,0
334311.357,0
334455.6773,0
334820.2822,0
334832.8167,0
334879.7432,0
335336.8915,0
335367.4782,0
335390.6974,0
335708.1034,0
335725.3081,0
335927.2141,0
336004.618,0
336052.1135,0
336253.6571,0
336498.9245,0
336612.0377,0
336831.5681,0
337082.7251,0
337086.2939,0
337268.49199999997,0
337543.1297,0
337726.1169,0
337771.90592,0
338466.1031,0
338476.3797,0
338482.6265,0
338617.8421,0
338691.5714,0
338740.493,0
338742.8354,0
338803.7338,0
338829.1812,0
338858.062,0
339029.5842,0
339063.9685,0
339123.565,0
339153.7106,0
339385.7012,0
339418.0419,0
339492.5112,0
339535.1325,0
339902.76560000004,0
340114.3505,0
340133.9623,0
340244.3688,0
340292.1131,0
340413.3535,0
340425.6647,0
340488.4083,0
340527.7504,0
340719.8,0
340876.6989,0
340913.4544,0
341061.20900000003,0
341247.1678,0
341256.0566,0
341443.2432,0
341443.3129,0
341623.9092333333,0
341665.0417,0
341680.4012,0
341682.2484,0
341901.4308,0
341961.8239,0
342039.3122,0
342070.1297,0
342087.9322,0
342121.72250000003,0
342287.5976,0
342443.24210000003,0
342500.7241,0
342529.3786,0
342544.988,0
342590.2733,0
342965.6827,0
343006.7156,0
343114.7403,0
343151.4137,0
343341.7787,0
343388.6785,0
343557.7117,0
343563.566,0
343575.3863,0
343650.1384,0
344040.7052,0
344054.8413,0
344066.2931,0
344165.2639,0
344177.49218,0
344197.444,0
344200.30449999997,0
344307.25430000003,0
344391.0032,0
344664.7377,0
344889.906,0
344933.5638,0
345113.2646,0
345137.5207,0
345182.6995,0
345330.7273,0
345349.3332,0
345367.5432,0
345403.3627,0
345475.3459,0
345522.1789,0
345934.6939,0
346086.2577,0
346131.2468,0
346142.4506,0
346146.0016,0
346367.3356,0
346576.1038,0
346696.8418,0
346779.3945,0
346971.8005,0
347208.936,0
347558.0417,0
347641.608,0
347655.8581,0
347732.3261,0
347850.4251,0
347911.5958,0
347968.6437,0
347976.2634,0
348137.8811,0
348228.6779,0
348340.0382,0
348469.9012,0
348478.552,0
348884.1673,0
348927.3613,0
348964.8416,0
348991.40989999997,0
349002.2032,0
349114.0457,0
349128.6161,0
349148.5869,0
349251.07779999997,0
349264.1774,0
349416.1463,0
349431.8326,0
349438.7181,0
349511.7265,0
349515.2276,0
349518.4814,0
349767.0507,0
349964.88,0
350123.3982,0
350242.9167,0
350308.6877,0
350414.0707,0
350613.9923,0
350843.929975,0
350881.67590000003,0
351035.5534,0
351073.4096,0
351164.79709999997,0
351448.308,0
351691.5129,0
351698.80480000004,0
351754.2666,0
351988.56070000003,0
352016.0191,0
352017.0841,0
352044.0025,0
352087.3252,0
352305.3345,0
352351.30700000003,0
352463.8593,0
352757.1393,0
352798.249,0
352911.9067,0
353007.8452,0
353203.4414,0
353249.07955,0
353398.6932,0
353830.844125,0
353965.8467,0
354180.8387,0
354399.9784,0
354443.3865,0
354617.3981,0
354632.4054,0
354668.2814,0
354887.733,0
354961.1903,0
355222.2552,0
355236.149,0
355523.7017,0
355582.0908,0
355817.60236666666,0
355976.8247,0
356022.4572,0
356395.9239,0
356553.5392,0
356582.9699,0
356692.8863,0
356719.3408,0
356727.6359,0
356796.532,0
357014.2274,0
357328.5663,0
357354.6406,0
357356.45160000003,0
357727.6143,0
357738.2329,0
358194.01029999997,0
358253.345,0
358493.5739,0
358515.89639999997,0
358530.66980000003,0
358538.71510000003,0
358643.3822,0
359103.3835,0
359136.7133,0
359180.6401,0
359266.8743,0
359272.1155,0
359334.2438,0
359343.5723,0
359409.71770000004,0
359562.8131,0
359621.0605,0
359622.0267,0
359747.468,0
360038.38910000003,0
360038.5255,0
360331.9038,0
360530.3418,0
360967.7924,0
360998.0259,0
361084.0525,0
361213.6507,0
361358.3312,0
361527.0924,0
361566.4862,0
361644.0976,0
361851.4125,0
361926.5619,0
361943.8123,0
362060.1362,0
362085.6877,0
362240.0782,0
362357.2469,0
362482.0179,0
362546.4526,0
362638.2406,0
362765.2276,0
362795.3998,0
363161.43559999997,0
363444.1364,0
363644.3699,0
363873.4805,0
363891.907,0
364034.6225,0
364064.4085,0
364333.7199,0
364355.003,0
364711.3419,0
364725.0201,0
364845.2976,0
364905.6662,0
364908.7744,0
364924.7244,0
365283.5104,0
365473.8275,0
365522.4038,0
365551.6943,0
365610.9951,0
365683.5632,0
365820.7319,0
365884.48,0
365902.9478,0
366196.4697,0
366325.5485,0
366458.440225,0
366501.0128,0
366700.01529999997,0
366967.3144,0
367013.6767,0
367042.0814,0
367099.859,0
367126.7806,0
367169.9821,0
367811.5798,0
367814.0345,0
367953.3433,0
368273.9775,0
368417.0867,0
368721.3929,0
368934.5838,0
369077.4588,0
369383.9587,0
369409.7342,0
369474.5601,0
369578.3293,0
369596.0385,0
369706.35860000004,0
369716.5835,0
369730.9964,0
369819.9623,0
370036.8877,0
370069.9274,0
370130.46499999997,0
370176.96140000003,0
370197.2577,0
370614.4361,0
371005.5544,0
371586.7014,0
371866.6852,0
371892.7529,0
371902.4423,0
371904.4319,0
372002.5537,0
372032.1642,0
372234.0432,0
372376.1535,0
372656.44310000003,0
372975.053,0
373094.9235,0
373106.2059,0
373157.6051,0
373431.2293,0
373446.5267,0
373597.55,0
373948.4147,0
374035.24100000004,0
374049.6766,0
374130.7044,0
374562.33116666664,0
374696.8061,0
374847.8971,0
374877.3232,0
374961.414,0
374998.2411,0
375233.6253,0
375447.1337,0
375526.7026,0
375708.27139999997,0
375759.9928,0
375969.0095,0
376019.8047,0
376135.795,0
376219.4474,0
376251.0852,0
376280.51410000003,0
376507.8074,0
376634.5291,0
376703.7152,0
376711.4169,0
377701.5632,0
377897.46369999996,0
377943.3739,0
377943.61195,0
378009.5413,0
378437.6304,0
378731.8906,0
379188.872,0
379267.59010000003,0
379573.8574,0
379595.019,0
379744.1595,0
380173.4956,0
380338.697,0
380481.4702,0
380821.6596,0
381032.1575,0
381056.8765,0
381339.3976,0
381490.7625,0
381507.6824,0
381517.4336,0
381728.6447,0
381829.4703,0
382007.578,0
382016.9265,0
382024.01910000003,0
382036.09876,0
382102.6678,0
382153.3562,0
382373.7708,0
382413.2006,0
382660.6884,0
382758.0944,0
382758.4189,0
382763.6148,0
383076.2139,0
383298.8135,0
383512.21640000003,0
383556.1476,0
383919.8284,0
384011.388,0
384259.6442,0
384316.3736,0
384507.9302,0
384566.2724,0
384580.498,0
384747.826,0
385335.085,0
385560.3565,0
385857.2702,0
385974.0209,0
386257.4099,0
386397.3313,0
386526.2925,0
386650.7954,0
386943.3389,0
387088.9827,0
387171.1855,0
387531.5309,0
387584.0168,0
388025.9917,0
388088.0942,0
388093.9472,0
388329.6521,0
388469.303,0
388537.7348,0
388727.4462,0
388946.389,0
388975.0268,0
389020.1912,0
389164.6679,0
389798.136,0
390208.6025,0
390232.95629999996,0
390271.0774,0
390324.7723,0
390373.9838,0
390522.9526,0
390588.3836,0
390701.9048,0
390723.5446,0
390859.0131,0
390955.5556,0
390991.2664,0
391199.8134,0
391222.3296,0
391313.9934,0
391417.78359999997,0
391490.8054,0
391607.3653,0
391700.6091,0
391706.8742,0
391866.64890000003,0
391972.8819,0
392558.55819999997,0
392696.2484,0
392805.4176,0
392820.6375,0
392904.1455,0
392915.0416,0
392985.7,0
393714.626,0
393730.83640000003,0
393991.1439,0
394481.0838,0
394958.2907,0
395045.986,0
395067.467,0
395138.06799999997,0
395200.9604,0
395367.2201,0
395394.1965,0
395618.0752,0
395801.9303,0
395891.5305,0
396106.4104,0
396128.026,0
396187.7094,0
396266.493,0
396325.1552,0
396400.7811,0
396465.6508,0
396573.2991,0
396707.4924,0
396723.8097,0
396814.0395,0
396917.65108333336,0
397082.8749,0
397363.65,0
397737.7636,0
398009.41610000003,0
398196.1651,0
398397.0733,0
398748.6188,0
398797.8637,0
399238.9276,0
399429.8982,0
399618.8367,0
399917.80079999997,0
400741.6665,0
401266.1425,0
401883.4514,0
402149.9975,0
402281.1781,0
402597.6047,0
402637.7535,0
402678.3384,0
402870.9415,0
402992.9771,0
402996.9864,0
403217.8371,0
403411.4179,0
404080.3291,0
404196.2247,0
404288.6179,0
404350.46030000004,0
404447.2247,0
404578.2735,0
404585.16993333335,0
404866.6945,0
405014.5634,0
405231.3848,0
405263.9359,0
405609.5131,0
405799.4568,0
405802.7882,0
406062.1949,0
406301.7974,0
406611.8566,0
406692.8279,0
406716.8011,0
406773.3212,0
407007.562,0
407073.007,0
407214.4655,0
407405.3601,0
407507.3431,0
407616.65548333334,0
407617.6033,0
407689.348,0
407891.4247,0
407979.8348,0
408013.2533,0
408075.9681,0
408462.274,0
408505.3505,0
408763.0937,0
408775.3109,0
408902.2092,0
409069.4714,0
409146.2038,0
409277.6952,0
409387.21,0
409509.478,0
409754.1695,0
409945.5014,0
410996.31,0
411109.836,0
411189.0134,0
411789.66615,0
411907.1915,0
411972.0477,0
412022.0224,0
412389.7149,0
412506.8188,0
412704.90020000003,0
412785.09653333336,0
412915.2531,0
413209.0563,0
413374.3052,0
413398.57660000003,0
413515.8223,0
413563.8406,0
414042.0645,0
414180.4562166667,0
414262.5476,0
414270.57420000003,0
414347.5422,0
414406.755,0
414444.9542,0
414558.3665,0
414627.9421,0
414649.2844,0
414657.9119,0
414725.0292,0
414759.7567,0
414852.1267,0
414872.0081,0
414883.1946,0
414918.985,0
415018.1294,0
415105.9747,0
415222.1967,0
415341.7065,0
415566.8888,0
415608.5047,0
415908.03599999996,0
415975.5343,0
416133.6747,0
416149.1413,0
416364.7109,0
416653.28740000003,0
416870.7654,0
416883.2422,0
417107.16370000003,0
417192.6399,0
417557.37056,0
417560.1076,0
417804.20530000003,0
417912.5772,0
417963.9662,0
418030.7943,0
418082.9468,0
418101.9732,0
418181.7935,0
418415.239,0
418473.2389,0
418541.8738,0
418940.9423,0
418975.9317,0
419068.3016,0
419097.4307,0
419242.5183,0
419479.21746666665,0
419596.4576166667,0
419985.8864,0
420145.443675,0
420213.8981,0
420557.3831,0
420865.1921,0
420980.5281,0
421224.3465,0
421286.3912,0
421322.3862,0
421330.462,0
421408.0012,0
421485.8818,0
421619.8499,0
421689.8529,0
422039.98916,0
422143.7357,0
422438.6212,0
423137.9173,0
423142.5984,0
423170.2361,0
423230.83759999997,0
423494.2165,0
423558.5652,0
423673.0011,0
423709.0655,0
423786.1751,0
423792.1458,0
423798.441,0
424052.3835,0
424160.5824,0
424235.7333,0
424265.1564,0
424525.7352,0
424761.58768,0
424774.28890000004,0
425047.0077,0
425219.10349999997,0
425299.9273,0
425603.864,0
425634.708,0
425661.0162,0
425683.2745,0
425777.3942,0
425876.0971,0
425890.15009999997,0
425897.0304,0
426071.0403,0
426127.7189,0
426748.8265,0
426888.4058,0
426996.9968,0
427082.70900000003,0
427206.1437,0
427244.5969,0
427365.968,0
427377.5017,0
427405.2596,0
427757.4569,0
427812.6116,0
427860.2284,0
427894.908,0
428038.0108,0
428102.3333,0
428302.1651,0
428310.8611,0
428332.9497,0
428590.4586,0
428701.2946,0
428854.0945,0
428856.3328,0
428948.1633,0
429061.5156,0
429190.5923,0
429193.5293,0
429247.3398,0
429343.7773,0
429511.3064,0
429516.2478,0
429596.6372,0
429608.0729,0
429751.9214,0
429775.5173,0
429886.7391,0
429903.962,0
430046.5443,0
430084.628,0
430095.502,0
430111.4989,0
430468.4631,0
430521.1357,0
430551.6162,0
430601.6174,0
430641.3062,0
430665.3272,0
430685.6693,0
430720.1433,0
430834.9215,0
430890.9521,0
430938.7824,0
431100.24679999996,0
431419.7866,0
431505.9052,0
431889.6484,0
432069.6568,0
432211.4098,0
432214.2592,0
432344.6911,0
432370.1333,0
432495.1858,0
432634.6523,0
432688.6304,0
432850.9916,0
433010.0987,0
433032.8466,0
433147.26769999997,0
433263.2769,0
433497.136,0
433523.12682,0
433941.0295,0
433967.3948,0
434113.2754,0
434266.5688,0
434366.634,0
434639.9616,0
434692.0071,0
434839.0533,0
434856.9901,0
434861.6202,0
434883.1654,0
434945.0857,0
435075.5723,0
435199.8702,0
435262.6581,0
435266.2121,0
435610.3663,0
435861.4536,0
435943.426,0
435969.4059,0
436107.4985,0
436431.4118,0
436520.9974,0
436531.8293,0
436751.0752,0
437025.8705,0
437087.05015,0
437357.9181,0
437525.2386,0
437690.5126,0
437739.855,0
437785.1613,0
437844.7475,0
438080.8219,0
438176.3554,0
438179.9116,0
438521.0474,0
438747.6653,0
438911.1123,0
438914.9537,0
438949.0539,0
439019.3,0
439250.3292,0
439273.8162,0
439279.8823,0
439603.5409,0
439712.1966,0
439802.2638,0
439809.4854,0
439893.70290000003,0
439928.725,0
439956.8218,0
440022.7839,0
440086.2387,0
440195.3333,0
440197.8592,0
440257.7619,0
440335.7531,0
440357.7885,0
440502.4192,0
440652.0158,0
441019.9999,0
441152.8838,0
441332.966,0
441664.2889,0
442233.8988,0
442241.1258,0
442284.96510000003,0
442335.6125,0
442876.7719,0
442995.039,0
443223.3371,0
443358.717,0
443435.789,0
443537.1836,0
443590.3024,0
443650.1861,0
443709.06,0
443755.3433,0
443806.5633,0
443806.8987,0
443828.9288,0
443862.30079999997,0
444071.4208,0
444201.3157,0
444345.3957666667,0
444507.6338,0
444648.0161,0
444747.4401,0
444919.3819,553.1518999999971
445060.97609999997,0
445344.4155,0
445522.7592,0
445523.7988,0
445648.4165,0
445785.1683,0
446099.659,0
446301.5143,0
446391.9558,0
446533.118,0
446581.8237,0
446712.1459,0
446952.84,0
447013.317,0
447253.5357,0
447280.9273,0
447304.1149,0
447347.2877,0
447413.6098,0
447538.5834,0
447711.5541,0
448026.9693,0
448158.5018,0
448194.5503,0
448300.3828,0
448314.2131,0
448708.2552,0
449029.6556,0
449089.5462,0
449321.4776,369.5068999999785
449578.75333333336,0
449778.6768,0
449892.7121,0
450359.0773,161.87290000001667
450485.3458,0
450488.6679,81.4721000000136
451189.7912,0
451367.3504,0
451411.7982,0
451433.6844,0
451590.2909,0
451850.9978,0
451885.8893,0
451891.2872,1132.2610000000568
452028.7008,0
452110.5494,0
452328.5921,0
452513.7229,0
452689.4954,0
452721.4104,350.5535999999847
453070.1374,493.36800000001676
453150.7594,0
453174.0245,0
453480.4635,472.57320000004256
453583.7772,2331.5946000000113
453636.8021,318.7124999999651
453687.9899,0
453734.5986,2623.190100000007
453851.0608,0
454028.21140000003,0
454077.3566,0
454150.5554,454.38510000001406
454218.3079,2323.7093999999925
454344.899,806.2073000000091
454373.6395,0
454568.9772,805.031100000022
454672.7966,2030.5978999999934
454827.8864,365.2386000000406
454913.9471,370.2517999999691
455016.6969,0
455208.2139,1117.8611999999848
455244.5361,0
455483.1612,0
455510.9256,2595.6738999999943
455666.8827,0
455747.7474,3297.8069999999716
455769.9644,297.29769999999553
455919.5211,1000.6746000000276
456105.2413,0
456313.17339999997,0
456327.3088,867.7703999999794
456709.1758,915.0667000000249
456894.06440000003,0
456913.2324,0
456938.1861,2973.1963000000105
457130.6022,0
457306.4363,2398.479400000011
457767.9325,0
457847.70530000003,0
457911.8226,0
458039.0631,2789.2671000000555
458052.3314,0
458219.2153,2732.3311000000103
458406.4985,0
458677.7936,0
458753.5709,3043.415800000017
459090.1903,0
459109.6013,1936.9891999999527
459630.3331,1314.4275999999954
459886.1424,0
459990.8198,0
460024.8877,0
460132.92319999996,0
460320.7649,0
460408.4658,2687.082599999965
460475.0068,3628.4793000000063
460490.7785,0
460506.7772,0
460529.9486,0
461200.0145,0
461338.6404,0
461372.1054,0
461378.2196,2165.5473999999813
461511.3943,1432.759699999995
461561.8733,2383.213999999978
461644.191,0
461845.12995,0
462129.9904,1455.6393999999855
462308.7116,0
462329.2117,0
462364.9893,1454.6910999999964
462530.2437,1446.615300000005
462797.8062,1414.084600000002
462917.5192,1419.3643999999622
463046.8841,1027.9816000000574
463197.7796,0
463206.8872,1453.70140000002
463376.31,0
463542.1631,1439.9777999999933
463588.1222,3508.4320999999763
463703.08759999997,0
463703.7314,0
463834.4327,2405.022100000002
463856.2065,1190.2121999999508
463979.3625,1454.480899999966
464424.3392,970.4504999999772
464481.6354,1257.8967000000412
464620.2657,252.8913000000175
464643.3102,0
464702.1876,0
464828.8988,0
465179.26379999996,0
465229.2333,1142.3558000000194
465450.6361,3225.2216999999946
465573.9339,0
465582.2366,0
465586.4376,3103.324399999983
465613.4466,1122.193200000038
465656.793,0
465726.13060000003,0
465967.5551,0
466070.7264,1360.410899999959
466396.971,0
466421.5936,2794.539700000023
466526.2918,0
466642.3958,0
466682.6193,952.2710000000079
466689.1126,0
466784.42,0
466867.7515,0
466978.9654,265.08639999997104
467058.659,1098.1782999999705
467208.3561,1436.7453999999561
467375.5889,1456.5662000000011
467388.0762,0
467773.9511,0
467850.4571,526.1019000000088
468133.3618,0
468168.50800000003,0
468170.0267,0
468274.9605,1870.772500000021
468510.0671,3699.3570999999647
468888.5056,0
469100.08,0
469171.9461,0
469222.4107,1474.9360999999917
469251.874,2011.549400000018
469460.6998,1005.6381249999977
469483.0681,0
469883.7647,164.28940000000875
470086.0614,0
470294.8775,1129.0811000000103
470327.957,0
470329.6902,0
470419.29,1033.8156999999774
470434.4704,0
470502.3331,4177.704700000002
470512.0038,0
470541.9194,0
470668.2836,516.5053000000189
471583.4298,0
471676.6988,0
471894.0822,0
472000.0305,0
472010.878,2947.2600000000093
472016.3951,152.89120000001276
472057.2362,0
472179.6866,1379.248900000006
472451.4962,0
472680.596,0
472865.1563,0
472906.3339,3252.091300000029
472922.8702,0
473044.9882,0
473095.7292,0
473121.0972,0
473126.171,0
473293.2599,0
473446.032,0
473633.1294,0
473710.0358,2013.386999999988
474630.5484,3526.2005000000354
474676.5668,112.13139999995474
475238.7641,1065.7786999999662
475989.3059,0
475993.87296,0
476058.3546,819.3516999999993
476097.6057,0
476366.1584,0
476444.8962,0
476740.1669,0
476975.5217,1906.2483999999822
477307.3088,952.4476000000141
477438.9867,0
477520.4417,0
478104.8664,4005.462200000009
478154.1141,1687.3299000000115
478205.3143,0
478272.61214,0
478284.9915,0
478304.1231,0
478488.0092,0
478489.7305,0
478534.3698,0
478620.0235,0
479177.5152,0
479239.51780000003,0
479251.5436,1532.2307999999612
479522.1191,0
479549.1022,0
479620.5218,0
479626.3465,0
479936.8842,0
479943.9729,0
480004.734,0
480180.4489,0
480345.5383,0
480365.812,0
480658.7012,0
480672.0406,0
480674.77,0
480947.6558,0
480970.2655,0
481094.4067,0
481235.7312,0
481343.882,0
481379.20046,0
481456.50430000003,0
481550.8431,2048.215199999977
481616.0865,0
481773.729,0
482287.3655,0
482547.3552,0
482714.9453,0
482894.1057,0
483154.30590000004,0
483191.6035,0
483332.2819,0
483402.7388,0
483417.5093,0
483665.9685,0
484085.9388,0
484291.4818,0
484368.6022,0
484392.7168,0
484582.7604,0
484672.2433,0
484674.7294,0
484689.8362,0
484721.1628,0
485226.6777,0
485284.0748,0
485369.7202,0
485565.6205,0
485653.0675,0
485859.2839,0
486230.8753,797.7664000000223
486363.5101,0
486869.0325,0
486902.8874,0
487145.2226,0
487193.4399,0
487300.637,0
487770.1509,0
488022.6188,0
488201.4794,0
488613.3317,0
488789.4088,0
488991.0849,0
489161.607275,0
489201.7405,0
489418.0044,0
489652.2398,0
489653.4299,0
489660.9121,0
489726.572075,0
489868.473,0
489956.3397,0
490091.4973,0
490168.1098,0
490189.0647,0
490218.6545,0
490824.4929,0
490845.0865,0
491317.387,0
491545.2774,0
491709.34739999997,0
491720.9273,0
492090.0745,0
492203.0466,0
492342.6956,0
492474.2777,0
492749.9442,0
492815.324,0
492835.8682,0
493226.5083,0
493322.9374,0
493558.769,0
493849.607,0
493908.3784,0
493962.8328,0
494314.6532,0
494636.5213,0
494900.0142,0
495067.3092,0
495468.1497,0
495569.3131,0
495677.4466,0
495762.60730000003,0
495773.6332,0
496364.5734,0
496473.1161,0
496726.1172,0
497037.8085,0
497189.4044,0
497426.8451,0
497639.3448,0
497644.1002,0
497698.5362,0
497765.7864,0
497970.9125,0
498080.6221,0
498088.4521,0
498107.5126,0
498222.1616,0
498228.0923,0
498385.67579999997,0
498567.2628,0
498695.7842,0
499221.2577,0
499543.1596,0
499563.2815,0
499573.1634,0
499615.63910000003,0
499627.81440000003,0
499937.4452,0
499974.195,0
500001.00430000003,0
500083.58869999996,0
500200.1027,0
500281.116,0
500376.1762,0
500405.8874,0
500694.0294,0
500777.8236,0
500927.5452,0
501086.7535,0
501123.1139,0
501270.1511,0
501334.3704,0
501420.056,0
501564.7216,0
501584.5085,0
501588.487,0
501606.7288,0
501797.6292,0
501861.8153,0
502161.8117,0
502342.6407,0
502501.5477,0
502706.8304,0
502883.299,0
502964.3747,0
502993.204,0
502996.5157,0
503017.3598,0
503023.8392,0
503981.2254,0
504992.2472,0
505345.0516,0
505434.0037,0
505609.3332,0
505845.002,0
505855.3465,0
506025.1784,0
506162.3429,0
506231.1681,0
506336.3504,0
506603.21270000003,0
506766.69888333336,0
506804.5795,0
506854.8183,0
507014.0241,0
507021.9444,0
507097.71479999996,0
507273.1727,0
507274.8737,0
507288.0511,0
507293.861,0
507413.5664,0
507547.8529,0
507548.54110000003,0
507586.0049,0
507638.7087,0
507689.3405,0
507697.6479,0
507823.2999,0
507964.81070000003,0
508001.1791,0
508300.8953,0
508384.3479,0
508613.7743,0
508682.0894,0
508780.5142,0
508821.4942,0
509064.6098,0
509463.3716,0
509778.5431,0
509788.3076,0
509989.8097,0
510411.9371,0
510586.7842,0
510601.8624,0
510712.07,0
510794.3487,0
510798.9452,0
510952.3543,0
511412.6313,0
511673.6018,0
511752.994,0
511822.3748,0
511916.0502,0
511933.9114,0
512253.4606,0
512284.8816,0
512382.1259,0
512388.8373,0
512448.7855,0
512590.4326,0
512720.543,0
512756.9717,0
512858.67,0
512876.2144,0
513176.2053,0
513187.5794,0
513387.6849,0
513706.0736,0
513761.1514,0
513764.2664,0
514101.8627,0
514265.8039,50.28120000002673
514274.2954,36.444300000031944
514744.937,0
515035.4456,0
515262.7809,0
515306.0808,0
515363.4311,0
515374.7011,0
515672.3878,591.1794000000227
515750.2158,0
515754.7473,0
515762.0154,0
516347.0468,0
516478.5916,574.1682000000146
516479.4714,0
516596.6248,875.163499999966
516622.7754,0
516669.92449999996,0
516712.9045,1234.8952000000281
516926.7349,0
516940.3615,0
517104.3381,0
517221.0245,0
517446.03489999997,0
517644.6945,1077.3612999999896
517678.9322,1385.5954999999958
517754.7481,1431.6994000000414
517793.2809,0
518005.1167,1671.4495999999926
518009.9697,1394.551700000011
518056.7667,0
518279.8057,0
518328.9929,0
518399.3525,0
518444.0576,0
518454.78698333335,0
518552.15,1155.1567000000505
518665.2385,0
518797.9843,0
518868.12179999996,0
518893.1386,0
518917.2022,0
519098.3772,0
519113.0419,0
519146.80295,0
519274.4013,0
519389.0896,2070.3219999999856
519551.4537,1230.1668000000063
519607.5787,0
519628.0897,1961.892600000021
519659.0739,0
519819.5513,0
519876.6318,0
520045.2598,0
520077.1728,0
520190.2917,2707.1203000000096
520478.7925,1606.5922999999602
520608.906,0
520651.2065,3209.456099999952
520979.1853,0
521022.1168,0
521041.6814,1832.908999999985
521082.8466,0
521134.2477,3078.5690000000177
521163.2426,0
521560.3185,0
521678.2048,0
521692.7575,0
521704.4653,0
522489.312,0
522613.0635,0
522730.33999999997,0
522794.6231,2075.007200000051
522822.72239999997,0
522893.5071,0
523040.7095,2052.0132999999914
523084.5626,0
523092.2622,0
523351.3982,0
523476.4059,2941.0130000000354
523486.8675,3366.4343000000226
523697.8002,0
523728.0247,0
523738.1353,0
523788.9586,0
523815.6922,0
524164.8871,0
524618.7771,0
524774.0702,0
524800.0574,0
525065.7477,0
525194.7164,3293.4919000000227
525244.21,4558.735099999933
525402.0681,4472.1013000000385
525439.7891,0
525715.8569,3096.6671000000206
525752.7382,2048.4449000000022
525792.2929,5367.0938000000315
525831.3874,0
526010.9046,0
526068.4599,0
526135.5767,0
526139.1215,0
526141.0377,2644.938599999994
526144.7517,3374.138800000015
526357.4845,1100.253000000026
526593.5478000001,0
526705.6475,1850.0516000000061
526786.9109,4629.674600000028
527316.1224,0
527325.572,2183.61790000007
527490.1839000001,0
527944.0935,0
528055.1759,5540.473700000031
528127.1502,0
528228.7704,2200.894800000009
528533.0254,0
528662.6043,0
528676.1858,0
528712.6207,5572.076299999957
528829.3537,0
529097.8343,1829.421399999992
529508.2175,0
529584.4377,0
530150.2861,6577.029100000043
530288.5378,3685.4591000000946
530355.3407000001,0
530445.3011,4209.480800000019
530504.7668,2082.4706000000006
530793.5621,0
530916.4823,0
530951.01304,0
530966.3262,8288.230099999986
531059.0872,0
531205.3988,5659.165299999993
531208.783,0
531282.6357,0
531353.529,0
531354.1073,0
531485.2151,0
531608.2493,0
531619.051,0
531736.1736,870.2896999999648
531742.4394,0
531787.8275,4465.74179999996
531877.0562,0
532250.7364,0
532328.992,5527.529600000009
532476.838,6962.293199999956
532672.5437,7879.724700000021
532881.7687,5993.590199999977
532987.1946,0
533026.3595,0
533155.1488,6248.713099999935
533466.9327,0
533558.1942,0
533562.7331,0
533655.997,7831.1857999999775
533775.2706,5771.796500000055
533958.7366,0
534081.7216,0
534250.0264,0
534733.9576,0
534925.8804,0
534979.9048,7141.925600000075
535075.4163,7267.560000000056
535318.9895,0
535687.6265,7250.340199999977
536047.887,0
536148.6343,0
536359.6999,0
536547.9721,0
536781.4205,8782.574099999969
536796.5935,5019.444199999911
537148.8233,7651.6866000000155
537156.3017,4477.685199999949
537210.6623,0
537464.0319000001,0
537520.0188,6240.894499999937
537573.8755,0
537670.149,0
537744.9562,0
537769.799,8489.845199999982
538042.4233,4768.323399999994
538095.3441,0
538140.2822,0
538207.5952,10466.885200000019
538275.4932,0
538381.5131,555.6378000000259
538555.1877,0
538676.4765,0
538894.0905,0
538968.2533,0
539236.5966,5567.496100000106
539356.3103,0
539656.7585,8727.164099999936
539684.2764,11081.44319999998
539943.7323,8174.608000000007
540162.326,6901.817500000005
540290.9004,3867.923700000043
540305.6572,0
540343.2133,8377.203699999955
540376.5103,0
540403.6449,7487.428299999912
540526.0763,8285.430999999982
540637.2332,0
540866.2945,5228.7497999999905
540934.2058,5820.738999999943
541109.2206,0
541179.6035,7701.403099999996
541256.4032,7453.696224999963
541298.0448,8763.375600000028
541363.4128,0
541546.829,7900.053799999994
541666.5298,0
541692.8595,9358.694499999983
541773.7299,0
541887.2047,10580.731099999975
542448.9694,8750.196699999971
542711.6798,8600.962600000086
542767.2069,0
543552.467,9346.86779999989
544034.2492,8286.184899999993
544155.5128,7031.825100000016
544245.5619,0
544367.0369,11497.609799999977
544587.5935,6979.945199999958
544801.8109,10988.827800000086
544948.9417,11544.950799999991
544986.4195,8152.0288999999175
545218.2333,0
545586.2799,10911.337499999907
545825.5702,0
546033.3197,7386.874199999962
546073.1589,7647.047300000093
546091.2514,8978.892200000002
546106.068,7466.300999999978
546279.6259,9265.653199999942
546424.7939,7791.34030000004
546456.811,0
546567.0831,6691.955900000059
547314.994,0
547617.7424,9077.017200000002
547693.742,7555.7347999999765
547742.1021,8105.146799999988
547772.1938,0
547808.3573,4777.540299999993
547868.1477,0
548000.3306,5843.8110999999335
548242.5943,0
548307.7223,4277.756200000062
548421.7616,0
548509.3351,6119.86129999999
548535.6876,4758.602099999902
549288.2963,4741.0309000000125
549475.2555,0
549898.3149,4602.882100000046
550035.5322,0
550204.2493,7040.525800000061
550514.7605,0
550548.3267,0
550748.5454,5445.01119999995
550798.5765,0
551077.8332,4249.558500000043
551125.7648,0
551162.9996,5862.681199999992
551212.5243,0
551355.3552,8246.081299999962
551369.4416,11225.540500000003
551437.6661,0
551450.9192,0
551487.5988,0
551771.7324,0
551901.2546,8723.99589999998
551947.5775,11120.26390000002
551981.4644,4353.544700000086
552071.2458,4350.187600000063
552313.3156,0
552334.6353,0
552520.9007,0
552602.3916,0
552646.9481,0
552683.6462,10895.6483
552684.9498000001,0
552790.4253,6847.9222999999765
552880.2958,7824.479300000006
552985.5686,4813.545200000051
553458.86,4338.148399999947
553498.1595,4348.551899999962
553588.1049,6916.164199999999
554003.6947,4390.199799999944
554018.1541,0
554258.1812,0
554663.3462,10661.515400000033
554765.7286,0
554766.49275,0
555270.1328,4594.494399999967
555315.6114,4626.500100000063
555703.9746,11881.45459999994
555920.2043,4742.901799999992
556026.1988,4762.681199999992
556061.6155,4773.244399999967
556070.4588,8872.106200000038
556220.5177,0
556246.5956,0
556303.8755,0
556336.7971,0
556743.5153,4797.435339999967
556869.6182,6399.5163000000175
556983.7864,4827.869899999932
557183.7367,0
557333.2912,4823.995499999961
557348.1345,0
557483.8606,0
557653.1138,4866.221400000039
557880.6884,0
557892.905,0
557899.8094,0
557899.8233,0
558070.8322,11401.223499999964
558135.3042,0
558204.0909,4886.509299999918
558289.2758,9249.504099999904
558416.0822,4871.829899999895
558593.6382,0
558939.6933,0
559018.2598,4852.912699999986
559154.9239,0
559261.8274,4857.238099999959
559313.205,4878.120799999917
559408.7925,0
559476.5293,4627.461400000029
559587.2754,7906.69160000002
559592.4157,7019.253200000036
559669.0464,2969.3410999999614
559677.152,4911.045999999973
559683.7951,0
559687.9242,0
559744.4003,4862.849099999992
559800.1561,0
559819.6281,0
559874.0136,0
560124.6715,3139.6923000001116
560145.8542,0
560250.594,4877.464000000036
560276.1837,9188.314800000051
560310.1828,0
560336.4839,4859.349599999958
560373.5422,0
560396.9895,1810.1648000000278
560823.4074,4856.129000000074
560892.5387,10771.168500000029
560928.8523,0
560955.4612,158.6441000000341
561079.2455,4848.979500000016
561481.1435,2295.0298000000184
561570.3306,4917.596400000039
561708.1334,0
561721.8226,0
561890.3011,0
561923.0834,109.54749999998603
562068.1565,10683.704800000065
562145.4272,114.6875
562266.7959,479.72380000003614
562412.4383,0
562578.7935,3055.0677999999607
562611.6385,126.1465999999782
562759.434,4866.948899999959
562841.0186,3299.5044999999227
562872.9593,4892.757600000012
563202.7334,271.50860000005923
563210.4271,102.43726666667499
563257.7524,4868.2336999999825
563542.6632,4847.617599999998
563692.533,4898.727400000091
564317.2794,4981.351999999955
564357.3642,0
564701.3843,86.55379999999423
564760.7799,0
564771.3773,0
564829.6118,380.701299999957
564879.0586,0
565107.9475,7125.119100000011
565229.2777,3247.657499999972
565500.9728,8309.799600000028
565840.2041,0
566026.7935,0
566096.1384,0
566252.6877,4967.218899999978
566362.2675,0
566518.8318,244.46415000001434
566528.8672,0
566692.6292,0
566697.8788,184.7159999998985
566715.0168,0
566801.1451,0
567154.4407,4909.638600000064
567163.3341,0
567292.1695,0
567442.1134,0
567605.5087666666,0
567895.0618,135.4766000000527
568067.5513,0
568072.3493,0
568322.6509,4876.854599999962
568345.4669,0
568499.6486,0
568773.2177,0
568773.6744,4872.76800000004
568778.9334,0
569145.0173,0
569294.8642,2835.135566666606
569369.3249,0
569910.0298,4848.081000000006
569925.6111,0
569956.2754,4878.758500000113
570030.0933,0
570106.2982,0
570173.9543,3024.9398999999976
570490.8179,0
570514.0249,0
570525.5689,4505.8445000000065
570657.8103,0
570743.8871,0
570834.6949,0
570849.4037,0
571026.7177,4853.440300000017
571129.3466,0
571264.0732,0
571419.869,0
572129.9427,0
572137.6857,0
572301.678,0
572316.1546,0
572459.1491,0
572625.26,120.46689999999944
573182.691,0
573412.8445,0
573447.1249333334,0
573542.7466,3051.852199999965
573880.4047,4877.454099999974
574054.5345,0
574226.4985,0
575145.1070666667,0
575638.6634,9349.067500000005
575722.2358,0
575733.3318,0
575989.5417,4848.543699999922
576028.2772,0
576071.2437,4878.945100000012
576145.5591,0
576187.2996,121.52150000003166
576225.3001,0
576232.5427,4847.902200000011
576316.8496,0
576514.4133,0
576578.3557,0
576589.356725,0
576727.198,0
576763.2517,0
576818.0035,0
576988.8614,0
577239.3027,0
577241.6595,0
577288.7163,156.26628333330154
577387.0976,0
577440.57,0
577645.1455,4883.769899999956
577994.782,0
577999.2542,2252.2304000000004
578322.6952,0
578393.1451,0
578444.4031,0
578878.2773,0
578892.9132,0
579288.2252,183.10029999993276
579465.5791,0
579685.0552000001,0
579724.1932,0
579744.3008,0
579749.6876,0
579782.3465,0
580326.8941,0
580501.2203,0
580598.8269,0
580810.3927,0
580968.1125,0
580999.0799,0
581213.1476,0
581716.9942,0
581966.9658,0
582037.272,0
582265.7931,0
582291.77,0
582661.1734,0
582713.0237,0
582757.6525,0
582819.7057,0
583014.4063,0
583362.5595,0
583428.9663,0
583502.8529,0
583721.0617,0
583941.2721,0
584009.1882,0
584070.1065,0
584082.6754000001,0
584504.0512,0
584764.5591,0
584900.6227,0
584965.35185,0
585256.1308,0
585450.6049,0
585535.9176,0
585802.3037,0
586264.2135,0
586462.3722,0
586670.372,0
586703.7376,0
586969.7301,0
587036.506,0
587296.3758,0
587358.0366,0
587409.4713,0
587617.6804,0
587720.246,0
588160.091,0
588254.2784,0
588335.7311,0
588451.4973,0
588522.3728,0
589061.0183,0
589079.4833,0
589115.4959,0
589121.0714,0
589309.0311,0
589623.3673,0
589750.8585,0
589856.5548,0
589863.963,0
590055.6642,0
590304.1029,0
590477.0335833334,0
590630.7903,0
590696.9452,0
590728.3083,0
590952.167,0
591032.1524,0
591247.66,0
591758.1755,0
592088.0622,0
592498.809,0
592715.6912,0
592725.7937,0
592829.9851,0
592961.1904,0
593017.5687,0
593209.5085,0
593295.4461000001,0
593299.301,0
593344.158,0
593362.5018333333,0
593607.9195,0
593647.9879,0
593731.8181,0
593795.7007,0
593980.3613,0
594084.2867,0
594120.4849,0
594242.9558,0
594492.52385,0
594498.2535,0
594601.8842,0
594632.0856,0
594682.5674,0
594913.2267,0
595435.8259,0
595445.5498,0
595665.4802,0
596196.9785,0
596271.4426,0
596312.3981,0
596327.8331,0
596975.1311,0
597114.375,0
597183.7826,0
597210.5568,0
597279.4318,0
597294.40246,0
597305.3018,0
597511.1536,0
597724.3658,0
597739.1548,0
597795.6938,0
597890.0387,0
598320.6151,0
598395.948,0
598443.786,0
598628.8455,0
598702.601,0
598894.7516,0
599013.2415,0
599364.4156,0
599567.2413999999,0
599656.576,0
600246.1983,0
600376.2473,0
600406.7745,0
600429.7056,0
600579.5798,0
600783.1431,0
600906.7582,0
601021.1078,0
601084.9736,0
601339.5865,0
601425.627025,0
601478.5692,557.1517000000458
601669.6167333333,0
601823.3315,0
601831.0289,0
601875.9316,0
601919.8663,0
601954.5494,0
602148.4713,0
602248.8535,0
602625.82696,0
602730.1808,0
602890.9486,0
602915.1299,0
603194.7679,0
603206.0967,0
603378.77,0
603506.5485,0
603575.726,0
603751.004,0
603816.9459,0
603858.9799,0
603868.7832,0
603969.8764,566.2253999999957
604015.8556,1882.4553000000305
604232.437,0
604376.1755,2194.5633999999845
604429.1503,0
604541.3344,0
604587.7645,0
604647.126,0
604742.3239,0
604755.3486,0
604997.8146,0
605158.9313,0
605281.4673,1855.9498000000603
605466.2817,2029.8484000000171
605726.8991,1169.2466000000713
605784.6921,0
605928.2524,2803.877199999988
606006.0866,0
606007.3498,0
606025.4083,0
606282.8043,0
606441.7969,929.5668999999762
606473.2227,0
606707.7418,0
606973.9429,0
607051.4416,0
607120.6187,0
607361.3351,0
607482.7369,0
607873.539,0
607950.5748,2135.9799999999814
607966.4018,0
608053.471,0
608057.3745,1253.92080000008
608696.1468,0
608739.2572999999,0
608783.0737,2392.024999999907
608888.5956,0
608922.2631,0
608996.2484,0
609057.9006,4969.2660000000615
609069.5673,0
609130.4173,0
609264.2913,0
609301.0404,1372.8400000000838
609636.3949,0
609904.6751999999,0
609916.3954,0
610167.03,0
610190.7817,4200.571600000025
610396.9207,0
610426.5064,0
610615.753,0
610798.0131,0
610821.8324,4548.89029999997
610942.8146,431.1846000000369
611020.1864,0
611529.585,0
611608.0103,0
611788.746,0
612064.8501,3621.4812000000384
612628.8262,0
612652.7723,2615.695399999968
612744.1331,0
612778.1113,0
612924.2435,5351.301399999997
613001.3269,0
613190.2208,0
613377.7128,0
613422.7586000001,0
613463.6775,2670.125999999931
613706.7682,633.4657000000589
614242.8611,6260.268500000006
614311.6915,0
614333.2073,0
614488.8439,0
614515.7022,3256.7110000000102
614599.3888,0
614635.2639,0
614780.4472,0
614884.7405,0
614923.8259,0
614990.8585,0
615066.2661,0
615115.8411,0
615171.2494,0
615313.1856,0
615493.1268,6080.707599999965
615934.7149,0
615983.2952,0
616119.5429,0
616158.9757,6342.532699999982
616645.6726,0
616758.6968,0
616939.9954,4103.4378000000725
617280.5813,1018.7485999999335
617425.6939,0
617600.1636,0
617676.7459,0
617769.0366,7648.945899999933
617874.1514,0
618056.6015,0
618341.9137,8124.831200000015
618782.763,8296.156599999988
618798.98,0
619090.775,0
619158.9521,0
619328.6781,0
619340.8236,0
619449.9246,5269.553399999975
619469.028,0
619473.8598,9363.99199999997
619811.829,0
619849.9721,9053.874700000044
620460.3608,0
620625.4133,0
620811.5365,0
620819.6669,0
620870.4271,0
620877.2857,4018.5559999999823
620934.8313,7239.474099999992
620998.3755,10005.138799999957
621096.5271,0
621111.4149,0
621295.3341,6165.446699999971
621404.0017,0
621437.4775,0
621735.6417,0
621836.2595,10636.376800000085
621889.1839000001,0
622111.0782,0
622134.0151,7981.585299999919
622208.685,5606.808799999999
622214.9457,0
622330.1605,6005.466600000043
622360.1202,6937.75820000004
622457.5168,0
622527.649,3356.6737999999896
622578.3506,0
622747.9253,0
622760.8641,0
623235.7532,9932.289100000053
623461.9081,12099.248699999996
623751.7371,0
623797.4149,0
623971.0013,0
624057.3013,0
624199.2456,0
624338.0363,11403.655700000003
624492.758,11854.131200000062
624541.185,9301.136700000032
624670.3455,0
624740.3568,12130.85249999992
624745.9818,3647.1506999999983
624817.6389,0
624917.7598,0
624979.0108,4733.178799999994
625001.4338,0
625746.9776,5200.034199999995
626178.7763,6856.987100000028
626575.0496,0
626872.7241,12740.260099999956
627179.8841,13694.385499999975
627260.0574,11796.486100000096
627355.2975999999,0
627438.6871,13638.71219999995
627595.3267,0
627604.8462,11940.537499999977
627624.7788,12101.012199999997
627669.2073,0
627695.2644,0
627802.6165,11868.808900000062
627865.8847,0
628040.4077,12544.371299999999
628117.9524,11579.434499999974
628221.2415,13404.346900000004
628372.6863,12475.339500000002
628459.0267,0
628591.4667,12305.24860000005
628611.6085,0
628668.9113,0
628826.4066,11901.06389999995
629497.6339,12257.391700000037
629644.5532,11228.702899999917
629646.8246,13407.236100000096
629731.133,0
629769.6386,2197.5139999999665
630105.5585,12608.11400000006
630130.5771,0
630449.8506,0
630492.8909,12065.276300000027
630519.0851,12098.42670000007
630680.4363,12166.971699999995
630914.0919,0
630984.792,0
631139.4022,0
632088.1953,0
632128.3962,0
632346.1468,13246.620200000005
632851.5834,0
633018.2619,12554.289600000018
633019.558,9704.829900000012
633037.9087,0
633053.01,12935.159500000067
633054.7604,0
633203.7854,0
633234.9867,12958.038000000059
633256.4602,11447.340800000005
633348.872,12391.255799999926
633568.0295,12505.69479999994
633680.6818,13320.334299999988
633732.8126,13135.448799999896
633860.5675,12016.176199999987
633907.4165,13395.02250000008
634029.2032,0
634338.7392,0
634760.3007,12606.581200000015
635047.4048,11454.337999999989
635116.0037,12102.06779999996
635276.2509,0
635343.2802,12584.047100000083
635650.6066,0
635929.0217,9440.147800000035
636198.4724,0
636264.8941,0
636526.8283,9927.245300000068
636606.3304,9449.57959999994
637101.5182,12526.810600000084
637110.2678,0
637280.9643,0
637579.6505,12906.484199999948
637724.6446,0
637751.9193,9595.290500000003
638124.0468,8391.187200000044
638207.1073,9015.789400000009
638293.3467999999,0
638477.282,0
638531.1697,10866.308100000024
638569.7716,7843.166599999997
638626.738,10896.568500000052
638666.782,0
638753.74606,0
638802.706,10884.085700000054
638949.7478,8365.91399999999
639195.9855,0
639198.2823,7966.496799999964
639429.4982,12151.685600000084
639442.9121,0
639525.9828,0
639983.9128,0
640307.3615,7845.4690999999875
640337.5337,0
640473.8796,0
640520.7795,8978.3223
640556.2708,0
640607.7621,7939.558599999989
640686.7142,0
640774.7578,0
640789.0452,12942.20530000003
640791.3988,0
640870.6085,0
641011.1121,7829.053500000038
641047.1549,8292.682399999932
641142.2518,6971.575199999963
641155.8674,13556.010200000019
641316.2471,0
641446.8119,0
641620.7596,12077.341000000015
641627.068,0
641853.9102,12770.200500000035
642119.0263,9915.102500000037
642198.292,0
642481.7364,0
642643.0847,12911.049800000037
642674.8461,0
642877.1999,5565.244199999957
642896.3048,0
642930.91,0
642932.4303,13186.77489999996
643252.7338,7972.567800000077
643307.3799,0
643329.0661,12358.003200000036
643530.2672,11165.931199999992
643611.7117,0
643703.977,0
643777.8982,6972.871800000081
643782.0903,0
643825.5118,13101.988799999934
644000.4414,6904.658799999976
644002.903,12699.128200000036
644151.6163,12398.401599999983
644297.7036,11930.863699999987
644554.7311,0
644741.886,10850.471600000048
644975.5338,3989.3619999999646
645029.075,4077.84878333332
645186.0879,4082.4570999999996
645458.0916,2308.9070000000065
646037.0457,0
646197.5323,2416.1330999999773
646242.0163,4079.4853000000585
646249.8739,3989.5516999999527
646551.5371,12865.109300000011
646661.0269,5551.802300000098
646681.398,8981.868900000001
646756.5435,0
647040.4855,0
647149.4837,0
647184.9735,2536.2537999999477
647355.46146,0
647399.0444,0
647517.5203,0
647574.058,13056.413399999961
647678.5872,2455.9271999999182
647797.7386,2221.3675999999978
647893.8573,6809.868800000055
647939.7569,3666.5426000000443
647953.6409,12395.631700000027
647994.8746,9347.023899999913
648267.7239,3981.8898000000045
648626.4222,6794.711800000048
648629.3667,2384.66810000001
648691.3875,3988.8395999999484
648701.077,0
648899.9591,12134.037566666608
649193.9537,4090.800699999905
649194.7711,2690.2902999999933
649237.5039,0
649245.0058,198.97110000008252
649281.1719,4099.293199999956
649545.9507,0
649700.2251,10026.922600000049
649724.3173,0
649784.9240666666,0
650027.0549,0
650220.6212,7953.025200000033
650255.4939,0
650270.6594,4085.7561999999452
650349.193,0
650400.5537,0
650509.4747,0
650535.4672,2752.644299999927
650576.0056,0
650616.2995,0
650630.0767,2823.7047999999486
650744.0313,883.672300000093
650850.95714,0
650987.8224,0
651125.6282,0
651187.672,0
651427.0847,2495.74589999998
651570.199,7481.8107999999775
651889.2723833333,0
651926.7793,0
651942.9988,0
652215.0685333334,0
652249.2161,0
652343.5149,8006.891799999983
652356.4767,0
652735.6436,7454.721900000004
652880.0957,3853.015599999926
652906.5012,0
652934.5543,0
653083.7118,0
653517.0466,0
653539.7424,0
653548.6147,8042.227900000056
653857.877,0
653992.3419,0
654312.5139,3142.444200000027
654321.001,0
654509.5755,2662.3689000000013
654643.8223,2389.948399999994
654669.8307,0
654729.7922,0
654774.5815,0
654846.412,0
654893.7426,0
654971.4526,0
655045.2937,0
655361.5622,0
655408.3187,0
655608.0286,0
655635.5085,0
655733.4404,0
655759.4057,0
656005.5558,0
656017.9177,0
656069.94,0
656110.8812,9527.220899999957
656200.8288,8557.357599999988
656233.9423,0
656276.0662,0
656283.6507,12596.901900000055
656304.9633,0
656572.304,0
656998.7094,1568.8385000000708
657562.6634,0
657702.7559,0
657777.2836,12374.229500000016
657811.3315,0
657862.6341,0
658051.3618,0
658253.6547,0
658526.0248,0
658587.8251,2649.5287000000244
658639.5581,0
658665.5118,0
658689.4667,0
658837.5214,0
658961.8732,0
659042.2188,0
659152.4585,2556.2836999999126
659173.1424,0
659432.7968,6989.637400000007
659517.5211,0
659529.8968,2505.8589999999385
659606.0675,0
659659.6175,0
659860.7814,0
660017.9082,0
660127.4148,0
660176.0423,0
660245.8493,0
660260.824,0
660374.5464,0
660514.5101,0
660527.7469,0
660563.2282,0
660568.9404,0
660695.3871,0
661038.788,0
661048.4769,5143.1404999999795
661275.9632,0
661355.8131,0
661533.983,4248.95849999995
661538.8128,0
661724.4098,8226.638099999982
662075.6493166666,0
662091.7151,0
662529.3387,12563.588600000017
662671.4535,0
662824.5516,0
662965.6149,0
663029.446775,0
663077.7717,0
663305.5776,0
663402.9022,0
663632.9148,0
663705.6934,0
663710.3511,0
663712.7821,0
663795.1972,0
664202.5721,0
664342.1871,0
664449.1131,0
664463.5678,0
664479.59005,0
664480.6075,0
665449.5893,0
665487.5778,0
665776.8712,2850.77070000011
665777.6999,0
665952.1902,0
665986.178,0
666043.8551,0
666219.51015,0
666272.5205,0
666388.7798,0
666412.3933,0
666569.584,0
666750.4906,0
666846.0882,0
666908.9545,0
666915.1374,0
667010.8129,0
667051.1382,0
667160.4672,0
667243.759,0
667297.773,2553.678100000019
667327.1499,0
667448.8638666667,0
667449.9817,0
667935.7612,0
668030.3653,2647.404099999927
668305.4254000001,0
668482.7096,0
668859.151,0
669119.2782000001,0
669133.1428,0
669174.8896999999,0
669505.863,0
669533.8817,0
669561.4952,7896.445399999968
669994.4592,0
670167.149,0
670339.1155,0
670393.6333,0
670588.798,0
670987.7573,0
671153.2934,0
671204.3346,0
671337.5185,0
671375.2996,0
671708.4746,0
671776.3812,0
672055.3436,0
672094.0246,0
672102.5034,0
672477.5667,0
672489.7021166667,0
672717.4706,0
672884.4485,0
673130.6714,0
673185.2447,0
673439.7947833333,0
673727.6518999999,0
673821.1556,0
674178.7719,0
674245.2436,0
674453.9167,0
674701.9296666667,0
674735.575,0
674868.5076,0
674960.9263,0
675006.9026,0
675324.4139,0
675440.039,0
675550.5957,0
675720.5038,0
675817.0606,0
675857.2324,0
675948.2737,0
676169.947,0
676239.1011,0
676358.7703,2340.6542999999365
676528.0785000001,0
676539.723,0
676552.0592,0
676637.0478000001,0
676874.9146,0
676891.5197,0
677113.255,0
677206.8679,0
677487.6347,0
677560.4573,0
677620.1385,0
678015.6673,0
678027.7193,0
678143.4244,0
678767.2577,0
679466.2479,0
679549.0922,0
679586.3831,0
679679.5007,0
680050.6016,0
680130.4645,0
680187.8736,0
680684.1413,0
681005.9092,0
681041.8127,0
681099.7991,0
681110.2842999999,0
681318.0323,0
681405.142,0
681719.1096,0
681803.876,0
682213.5361,0
682236.3433,0
682517.779,0
682587.6216,0
682606.2739,0
682676.6765000001,0
682694.9693,0
682823.4772,0
682831.6683,0
682838.3181,0
682889.2512,0
683110.0869,0
683152.3875,0
683336.8403,0
683425.9534,0
683874.8446,0
683973.9577,0
684252.9831,0
684369.8908,0
684535.3355,0
684782.652,0
684849.8811,0
684867.868,0
684888.5863,0
685506.9076,0
685643.2869,0
685740.69542,0
685877.3409,0
685904.3523,0
685916.4063,0
685941.4725,0
686053.9195,0
686090.2544,0
686529.414,0
686545.5514,0
686622.9773,2512.176600000006
686768.7795,0
686865.6022,0
686927.332,0
686945.1636,0
686997.9363,0
687312.6158,0
687414.5009,0
687438.9052,0
687461.12945,0
687487.9493,0
687587.3389,0
687743.9587,0
687861.178,0
687891.954,0
688155.5496,0
688191.832,0
688244.3895,0
688359.2399,0
688377.3041,0
688515.808,0
688523.5046,0
688602.0228,0
688998.4958,0
689458.440725,0
689496.7515,0
689567.15655,0
689585.4686,0
689633.1269,0
689861.6908,0
689876.3089000001,0
689877.757,0
689887.3787,0
689923.6124,0
690136.2708,0
690810.7172,0
690873.6509,0
691127.1489,0
691143.3727,0
691266.5615,0
691381.4875,0
691448.4576,0
691634.9573,0
691925.0779,0
692220.2411,0
692360.0766,0
692387.5861,0
692532.1121,0
692755.7166,0
692761.5185,0
692839.6753,0
692994.8626999999,0
693005.3184,0
693097.7513,0
693162.11,0
693342.3967,0
693364.383,0
693552.9489,0
693628.5492,244.65009999996983
693631.8274,0
693980.3035,0
694305.5623,0
694439.5231,0
695383.3166,0
695620.5911,0
695732.3255,1482.013500000001
695759.1915,2653.5643999999156
696172.1803,146.30480000004172
696370.8427,0
696471.0113,0
696492.0548,0
696510.2023,0
696603.8876,80.62040000001434
696666.8156,1462.5529000000097
696757.6468,0
696848.7594,0
696909.6238,0
697026.1595,0
697273.0219,0
697438.9023,2190.2186999999685
697515.9211,0
697567.1759,0
697738.0135,0
697900.5143,1068.971600000048
697904.3537,0
698107.7205,0
698496.7858,24.224500000011176
698657.3615,0
699158.019,0
699500.0588,3999.8680999999633
699610.3526,188.8000999999931
699720.2902,0
699764.0545,0
699971.4666,3445.202900000033
700047.4858,1277.7704000000376
700113.5887,2006.4144999999553
700123.7383,0
700154.2406,0
700415.9309,0
700431.2862,951.9609666666947
700454.9802,0
700615.3963,0
700926.6459,0
700981.1974,0
701066.793,3979.4045999998925
701262.6871,0
701309.6158,0
701467.8945,435.1038000000408
701686.8745,3380.396700000041
701708.1647,0
701749.3028,3474.7050999999046
701939.8682,0
702123.5086000001,0
702526.3833,0
702569.8909,0
702731.2059,0
702850.8582,5126.537699999986
702964.2043,1400.626099999994
703110.5417,1143.8332999999402
703137.7796,0
703205.4016,0
703366.8214,0
703643.1039,4049.9375999999465
703911.2287,4155.136560000014
703976.6762,0
704041.26,0
704185.0999,0
704212.0906,441.92220000003
704411.5192,0
704575.4317,0
704668.3583,0
704838.0754,4530.278099999996
705021.6256,0
705049.4233,0
705335.4223,5566.98629999999
705535.4168,0
705567.0807,4848.86790000007
705984.4918,4386.997199999983
706020.5873,0
706041.476,0
706263.9971,0
706417.0911,2992.893199999933
706468.758,3932.631300000008
706506.3596,6774.517200000002
706572.4866,0
706579.9312,0
706618.8451,0
706621.2625,0
706635.3063,5280.720100000035
706807.8604,4441.562099999981
706970.362,1332.2093999999342
707322.51344,0
707665.3791,0
708061.0943,0
708478.5558,0
708735.4094,0
708796.5918,0
708897.3121,6435.662599999923
708996.9068,4565.5614999999525
709142.1869,0
709680.4044,5593.347500000033
710267.9519,0
710482.682,6392.658900000039
710756.9455,0
710837.6659,5089.846200000029
710861.6411,0
710906.3201,0
711006.959,0
711291.5801,0
711459.5799,0
711471.4729,0
711565.7508,0
711608.5697,6794.411800000002
711854.1746,4551.075300000026
711925.3006,0
712026.1924,0
712360.2935,0
712381.1273,0
712388.2728,510.609300000011
712412.9659,3800.102099999902
712520.189,6580.269199999981
712532.1081,0
712601.3768,0
712674.2165,4500.364399999962
712911.3404,0
712984.9228000001,0
713173.7539,4920.942600000068
713326.3257,0
713380.8382,5207.674800000037
713406.5886,0
713703.5377,0
713842.5181,5273.683500000043
713972.339,7883.842100000009
714107.8049999999,0
714143.5317,0
714315.812,4105.22350000008
714336.9017,0
714460.8258,7255.419600000023
714562.9431,6802.622600000002
714701.4192,6898.077200000058
715097.744,0
715103.2216,4511.555800000089
715157.3391,7082.810500000021
715358.0086000001,0
715740.3399,5574.8749000000535
715932.0545,0
715964.6166,0
715989.8986,0
716165.7713,0
716234.1544,7845.094799999963
716326.7474,0
716396.7758,6932.511599999969
716661.8097,7868.898599999957
716700.583,5103.239500000025
716778.3995,0
716855.3715,0
717191.4657000001,0
717227.6356,5953.59580000001
717340.4113,0
717347.5693,4815.281899999944
717745.3148,0
717952.3915,0
717996.8488333334,0
718110.5786,7605.713100000052
718354.3744,7836.268700000015
718381.9434,0
718442.5687,0
718445.3615,5975.900200000033
718496.6802,7252.654399999999
718503.8994,6266.107399999979
718571.3053,7707.33050000004
718759.6575,0
718871.2396,7070.248900000006
719171.8179,0
719211.241,0
719515.743,0
719634.4036,2040.7380999999586
719696.3348,7382.502600000007
719925.1115,0
720091.3859,0
720367.9498,7167.417699999991
720764.781,0
721010.9774,0
721013.7796,7691.014599999995
721091.585,3352.860400000005
721160.7469,0
721495.0228,6277.52210000006
721503.939,7562.697400000063
721511.5702,0
721880.961,7333.961499999976
722001.0174,7799.343499999959
722251.8589999999,0
722623.4373999999,0
722849.0267,3256.778900000034
722857.1261,7561.366000000038
722915.7803,0
723072.9218,1912.362700000056
723131.7444,6254.0607999999775
723172.56558,0
723266.051,5725.096799999941
723297.4558,6257.30700000003
723346.1779,0
723586.9978,0
723618.5669,0
723630.4901,0
723677.6555,2423.574600000051
723964.1171,0
724077.0718,0
724342.49045,0
724477.2956,7669.9034999998985
724670.1259,1904.0008999999845
724703.4876999999,0
724888.4357,6242.017400000012
724934.838,2392.6173999999883
725177.1719,1977.892899999977
725283.2754,7533.618300000089
725326.616,0
725429.1436,6281.443599999999
725463.5881,535.0688000000082
725667.9004,0
725728.5738,0
725755.3143,0
725839.9244,0
725962.6989,1742.2718999999342
725995.6511,6720.395699999994
726269.6612,2907.623799999943
726430.4313,0
726459.8774,7751.517800000031
726954.371,0
727038.5787,7488.447699999902
727159.5538,0
727600.9474,6347.886799999978
727705.0983,0
727820.5969,0
728308.8589,7829.06409999996
728334.3581,6558.485099999933
728399.6153,0
728446.0232,6223.650900000008
728688.3983,0
728951.1603,0
729024.377,7873.773599999957
729745.3241,2412.795199999935
729879.4487,1380.888500000001
729881.239,1126.3851999999024
730032.4955,0
730071.1903,0
730323.1652,0
730495.6494,6719.942599999951
730498.0227,0
730516.9312,0
730817.3884,0
730870.5288,0
730992.0392,9109.342300000018
731104.1549,6326.161899999948
731107.9574,0
731109.8197999999,0
731222.0647,0
731406.1419,0
731820.1910999999,0
732104.1263,2433.837300000014
732205.7763,1366.71940000006
732269.8241,0
732439.8089,7810.230099999928
732469.6104,0
732802.2704,0
732990.0125,6277.298399999971
733010.9751,7490.089000000036
733028.3902,0
733028.4923,0
733347.0689,1903.3164999999572
733362.2757,0
733417.6965,0
733729.8716,0
733894.7973,0
733902.911,2418.279099999927
734133.7572999999,0
734404.5159,0
734451.733,0
734719.5921,0
734756.5186,0
734853.3466,2751.152400000021
735017.7888,0
735055.4355,0
735440.388,0
735783.5588,0
735857.7784,0
735998.5013,0
736010.3742,0
736080.167,0
736233.0746,0
736292.2445,0
736961.7996,0
737054.7966,0
737384.3313,0
737414.3367,2410.415799999959
737445.496,6373.6716000000015
737493.4136,3033.1616999999387
737553.4181,0
737667.4702,0
737688.8543,8963.22530000005
737836.674,0
737881.0099,0
737938.157,0
737973.5623,0
738040.6968,0
738057.2734,0
738150.3036,0
738513.5132,0
738550.216,0
738563.2244,0
738629.4445,0
738911.5067,0
738930.9604833333,0
738989.2431,0
739261.2930666667,0
739472.0218,0
739794.8433,0
740229.1197,0
740326.841,0
740361.01194,0
740519.961,0
740662.6057,7841.200399999972
740967.0849,0
741401.0,0
741435.4558,0
741523.1685,0
741647.5393,0
741683.7345,0
742218.7831,6361.912899999996
742251.3519,0
742284.0948,0
742361.6982,0
742516.7289,0
742596.5841,0
742900.9167,0
743151.482,0
743263.9737,0
743399.9382666667,0
743403.5683,0
743412.1126999999,0
743494.0204,0
744072.1759,0
744094.0427,0
744266.4559,0
744368.8427,0
744453.6413,0
744500.6962,0
744569.3626,0
744689.9456,0
744701.2073,0
744890.8675,0
744927.5012,0
744984.2977,0
744995.6863,0
745425.7045,0
745487.8974,0
745657.3863,0
746170.778,0
746480.2181,0
746600.83385,0
746629.1027,0
747205.5453,0
747342.7321,0
747556.096,0
747570.0148,0
747778.3997,0
747969.163,0
748121.6563,0
748531.8725,0
748848.4854,0
748901.9554,0
748961.0766,0
748970.8302,0
749183.5713,0
749229.8828,0
749843.6324,0
749903.8279,0
750110.1295,0
750129.1192,0
750329.4107,0
750346.1923,0
750528.2901,0
750624.6529,0
750690.2523,0
751097.5619,0
751222.3307,0
751382.5848,0
751678.646,0
751843.3908,0
751939.1651,0
752032.3403,0
752530.6907,0
752666.0386,0
753195.5774,0
753329.1702,0
753438.1686,0
753554.9599,0
753649.6112,0
753679.733,0
753705.3282,6501.467799999984
753772.5908,0
753786.1585,0
754175.8862,0
754236.3663,0
754266.44708,0
754351.4523,0
754656.9705,0
754675.2892,0
754677.822,0
754817.8112,0
754833.4621,0
754838.9812,0
754905.4857,0
754953.0617,0
755161.6299,0
755463.7745,0
755663.4662,0
755768.9474,0
755827.2992,0
755967.13666,0
756201.2437,0
756259.1410000001,0
756328.8707,0
756548.186,0
756648.7954,0
756671.9119,0
756907.3707,0
757004.5603,0
757054.8565,0
757061.9131,0
757879.2536666667,0
757879.3239,0
757950.2693,0
757982.4805000001,0
758007.3589,0
758045.455,0
758209.6393,0
758252.0164,0
758270.4544,0
758283.5399,0
758291.1202,0
758358.8666,0
758399.9925,0
758420.4398,0
758976.128,0
759085.7291,0
759160.4408,0
759193.7334499999,0
759315.8944,0
759515.0866,0
759834.0893,0
760304.174,0
760548.379,0
760903.3409,0
761015.1864,0
761450.7386,0
761484.8139,0
761559.2611,0
761599.5274,0
761793.2939,0
761835.2093,0
761926.6247,0
762147.4034,0
762158.0265,0
762303.6809,0
762374.8321,0
762557.5088,0
762610.5668,0
762679.4662,0
762707.0485,0
762781.0491,0
762848.3609,0
763078.4134,0
763439.3954,0
763518.9245,0
763842.686,0
764660.1435,0
764702.5199,0
765058.7841,0
765292.1118,0
765486.6714999999,0
765581.8812,0
765602.7964,0
765899.3145,0
766106.8616,0
766252.5432,0
766253.0434,0
766445.6954,0
766562.7023,0
766643.4815,0
766707.5156,0
766772.3248,0
767089.9634,0
767350.2079,0
767454.2404,0
767471.2351,0
767519.5663000001,0
767537.8101,0
767582.0872,0
767631.6931,0
767642.0168,0
767912.9552,0
767939.0917,0
768103.4381,0
768391.7584,0
768546.9432,0
768607.1341,0
768636.0077,0
768721.4074,0
769022.8718,0
769177.2061,0
769548.9213,0
769600.5554,0
769608.2029,0
769648.6949,0
769665.1653,0
769847.7889,0
770138.9181,0
770179.1348,0
770451.131,0
770845.4544,0
770876.4262,0
770914.0226,0
771082.6805,0
771108.1256,0
771119.8818,0
771214.2481,361.20840000000317
771387.551,614.1711999999825
771590.7102,0
771606.7173,602.4174999999814
771769.5624,488.5384000000777
771861.6091,0
771882.9857,0
771944.1238,0
771985.402,0
772148.821,0
772296.1788,0
772350.3522,0
772466.4142,0
772535.057,192.85560000000987
772632.1525,0
772645.3864,0
772710.7077,0
772749.6193,0
772802.0114,0
772880.1463,0
772933.6147,0
773178.3502,0
773203.486,830.9187999999849
773594.8615,0
773791.3301,0
773901.6103000001,0
773971.5981000001,0
773980.7873,0
774067.5601,0
774083.41,0
774361.808,0
774616.6531,0
774959.904,0
775037.6796,0
775105.5604,0
775160.2617,0
775293.3529,0
775588.8329,0
776214.0213,2853.391900000046
776593.31,0
776717.97945,0
776748.4316,0
776752.8828,2968.4931000000797
776860.4729,0
776868.8401,0
776977.6543,0
777106.1285,0
777119.3684,0
777271.1852,0
777282.9794,0
777294.4932,0
777563.803,3251.204899999895
-----Simulation END-----
