-----Simulation 0-----
173093.1499,1881.684500000003
173275.3099,27413.54859999998
173459.1696,25021.285999999993
173492.6227,0
173512.1957,28255.170400000003
173835.9967,27721.534199999995
174126.9658,26409.754799999995
174141.9556,0
174205.7221,28324.157320000028
174367.81,0
174434.4122,27298.70849999998
174456.30479999998,0
174572.055,0
174619.421,27881.617999999988
174651.2565,27203.810199999978
174683.4936,27856.424699999974
174859.2378,27736.332400000014
175278.3712,0
175337.9803,24018.440699999977
175585.4173,27989.377899999992
175697.3826,28884.103500000027
176010.872,28389.36380000002
176129.5161,0
176473.7018,0
176476.9753,0
176527.5322,1387.5357999999833
176647.1004,0
177259.9362,0
177368.4605,29179.850999999995
177547.4195,27713.50589999999
177548.5613,0
177862.7859,2978.436699999991
178122.8664,2249.676299999992
178349.874,5218.284299999999
178653.278,4518.085999999981
178750.337,27869.315899999987
178876.2046,28804.157999999996
178881.4992,3083.0918999999994
179416.1813,0
179510.0398,27056.544599999994
179690.636,0
179790.9085,28408.708799999993
179803.6842,7821.3283999999985
179836.061,27908.190699999977
180026.0317,27504.09599999999
180030.6575,28828.552599999995
180352.7895,1833.7073000000091
180471.6005,0
180735.3764,4717.825100000016
180788.589,6097.752200000017
180927.7651,7413.302799999976
181512.2189,0
181566.5887,4750.279699999985
181610.6191,4465.094299999997
181653.6301,676.4867000000086
181709.8413,8120.311400000006
182087.5175,29711.092799999984
182173.7362,0
182282.6679,28367.01740000001
182319.7181,31941.30937500001
182411.7358,8232.350199999986
182513.434,28828.4614
182545.5096,0
182745.5023,3342.8466999999946
182754.8852,31503.230499999976
182784.6798,7710.127700000012
183057.7399,2158.137300000002
183343.8528,17880.128299999982
183357.0736,31489.300600000017
183597.7691,0
183606.0816,27875.905300000013
183872.7663,9393.811999999976
184043.802,27642.760700000013
184242.6318,30501.32269999999
184426.1736,0
184461.1257,29973.123699999996
184533.2241,8901.318800000008
184641.8872,27694.2469
184810.1976,28549.38890000002
184824.8849,28369.625700000004
184988.096,0
185043.3293,8631.928500000009
185199.628,0
185250.2349,27333.84030000001
185416.7274,31318.855300000025
185576.3498,27851.314700000017
185779.5938,0
186077.9272,8331.688800000004
186264.7782,9781.4663
186272.8394,5530.901500000007
186534.7369,32187.770099999994
186589.4388,28524.862200000003
186695.4925,31640.394299999985
186756.4847,33714.56640000001
186829.3869,8899.512799999997
186844.5071,0
186871.2676,9078.1495
186962.0336,32943.6115
187272.9325,33174.499099999986
187377.9527,8732.61989999999
187500.3429,0
187746.1015,8659.467499999999
187918.9096,8745.551000000007
187931.2517,11595.550799999997
188086.2374,10429.44650000002
188206.9634,214.54740000001038
188243.9467,0
188560.6579,12484.998200000002
188641.337,6830.630000000005
188826.1715,11562.234800000006
189008.365,33613.17829999997
189042.0072,33141.72749999998
189065.3447,33098.095
189346.4692,32348.494799999986
189544.5792,12530.57700000002
189661.4338,30545.588799999998
189900.9105,33881.96756666666
189951.0548,34166.90120000002
189969.4566,13053.626400000008
190202.4617,12619.623900000006
190423.3714,34507.52872
190454.1038,28701.9332
190535.3691,0
190583.0718,10418.723300000012
190918.7793,6683.3268999999855
191020.6067,12321.873200000002
191135.5313,33190.28030000001
191209.657,0
191250.905,28755.263600000006
191268.0781,8266.477000000014
191356.5107,12292.766800000012
191589.7184,11464.378599999996
191600.25,33689.47219999999
191783.5023,14035.002699999983
191965.2628,33537.8113
191981.3802,10161.92220000003
192077.3225,9617.856800000009
192099.26929999999,0
192155.9358,9379.929900000017
192503.6697,34332.89480000001
192592.0191,0
192763.7565,14063.195899999992
193054.8885,12372.223999999987
193122.0049,31413.048849999992
193126.6135,35536.76020000002
193379.5857,0
193556.0382,33940.03100000002
193974.8659,859.4133000000147
193989.0704,868.3111999999965
194141.9022,35734.7169
194142.3934,35807.91070000001
194142.7802,31530.929800000013
194228.9194,8386.485199999996
194279.5394,13813.998400000011
194288.5868,33466.770699999994
194409.6281,35250.288900000014
194727.4494,8340.204300000012
195300.917,14048.595399999991
195352.5103,13974.39929999999
195379.5787,32814.42134
195464.1399,37192.601800000004
195618.183,34850.70009999999
195885.0744,33466.35990000001
195982.3824,12475.79250000001
196000.4897,37280.72270000001
196125.5171,12385.908999999985
196198.9642,0
196380.7221,13119.659700000018
196383.5893,37142.99589999998
196476.8195,0
196801.0877,36939.962
196977.4659,15515.007400000002
197051.953,0
197160.4663,14326.802200000006
197189.9294,8753.664099999995
197197.7671,12720.821799999976
197249.8523,0
197495.4481,33962.47660000002
197523.1176,0
197546.8952,15651.682899999985
197907.9106,15987.916599999997
198115.2053,13971.51490000001
198206.43839999998,0
198674.6058,15786.40909999999
198677.8325,35337.84779999999
199034.9296,33006.27780000001
199074.5795,35514.4112
199304.5187,14314.137999999977
199434.1046,32986.05539999998
199451.3241,35732.043999999994
199619.9187,37701.5649
199627.008,16236.463599999988
199787.0211,34987.567500000005
199828.7289,16822.460699999996
199917.6998,37261.38011999999
200005.2758,36119.02170000001
200195.8216,37518.75769999999
200555.2476,39276.56539999999
200665.84279999998,0
200671.5828,38886.1593
200744.4449,0
201004.0822,16883.107000000018
201025.7681,12626.531099999993
201057.2993,36538.432300000015
201087.5944,16216.690800000011
201355.5274,11910.5619
201439.3432,0
201448.281,17638.27919999999
201622.5669,38618.68420000002
201685.727,15978.940700000006
201816.9736,38188.41029999999
202116.771,37309.35340000002
202138.2373,14480.219700000016
202162.6405,12725.363500000007
202209.8798,16497.155700000003
202275.7774,39210.2052
202382.8698,37925.36189999999
202395.4182,33098.5607
202520.4447,39253.93469999998
202558.5046,38575.96519999998
203050.1192,32503.061799999996
203208.2333,38312.5815
203428.1436,15470.308799999999
203775.9195,18840.044599999994
203821.7458,37037.4363
203899.8732,38415.40030000001
204290.9495,18377.80739999999
204408.0524,39516.87269999998
204424.228,14131.752800000017
204646.989,39511.66889999999
205036.6957,17098.5055
205132.9927,39089.62508333335
205204.9467,17129.680900000007
205224.1707,38923.44129999998
205287.9976,16652.215800000005
205303.9397,38238.33659999998
205332.1007,17088.872600000002
205503.5502,19059.088300000003
205503.9456,38899.22830000002
205557.126,39683.6237
205857.9468,37799.22053333334
205922.8025,40204.5894
206004.4811,33760.351800000004
206249.5687,14614.17259999999
206325.1475,18972.379400000005
206571.691,16404.387300000002
206592.238,0
206682.8974,19469.27349999998
206737.8843,6903.693800000008
206798.171,19516.42240000001
206939.9473,18128.415000000008
207076.9114,19714.548500000004
207657.2543,16945.67120000001
207711.3847,41248.8107
207993.1803,39918.47820000001
208167.3032,38116.11439999999
208176.2587,17092.68730000002
208283.2242,40950.19217999998
208363.2384,35432.27900000001
208427.1417,40362.80490000002
208543.8278,37430.98199999999
208608.1516,38935.58420000001
208671.1832,40294.293000000005
208808.3275,38024.0208
209023.3981,20275.544399999984
209029.9302,38985.426999999996
209171.8939,41383.66459999999
209496.5854,39384.84780000002
209622.1941,39103.196999999986
209850.1829,41131.26190000001
209916.0008,40776.80100000001
209918.5525,41430.58849999998
210130.426,19445.24669999999
210282.5084,38924.1231
210404.1876,38572.0226
210503.7791,37994.950900000025
210544.6161,20870.09440000003
210815.7427,41665.12969999999
210866.4689,39169.0221
210907.8873,17377.60029999999
211148.2302,0
211275.0302,33257.12890000001
211414.0979,22544.166999999987
211494.1112,39277.25610000003
211671.386,19296.06150000001
211676.9545,41913.418199999986
211802.2015,39438.74739999999
211868.7933,41115.371199999994
211997.9446,21082.341199999995
212197.8076,39724.78169999999
212217.2937,9294.632175000006
212526.2182,42475.57510000002
212692.2289,40287.74349999998
212698.5167,40390.7139
212716.6742,19650.22185
212817.8612,40205.30880000003
212915.4177,40766.70970000001
213002.9607,17251.114499999996
213281.3357,41180.02309999999
213319.7291,19509.519299999985
213584.5052,16762.05350000001
213892.9579,19761.648400000005
213917.4199,18896.3205
213927.4296,22688.791100000002
213931.7714,21406.722999999998
214033.281,23154.886999999988
214309.4154,21778.8603
214311.7177,39366.63580000002
214352.1788,41619.15950000001
214384.905,39137.2279
214523.5706,39485.3639
214574.7424,40155.77149999997
214633.3153,14920.676399999997
214669.0094,38950.20080000002
214828.7683,17310.01549999998
214841.3585,38348.7598
214846.9264,40532.8927
214857.5782,20491.429399999994
214913.305,39442.6519
214976.5116,19029.38070000001
215017.4986,25043.166299999983
215120.9398,39261.63949999999
215192.0937,21569.053400000004
215231.9033,38998.98139999999
215252.471,39949.61929999999
215377.7462,39441.10869999998
215463.42,41212.739300000016
215505.047,38876.2101
215511.5442,5720.1675000000105
215517.0483,23183.934299999994
215563.4204,24593.386325
215759.8238,24848.3088
215856.7547,11183.084199999983
216073.8635,23934.79620000001
216140.3789,41502.61540000001
216250.6962,16893.910200000013
216335.3138,39875.16080000001
216525.7584,39530.434499999974
216562.7353,39187.150399999984
216566.8817,24239.47099999999
216818.0533,40949.7291
216835.5014,19832.507400000002
216836.9912,41418.90629999997
216866.6185,40243.13210000002
216926.0893,25218.774000000005
216950.9726,23794.5907
217010.9374,25084.307100000005
217279.6861,39447.99839999998
217384.3468,23271.996799999994
217442.4216,24997.137099999993
217694.658,39984.658399999986
217730.5182,25278.96279999998
217841.1539,23670.387799999997
218057.2845,39498.99160000001
218129.0415,23127.627299999993
218210.1114,39878.03839999999
218262.0873,38529.35990000001
218323.2509,39431.11480000001
218416.5619,20718.0472
218497.005,39695.2084
218514.3866,39999.8487
218746.6786,39883.75940000001
218761.5017,0
218804.9163,39957.547500000015
218859.3565,19343.313399999985
218957.7859,16066.48999999999
219064.0594,39740.1244
219088.5136,24352.6771
219289.8004,39497.0551
219326.9211,39537.169475
219358.7241,39985.8658
219502.1109,23023.851400000014
219527.9641,22848.432
219692.0535,39550.27350000001
219713.6088,40007.866099999985
219798.2477,25806.896700000012
219813.7603,40607.82060000001
220019.1754,41045.9651
220181.4471,26155.954800000007
220218.6194,40590.41649999999
220227.9959,24899.250499999995
220278.663,19177.727500000008
220296.363,39656.4339
220335.5108,16028.644299999985
220361.5802,39574.87270000001
220580.23,40395.11360000001
220629.1396,41430.17019999999
220693.1477,22468.675300000003
220780.0468,41157.25670000003
220800.3744,25878.592800000013
220809.5454,22585.88990000001
221387.7613,24340.15520000001
221426.5523,22937.002700000012
221698.3886,16385.443
222153.5028,25214.58409999998
222400.2213,25398.118199999997
222527.4036,41399.7408
222771.0849,24755.018099999987
222974.9463,41202.64050000001
223006.9305,41076.00879999998
223075.0094,25431.73180000001
223322.9034,25488.990099999995
223329.2595,40279.228
223340.6319,22755.605300000025
223424.2813,40813.003400000016
223563.322,41148.49739999999
223567.7006,21341.935800000007
223869.3124,25306.8211
223997.8426,2700.582400000014
224091.3073,40930.4601
224217.3537,42040.884900000005
224272.5138,40560.78089999998
224418.9626,23394.300499999983
224589.277,26304.314600000012
224602.9636,41684.73239999998
224626.137,25875.550999999978
224786.2133,25349.578600000008
224951.17,41509.72140000001
225034.3066,1326.2235999999975
225345.7411,27179.517300000007
225404.0604,26508.396399999998
225473.3191,24727.668999999994
225697.7139,23516.677599999995
225791.1357,26934.040100000013
225870.8503,22074.95689999999
226084.733,40148.1152
226122.8214,24540.36049999998
226230.0946,25112.079300000012
226254.3089,40287.27860000002
226532.0315,43598.2433
226532.1856,22957.197400000005
226585.271,26082.6838
226696.4852,23155.60989999998
226865.0818,40377.2494
226939.0007,24052.96040000001
227021.9842,41129.9369
227041.0627,40355.71960000001
227078.5538,40910.4412
227216.8165,22568.344399999973
227245.2174,24590.03
227301.6304,40520.9252
227325.8463,25494.59090000001
227339.1393,24924.19810000001
227349.8896,41494.1336
227379.9447,42386.0496
227430.7675,40372.66519999999
227547.4764,40303.0546
227581.6025,41313.71097500002
228345.1618,27511.088099999994
228553.6396,27986.753599999996
228559.3538,24551.39850000001
228646.0495,26310.114099999977
228753.7582,27597.728300000017
228797.1712,24369.5325
228891.474,26317.224099999992
229052.3482,40499.61480000001
229350.0406,40340.61129999999
229416.3327,43816.29980000001
229528.4261,40409.87910000002
229796.1262,45279.957999999984
230127.1612,42517.630600000004
230129.8367,40311.43910000002
230317.0311,24219.237300000008
230317.5507,40349.782600000006
230375.8228,41475.962299999985
230475.3682,18855.510500000004
230485.6954,25017.5233
230545.4732,27635.18060000002
230648.8981,40071.6569
230820.7824,41538.8738
231059.6475,42476.96529999998
231234.6624,44877.87239999999
231275.4565,28266.32209999999
231280.9795,25557.974599999987
231327.888,40357.5949
231403.8733,40305.6391
231415.3915,25633.7488
231606.5712,45130.62170000002
231817.5262,45491.17979999998
231897.2487,4878.1791000000085
231929.6638,26014.6489
231956.9316,45181.26580000002
232213.3125,42094.23569999999
232385.7801,21367.8738
232389.9741,23772.4099
232679.243,45500.758899999986
233207.0545,29428.6287
233320.2073,28081.859800000006
233525.2078,30476.02489999999
233569.8525,44902.51630000002
233707.6847,22903.122800000012
233811.0456,40715.63270000002
234325.2875,28514.074300000007
234420.3622,46869.49860000002
234457.721,23374.062799999985
235134.7495,41436.22469999999
235368.2169,46632.711100000015
235468.9589,27927.75099999999
235585.7987,27245.11910000001
235618.0332,46621.01430000001
235668.4904,47355.8787
236455.8277,41838.44450000001
236635.3682,46443.342399999994
236959.4239,28257.056099999987
237382.5773,24997.788300000015
237417.4685,40427.75302499998
237445.0512,47032.5711
237500.469,28084.8033
237737.5425,46812.12179999999
237765.2745,31013.547499999986
237838.3661,48006.9344
238198.1675,32435.864499999996
238374.3048,25570.754600000015
238461.2488,19299.37949999998
238729.7777,27083.26940000002
238809.8693,27345.80779999998
239191.7291,41511.486600000004
239306.075,48532.48960000003
239312.6336,40286.43890000001
239432.7389,40198.86189999999
239446.3065,0
239593.4276,32447.33779999998
239940.7995,24627.569599999988
239974.6535,49382.508499999996
239994.8032,32422.146999999997
240302.6443,25637.94570000001
240745.7273,42889.888799999986
240811.981,36519.1274
241182.5228,0
241415.4287,0
241628.0202,45301.6452
241779.9471,35215.383700000006
241790.6571,26934.953600000008
241884.1216,33357.801800000016
242023.0515,46111.99609999999
242253.0214,40651.70920000001
242401.4438,33752.11440000002
242407.2104,31789.285200000013
242546.9424,52031.8266
242688.335,49661.74799999999
243227.6311,53893.634099999996
243302.9292,45886.029300000024
243477.2896,32938.48899999997
243628.3652,53655.292400000006
243713.1184,48085.63260000001
244097.1172,30572.545299999998
244155.246,25768.23040000003
244223.5705,54404.876099999994
244247.8528,30318.343200000003
244358.1118,28546.558366666693
245092.6899,50046.85279999999
245105.9077,40116.988900000026
245121.0175,35807.259699999966
245367.1825,48613.293000000005
245430.11,36297.028899999976
245517.0551,35104.06080000001
245609.5232,46819.14619999999
245700.4552,54741.185
245702.6499,3145.8481999999785
245742.3816,54611.86439999999
245852.9557,33056.933099999995
245883.9169,33762.115099999995
246263.206,49369.45929999999
246327.7546,22750.672499999986
246630.798,36413.688200000004
247024.2837,36215.48060000001
247046.5226,55254.74799999999
247247.8578,55351.24229999998
247356.348,34760.8652
247608.3962,36269.014599999995
247609.8902,55636.0851
247689.8158,49542.413100000005
247731.3054,46964.743600000016
247927.2981,32490.64010000002
248053.3166,35383.405699999974
248329.4333,47508.141059999994
248463.448,55948.639800000004
248526.9345,35459.97839999999
248710.4494,36561.380000000005
248752.3032,53396.19519999999
249187.3527,53159.6029
249527.1208,56114.50159999999
250054.1758,0
250078.0408,54155.3193
250098.6964,35645.856899999984
250155.3026,55664.90229999999
250798.6648,56024.81099999999
251042.4446,36111.90219999998
251274.9122,56140.4313
251682.4364,0
251684.1489,35905.207599999994
251723.6652,50098.2536
251775.9199,33657.6317
251869.7476,56527.17379999999
251939.894,30272.582200000004
252288.2012,37136.392500000016
252350.6315,55557.557499999995
252505.3026,36266.3787
252577.5667,36394.239499999996
252942.6919,55436.9957
252960.6997,55509.80109999998
253101.9797,40764.14749999999
253364.9272,31926.18850000002
253523.0238,45735.0747
253922.8943,21948.593100000027
254003.3488,36296.2218
254081.3368,25189.717199999985
254159.9415,35668.58129999999
254562.9965,38292.138600000006
254729.3419,38426.91990000001
255819.3296,57558.8021
255883.9064,56839.120599999995
255924.8764,35699.489499999996
255983.9176,50005.32999999999
256075.7236,58646.53699999998
256191.6654,55557.5766
256240.8562,37211.825500000006
256265.8371,36197.595499999996
256398.1345,56421.25839999999
256492.8931,32751.20689999999
256930.5646,56109.77050000001
256950.0879,37770.50640000001
257036.6112,36986.47790000003
257588.3362,34825.0263
257631.7852,56368.50860000003
257735.0959,56510.57639999999
257753.4529,36005.8781
257919.2691,37220.08350000001
258082.4046,36868.590200000006
258139.7649,59320.71730000002
258162.8328,40109.902900000016
258251.9943,39266.31519999998
258598.4899,39877.01159999997
258675.1456,60130.8597
258752.605,39602.891
259010.5296,57058.66570000001
259138.689,60582.28570000001
259166.9865,54000.45629999999
259678.0843,39883.62659999999
259749.9174,40149.462820000015
259772.8412,60756.3089
259784.3297,59106.36300000001
259859.3026,40442.99369999999
259916.1422,35304.097299999994
259928.2964,40461.07823333333
259980.74,40053.8541
260048.2568,47547.63500000001
260283.2128,40357.2611
260378.6276,35680.970499999996
260453.4939,40318.0851
260495.957,59920.130799999984
260519.4652,59403.677200000006
260655.3148,36236.49830000001
260764.3183,41000.16645000002
260861.2185,53931.76719999997
260955.1079,39127.431100000016
261135.2874,40279.446800000005
261454.2044,60114.46429999999
261537.0081,0
261628.2356,60823.12210000001
261655.4335,61082.301800000016
261850.5778,60722.028499999986
261861.4447,40893.42599999998
261921.3157,59066.98240000001
261991.023,58517.40159999998
262118.4452,58085.0582
262346.9206,40394.46430000002
262375.7691,61634.17519999997
262466.3011,38695.96549999999
262818.2808,40510.80129999999
263166.4182,41154.59620000003
263226.1432,61267.13259999998
263527.0914,35395.76769999997
263877.855,40260.19139999998
263976.2674,61323.608800000016
264005.2921,38322.53600000002
264092.6051,39629.216399999976
264095.8056,41385.01030000002
264364.8716,40208.72960000002
264440.8217,40494.94889999996
264545.0914,60156.67729999998
264608.591,39908.6188
264619.6543,59666.296700000006
264832.9611,60277.95670000001
265245.8137,41707.1801
265378.7615,40428.278500000015
265564.4832,16467.607900000003
265567.6026,59795.18959999998
265574.8005,60889.678000000014
266098.7099,60938.57380000001
266226.0449,54113.18749999997
266286.476,56254.586500000034
266308.0017,40934.61830000003
266408.2899,40679.90949999998
266730.2094,35545.7108
266885.2893,41368.73300000001
267029.913,40826.071599999996
267246.8212,61354.39170000001
267391.2045,39056.72700000001
267774.8766,40573.087233333354
267840.5425,40647.57779999997
267933.3471,60419.667400000006
268075.3736,61312.669599999994
268215.614,39989.08850000001
268467.1422,61146.6691
268715.3994,38895.3057
269265.2814,39755.91234999997
269373.5929,61238.6256
269462.8939,60936.423100000015
269568.303,39141.59400000001
269596.59400000004,0
269781.4955,0
269951.8504,61727.46119999999
269962.7011,26081.397200000007
269965.6782,39511.79370000004
269979.2152,40625.020099999965
270168.5935,62277.10190000001
270351.8663,39754.744999999995
270422.4662,39855.47800000003
270517.8103,39219.15950000001
270569.4013,61996.504800000024
271115.4825,33055.30489999999
271313.8115,59934.95449999999
271434.3057,40373.38580000005
271611.2355,63592.87586
271832.0598,19595.296199999982
271859.3379,40887.50779999996
272049.2382,61366.397600000026
272129.9447,40937.57189999998
272340.5218,63174.1287
272652.3184,63668.225199999986
272978.7302,40541.61239999998
273078.7869,22500.674499999994
273210.1771,41241.71039999998
273339.2428,40553.48869999999
273443.1961,7451.18829999998
273720.9021,39644.09770000001
273749.9388,39616.604500000016
273985.9348,63107.207799999975
274140.4786,41920.56579999998
274291.6404,39667.386099999974
274386.3924,41199.92930000002
274468.1838,61660.3965
274612.7953,62483.259499999986
274829.1943,36820.70489999995
275030.8236,61366.21410000001
275751.8342,17307.647399999987
275836.2585,65153.37890000001
275933.5295,58553.91529999999
276051.8526,66128.16559999998
276335.2878,62263.28139999998
276352.0433,42017.19560000001
276416.1913,42214.32740000001
276442.105,41494.47369999997
276547.379,65347.2709
276674.6272,42049.3339
276703.3605,62096.7543
277028.9012,39876.74610000002
277383.9091,63253.298499999975
277462.1364,67337.43770000001
277536.1147,62279.14559999999
277552.3222,2193.949399999983
277813.6533,41605.255400000024
278000.88300000003,0
278036.4785,38869.92050000001
278082.7062,60241.91730000003
278097.5397,60120.32800000004
278357.2929,65672.66936
278551.8271,39019.7904
278765.4949,66698.05309999999
278823.1235,40148.952499999985
278886.4499,42432.860400000005
279074.3379,42833.88679999998
279316.7655,42231.91219999996
279324.8224,65088.11379999999
279337.5238,43995.71710000001
279575.3604,41667.090400000016
280038.9596,25537.929700000008
280216.5664,67480.74440000003
280258.5878,61075.00289999996
280311.6119,0
280332.9196,58197.80450000003
280385.8098,40360.278300000005
280629.9247,57702.443699999974
280737.3417,66765.4485
281153.4046,66373.4603
281216.0307,41601.8014
281437.3538,66772.91059999997
281538.2069,44082.7322
281695.9146,43961.91160000002
281704.0026,43851.6715
281915.1085,44458.19279999996
282224.1862,44117.538300000015
282443.5941,45465.1176
282637.7862,45148.21849999996
282652.22,67504.60659999997
282767.7491,64345.07680000001
283044.8003,67137.06030000001
283390.1201,67634.2814
283583.1904,43441.397800000035
283859.3926,66309.25020000001
283947.2622,65676.8953
284062.7648,41572.53020000001
284113.9075,42096.66779999997
284156.4623,42520.404300000024
284212.032,64780.71460000001
284394.6957,0
284439.8922,65087.31210000001
284568.7878,64886.57957999999
284586.1967,44075.480499999976
284606.0906,0
284703.6249,62139.9253
284712.0976,41712.590599999996
284877.0451,65573.7799
284969.8069,41225.64420000004
284977.8162,41634.755000000005
284980.8134,66745.83719999998
285198.1449,66446.4137
285336.1428,66380.48069999996
285432.0611,64523.518299999996
285617.7227,67640.02119999999
285627.5478,41259.45670000001
285659.7978,43155.01699999999
285775.5503,64990.27429999999
285823.898,45022.10223999998
285855.4805,45221.4853
285955.7887,41682.38889999996
286151.643,66156.84979999997
286185.2804,67545.59089999998
286460.1193,44304.360400000005
286480.5437,65265.64819999997
286526.5011,64881.331199999986
286623.5706,41098.376699999964
286696.9739,66606.06379999997
286865.4811,64688.577899999975
286992.4796,65791.97690000001
287145.3585,64783.68129999997
287246.6379,65605.78049999996
287395.2939,38403.19036666665
287504.5621,65892.38764999999
287653.3781,64873.62239999999
287689.3426,66244.38449999999
287716.2497,67834.978
287745.6827,62765.29860000001
287749.095,65561.30669999996
288052.9264,41688.99189999999
288154.3718,67200.87650000001
288328.2785,62475.13380000001
288538.4633,43383.03450000001
288611.5435,41381.93530000001
288962.1634,41738.40210000001
289007.8116,64923.897800000006
289141.9193,41765.13760000002
289187.6862,60981.409199999995
289348.2776,41939.25419999997
289432.0674,63692.933500000014
289463.6093,61042.03610000003
289589.6587,42023.23170000003
289827.0986,62243.12862500001
290003.0719,41778.69619999998
290319.2333,44280.590800000005
290452.8284,62283.07500000001
290611.3924,67694.96060000002
290613.4603,0
290724.376,28686.9167
290737.4354,41484.404300000024
290742.9218,61291.459900000016
291034.022,61422.254799999995
291035.198,66605.46999999997
291063.5535,64952.73643333331
291266.0551,42686.548299999995
291308.5339,42062.96009999997
291345.3948,61144.87290000002
291436.7006,62211.22119999997
291544.5889,45143.19539999997
291566.6821,42013.66749999998
291779.1541,64868.7855
291875.323,42571.60889999999
292016.2062,61323.67715
292177.1712,68522.0649
292232.0481,41297.75140000001
292292.2794,61698.435
292342.7982,61369.39480000001
292401.6125,41849.85279999999
292509.8749,67364.94929999998
292517.1364,41912.37170000002
292767.9096,41923.54450000002
292792.1143,42255.96400000001
292829.3049,43836.269700000004
292862.2556,58381.51349999997
292885.4312,58507.0166
292888.8554,41600.94560000001
293101.6723,0
293370.8581,68140.01990000001
293631.2482,42439.62089999998
293716.3646,61328.351199999976
293773.7507,42287.30999999997
293785.0899,42406.29840000003
293830.761,62364.65950000001
293886.5747,61372.516
293996.9416,60004.16445000001
294021.4923,43898.35089999999
294028.0416,41900.912500000006
294042.5445,57658.014400000015
294228.3484,0
294440.3404,61104.61899999998
294459.4892,40049.66560000001
294466.1078,57632.452900000004
294466.1197,58565.81799999997
294532.8135,61207.0772
294602.1162,57690.25079999998
294645.4539,42659.25240000003
294715.1743,61330.9884
294872.5724,42066.19829999999
294886.7972,42427.90049999996
295072.9053,41915.375899999985
295086.8775,66013.27900000001
295088.5292,66713.82499999998
295125.2092,40464.61939999997
295273.7539,57606.96960000001
295595.3764,57619.80230000001
295597.8798,41084.212
295675.0935,40350.27630000003
295760.7988,44009.49770000001
295775.8838,61348.36180000001
295841.4353,43398.13886000001
296112.6929,42284.384500000015
296253.2317,40454.60149999999
296340.7953,44222.95370000001
296341.5835,40116.14970000001
296462.3533,40414.49680000002
296466.5842,57772.260099999985
296546.7353,57678.8965
296766.9795,61192.914300000004
296938.6262,63552.770300000004
297115.3511,57853.75370000003
297164.7883,62261.81190000003
297180.2612,2539.9033000000054
297214.1553,65185.30199999997
297371.1349,40448.47710000002
297475.1002,40253.20239999998
297667.1706,41908.758900000015
297760.0083,58368.64499999999
298031.1633,40635.42910000001
298257.7532,58080.80309999999
298397.9269,57357.594300000026
298402.4987,41927.58069999999
298434.7774,42343.05210000003
298478.138,57959.24869999997
298501.6046,57648.88260000001
298847.3607,57828.70290000003
298901.5271,40772.16560000001
299330.2274,42659.514199999976
299346.9825,62452.356499999994
299559.0969,57529.1189
299561.8797,61027.3119
299719.9861,41218.996399999975
299826.4389,42470.65420000002
299948.5617,40367.45160000003
300069.9153,60279.768299999996
300160.6634,40268.66990000001
300168.2169,40452.38680000001
300296.5766,40259.240699999966
300304.8414,59505.35579999996
300322.6944,59562.549499999965
300418.2687,40339.763000000006
300597.4133,40176.01630000002
300647.3981,57403.867099999974
301125.4174,58157.99549999996
301285.7454,57245.27780000001
301318.9144,41164.5539
301351.9987,42074.345499999996
301388.9286,40138.02729999999
301489.9051,40628.922899999976
301558.2742,57484.51569999999
301997.921,40954.947199999966
302103.176,57748.24959999998
302344.0787,67507.63
302365.9802,61215.43419999999
302370.5393,42302.4149
302685.3141,39313.23240000004
302730.2959,39882.40010000003
302853.0411,41396.812799999985
302950.9311,40181.80939999997
303014.0943,42025.27609999999
303024.868,66199.94670000003
303064.13,40852.589800000016
303305.7676,57633.40360000002
303511.6638,42452.72509999998
303728.3964,57870.52880000003
304026.7996,42221.97670000003
304183.7324,57692.21669999999
304206.9705,40292.7917
304541.0453,65980.2366
304840.2987,40131.133499999996
304967.376,58372.91089999999
304971.764,40163.730299999996
305056.9651,39477.1899
305159.526,0
305370.6013,58147.01399999997
305623.5332,58695.242
306147.0256,40019.543200000015
306182.8876,40227.826100000006
306332.0005,57674.234600000025
306394.4529,57449.972099999955
306397.4414,62832.84950000001
306454.9714,42783.619200000016
306680.1622,59429.054000000004
306714.6775,57683.61919999999
306772.1921,57792.9595
306886.9001,58759.409000000014
306905.8874,40068.32760000002
306935.1201,40456.989500000025
306959.8972,58013.84770000001
307004.6661,57917.76999999996
307010.2052,62504.497700000036
307136.4649,57496.16770000002
307174.1348,42248.782200000016
307399.5048,58935.37949999998
307421.4271,40623.67509999999
307788.3847,42229.140799999994
308006.8948,57706.2353
308117.2978,60202.214800000016
308218.8941,40013.14049999998
308245.576,59828.81349999999
308255.5126,40159.6348
308361.6032,58197.40110000002
308410.3144,40979.380199999956
308439.1937,40147.78169999999
308448.9025,57451.75710000002
308707.3069,40453.23390000005
308733.8527,59940.484999999986
308847.4543,59881.24669999999
308861.0375,59237.25569999998
309021.2919,57594.27470000001
309320.6581,41018.46960000001
309345.6519,57703.08859999999
309441.0691,39695.60840000003
309593.1816,65974.50350000002
309671.3096,40791.5894
309750.2097,40638.24489999999
309768.0397,59437.37690000003
309928.6011,41058.715400000045
309967.7383,0
309970.2992,57705.10029999999
310003.5007,41806.50919999997
310143.7203,40180.6139
310298.4105,60242.30780000001
310427.2786,59308.08430000002
310538.3232,59547.78859999997
310611.7758,60133.48999999999
310746.3151,40785.908599999966
310754.0063,41218.500100000005
310788.326,41007.5478
311401.185,41083.77529999998
311552.5359,60147.59620000003
311562.0623,57640.25939999998
311645.7927,59427.08809999999
311707.6128,57898.0074
311872.7457,40841.49580000003
311887.4743,60152.95550000001
311918.4611,42498.52570000006
312086.2922,40125.87150000001
312237.3765,42022.71870000003
312255.1744,42365.42560000002
312339.6791,58942.03640000001
312368.619,58371.428400000004
312405.0747,42736.73019999999
312449.6752,59704.97899999999
312457.0045,40913.22899999999
312471.1452,39678.66730000003
312526.07,57543.4951
312643.8704,57432.740700000024
312794.6082,59061.735600000015
313026.7761,42164.31210000004
313048.6885,59422.44069999998
313433.8185,58759.06880000001
313449.9205,59375.75960000002
313646.4941,59264.04060000001
313758.6911,58187.37089999998
313810.3343,40051.27279999998
313878.068,58367.67920000001
313947.5471,57414.76260000002
313987.6825,60570.20379999999
314101.8058,59352.60889999996
314385.0477,57582.4449
314449.6834,39516.038499999966
314609.0505,59907.23220000003
314629.814,42857.61680000002
314717.8359,41101.7329
315103.4373,58013.4675
315210.737,57060.61360000004
315343.2097,58474.47
315378.1764,39658.269499999995
315408.9722,39755.8983
315445.1575,57083.76399999997
315483.4625,44237.66460000002
315549.7777,40527.17909999995
315558.5358,57200.12640000001
315605.484,58480.584
315670.9473,44100.47220000002
315681.6044,43067.83540000004
315816.1669,40851.56760000001
315944.281,44048.8983
316163.7901,39763.04589999997
316165.8795,40426.326
316422.7521,41175.44669999997
316705.9702,41531.15179999999
316754.5931,40669.03600000002
316832.7638,42523.60600000003
316937.2155,44075.43809999997
316987.6649,57581.42559999996
317015.1963,56524.48150000002
317085.711,41095.83559999999
317092.4146,58662.682300000015
