min delay, max delay, mean delay, percentage delayed, percentage not delayed, amount served, amount not served, runtime
0.0, 10478.381300000008, 11.144381233872897, 0.23457658925639222, 99.76542341074361, 4259, 3528, 6005.718628644943
0.0, 12411.314699999988, 34.8052853021763, 0.6810709253170503, 99.31892907468296, 4266, 3522, 7310.881738185883
0.0, 17377.57250000001, 43.16680661866362, 0.783410138248848, 99.21658986175115, 4343, 3424, 6726.107544183731
0.0, 5431.778399999952, 2.5867221941702665, 0.11475786091347258, 99.88524213908653, 4360, 3451, 6926.342071294785
0.0, 31692.291199999978, 152.81406873685418, 2.58344764517604, 97.41655235482396, 4376, 3391, 7454.050746202469
0.0, 23077.694900000002, 61.82340353766961, 1.0528778661675247, 98.94712213383248, 4272, 3535, 6673.999946594238
0.0, 30238.925400000066, 118.19425086657436, 2.1673968180770116, 97.83260318192299, 4333, 3460, 7495.010010004044
0.0, 16062.566799999913, 16.070389438717054, 0.27491408934707906, 99.72508591065292, 4373, 3398, 6713.968682050705
0.0, 29715.890800000052, 264.9707377414401, 4.2146476278212806, 95.78535237217872, 4352, 3418, 7764.067883014679
0.0, 6954.553400000092, 5.447520614954579, 0.13976240391334732, 99.86023759608665, 4286, 3492, 6249.6808269023895
