-----Simulation 0-----
172815.9294,0
173392.2922,0
173404.7322,0
173428.5374,0
173592.2436,0
173690.0135,0
173845.5743,0
174027.6995,0
174132.5086,0
174313.5346,0
174316.8229,0
174352.1072,0
174526.174,0
174655.9086,0
174780.6701,0
175164.6092,0
175419.8034,0
175469.2946,0
175595.8437,0
175738.50280000002,0
175984.9819,0
176015.999,0
176067.1218,0
176115.3565,0
176334.4395,0
177167.7716,0
177173.026,0
177339.0049,0
177389.8362,0
177417.8889,0
177682.1105,0
178068.2655,0
178222.6024,0
178262.165,0
178449.6811,0
178533.0366,0
178545.7058,0
178651.265,0
178712.5523,0
179071.03960000002,0
179293.0997,0
179412.8482,0
179576.5557,0
179665.1445,0
179728.5426,0
179839.3392,0
180053.9144,0
180094.1544,0
180270.14549999998,0
180270.4,0
180323.0588,0
180471.1476,0
180588.34029999998,0
180696.4159,0
180830.4377,0
180982.6248,0
181099.3174,0
181112.0007,0
181696.5979,0
181867.77,0
181883.4971,0
181903.7956,0
181995.6826,0
182027.4311,0
182222.1594,0
182349.6973,0
182681.55359999998,0
182746.28149999998,0
182751.5203,0
182771.7862,0
183018.0311,0
183154.5661,0
183660.3291,0
183669.5127,0
183767.8382,0
183873.1731,0
183895.6577,0
183925.2504,0
183944.4737,0
184255.0228,0
184367.5666,0
184771.4717,0
184887.9954,0
184905.703,0
184937.9971,0
185070.4042,0
185090.5416,0
185149.77909999999,0
185433.9684,0
185437.7272,0
185613.5325,0
185673.5144,0
185764.6849,0
185799.6566,0
185999.1552,0
186090.852,0
186264.6782,0
186478.5621,0
186506.6219,0
186534.1257,0
186579.3512,0
186919.7154,0
186963.3452,0
186974.4823,0
186991.6529,0
187154.3704,0
187207.1082,0
187233.2529,0
187389.0688,0
187637.98859999998,0
187738.8039,0
187786.3806,0
187922.801,0
187985.80430000002,0
188054.9906,0
188146.0853,0
188813.5738,0
188938.42979999998,0
189016.3197,0
189039.73739999998,0
189058.7376,0
189162.4548,0
189226.79486666666,0
189250.9484,0
189313.07140000002,0
189324.0697,0
189360.0319,0
189525.4708,0
189667.7389,0
189718.1946,0
189750.3598,0
189933.0591,0
189967.5811,0
189984.29580000002,0
190075.4521,0
190228.105,0
190270.0715,0
190415.6078,0
190496.1428,0
190655.3079,0
190683.1007,0
190787.1819,0
190825.08370000002,0
190948.8203,0
190962.0141,0
191498.5031,0
191600.9301,0
191648.4422,0
191768.6501,0
191784.737,0
191798.1921,0
192050.05713333335,0
192398.1459,0
192461.62290000002,0
192597.1902,0
192918.14250000002,0
192932.8172,0
192981.4532,0
193221.567,0
193650.8989,0
193773.8124,0
193810.3635,0
193811.2107,0
193859.0223,0
193886.1391,0
194081.6786,0
194464.5393,0
194552.0946,0
194631.5932,0
194851.0171,0
195208.5015,0
195592.4132,0
195722.59590000001,0
195728.3591,0
195852.4694,0
195864.1095,0
195925.1814,0
196155.7534,0
196548.75780000002,0
196619.6869,0
196724.3126,0
196750.3493,0
196933.25,0
196964.6917,0
197149.2546,0
197167.1274,0
198038.3388,0
198346.3149,0
198705.7775,0
198766.9549,0
198781.7972,0
198919.305,0
198921.0276,0
198962.0676,0
199002.4078,0
199059.5317,0
199377.9616,0
199455.7326,0
199533.81530000002,0
199610.23249999998,0
199780.7015,0
199835.2726,0
199840.9928,0
199897.9641,0
199944.85080000001,0
200096.0417,0
200379.7105,0
200937.8468,0
200975.536,0
201029.8021,0
201050.0998,0
201202.0703,0
201680.5108,0
201680.5488,0
202000.2321,0
202303.532,0
202364.2621,0
202480.4787,0
202646.0308,0
202739.653,0
202817.5379,0
202835.8096,0
202853.0258,0
202880.5734,0
203053.20500000002,0
203837.1574,0
204085.8971,0
204116.50699999998,0
204132.7743,0
204191.1943,0
204195.2455,0
204332.9478,0
204421.76750000002,0
204828.75,0
204832.8984,0
205040.9985,0
205105.8057,0
205861.9545,0
206069.2243,0
206400.04833333334,0
206515.0078,0
206566.7396,0
206645.2731,0
206675.3983,0
206732.6917,0
206770.4052,0
207270.8073,0
207271.3616,0
207724.6644,0
207915.0519,0
208043.3835,0
208082.625,0
208307.0652,0
208420.66999999998,0
208680.6796,0
208757.8275,0
208808.047,0
208997.4563,0
209234.10700000002,0
209437.5766,0
209474.19809999998,0
209491.7139,0
209732.6132,0
210228.7697,0
210408.3241,0
210421.1154,0
210456.0241,0
210878.8406,0
210896.1961,0
211189.6738,0
211345.37420000002,0
211407.18170000002,0
211526.7303,0
211894.74839999998,0
211992.6255,0
212348.7661,0
212572.27539999998,0
212639.42440000002,0
212838.3642,0
213269.76260000002,0
213843.0766,0
214035.6563,0
214042.6996,0
214054.454,0
214094.602,0
214155.7485,0
214239.0657,0
214476.351,0
214477.6218,0
214908.8772,0
215000.1196,0
215050.2618,0
215263.5693,0
215330.6109,0
215585.0404,0
215707.1233,0
215711.4238,0
215763.6284,0
215808.1361,0
216281.20952,0
216562.6592,0
216728.4747,0
216915.7389,0
216940.1072,0
217890.5926,0
218419.7309,0
218449.8359,0
218453.9784,0
218586.2616,0
218624.8246,0
218710.2677,0
219158.4814,0
219445.99,0
219733.26559999998,0
219763.5214,0
219792.8592,0
220252.98320000002,0
220314.5293,0
220347.68782,0
220530.3774,0
220707.99300000002,0
220826.0869,0
221423.3816,0
221477.7456,0
221790.8347,0
221870.2554,0
221951.072,0
222043.817,0
222147.0614,0
222287.9408,0
222365.5229,0
222480.6814,0
222761.51189999998,0
223076.1236,0
223463.8879,0
224577.5831,0
225182.6168,0
225344.4882,0
225532.069,0
225550.3784,0
225774.044,0
225834.26760000002,0
226153.43589999998,0
226680.9497,0
226757.1627,0
226907.1076,0
226950.26919999998,0
227152.7494,0
227227.5806,0
227361.8285,0
227412.2284,0
227479.3522,0
227672.0953,0
227750.9789,0
228124.89671666667,0
228203.8229,0
228363.8642,0
228474.20055,0
228587.1867,0
228704.3626,0
228733.79843333334,0
228845.401,0
228972.8027,0
229072.5148,0
229173.863,0
229280.1507,0
229354.2939,0
229594.2391,0
229996.5816,0
230423.9406,0
230442.6379,0
230664.7829,0
230767.0401,0
230896.5527,0
230932.29200000002,0
231471.5235,0
232289.9834,0
232772.8566,0
233172.6509,0
233206.46779999998,0
233486.4342,0
233675.2266,0
233755.14539999998,0
233792.0701,0
233835.8081,0
233851.235,0
233962.8711,0
234123.9354,0
234651.8168,0
234935.2293,0
235083.713,0
235191.1077,0
235382.3724,0
235438.7284,0
235442.5639,0
235446.8196,0
235864.9937,0
235957.7403,0
236034.0055,0
236165.8875,0
236405.902,0
237059.4123,0
237107.9266,0
237128.7071,0
237427.5509,0
237548.6585,0
237566.4528,0
237646.1056,0
238022.4737,0
238343.2995,0
238414.6201,0
238579.3748,0
238661.2789,0
238731.9748,0
238957.0769,0
239164.19856666666,0
239167.59346666667,0
239539.6136,0
239540.5455,0
239892.8881,0
239918.5767,0
239998.96000000002,0
240587.9579,0
240624.0581,0
240814.9997,0
240931.275175,0
240989.0029,0
241522.6868,0
241856.7161,0
242049.18219999998,0
242081.36609999998,0
242239.5119,0
242332.1463,0
242523.46626000002,0
242543.3703,0
242942.2505,0
242988.56829999998,0
243132.6543,0
243170.2572,0
243564.4033,0
243823.4248,0
244023.2936,0
244406.823,0
244525.48690000002,0
244545.3626,0
244579.5186,0
244913.2635,0
245007.3183,0
245243.98082,0
245266.2661,0
245832.8993,0
245868.7192,0
246395.4401,0
246444.9388,0
246533.8034,0
246832.186,0
246939.3341,0
246996.5623,0
247172.4127,0
247802.3293,0
248213.6159,0
248389.5526,0
248404.4632,0
248533.9725,0
248569.8446,0
248711.3979,0
249150.1814,0
249202.6624,0
249326.5167,0
249499.7189,0
249585.0815,0
249672.87170000002,0
249908.8278,0
250284.8928,0
250293.9639,0
250365.5591,0
250390.4031,0
250761.4868,0
251194.18349999998,0
251271.4184,0
251405.2587,0
251670.4924,0
252054.4753,0
252245.01549999998,0
252344.2268,0
252459.9085,0
252599.5729,0
252697.2794,0
252754.9822,0
252799.4203,0
252902.0243,0
253223.82390000002,0
253363.0784,0
253365.02659999998,0
253618.6876,0
253637.905,0
253736.4751,0
254035.7648,0
254085.006,0
254507.6375,0
254557.3976,0
254670.7157,0
254740.7841,0
254815.7683,0
255059.4918,0
255236.7091,0
255301.2507,0
255490.7524,0
255542.7135,0
256007.0056,0
256009.2609,0
256066.6515,0
256245.4171,0
256270.7069,0
256272.321,0
256282.8124,0
256310.941,0
256553.1458,0
256632.0962,0
256642.51929999999,0
257394.8707,0
257527.6648,0
257716.4925,0
257903.2078,0
258326.13569999998,0
258384.5914,0
258421.8275,0
258594.4958,0
258622.8984,0
258774.3436,0
259039.2122,0
259158.99273333335,0
259391.9386,0
259454.9321,0
259910.6745,0
259931.6573,0
259974.5995,0
260017.316,0
260099.5798,0
260166.959,0
260341.713,0
260590.7434,0
260720.5203,0
260817.6106,0
260894.2459,0
260908.3701,0
261069.8348,0
261071.0468,0
261083.8607,0
261278.9372,0
261530.4487,0
261561.971,0
261579.91,0
261852.35629999998,0
262076.8273,0
262535.7975,0
262736.3983,0
262878.7814,0
262993.4092,0
263660.9937,0
263858.7462,0
264094.8093,0
264098.1619,0
264322.9378,0
264575.177,0
264707.39639999997,0
264853.9235,0
265092.8828,0
265142.1785,0
265225.757,0
265266.9647,0
265419.848,0
265483.4359,0
265676.347,0
265744.3015,0
265794.3647,0
265811.66359999997,0
266273.6233,0
266275.1384,0
266422.7612,0
266754.0073,0
267067.7326,0
267071.1614,0
267112.6361,0
267125.735,0
267249.4741,0
267337.3807,0
267377.6436,0
267382.0971,0
267553.4284,0
267628.2554,0
267717.3237,0
267961.7767,0
268752.9347,0
268837.1685,0
268858.3629,0
268937.9217,0
269098.9264,0
269113.5986,0
269299.435,0
269349.6485,0
269423.8962,0
269816.92,0
269848.075,0
270088.6457,0
270176.2447,0
270221.3691,0
270291.9913,0
270356.96140000003,0
270503.287,0
270585.4114,0
270763.6586,0
270776.5791,0
270923.9669,0
270984.7377,0
270997.8344,0
271093.0255,0
271241.1033,0
271295.9146,0
271450.1504,0
271494.7202,0
271535.0673,0
272015.8655,0
272020.8455,0
272169.202,0
272296.1824,0
272501.4218,0
272589.1333,0
272929.4787,0
272954.7134,0
272978.7259,0
273059.7672,0
273060.15989999997,0
273392.2952,0
273594.7846,0
273625.4325,0
273806.3375,0
273957.3719,0
274205.3418,0
274239.1607,0
274398.1413,0
274506.7663,0
274688.344,0
274745.491,0
274750.7621,0
274771.6639,0
275033.4985,0
275033.7247,0
275098.6824,0
275149.3593,0
275446.4639,0
275647.7417,0
275776.7318,0
275809.6792,0
275828.6672,0
275990.8084,0
276061.7733,0
276126.0106,0
276269.1601,0
276288.2282,0
276303.4426,0
276311.5661,0
276347.0149,0
276585.3012,0
276949.4364,0
276952.3207,0
276986.9915,0
277103.8039,0
277120.7901,0
277433.66610000003,0
277513.2189,0
277581.3504,0
277586.2254,0
277596.4829,0
277678.77749999997,0
277684.5629,0
277804.70530000003,0
277962.4515,0
278002.2037,0
278161.4678,0
278230.0858,0
278242.801475,0
278262.2172,0
278380.8015,0
278382.8782,0
278538.534,0
279025.3763,0
279291.2219,0
279696.5106,0
279806.4633,0
279892.7254,0
279936.4253,0
280001.912,0
280100.8064,0
280163.664,0
280369.1469,0
280458.8956,0
280527.6161,0
280708.6471,0
280724.1774,0
280725.9413,0
280757.9622,0
280850.7604,0
280859.5165,0
281025.2892,0
281100.6745,0
281328.0885,0
281414.9978,0
281616.2491,0
281863.0495,0
282057.6742,0
282159.8215,0
282219.3264,0
282424.824,0
282447.6672,0
282467.3492,0
282491.5515,0
282526.5525,0
282563.6864,0
282585.3757,0
282900.748,0
282965.4116,0
282993.2032,0
283327.9384,0
283391.4901,0
283587.5997,0
283820.0956,0
283821.1686,0
283840.2462,0
283861.3593,0
283890.5496,0
283972.6179,0
284025.6835,0
284039.3549,0
284063.3309,0
284085.07680000004,0
284312.4353,0
284517.2688,0
284777.23840000003,0
284803.30819999997,0
284811.4504,0
285598.7473,0
285656.8272,0
285747.5892,0
286155.94,0
286219.95290000003,0
286221.08770000003,0
286300.0967,0
286411.7116,0
286507.4045,0
286906.6641,0
287021.1117,0
287060.4277,0
287100.8373,0
287229.652,0
287268.07790000003,0
287401.0885,0
287602.1433,0
287680.5058,0
287741.169,0
287824.1699,0
287995.4556,0
288029.2857333333,0
288074.5075,0
288078.9143,0
288498.3273,0
288590.4349,0
288601.5818,0
288631.5851,0
288770.1052,0
288981.269,0
289252.24820000003,0
289366.23699999996,0
289438.589,0
289559.8668,0
289582.8921,0
289696.3381,0
289733.1149,0
289811.7305,0
289851.9874,0
290023.6013,0
290253.7121,0
290286.4435,0
290373.096,0
290448.1446,0
290601.328,0
290671.8308,0
290936.4086,0
291070.5073,0
291145.3026,0
291461.6473,0
291815.87210000004,0
291821.4427,0
292024.9699,0
292091.635,0
292117.11329999997,0
292117.9777,0
292139.9208,0
292419.3479,0
292683.9659,0
292804.601,0
293217.4275,0
293423.5956,0
293468.72010000004,0
293569.3656,0
293581.1788,0
293753.9209,0
293793.7388,0
294146.607,0
294236.8931,0
294429.8557,0
294463.7056,0
294532.4641,0
294632.1478,0
295029.4213,0
295149.7391,0
295310.5185,0
295417.2684,0
295598.27,0
296093.56799999997,0
296129.1764,0
296168.677,0
296261.8979,0
296726.4616,0
296897.4335,0
296923.3288,0
297040.5115,0
297176.4779,0
297206.0261,0
297313.4404,0
297362.59010000003,0
297579.6325,0
298204.9247,0
298206.0179,0
298379.6263,0
298508.8624,0
298520.5466,0
298743.2183,0
298952.924,0
299132.087,0
299182.51769999997,0
299324.0068,0
299354.8503,0
299379.0548,0
299553.3411,0
299882.0135,0
299974.5528,0
300313.5171,0
300369.0273,0
300597.3757,0
300856.1387,0
301254.77749999997,0
301364.3937,0
301672.9155,0
301704.9767,0
302242.4583,0
302367.6524,0
302536.1212,0
302679.15020000003,0
303163.3013,0
303216.1204,0
303247.3874,0
303614.5355,0
303678.0838,0
304249.8213,0
304410.3684,0
304920.1284,0
305066.9151,0
305088.2401,0
305132.504,0
305340.2753,0
305653.6588,0
305826.6568,0
305871.7635,0
305913.0613,0
305952.0632,0
306157.0651,0
306223.0279,0
306680.2398,0
306684.5855,0
306761.6842,0
306888.9952,0
307022.06830000004,0
307050.8882,0
307684.9662,0
307709.5203166667,0
308071.2563,0
308185.1229,0
308295.92590000003,0
308332.0347,0
308363.64639999997,0
308407.657,0
308625.5793,0
308665.3853,0
308966.1777,0
309327.3885,0
309856.5586,0
309917.5466,0
309953.0972,0
310137.8257,0
310147.3621,0
310266.7934,0
310593.9683,0
310709.4012,0
312654.3617,0
312982.0507,0
313121.8068,0
313144.5378,0
313301.6001,0
313356.6953,0
313438.3807,0
313493.8183,0
314134.5544,0
314177.2001,0
314304.165725,0
314564.8906,0
314586.2258,0
314630.26618333336,0
314898.6041,0
315113.856,0
315229.838,0
315318.5542,0
315772.9798,0
315815.6075,0
316456.5616,0
317123.0872,0
317188.4926,0
317786.4797,0
317963.2324,0
318111.2073,0
318243.2276,0
318456.48,0
319123.179,0
319194.18455,0
319200.7574,0
319248.6836,0
319428.483,0
319812.53335,0
320385.1016,0
320814.4413,0
321302.5702,0
321315.1696,0
321426.7269,0
321559.3203,0
321830.8714,0
322155.4661,0
322490.2241,0
322516.94378333335,0
322677.0197,0
322701.442025,0
322851.7488,0
322950.2149,0
323259.5275,0
323357.8742,0
323648.42,0
323803.1971,0
323915.2902,0
324069.4672,0
324119.4619,0
324284.3109,0
326218.544675,0
326275.0064,0
326287.4556,0
326645.2535,0
327261.36699999997,0
327371.80929999996,0
327494.2756,0
327969.5758,0
328247.2276,0
328380.3347,0
328534.5219,0
328550.42949999997,0
328615.2964,0
328752.2223,0
328829.5318,0
328990.5438,0
328995.3381,0
329129.5593,0
329198.254,0
329289.5134,0
329363.7173,0
329473.99543333333,0
329611.2621,0
329643.42949999997,0
329724.4166,0
329759.5397,0
329970.0527,0
330320.4606,0
330323.3105,0
330328.18576,0
330373.6521,0
330877.59418333333,0
330956.5168,0
331149.1687,0
331621.2039,0
331629.83420000004,0
331911.9468,0
332076.0509,0
332089.7134,0
332129.4263,0
332447.165,0
332463.9099,0
332802.939,0
332988.3543,0
332997.8315,0
333073.7721,0
333124.618,0
333461.1888,0
334114.6882,0
334297.442,0
334724.20322,0
334757.7566,0
335067.9941,0
335159.9794,0
335245.5176,0
335383.9538,0
335494.1133,0
335606.1954,0
335758.3675,0
335828.5378,0
336134.7931,0
336753.7065,0
336844.8398,0
337375.707,0
337403.9678,0
337420.8848,0
337660.5489,0
337696.1862,0
337715.4431,0
337741.667,0
338007.5529,0
338641.709625,0
338731.3542,0
339001.2379,0
339145.1141,0
339816.7189,0
339854.9925,0
340076.7,0
340499.2263,0
340732.12690000003,0
340877.5309,0
340928.5115,0
340955.9403,0
341021.9811,0
341065.1029,0
341319.0608,0
341420.5416,0
341505.9819,0
341545.6814,0
341679.0512,0
341922.5958,0
342082.4243,0
342406.7305,0
342664.6676,0
342900.5542,0
343027.2219,0
343223.0581,0
343316.0677,0
343341.50789999997,0
343393.71510000003,0
343699.4096,0
343819.938,0
343847.0342,0
343946.6885,0
344146.3362,0
344382.7184,0
344402.7304,0
344499.8476,0
344556.6429,0
344767.3351,0
344820.8995,0
345034.0662,0
345462.90009999997,0
345495.5469,0
345909.2962,0
346231.5112,0
346290.6834,0
346361.3794,0
346413.1419,0
346448.4437,0
346448.9233,0
346928.5781,0
347373.0363,0
347578.6221,0
347646.64,0
347784.0236,0
347807.3086,0
347842.2655,0
348697.3508,0
348700.5233,0
348754.5358,0
348988.1921,0
349223.678,0
349314.099,0
349387.0959,0
349650.1186,0
349959.7213,0
350022.5856,0
350172.0379,0
350258.69299999997,0
350512.1658,0
350549.54110000003,0
350583.3352,0
350923.1041,0
351030.183,0
351044.6737,0
351164.5181,0
351804.1978,0
351944.3058,0
352116.8631,0
352250.2416,0
352389.7232,0
352661.6279,0
352670.6769,0
352769.9142,0
352972.63670000003,0
352980.5831,0
353042.8526,0
353050.9244,0
353356.6871,0
353539.5987,0
353546.8636,0
353611.9362,0
353873.6996,0
354197.6806,0
354385.1631,0
354543.8677,0
354608.0965,0
354654.8925,0
354679.2211,0
354684.597,0
354984.8298,0
355034.4548,0
355138.2749,0
355188.2332,0
355286.9699,0
355420.3039,0
355464.5514,0
355665.4315,0
355678.7116,0
355769.897,0
356234.15989999997,0
356295.1349,0
356461.58,0
356465.7769,0
356482.5591,0
356702.21880000003,0
357317.2099,0
357422.6583,0
357492.2996,0
357750.0824,0
357822.925,0
357958.2982,0
358031.5204,0
358128.0166,0
358187.9194,0
358218.85003333335,0
358294.5339,0
358385.025,0
358414.8625,0
358727.0898,0
358933.8775,0
359007.2499,0
359308.1524,0
359362.0159,0
359398.3955,0
359398.6803,0
359505.3397,0
359546.5645,0
359940.54085,0
360107.8455,0
360233.6811,0
360328.5419,0
360764.6456,0
360765.1628,0
360879.7969,0
361003.3518,0
361048.332,0
361188.259,0
361278.4771,0
361594.0789,0
361657.6373,0
361941.9305,0
362242.8783,0
362441.1667,0
362679.6286,0
362737.5821,0
362808.4739,0
363106.086,0
363162.3146,0
363164.9661,0
363217.369,0
363437.9405,0
363462.5768,0
363556.7492,0
363836.2173,0
363908.2394,0
363937.1245,0
364018.3102,0
364258.583,0
364292.0279,0
364295.866,0
364487.8116,0
364633.1748,0
364846.257,0
364904.1376,0
365150.7106,0
365409.0217,0
365454.6544,0
365899.8221,0
365902.6159,0
366079.9717,0
366201.58900000004,0
366322.4673,0
366452.9947,0
366463.9244,0
366498.8502,0
366557.60970000003,0
366980.9741,0
366997.2918,0
367003.9584,0
367306.7689,0
367306.7979,0
367491.8948,0
367702.2889,0
368112.2338,0
368913.14249999996,0
369010.0573,0
369017.5963,0
369074.4205,0
369211.6328,0
369285.7758,0
369771.7965,0
369895.0342,0
370048.9671,0
370768.1438,0
370839.87690000003,0
370947.8146,0
371099.9105,0
371145.3825,0
371181.9156,0
371283.6406,0
371506.5575,0
371632.5564,0
371957.8228,0
372056.878,0
372139.49450000003,0
372226.1574,0
372321.8652,0
372359.4976,0
372536.4644,0
372639.8899,0
373038.5706,0
373101.50800000003,0
373180.7103,0
373402.3574,0
373499.928,0
373501.4225,0
373538.8812,0
373652.2729,0
373682.4555,0
373687.66240000003,0
373698.3774,0
373904.198,0
373910.46,0
374027.2981,0
374184.5464,0
374343.4203,0
374962.3125,0
375155.8608,0
375410.9373,0
375948.7795,0
376098.3612,0
376184.17209999997,0
376838.47490000003,0
376948.2994,0
377248.893,0
377346.48600000003,0
377349.8541,0
377612.8652,0
377922.1285,0
377928.8859,0
378100.1322,0
378289.7428,0
378497.4461,0
378533.664,0
378848.11,0
378999.8973,0
379214.6197,0
379268.3799,0
379323.038,0
379733.7764,0
379742.79709999997,0
379762.4804,0
379850.4592,0
379962.0025,0
380090.3219,0
380124.4204,0
380144.0231,0
380194.3831,0
380200.2386,0
380505.106,0
380604.9801,0
380691.4344,0
380749.2422,0
380990.9068,0
381174.6999,0
381274.6222,0
381363.4163,0
381566.4526,0
381594.4279,0
381728.7339,0
381741.86569999997,0
381785.452,0
382314.5752,0
382472.5112,0
382551.9756,0
382663.0438,0
382835.1962,0
383126.9241,0
383136.198,0
383259.1108,0
383389.0537,0
383410.3071,0
383455.3119,0
383686.3504,0
383801.8839,0
384170.2121,0
384208.5482,0
384259.5166,0
384272.3492,0
384327.3212,0
384644.5577,0
384864.7405,0
384985.5405,0
385147.3053,0
385327.7544,0
385330.9358,0
385658.6808,0
385831.723,0
385953.5368,0
386123.1868,0
386247.6250333333,0
386296.7006,0
386466.6782,0
386506.3274,0
386869.8226,0
386911.6588,0
387075.6302,0
387101.29709999997,0
387191.142,0
387303.3055,0
387351.2084,0
387384.793,0
387402.3701,0
387521.4153,0
387580.1908,0
387655.0266,0
387940.2388,0
388001.37690000003,0
388077.4137,0
388164.233,0
388271.7418,0
388654.9445,0
388707.2369,0
388957.4417,0
389056.7879,0
389116.3996,0
389150.8216,0
389259.4217,0
389260.5114,0
389309.4887,0
389347.7124,0
389397.1005,0
389700.3851,0
389762.7888,0
389848.25430000003,0
389910.4199,0
389951.9732,0
390078.3766,0
390080.5516,0
390118.7142,0
390253.47620000003,0
390315.2255,0
390885.4745,0
391052.884,0
391340.3399,0
391483.7985,0
391517.96526,0
391930.3208,0
391997.6494,0
392210.967,0
392238.781,0
392255.9947,0
392321.0529,0
392324.9368,0
392324.9372,0
392367.1402,0
392442.8542,0
392464.5538,0
392728.8646,0
393108.7143,0
393169.86340000003,0
393282.2079,0
393457.1588,0
393567.8087,0
393889.97239999997,0
394209.2108,0
394256.7721,0
394268.58400000003,0
394499.4469,0
394534.26780000003,0
394620.0205,0
394987.9325,0
395277.6738,0
395302.5408,0
395799.3734,0
396107.6676,0
396209.4113,0
396553.548,0
396637.9315,0
396993.35219999996,0
397015.9995,0
397068.8007,0
397072.4683,0
397120.396,0
397132.3781,0
397489.8245,0
397756.733925,0
397855.5664,0
397993.38300000003,0
398491.6214,0
398970.2454,0
398998.0478,0
399152.54110000003,0
399562.1247,0
400295.4856,0
400302.9311,0
400338.1213,0
400381.5483,0
400751.129,0
400907.6066,0
401117.9366,0
401120.7812,0
401129.8402,0
401178.751,0
401449.8227,0
401741.476,0
402130.05090000003,0
402191.21468,0
402496.1112,0
402698.3054333333,0
403447.001,0
403568.66463333333,0
404419.0539,0
404477.35,0
404648.8019,0
405010.2037,0
405212.2406,0
405234.45043333335,0
405237.3368,0
405299.0935,0
405439.3349,0
405967.67,0
405987.4227,0
406247.1679,0
406292.6861,0
406462.4,0
406906.56680000003,0
407071.5691,0
407072.8515,0
407130.5316,0
407191.9424,0
407733.9458,0
407983.4977,0
408213.6896,0
408250.0905,0
408467.2902,0
408486.4243,0
408641.3811,0
408818.8662,0
409025.4226,0
409074.073,0
409120.4599,0
409158.691,0
409259.2722,0
409634.0266,0
409670.0868,0
409938.53432,0
410149.0191,0
410602.427,0
410823.23829999997,0
410859.3496,0
410960.73230000003,0
411126.2126,0
411271.98165,0
411444.0416,0
411861.0007,0
411999.5703,0
412134.2198,0
412137.5261,0
412231.27509999997,0
412821.1861,0
412851.4592,0
412989.65,0
413173.4927,0
413477.7551,0
413660.12254,0
413724.3307,0
413738.6855,0
413859.890225,0
413922.4292,0
413923.10365,0
414019.3873,0
414096.8319,0
414099.1216,0
414100.9557,0
414180.8084,0
414258.34564,0
414549.2879,0
414614.6252,0
414634.4784,0
414738.1321,0
414803.7825,0
414915.3551,0
415104.3802,0
415172.18929999997,0
415187.875075,0
415400.4624,0
415419.9988,0
415435.0201833333,0
415522.17,0
416021.5342,0
416132.2585,0
416183.0801,0
416467.9757,0
416488.1556,0
416527.8751,0
417058.323,0
417128.368975,0
417272.2096,0
417291.1819,0
417381.1806,0
417449.7765,0
417892.9875,0
418183.6746,0
418422.1129,0
418548.1823,0
418803.7051,0
419092.3071833333,0
419279.5767,0
419361.03344,0
419385.8222,0
419468.7057,0
419933.1718,0
420098.6227,0
420102.2051,0
420197.1735,0
420492.64,0
420497.0934,0
420744.0919,0
420836.8202,0
420977.0795,0
421096.3245,0
421240.8249,0
421363.0031,0
421595.967,0
421653.0191,0
421673.9888,0
422348.6936,0
422364.3588,0
422394.4046,0
422534.7396,0
422598.4766,0
422677.3842,0
422756.9102,0
423030.7087,0
423192.36089999997,0
423234.6978,0
423237.635,0
423508.3136,0
423549.9955,0
423790.721,0
423855.65859999997,0
423883.7712,0
423889.7553,0
423992.1042,0
424218.1616,0
424327.9434,0
424396.0347,0
424471.22356,0
424531.2619,0
424963.0669,0
425071.1303,0
425389.25549999997,0
425666.3406,0
425774.3215,0
425893.5626,0
425990.1283,0
426202.4388,0
426284.5213,0
426465.4592,0
426568.4052,0
426622.5218,0
426623.6962,0
426660.5194,0
426731.3887,0
426761.90989999997,0
426846.6028,0
426921.35730000003,0
426935.0838,0
426971.1372,0
427317.914,0
427338.1008,0
427541.1674,0
427632.8426,0
427644.1208,0
427654.4453,0
428124.3229,0
428532.4479,0
428547.88203333336,0
428562.5761,0
428588.7491,0
428714.4435,0
428736.4955,0
428847.1092,0
429101.4077,0
429129.0894,0
429329.0442,0
429381.1426,0
429473.8617,0
429897.1224,0
430351.9696,0
430565.32779999997,0
430642.5368,0
430756.7637333333,0
430821.6272,0
431047.4114,0
431297.8047,0
431311.0995,0
431529.3936,0
431628.909,0
431642.9325,0
431957.0673,0
432007.8036,0
432021.8097,0
432348.1919,0
432476.5986,0
432792.4543666667,0
432811.8431,0
433236.9242,0
433240.7958,0
433285.4615,0
433321.2074,0
433348.7613,0
433351.6685,0
433515.5164,0
433564.8954,0
433910.0555,0
434132.5515,0
434179.9337,0
434198.3261,0
434316.0078,0
434437.1254,0
434909.1173,0
435151.1042,0
435170.19550000003,0
435186.28630000004,0
435490.3894,0
435542.8647,0
435646.3865,0
435680.8219,0
435686.13289999997,0
435695.7552,0
436053.3078,0
436123.087,0
436396.7681,0
436582.054925,0
436756.0707,0
436836.1067,0
437107.9879,0
437402.1826,0
437815.374,0
437819.0173,0
437829.9941,0
438682.8555,0
438794.9844,0
438796.4105,0
438909.8309,0
438939.8163,0
439434.5747,0
439438.4066,0
439591.5132,0
439641.3715,0
439649.0058,0
439869.8606,0
440064.04366666666,0
440188.4085,0
440235.6612,0
440238.7598,0
440249.3147,0
440490.7828,0
440664.7788,0
441024.08770000003,0
441148.2313,0
441164.8807,0
441177.8854,0
441190.23372,0
441316.6995,0
441473.5118,0
441478.1711,0
442021.0185,0
442323.0494,0
442416.7741,0
442453.3852,0
442486.1024,0
442548.4282,0
442704.456,0
442843.142,0
443006.6472,0
443315.20160000003,0
443407.8333,0
443434.2005,0
443434.9211,0
443703.445,0
443732.3079,0
443954.2683,0
444016.4605,0
444289.5375,0
444798.5613,0
445063.0713,0
445207.016,0
445246.8929,0
445276.1276,0
445303.3784,0
445591.6274,0
445627.0302,0
445645.004,0
445945.0144,0
446075.6337,0
446171.08,0
446264.2251,0
446362.9832,0
446564.5024,0
446603.2121,0
446663.5826,0
446704.0206,0
446840.4341,0
446842.5711,0
446875.3578,0
446892.3977,0
447033.0816,0
447340.7961,0
447429.9097,0
447621.462,0
447810.1879,0
447892.2905,0
448008.5576,0
448152.8623,0
448458.3564,0
448513.5844,0
449234.3951,0
449371.5813,0
449456.8541,0
449791.3365,0
449958.08660000004,0
450293.84770000004,0
450301.6038,0
450520.082,0
450545.7871,0
450805.2237,0
451274.8577,0
451363.9796,0
451471.7277,0
451499.9667,0
451569.7841,0
451602.77139999997,0
451790.9107,0
451863.45900000003,0
451890.4276,0
452110.1783,0
452174.3739,0
452571.714,0
452642.0933,0
452658.6581,0
452743.8489,0
453153.1289,0
453292.6552,0
453483.4067,0
453618.2449,0
453664.8133,0
453775.6093,0
453819.7927,0
453822.0966,0
453986.0667,0
454058.2277,0
454208.5272,0
454304.2851,0
454577.3313,0
454594.8152,0
454862.7234,0
454867.1065,0
454913.0713,0
454936.3406,0
454940.9199,0
454945.0162,0
455017.4467,0
455077.7477,0
455304.7688,0
455377.6481,0
455436.5003,0
455545.4241,0
455593.2304,0
455761.1217,0
455958.5073,0
456042.903,0
456190.0442,0
456281.9447,0
456344.2896,0
456439.5459,0
456495.3434,0
456550.41709999996,0
456990.2255,0
457121.924,0
457567.8198,0
457876.7687,0
458006.7592,0
458397.4162,0
458408.2712,0
458458.8283,0
458560.5789,0
458572.6988,0
458751.2142,0
458872.9485,0
459142.1974,0
459400.9189,0
459540.2494,0
459589.7935,0
460077.8393,0
460270.8464,0
460383.5656,0
460699.0597,0
461095.8553,0
461328.9135,0
461372.4763,0
461409.3171,0
461694.1093,0
461911.1869,0
462011.8317,0
462462.0698,0
462591.4704,0
463003.1748,0
463141.8871,0
463539.338,0
464095.8736,0
464142.5983,0
464356.3961,0
464399.8137,0
464605.4868,0
464630.15,0
465031.4508,0
465140.1715,0
465575.2068,0
465784.9162,0
466065.5066,0
466192.77390000003,0
466238.2006,0
466571.4993,0
466839.8429,0
466897.919,0
467272.9643,0
467366.9538,0
467396.35959999997,0
467417.6378,0
467635.014,0
467704.8236,0
467751.2287,0
468033.857,0
468061.68559999997,0
468129.72239999997,0
468351.0592,0
468539.7022,0
468867.8273,0
469088.0784,0
469156.3433,0
469372.0958,0
469918.32,0
469932.002,0
470299.871,0
470312.0682,0
470394.3538,0
470913.6275,0
471019.9559,0
471107.422,0
471377.51529999997,0
471488.9678,0
471595.2917,0
471653.398,0
471666.5046,0
471677.4664,0
471725.6466,0
471952.2109,0
472083.1352,0
472264.996,0
472344.4324,0
472384.10959999997,0
472531.7904,0
472656.5431,0
472659.2055,0
472666.3444,0
472925.6577,0
472965.6455,0
473017.1621,0
473053.8759,0
473096.8962,0
473276.4625,0
473731.1558,0
473734.75419999997,0
473867.2458,0
473929.7149,0
473933.1085,0
474129.8087,0
474278.8013,0
474664.2338,0
474725.6888,0
474856.3365,0
474928.2955,0
475240.0321,0
475318.94539999997,0
475678.3449,0
475749.8587,0
475775.9179,0
476011.7932,0
476136.3632,0
476479.55059999996,0
476584.6081,0
476638.2961,0
476677.9918,0
476787.6447,0
476822.7992,0
476873.72880000004,0
476888.9302,0
476929.086,0
477067.69680000003,0
477133.7593,0
477312.0615,0
477383.4543,0
477539.4484,0
477734.907,0
477784.5427,0
477784.849,0
478786.6159,0
478828.56440000003,0
478840.222,0
478992.1753,0
479315.7344,0
479399.7632,0
479439.3626,0
479566.2483,0
479839.3333,0
479975.4125,0
480128.24470000004,0
480758.6594,0
480976.454025,0
481056.5385,0
481239.2019,0
481501.4064,0
481817.063,0
481840.6679,0
482161.88300000003,0
482307.483,0
482319.8445,0
482344.9183,0
482382.781,0
482450.5353,0
482589.6977,0
482653.9448333333,0
482773.16359999997,0
483054.3446,0
483514.6885,0
483732.3676,0
483739.6003,0
483894.1787,0
483899.3138,0
483981.31669999997,0
484060.2242,0
484399.4167,0
484554.9896,0
484930.3328,0
485101.9312,0
485340.8436,0
485443.6913,0
485626.38289999997,0
485987.5822,0
486160.2413,0
486278.9475,0
486619.029,0
486742.6188,0
487000.9498,0
487740.1221,0
487843.7481,0
488090.5089,0
488159.4431,0
488288.5201,0
488326.7809,0
488343.7996,0
488358.8043,0
488674.9426,0
488865.6642,0
489146.1206,0
489254.2513,0
489264.2266,0
489595.2891,0
489601.8602,0
489775.3029,0
489779.45050000004,0
489964.9981,0
490264.7946,0
490287.03870000003,0
490356.8773,0
490534.4901,0
491206.2592,0
491213.2914,0
491816.9064,0
492012.051,0
492349.6335,0
492376.2563,0
492443.87820000004,0
492553.4046,0
493014.742,0
493180.66376,0
493206.347825,0
493600.88176,0
493666.7684,0
493811.6024,0
493941.8346,0
494124.18799999997,0
494148.0233,0
494163.2562,0
494240.101,0
494273.0061,0
494426.78119999997,0
494589.0106,0
494790.7961,0
494831.8839,0
494971.0375,0
495309.8839,0
495443.1037,0
495726.3065,0
495944.4679,0
496086.0082666667,0
496667.09108333336,0
496884.0318,0
496886.761,0
497019.247,0
497152.7381,0
497301.6395,0
497471.5629,0
497599.7118,0
497646.9906,0
497899.406,0
497922.37309999997,0
497961.0185,0
498020.6899,0
498203.6921,0
498346.7584,0
498364.5507,0
498460.5524,0
498549.1043,0
498594.1691333333,0
498680.4938,0
498730.0362,0
498750.6751,0
498772.9204,0
498908.4269,0
498910.3737,0
499310.72422,0
499347.41740000003,0
499546.8213,0
499948.63159999996,0
499988.7748,0
500068.6392,0
500149.9864,0
500188.4397,0
500196.9135,0
500198.5922,0
500441.179,0
500584.2517,0
501317.2578,0
501480.1413,0
501788.0581,0
502008.7007,0
502264.8157,0
502557.7392,0
502626.0286,0
502686.37320000003,0
502790.4663,0
502828.6811,0
502922.3291,0
503042.8146,0
503246.3138,0
503412.00179999997,0
503550.1915,0
503550.242,0
503648.6681,0
504092.8713,0
504094.6755,0
504254.147,0
504554.857,0
504590.5404,0
504688.7785,0
504757.0763,0
505208.4439,0
505485.3003,0
505626.9521,0
505639.7937,0
506279.1226,0
506375.9796,0
506705.4588,0
506820.5912,0
506823.1492,0
506831.2921,0
506888.4698,0
507005.4565,0
507041.2567,0
507292.8313,0
507727.6325,0
507731.7619,0
507742.806,0
507972.7553,0
508068.0416,0
508411.976,0
508549.341,0
508899.0897,0
508944.871,0
509264.4175,0
509305.3431333333,0
509382.0789,0
509459.7521,0
509498.197825,0
509710.8758,0
509775.7591,0
509908.927,0
510046.589,0
510057.18319999997,0
510216.7538,0
510417.7747,0
510526.5235,0
510529.3752,0
510553.31059999997,0
510795.9634,0
511293.4014,0
511445.9966,0
511458.0278,0
511691.91240000003,0
511703.0527333333,0
511799.3777,0
511993.3412,0
512035.09140000003,0
512047.8047,0
512524.6194,0
512649.67720000003,0
512655.9373,0
512991.6408,0
513401.0157,0
513926.2892,0
513939.2829,0
514188.2988,0
514624.2941,0
514646.11706666666,0
514734.5479,0
515376.5139,0
515538.6675,0
515627.5743,0
515765.5837,0
516117.7267,0
516191.5449,0
516341.1238666667,0
516379.5847,0
516450.6643,0
516459.9715,0
516460.512,0
516529.812,0
516681.6137,0
516716.206,0
516810.1075,0
517235.1139,0
517319.3809,0
517419.6204,0
517675.9533,0
517815.9588,0
517913.7141,0
518151.0773,0
518152.7159,0
518180.28055,0
518181.4333,0
518293.83725,0
518353.7166,0
518354.6141,0
518548.0908,0
518647.8544,0
519053.8556,0
519324.9496,0
519329.7915,0
519436.6947,0
519591.0191,0
519876.4773,0
520014.6943,0
520136.6743,0
520283.3923,0
520283.6486,0
520288.1395,0
520324.6979,0
520429.579275,0
520611.5242,0
520741.6395,0
520775.7091,0
521002.5464,0
521005.9324,0
521071.8824,0
521218.1365,0
521319.1043,0
521488.9424,0
521508.3494,0
521537.75549999997,0
521685.5434,0
521782.1479,0
521870.8985,0
521887.4967,0
521893.7548,0
521903.4108,0
521925.6478,0
522022.6088,0
522189.89,0
522377.218,0
522554.3063,0
522605.6114,0
523306.8687,0
523475.7176,0
523648.2355,0
523748.3946,0
523779.1208,0
523896.4709,0
523950.6404,0
524051.9485,0
524061.1932,0
524101.0565,0
524236.0792,0
524485.5574,0
524492.7519,0
524513.6046,0
524799.3087,0
524858.4174,0
524861.6764,0
525503.8748,0
525686.6256,0
525719.7313,0
525726.4368,0
525885.8267,0
526207.2517,0
526551.3331,0
526602.3995,0
526726.1043,0
526840.3466,0
527044.4962,0
527400.5159,0
527415.7252,0
527519.8541,0
527532.3872,0
527582.5400666667,0
527674.6367,0
527942.2009,0
528017.6318,0
528036.4764,0
528091.3828,0
528268.3255,0
528637.0727,0
528894.1128,0
529111.9736,0
529272.4118,0
529378.7673,0
529424.3696,0
529657.8795,0
530030.2909,0
530544.8598,0
530696.2066,0
530725.2242,0
530895.8773,0
530964.063,0
531134.388,0
531449.6757,0
531521.5762,0
531842.125,0
531950.874,0
532127.5038,0
532149.257,0
532156.8394,0
532381.1832,0
532426.2453,0
532484.7921,0
532525.0723,0
532581.5135,0
532808.4529,0
532849.5094,0
532851.3294,0
532995.3201,0
533055.3389,0
533214.5223,0
533275.7342000001,0
533314.0396,0
533852.041,0
533962.9409,0
533975.1967,0
534131.213,0
534246.1026,0
534377.0365,0
534468.8588,0
534542.7233,0
534715.3,0
534723.1854,0
534739.7021,0
534845.7011,0
534868.5377,0
535239.4655,0
535356.9285,0
535365.095,0
535381.3389,0
535525.1198,0
535562.5791,0
535590.5216,0
536051.3173166667,0
536082.4897,0
536150.5365,0
536249.6977,0
536379.0044,0
536653.1845,0
536891.3419,0
537278.789,0
537529.2308,0
537570.127,0
537865.1328,0
537922.9299,0
537938.5067,0
537994.7897,0
538250.3854,0
538408.368,0
538558.9785,0
538925.3986,0
538949.0142,0
539281.1024,0
539330.1158,0
539357.9564,0
539556.425,0
539644.1421333334,0
539656.2344,0
539730.5093,0
539847.5799,0
540152.1375,0
540253.2226,0
540259.4196,0
540355.7266,0
540397.532,0
540403.475,0
540409.8375,0
540607.1998000001,0
540695.632,0
540772.425,0
540824.9957,0
540874.4866,0
540982.7146,0
541127.3757,0
541175.5324,0
541336.4109,0
541478.6541333334,0
541864.983,0
541908.1914,0
542081.9918,0
542113.8707,0
542368.9872,0
542622.0162,0
542636.875,0
542847.1763,0
542901.1517,0
543350.5452,0
543372.6913,0
543517.2103,0
543530.0049,0
543691.383,0
543717.4,0
544056.0663,0
544077.8346,0
544110.5237,0
544111.6287,0
544148.7639,0
544328.7791,0
544401.2496,0
544710.9825,0
544944.491,0
545033.5209,0
545249.4733,0
545262.7373,0
545272.7595,0
545397.9164,0
545614.1999,0
546199.3848,0
546335.4985,0
546380.4417,0
546431.1516,0
546456.8322,0
546667.1399000001,0
546706.7292,0
546731.1999,0
546862.149,0
547788.6277,0
547801.2204,0
548001.9266,0
548169.7997,0
548200.0244,0
548227.7224,0
548246.5412,0
548249.0833,0
548346.6822,0
548443.7807,0
548518.4549,0
548567.2232,0
548750.11,0
548858.2445,0
549195.2795,0
549347.7168,0
549371.7406,0
549759.059,0
550127.4941,0
550393.5568,0
550412.5194,0
550481.6173,0
550565.866,0
550582.4385,0
550935.6117,0
550953.2406,0
550976.7738,0
550982.4344,0
551031.189,0
551232.3001999999,0
551285.3777,0
551371.5109999999,0
551577.6945,0
551590.0876,0
551631.6608,0
551767.2636,0
552123.2313,0
552196.6965,0
552291.0641,0
552351.1794,0
552405.0934,0
552677.1356,0
552774.4763,0
553195.4643,0
553618.6142,0
553784.2468,0
554166.4907,0
554238.0975,0
554257.4689,0
554312.0759,0
554345.9891,0
554385.7316,0
554409.8822,0
554696.8759,0
554851.1753,0
554999.9283,0
555039.6680000001,0
555181.0318,0
555227.5708,0
555275.3122,0
555457.4723,0
555487.9331,0
555517.958,0
555613.3323,0
555824.5535,0
556125.7297,0
556138.8626999999,0
556245.3147,0
556250.4044,0
556347.1658,0
556586.1932,0
556621.068,0
556735.135,0
557031.7643,0
557178.6766,0
557270.3067,0
557337.1963,0
557371.3515,0
557374.6222,0
557780.2586000001,0
557799.2995,0
557925.4803,0
558192.4767,0
558510.8486,0
558757.4033,0
559347.5169,0
559405.8042,0
560110.6846,0
560212.7565,0
560262.1532000001,0
560623.0262,0
560731.8582,0
560825.1333,0
560967.6013,0
561061.9786,0
561226.4471,0
561505.2859,0
562251.2423,0
562464.5112,0
563068.8282999999,0
563496.1501,0
563599.9129,0
563749.645,0
563898.684,0
563998.3645,0
564143.28,0
564217.0093,0
564301.0686,0
564347.123,0
564386.5878,0
564587.856,0
564791.0991,0
564969.0437,0
565262.3274,0
565352.3035,0
565393.9595,0
565627.5478000001,0
565645.407,0
565760.7211,0
566125.6931,0
566185.885,0
566197.302,0
566511.4547,0
566803.5313,0
567026.5479,0
567251.8943,0
567331.2535999999,0
567421.7964999999,0
567485.1359,0
567511.9504,0
567646.7418,0
567853.7219,0
568259.1757,0
568280.9714,0
568295.9868,0
568382.3703,0
568671.8393,0
568948.8994,0
569112.9816,0
569462.7036,0
569606.4563,0
569638.2846,0
569752.2318,0
569771.7443,0
569795.1735,0
570027.809,0
570120.3321,0
570398.4623,0
570508.5037,0
571684.231,0
571697.8384,0
572089.8199,0
572308.8391,0
572390.1708,0
572574.6396,0
572588.2929,0
572611.37934,0
572635.9378,0
572662.8412,0
572827.9076,0
572885.3077,0
572938.1927,0
572944.9618,0
572999.0053,0
572999.5245,0
573129.6136,0
573138.2799,0
573197.5942,0
573560.2774,0
573966.8621,0
574359.4120333333,0
574404.4339,0
574430.6513,0
574509.8648,0
574637.7652,0
575377.0937,0
575759.7781,0
575918.0863,0
576084.5802,0
576101.6195,0
576111.5435,0
576201.2707,0
576208.7131,0
576384.551,0
576600.7916,0
576783.7791,0
576979.3034,0
577430.5573,0
577445.0075000001,0
577472.7646,0
577930.5428,0
578067.5442,0
578192.8414,0
578215.7341,0
578229.904,0
578527.3184,0
578869.4,0
579435.2976833333,0
580045.7599,0
580564.0822,0
580861.0922,0
580954.8639,0
581272.1883,0
581500.4587,0
581837.6355,0
581955.4871,0
582183.5637,0
582590.3482,0
583352.1928,0
583360.5241,0
583875.4499,0
584321.0967,0
584433.0557666667,0
584613.1915,0
584785.1951,0
584795.8001999999,0
584920.7291,0
585071.7974,0
585111.1745,0
585115.3874,0
585284.9834,0
585293.1845,0
585633.8299,0
585990.8073,0
586011.3035,0
586046.3948,0
586843.3209,0
586929.4589,0
586984.4466,0
587051.1948,0
587210.1314,0
587243.9838,0
587369.1524833334,0
587459.5754,0
587468.4523666666,0
587621.9891,0
587642.2223,0
587747.1535,0
587919.5279,0
588176.0442,0
588243.7623,0
588339.82175,0
588416.9694000001,0
588511.7209,0
588535.7486,0
588673.3309,0
588783.2941,0
588849.18518,0
588969.4962,0
589015.9275,0
589160.0634,0
589917.269875,0
590146.0197,0
590214.1827,0
590540.6128,0
591298.4966,0
591437.1262,0
591478.8714,0
591628.2526,0
591964.5467000001,0
592047.0068,0
592266.5253,0
592413.1458,0
592573.6788999999,0
592840.3142,0
593463.773,0
593876.52425,0
594343.1087,0
594367.0901,0
594494.1571,0
594636.5337,0
594688.921,0
594913.2289,0
594967.0137,0
595064.586,0
595264.0042,0
595496.4911,0
595628.1966,0
595767.0236,0
596105.0335,0
596151.1924,0
596241.7926,0
596344.3562,0
596356.9478,0
596536.9946,0
596649.204,0
596698.05,0
597080.9325,0
597225.0559,0
597526.4747,0
597809.5982,0
598286.6834,0
598287.7246,0
598326.4444,0
598368.157,0
598374.8015,0
598697.6406,0
598780.8148,0
599422.6887,0
599511.1950000001,0
600041.9355,0
600191.3435,0
600268.5051,0
600849.1946,0
601051.0225,0
601084.9149,0
601124.987,0
601157.4668,0
601424.191,0
601675.703,0
601935.0937166667,0
602013.036525,0
602031.873,0
602043.0596,0
602232.1693,0
602357.1251,0
602453.9029,0
602600.2504,0
602765.6369,0
602964.3493,0
602981.8894,0
603217.4147,0
603466.385,0
603675.3066,0
603819.4109,0
604044.9514,0
604073.9445,0
604100.8069,0
604245.7903,0
604419.1137,0
604445.2017,0
604677.4228000001,0
604723.7535999999,0
604740.6103000001,0
605148.3429,0
605159.6792,0
605558.5873,0
605781.6993,0
605990.6512,0
606090.4097,0
606163.832,0
606241.5219,0
606566.6244,0
606606.5085,0
606667.4762,0
606738.7075,0
606823.4559,0
606852.3237,0
607044.4946,0
607090.9254,0
607449.1198,0
607506.4608,0
607688.2361,0
607713.1079,0
607861.3137,0
607958.405,0
607998.1764,0
608349.9505,0
608484.054,0
608556.0195,0
608592.3845,0
608745.0685,0
608860.7807,0
608987.8506,0
609036.946,0
609233.4139,0
609280.814,0
609724.3689,0
609782.7622,0
609872.9269,0
609918.017,0
609944.3033,0
610048.1971,0
610077.7509,0
610145.9199,0
610563.587,0
610576.2775,0
610901.1722,0
610962.4146,0
611315.3069,0
611706.7626,0
611710.8407000001,0
611975.0096,0
612046.0176,0
612164.8236,0
612440.3504,0
612519.5408,0
612683.4891,0
612929.8457,0
612934.6075,0
613366.0368,0
613411.972,0
613441.4586,0
613657.4547,0
613859.62,0
613883.2357,0
613970.1231,0
614159.4026,0
614450.4741,0
614465.7642,0
614584.2852,0
614651.3843,0
614668.4478,0
614865.0627,0
614895.5748000001,0
614965.5641,0
615028.2609,0
615489.4582,0
615628.1587,0
615789.7801,0
615881.1829,0
616042.1453,0
616285.1744,0
616703.6386,0
616837.1959,0
616902.8325,0
616915.7684,0
617108.8796,0
617220.9113,0
617269.0285,0
617415.3608,0
617426.8143,0
617641.2535,0
617838.8478,0
618053.7943,0
618068.3758,0
618247.47,0
618616.372,0
618681.1639,0
618683.5889,0
618750.6873,0
618794.9849,0
618902.6547000001,0
619044.5397,0
619157.1386,0
619322.2238,0
619417.184,0
619604.9431,0
619621.3137,0
619850.2755,0
619893.4081,0
620121.7847,0
620261.7787,0
620402.4653333334,0
620618.7707,0
620622.1425,0
620640.2003,0
620727.0862,0
621022.7708,0
621089.3317,0
621191.0302,0
621199.6749,0
621531.0814,0
621539.0646,0
621877.0097,0
621928.5183,0
622104.3767,0
622141.226,0
622240.7279,0
622485.1029,0
622489.537,0
622571.8331,0
622676.2476,0
622746.9944,0
622808.6994,0
622824.7879,0
623015.3885,0
623051.7546,0
623227.0612,0
623248.2044,0
623282.3056,0
623326.1393,0
623364.4258,0
623502.4836,0
623585.2845,0
623698.1205,0
623807.8637,0
623884.942,0
624232.4832,0
624414.8746,0
624442.7586000001,0
624519.292,0
624749.3206,0
624849.6641,0
624977.2833,0
625112.3455,0
625189.2482,0
625265.3951,0
625461.3992,0
625490.8895,0
625717.731,0
625848.8923,0
625958.8064,0
626249.1342,0
626301.6073,0
626340.426,0
626363.9297,0
626915.6841,0
627264.0485,0
627311.4405,0
627327.486,0
627515.2571,0
627674.5302,0
627710.1614,0
627761.6628,0
627803.0508,0
627803.8509,0
627999.1846,0
628026.8599,0
628180.5821,0
628240.1058,0
628353.4353,0
628401.2559,0
628489.6377,0
628554.951,0
628935.6663,0
629114.8619,0
629245.0481,0
629335.2128,0
629361.6325000001,0
629416.8103,0
629535.2103,0
629603.9286,0
629697.1036,0
629707.2631,0
629760.8683,0
629762.0175,0
629868.9009,0
629887.4952,0
629989.6087,0
630053.9023,0
630082.5547,0
630117.4667,0
630157.8726,0
630162.2697,0
630191.6143,0
630347.9686,0
631402.107,0
631750.6,0
631781.2964999999,0
631855.4363,0
631864.7782000001,0
632095.637,0
632114.4356,0
632129.5413,0
632134.4189,0
632166.4129,0
632466.1318,0
632496.2124,0
632519.4027,0
632527.5452,0
632569.0997,0
632677.6733,0
632752.9745,0
632859.2601,0
632912.2452,0
633037.0112,0
633080.7509,0
633084.4429,0
633269.9081,0
633371.1176,0
633530.2232,0
633652.0072,0
634233.0893,0
634253.4627,0
634388.6176,0
634502.2436,0
634676.1938,0
634875.3377,0
635017.2114,0
635211.4159,0
635596.9362,0
635631.6162,0
635652.5296,0
635681.4026,0
635825.9651,0
636249.1935,0
636263.7568,0
636281.9288,0
636626.9716,0
636827.1187,0
637002.7035000001,0
637106.5494,0
637370.2954,0
637572.3847,0
637692.5919,0
638018.4492,0
638089.2413,0
638464.8691,0
638791.4549,0
639097.2539,0
639177.5578,0
639240.8338,0
639289.367725,0
639300.6015,0
639410.564,0
639425.3459,0
639441.2553,0
639531.8285000001,0
639591.2254,0
639642.1246,0
639667.6884,0
639757.1893,0
639821.4199,0
639940.6834,0
640158.0628,0
640304.7711,0
641048.8265,0
641155.2718,0
641657.1998000001,0
641692.8249,0
642126.4148,0
642159.3287,0
642176.4717,0
642185.4895,0
642529.2523,0
642551.7538,0
642651.4147,0
642671.2717,0
642766.1734,0
642793.3866,0
642820.867,0
643555.6312,0
643666.2645,0
644092.5105,0
644128.4569,0
644606.9439,0
644771.6449,0
644821.3742,0
645464.5225,0
645707.6255,0
645887.1387,0
646438.5022,0
646598.1264,0
646717.1108,0
647172.6907,0
647177.0126,0
647442.367,0
647666.1308,0
647711.4935,0
647949.468,0
647963.117,0
648294.928,0
648509.0876,0
648774.8275,0
649163.9967,0
649196.0999,0
649357.002,0
649913.2137,0
650019.3372,0
650302.2714,0
650478.8318,0
650623.5666,0
650665.4128,0
650731.435,0
650898.8298,0
651289.1935,0
651394.1021,0
651439.9735,0
651470.3008,0
651548.5816,0
652054.5987,0
652136.9379,0
652347.0058,0
652401.1608,0
652547.0424,0
652658.2388,0
653113.6366,0
653181.7711,0
653390.2143,0
653403.4249,0
653617.5908,0
653964.5753,0
654098.1332,0
654622.5033,0
654808.7526,0
654928.881,0
655227.6651,0
656226.9405,0
656447.6333,0
656740.5238,0
656900.5175,0
656943.8154,0
657615.0281,0
657903.8104,0
658729.1305,0
659164.0452,0
659662.28234,0
659676.7582,0
659971.5546,0
660667.0508,0
660711.0007,0
661268.4666,0
661374.6686,0
661465.6979,0
661664.2581,0
661677.7696,0
661858.7635,0
661871.4608,0
662335.0162,0
662417.459,0
662477.676,0
662622.2397,0
662635.4964000001,0
663084.9477,0
663109.8799,0
663410.2245,0
663615.1289,0
663650.3296,0
663679.9621,0
663828.9381,0
664004.6816,0
664455.308,0
664543.5295,0
664558.6262,0
664903.3386,0
665030.0025,0
665065.5498,0
665534.105,0
665895.9251999999,0
666203.8796,0
666460.227125,0
666479.7873,0
666563.1978,0
666625.0311,0
667509.8475,0
667807.0531,0
667876.1883,0
667907.6477,0
668060.0668,0
668163.6524,0
668170.2766,0
668340.2664,0
668499.4346,0
668508.9322,0
668898.8285,0
668972.686,0
668986.4973,0
669008.9967,0
669032.8301,0
669178.3113,0
669243.1535,0
669348.7852,0
669403.1118,0
669408.4042,0
669429.0374,0
669515.1973,0
669668.2551,0
670135.0198,0
670365.58708,0
670730.9904,0
670856.683,0
670860.8683666667,0
671186.9313,0
671374.3464,0
671410.0287,0
671630.896,0
671662.4705,0
671976.2483,0
672208.8287,0
672328.3355,0
672488.3803,0
673362.7892333333,0
673590.9729,0
673927.8182,0
673943.73444,0
673996.8663,0
674455.5144,0
674592.5536,0
674675.4908,0
674802.4771,0
674915.7029,0
675092.7112,0
675094.222,0
675155.5784,0
675260.0293,0
675623.6548,0
676205.6766,0
676417.6209,0
676962.1338,0
677235.2343,0
677344.7608,0
677536.14,0
677775.4075,0
677865.169,0
678025.7243,0
678085.1416,0
678088.9868,0
678258.4240666666,0
678513.9226,0
678574.477,0
678697.2415,0
678827.3082,0
678884.8011,0
679330.7763,0
679425.0759,0
679495.202,0
679534.9283,0
679543.8802,0
679553.9642,0
679753.8318,0
679818.6842,0
680231.9728,0
680327.7167,0
680463.3603000001,0
680585.8503,0
680699.1141,0
680780.6658833333,0
681010.7498,0
681054.6093,0
681143.566,0
681160.1353,0
681209.8214,0
681341.5588,0
681417.6539,0
681830.5631,0
682091.6758,0
682102.8541,0
682249.2581,0
682658.2635,0
682699.9061,0
682731.824,0
682752.1342,0
682952.877,0
683051.9446,0
683187.2989,0
683307.2541,0
683350.2576,0
683729.1132,0
684013.588,0
684030.8783,0
684137.2331,0
684727.1148,0
684747.9997,0
685160.0431,0
685195.9185,0
685276.5224,0
685516.8112,0
685553.2702,0
685597.0402,0
686424.4604,0
686696.28,0
686872.7816,0
686881.7576,0
687071.5437,0
687123.9986,0
687185.7161,0
687244.7488,0
687531.7052,0
687611.739175,0
687805.9818,0
688027.154,0
688268.5161,0
688292.8401,0
688629.7743,0
688781.2385,0
689081.8264,0
689336.3589999999,0
689565.2915,0
689683.6806,0
689874.5346,0
689880.6245666667,0
689886.0107,0
689889.2048,0
690408.6013,0
690488.9977,0
690509.8549,0
690626.4189,0
691140.9547,0
691390.5435,0
691614.1836,0
691633.0186,0
691679.0757,0
691896.211,0
691936.9509,0
691943.8629,0
692070.2508,0
692158.5231,0
692354.3987,0
692390.5056,0
692486.6851,0
692762.2671,0
692822.7794,0
692912.128,0
692916.4052,0
692990.8544,0
693007.717,0
693404.978,0
693579.8448,0
693602.5571,0
693687.2914,0
694161.9890000001,0
694431.8524,0
694627.4988,0
694866.6441,0
694912.3692,0
695271.3147,0
695304.1354,0
695489.4862,0
695539.3175,0
695624.9548,0
695635.3115,0
695851.5569,0
695982.4447999999,0
696110.9709,0
696134.6693,0
696490.8261,0
696493.089,0
696502.2735,0
696537.544,0
696665.6567,0
696708.4161,0
697165.4415,0
697275.6214,0
697315.0303,0
697357.8197999999,0
697576.4637,0
697642.2555,0
698103.1692,0
698141.7789,0
698230.5732,0
698323.4395,0
698342.1639,0
698365.279,0
698417.778,0
698498.842,0
698504.3925,0
698546.2745,0
698608.4544,0
698733.3624,0
698818.2702,0
699014.3292,0
699155.8421,0
699245.3204,0
699373.4322,0
699580.0385,0
699644.8437,0
699785.8626,0
699852.0653,0
700022.8294,0
700031.385,0
700144.982,0
700403.4532,0
700581.8158,0
700761.9582,0
700770.6678,0
700991.8623,0
701195.5716,0
701278.5396,0
701333.4169,0
701346.2722,0
701427.4890000001,0
701624.9877,0
701768.532,0
701868.1993,0
701887.5708,0
701980.8488,0
702195.4961,0
702288.7912,0
702730.3715,0
702805.2324,0
702826.9104,0
702867.7794,0
702957.1579,0
703049.8684,0
703094.7765,0
703129.0633,0
703219.5588,0
703292.0195,0
703502.2326,0
703644.9464,0
703793.3844,0
704193.5243,0
704264.7563,0
704415.3803,0
704467.465,0
704793.7446,0
704955.4165,0
704980.75092,0
705008.8818,0
705226.7101,0
705589.1297,0
705868.956,0
705916.232,0
705932.9917,0
706022.3112,0
706082.1805,0
706125.9567,0
706350.7581,0
706414.1169,0
706482.6515,0
706635.2793,0
706913.475,0
706964.6034,0
707199.1308,0
707683.2098,0
707721.3646,0
707798.4036,0
707804.4372,0
707810.2055,0
707952.7781,0
708005.9961,0
708010.7316,0
708140.8155,0
708259.6093,0
708362.7165,0
708517.5942,0
708662.6001,0
708692.767,0
708849.9769,0
708948.2091,0
709045.0689,0
709115.5429,0
709313.3745,0
709394.1017,0
709507.7901,0
709865.9649,0
710053.1318,0
710271.212,0
710289.682,0
710312.2454,0
710411.2426,0
710556.4094,0
710556.8044,0
710620.0491,0
710701.893,0
710872.7953,0
710958.059,0
711010.8857,0
711572.2781,0
711640.5211,0
711939.759,0
712357.1992,0
712403.4256,0
712744.2133,0
712954.974,0
712980.124,0
713230.8287,0
713486.5428,0
713764.6677,0
713784.0222,0
713839.4975,0
713889.5427,0
714349.6222,0
714711.5498,0
714718.4962,0
715600.0802,0
715623.5154,0
715800.6438,0
715945.9121,0
716101.2776,0
716192.2836,0
716512.0426,0
716518.3601,0
716838.247,0
716979.3991,0
716980.1903,0
717030.9462,0
717081.8996,0
717128.397,0
717268.973,0
717311.5712,0
717444.3943,0
717474.316,0
717615.4335,0
717922.8407000001,0
718280.6483,0
718387.6653,0
718478.0612,0
718808.7875,0
718856.2574,0
718913.1782,0
718992.9961,0
719193.5345,0
719361.7993,0
719387.1638,0
719412.4269,0
719541.6379,0
719549.3069,0
719566.5093,0
720021.7869,0
720051.2645,0
720468.5399,0
720486.2819000001,0
720624.3729,0
720634.5172333333,0
720708.2983,0
720925.7393,0
720953.4569,0
720983.571,0
720984.1702,0
721383.3963,0
721442.1978,0
721712.8242,0
721834.9344,0
721988.1068,0
722018.5616,0
722460.0231,0
722724.5239,0
722738.6426,0
723123.8018,0
723245.9089,0
723250.659425,0
723337.5915,0
723359.7429,0
723505.5438,0
723670.1183,0
723693.6214000001,0
723793.6226,0
723935.63,0
723960.5146999999,0
723964.8564,0
724004.6379,0
724043.3203,0
724492.7294,0
724671.2537,0
724688.3859999999,0
724973.4097,0
724989.2801,0
725502.5165,0
725724.0063,0
725726.3746,0
725805.0342,0
726154.5077,0
726174.2595,0
726418.331,0
726556.2374,0
726668.3482666666,0
726966.5906,0
727194.8895,0
727314.6458,0
727416.144,0
727476.6899,0
727590.2087,0
728338.46618,0
728475.8423,0
728578.6283,0
728583.817,0
729128.7814,0
729193.308,0
729419.0278,0
729429.7311,0
729862.3375,0
729921.087,0
730077.7154,0
730308.6773,0
730350.2156,0
730464.6699,0
730532.2926,0
730701.5588,0
730849.9653,0
731063.9244,0
731257.2577,0
731670.1208,0
732216.2527,0
732245.8914,0
732674.2283,0
732751.9656,0
733061.5482,0
733261.4772,0
733604.4497,0
734016.2916,0
734061.5218,0
734335.4406,0
734379.69652,0
734477.2692,0
734521.8851,0
734630.263,0
734725.1721,0
734874.4074,0
735112.3088,0
735421.0247,0
735456.8828,0
735458.5295,0
735520.7350999999,0
735674.457,0
736006.211,0
736009.9181,0
736483.2008,0
736499.5042,0
736529.0441,0
736760.7136,0
736874.2608,0
737038.36,0
737074.0762,0
737203.9591666666,0
737364.9253,0
737460.1442,0
737760.1370999999,0
737836.9246,0
738148.0481,0
738368.3284,0
738761.2777,0
738961.287,0
739022.2152,0
739140.3185,0
739901.4334,0
740162.3423,0
740220.442,0
740250.3319,0
740375.0592,0
740442.2951,0
740518.448,0
740958.4175,0
740979.2079,0
741121.6074666666,0
741530.7025,0
741766.7537,0
741880.6981,0
742233.6614,0
742236.7143999999,0
742397.8814333334,0
742701.6664,0
742757.8381,0
742899.7253,0
742918.2057,0
743112.1742,0
743514.6362,0
744025.3,0
744198.5399,0
744388.6229,0
744626.4534,0
744921.0564,0
745067.4241,0
745202.2444,0
745466.0347,0
745747.1558,0
746310.692,0
746325.8206,0
746456.6683,0
746472.3119,0
746545.2128,0
747057.7803,0
747095.7288,0
747554.3832,0
747879.25434,0
747947.7443,0
748209.2852,0
748571.8064,0
748628.1153,0
748754.9947,0
748880.9512,0
749301.849,0
749437.0382,0
749586.6977,0
749738.6144,0
749862.4918,0
750076.7959,0
750320.9266,0
750340.7643,0
750408.0794,0
750755.1548,0
751127.7935,0
751203.1915,0
751387.7641,0
751478.1614,0
751540.6393,0
751624.9869,0
751857.7404,0
751986.4012,0
752234.6422,0
752561.2816,0
752598.2746,0
752906.3692,0
753122.9275,0
753305.2932,0
753372.3262,0
753398.34554,0
753476.5176,0
753748.7159,0
753785.4601,0
753991.9886,0
754199.3631,0
754484.4478,0
754970.9455,0
755109.2741,0
755464.9821,0
755483.3803,0
755560.4737,0
755724.7498,0
756011.3021,0
756653.9484999999,0
756693.9276,0
757081.0743,0
757156.4239,0
757379.6764,0
757408.4053,0
757535.6225,0
757650.3196,0
758108.3012,0
758220.6932,0
758346.0345000001,0
759070.3409,0
759210.0063,0
759363.3753,0
759393.549025,0
759433.9133,0
759449.5368,0
759458.9146,0
759538.051,0
759997.7406,0
760121.4071,0
760161.2499,0
760710.5212,0
760729.00338,0
761021.0188,0
761226.2172,0
761283.5638,0
761330.6477,0
761636.9764,0
761668.6202,0
761697.54612,0
761781.2856,0
762321.2019,0
762483.4169,0
762575.2180999999,0
762613.6728666667,0
762803.1716,0
762996.648,0
763359.5744,0
763374.8714000001,0
763411.3691,0
763762.3751,0
763852.775,0
763995.3327,0
764166.8369,0
764291.9619,0
764425.3074,0
764512.177,0
764725.4627,0
764933.7274,0
765280.7992,0
765307.6554,0
765371.894,0
765429.3423,0
765504.6504,0
765690.8782,0
765726.3127,0
765796.6157,0
765930.0734,0
766225.6657,0
766275.4957,0
766701.3382,0
766844.6217,0
767125.4864,0
767187.9725,0
767218.9976,0
767291.9269333333,0
767563.8289,0
767592.0559,0
767626.082,0
767730.3499,0
767733.8331,0
767789.5714,0
768163.733,0
768165.0314,0
768202.9554,0
768348.6358,0
768418.5635,0
768494.4314,0
768578.9888,0
768626.7059,0
768684.7677,0
768826.4055,0
768928.3338,0
769225.8116,0
769521.8441,0
769526.34782,0
769533.3221,0
769615.6892,0
769733.8212,0
769961.4309,0
770025.9154,0
770479.586,0
770753.0128,0
770757.6486,0
770813.6902,0
771032.3198,0
771086.9865,0
771097.7124,0
771511.8898,0
771561.083975,0
771840.0321,0
771877.2634,0
771928.0718,0
772377.5429,0
772469.1729,0
772929.7749,0
773344.6169,0
773346.1328,0
773404.0654,0
773406.9939,0
773419.9586,0
773433.2978000001,0
773825.0726,0
774762.4339000001,0
774924.041,0
775142.1204,0
775247.6124,0
775306.8426,0
775589.9514,0
775687.1559,0
775740.4739,0
775966.5909,0
776140.483,0
776167.8189,0
776220.0633,0
776420.754,0
776568.8687,0
776717.9663,0
777082.0256,0
777110.8434,0
777275.575825,0
777281.708,0
777286.5154,0
-----Simulation END-----
