-----Simulation 0-----
173077.7789,0
173210.4304,0
173398.0937,0
173416.4791,0
173475.0153,0
173500.6358,0
173723.8243,0
173794.0614,0
174532.7072,0
174723.383,0
174736.1943,0
174914.954,0
174932.01630000002,0
175035.7266,0
175063.8092,0
175106.1337,0
175215.10210000002,0
175270.3483,0
175304.7208,0
175432.18050000002,0
175544.5227,0
175569.10259999998,0
175579.398,0
175649.8301,0
175700.6382,0
175807.7067,0
175940.176,0
175965.8915,0
175998.22999999998,0
176118.1771,0
176224.3068,0
176306.5872,0
176429.2729,0
176465.95500000002,0
176745.0339,0
176869.1703,0
176888.0015,0
176925.1211,0
177024.7556,0
177275.5712,0
177471.642,0
177651.6378,0
177693.7451,0
178006.5423,0
178157.8944,0
178563.22639999999,0
178695.2406,0
178720.3956,0
178736.1616,0
179027.47580000001,0
179369.1175,0
179562.9419,0
179615.8246,0
179698.678,0
179845.7251,0
179994.1828,0
180083.41629999998,0
180176.7261,0
180209.0346,0
180258.1487,0
180400.4056,0
180414.6385,0
180484.7706,0
180494.7943,0
180501.7679,0
180583.95799999998,0
180725.0124,0
180774.83669999999,0
180776.7171,0
180833.8124,0
180837.2398,0
180846.9954,0
180873.96336666666,0
180892.6325,0
180922.9046,0
180976.7735,0
181013.0147,0
181092.2679,0
181169.1044,0
181175.42359999998,0
181351.5367,0
181456.815,0
181482.27049999998,0
182027.7948,0
182099.6275,0
182481.0908,0
182514.2305,0
182628.4955,0
182632.9812,0
182765.9042,0
182809.23233333335,0
182831.47879999998,0
182876.9561,0
182926.5824,0
183021.4878,0
183070.2417,0
183120.3971,0
183211.8056,0
183319.2402,0
183395.2981,0
183605.5917,0
183614.5209,0
183623.366,0
183641.7049,0
183642.38079999998,0
183983.8614,0
184034.1818,0
184184.1299,0
184392.1311,0
184409.6782,0
184455.0636,0
184993.4206,0
185197.4327,0
185270.7318,0
185681.3671,0
185910.7675,0
186261.3579,0
186279.9276,0
186335.2067,0
186410.41330000001,0
186808.152,0
186822.15409999999,0
186947.3927,0
187065.4307,0
187099.74719999998,0
187137.1723,0
187189.2951,0
187415.9186,0
187756.2272,0
187783.0276,0
187805.1636,0
187919.5784,0
187950.6385,0
187957.3024,0
187974.8985,0
188000.5774,0
188061.9149,0
188065.9802,0
188069.5776,0
188189.9939,0
188385.4982,0
188441.474,0
188502.0509,0
188895.4343,0
189001.8017,0
189048.2782,0
189067.3936,0
189152.2935,0
189193.2154,0
189387.0804,0
189603.777,0
189819.12780000002,0
189847.58613333333,0
189904.76426666667,0
189957.9138,0
190029.57929999998,0
190084.9964,0
190243.9304,0
191059.015,0
191545.1589,0
191595.3237,0
191693.3106,0
191798.2341,0
191814.874,0
192058.4059,0
192316.27850000001,0
192345.51679999998,0
192384.10645,0
192427.15279999998,0
192475.2788,0
192569.2818,0
192596.5108,0
192628.2483,0
192659.3353,0
192765.2764,0
192915.4369,0
193136.3119,0
193615.7609,0
193735.5513,0
193823.9309,0
194277.9946,0
194283.1219,0
194750.90529999998,0
194859.64010000002,0
195261.5984,0
195382.065,0
195832.3368,0
196005.7935,0
196241.4052,0
196363.00579999998,0
196512.8363,0
196621.28,0
196655.6698,0
196724.1417,0
196871.01059999998,0
196951.7267,0
196962.4202,0
197023.2133,0
197170.1036,0
197187.875,0
197218.5338,0
197277.0817,0
197357.8588,0
197655.3503,0
197840.7851,0
197959.4979,0
198015.4819,0
198168.5797,0
198377.01630000002,0
198429.9982,0
198508.4534,0
198548.98619999998,0
198627.506,0
198636.1815,0
198669.6483,0
198731.1146,0
198821.0974,0
199017.79940000002,0
199038.7648,0
199046.65649999998,0
199196.09720000002,0
199404.9998,0
199595.456,0
199653.529,0
199682.39130000002,0
199925.0096,0
200226.8971,0
200300.4526,0
200301.3488,0
200402.8597,0
200424.6592,0
200564.7483,0
200933.1058,0
200980.2279,0
201101.101,0
201184.7127,0
201358.34769999998,0
201708.0851,0
201725.52360000001,0
201726.258,0
201960.8037,0
202030.98690000002,0
202511.31660000002,0
202613.3257,0
202769.5359,0
202933.2195,0
202990.5922,0
203121.3167,0
203263.9584,0
203421.3984,0
203423.1916,0
203943.6948,0
204056.24,0
204119.4765,0
204120.4937,0
204439.4472,0
204789.0927,0
204872.0507,0
204887.0639,0
205123.7959,0
205309.939,0
205598.34769999998,0
205723.1416,0
205901.2755,0
205913.4978,0
206284.9719,0
206642.2549,0
206883.7489,0
206977.03015,0
207043.8227,0
207118.0659,0
207607.770675,0
207627.0046,0
207699.1809,0
208019.4043,0
208147.4224,0
208177.0824,0
208475.9148,0
208823.22759999998,0
208964.233,0
209331.015,0
209536.33370000002,0
209782.1121,0
209796.8046,0
209931.4866,0
209965.40350000001,0
210129.0341,0
210204.3657,0
210226.644,0
210310.1879,0
210402.5835,0
210591.9029,0
210652.09104,0
211243.2665,0
211284.3171,0
211339.3304,0
211500.48440000002,0
211686.976,0
211883.7963,0
211929.7707,0
211950.68349999998,0
212153.4917,0
212206.7531,0
212299.59100000001,0
212360.99313333334,0
212410.8784,0
212467.8296,0
212965.5834,0
213975.2345,0
214066.6081,0
214360.3869,0
214705.773,0
215057.568,0
215671.16509999998,0
215930.4825,0
215999.2648,0
216030.1274,0
216701.5934,0
216858.2652,0
216879.7686,0
216898.1232,0
217311.747,0
217505.4808,0
217529.3086,0
217638.201125,0
217730.7218,0
217821.6257,0
218292.28019999998,0
218322.79586666665,0
218388.1331,0
218405.6899,0
218474.4425,0
218497.4848,0
218596.224,0
218629.7257,0
218849.539,0
219003.1863,0
219171.70371666667,0
219695.9038,0
219720.4295,0
220294.6975,0
220300.8205,0
220447.4326,0
220477.6309,0
220483.4252,0
220687.6419,0
221048.05479999998,0
221078.2716,0
221459.0602,0
221533.51882,0
221758.3597,0
221976.6937,0
222038.422,0
222152.0761,0
222487.2049,0
222823.7944,0
222872.1159,0
223133.4326,0
223774.2469,0
223796.23810000002,0
223797.2111,0
223890.2196,0
224006.8911,0
224259.464,0
224309.9532,0
224698.569,0
224702.1251,0
224718.7423,0
224863.6569,0
225011.2884,0
225148.9558,0
225192.49060000002,0
225313.1003,0
225344.2384,0
225638.0577,0
225731.8934,0
225769.6659,0
225954.2716,0
226123.4256,0
226179.405,0
226217.8394,0
226247.70549999998,0
226369.8602,0
226512.0808,0
226572.4882,0
226706.464725,0
226733.1882,0
227218.6549,0
227307.7716,0
227400.3743,0
227535.0528,0
227544.46,0
227966.512,0
228059.1828,0
228214.9181,0
228293.7935,0
228787.5399,0
228877.7443,0
229424.69803333332,0
229686.8528,0
229758.002,0
229800.2556,0
230012.7347,0
230024.3838,0
230106.3122,0
230357.9647,0
230445.7391,0
230525.7022,0
230842.1767,0
230955.7377,0
231169.2528,0
231228.7078,0
231242.78720000002,0
231301.4894,0
231323.3783,0
231455.4218,0
231506.196,0
231799.8978,0
231812.8463,0
231888.57679999998,0
231926.7541,0
232059.0598,0
232191.2755,0
232235.9708,0
232641.7236,0
232690.9226,0
232875.6108,0
232898.4615,0
232963.5464,0
233023.3934,0
233027.5265,0
233302.8951,0
233309.9812,0
233476.6039,0
233577.2892,0
233580.4143,0
233702.9421,0
233772.3212,0
233828.5283,0
233887.1726,0
233926.80696,0
234279.7367,0
234538.38689999998,0
234603.6769,0
234702.3726,0
234877.6228,0
234887.9198,0
235064.3841,0
235185.394,0
235191.1176,0
235226.1155,0
235398.983,0
235519.1188,0
235632.147,0
235672.4368,0
235843.0927,0
235930.4835,0
235989.88280000002,0
236329.0381,0
236496.6088,0
236801.8433,0
236995.4177,0
236997.6272,0
237260.8752,0
237364.5186,0
237702.5331,0
237794.9315,0
238094.6475,0
238113.4108,0
238785.6023,0
238828.1645,0
238868.9964,0
239105.0292,0
239168.8058,0
239233.4303,0
239331.3384,0
239339.9759,0
239456.39234,0
239522.1188,0
239675.9437,0
239977.8737,0
240074.4869,0
240236.08299999998,0
240318.6997,0
240452.1245,0
240479.1382,0
240984.5183,0
241165.5239,0
241286.4287,0
241430.0811,0
241605.282,0
242017.8699,0
242381.4639,0
242460.1868,0
242506.3139,0
242539.8291,0
242551.8732,0
242782.7311,0
243223.15399999998,0
243307.2596,0
243332.3953,0
243359.3124,0
243660.1228,0
243710.2784,0
243725.8092,0
243952.434,0
243998.8431,0
244284.42680000002,0
244291.2041,0
244420.1212,0
244436.3205,0
244604.70380000002,0
244647.9094,0
244673.1855,0
244698.8788,0
244889.8101,0
244931.032,0
245060.9945,0
245076.4387,0
245269.729825,0
245469.6572,0
245573.9026,0
245719.0586,0
245734.2924,0
245807.2897,0
245827.4138,0
245886.1056,0
245990.972,0
246337.4173,0
246550.1037,0
246792.0621,0
247422.3451,0
247448.2549,0
247749.8265,0
247947.077,0
248047.1858,0
248122.04989999998,0
248422.2022,0
248520.916,0
248646.0426,0
248940.6306,0
249144.975,0
249383.1434,0
249419.59100000001,0
249488.7676,0
249515.6888,0
249535.3531,0
249733.2142,0
250073.9128,0
250077.7127,0
250296.6136,0
250512.8653,0
250697.3284,0
250712.0926,0
250713.774,0
250974.55800000002,0
251032.2251,0
251337.1935,0
251530.5866,0
251553.4373,0
251558.0228,0
251680.4966,0
251919.3841,0
251989.551,0
252563.7973,0
252676.9713,0
252806.2081,0
252953.9365,0
252995.0508,0
253177.5441,0
253346.3714,0
253608.1105,0
253632.4196,0
253883.9533,0
253971.3574,0
254402.5925,0
254620.8518,0
254989.5782,0
255093.767,0
255096.2963,0
255189.0983,0
255213.6206,0
255230.48203333333,0
255308.9625,0
255670.218,0
255787.9349,0
255846.3458,0
255878.3718,0
255907.5578,0
256033.7187,0
256054.1193,0
256316.9399,0
256344.37339999998,0
256572.98489999998,0
256692.5336,0
256741.9249,0
256827.10450000002,0
256887.3033,0
256934.1844,0
257127.0752,0
257147.696,0
257199.4515,0
257993.7761,0
258121.3904,0
258507.1329,0
258590.0844,0
258757.77909999999,0
258808.8287,0
258853.7394,0
258925.6594,0
259015.13125,0
259286.7308,0
259420.6804,0
259448.0832,0
259512.4494,0
259638.9251,0
259748.3893,0
259751.7611,0
259877.3886,0
259948.05593333332,0
260060.0633,0
260127.7989,0
260240.4242,0
260582.7603,0
260597.7965,0
260701.0591,0
260915.5996,0
261268.9495,0
261525.2541,0
261532.1203,0
261607.3646,0
261699.8566,0
261736.8088,0
261814.6601,0
261914.9077,0
261951.6956,0
262041.5777,0
262043.6927,0
262334.0523,0
262405.1633,0
262905.2035,0
262966.8782,0
263027.1941,0
263071.9194,0
263110.25419999997,0
263142.413,0
263188.1333666667,0
263188.2569,0
263245.25080000004,0
263440.8256,0
263565.8603,0
263712.1907,0
263744.5748,0
263810.85970000003,0
263994.9383,0
264051.5403,0
264133.5211,0
264148.21140000003,0
264269.0133,0
264286.8419,0
264292.9014,0
264430.536,0
264661.8243,0
264778.3941,0
264843.1848,0
264908.12309999997,0
265129.2759,0
265262.6725,0
265417.0674,0
265420.7601,0
265552.8064,0
265605.853,0
265610.40989999997,0
265789.2585,0
265870.0082,0
265947.0666,0
265969.8503,0
266044.5678,0
266056.7192,0
266427.3287,0
266438.7667,0
266740.9561,0
266755.8841,0
266773.8133,0
266793.6843,0
267054.3519,0
267306.7761,0
267473.3637,0
267651.1762,0
267712.006,0
267810.477,0
267879.2592,0
267926.1136,0
268181.9645,0
268395.702,0
268553.3359,0
268560.7556,0
268687.1669,0
268759.449,0
269448.1867,0
269720.598,0
269951.8372,0
270212.1523,0
270403.0652,0
270447.6439,0
270604.8308,0
270632.6112,0
270684.82420000003,0
270706.433,0
270783.50800000003,0
270796.1113,0
270884.16969999997,0
270927.3808,0
271043.1506,0
271122.4803,0
271425.0464,0
271740.7697,0
271757.3583,0
271841.6309,0
271890.02139999997,0
271964.4095,0
271976.0608,0
272359.7106,0
272362.3834,0
272415.7111,0
272513.5298,0
272638.5026,0
272751.70366,0
272773.6413,0
272816.05449999997,0
272839.9117,0
272972.1242,0
273126.1629,0
273307.21,0
273362.31799999997,0
273686.8915,0
273741.53740000003,0
273757.43,0
273764.5674,0
274075.723,0
274130.0651,0
274165.5706,0
274250.9826,0
274263.4427,0
274344.4715,0
274365.434,0
274446.4363,0
274553.59369999997,0
274557.0345,0
274629.1176,0
274837.6177,0
275017.2441,0
275039.6016,0
275274.5556,0
275303.8504,0
275574.5724,0
275891.52520000003,0
276001.1124,0
276092.9016,0
276185.4923,0
276191.4878,0
276252.0541,0
276719.16839999997,0
276754.0629,0
276800.1185,0
276843.86710000003,0
277057.951,0
277178.1452,0
277375.9049,0
277496.411,0
277571.3025,0
277689.9684,0
277816.8625,0
277980.181,0
278217.4795,0
278298.6101,0
278311.07255,0
278326.2587,0
278476.5908,0
278505.3124,0
278554.6503,0
278563.1045,0
278780.2674,0
279086.9669,0
279265.0119,0
279311.2869,0
279507.9173,0
279554.35109999997,0
279730.8563,0
280107.5359,0
280117.6328,0
280308.83242500003,0
280338.3497,0
280344.06909999996,0
280390.608,0
280421.5492,0
280545.11569999997,0
280686.2783,0
280699.7492,0
280807.2553,0
280824.1662,0
280924.1364,0
281004.0354333333,0
281132.93956666667,0
281140.3493,0
281187.9575,0
282022.1105,0
282100.7203,0
282299.9956,0
282629.8801,0
283005.12556666665,0
283291.2643,0
283535.3914,0
283731.593,0
283793.0017,0
284002.49156666663,0
284315.7864,0
284406.07,0
284436.5916,0
285009.8934,0
285163.6586,0
285213.6332,0
285340.308,0
285413.456,0
285912.7088,0
286107.5329,0
286225.2099,0
286559.64824999997,0
286728.8071,0
286751.4723,0
286802.1752,0
287183.00190000003,0
287222.264,0
287404.9266,0
287457.6872,0
287473.6242,0
287498.0322,0
287622.7288,0
287743.2337,0
287929.2833,0
287995.0615,0
288312.9964,0
288336.4061,0
288355.7915,0
288400.357,0
288608.5046,0
288853.7508,0
288874.714,0
289075.0051,0
289243.5066,0
289406.02286666667,0
289621.6629,0
289957.99450000003,0
290180.1474,0
290632.876,0
290733.7436,0
290751.7433,0
291072.0028,0
291147.9575,0
291153.0949,0
291366.9944,0
291620.0662,0
291845.815,0
292018.4098,0
292306.8074,0
292356.328,0
292388.401,0
292686.9646,0
292799.8669,0
292861.2852,0
292885.6752,0
293045.6953,0
293600.2766,0
293936.4235,0
294455.3516,0
294555.2931,0
294633.4462,0
294757.92209999997,0
294814.3849,0
294884.8146,0
295000.5583,0
295385.0438,0
295409.4837,0
295736.5238,0
295791.0915,0
295850.6843,0
296173.223,0
296367.2919,0
296611.97426,0
297134.5891,0
297459.5711,0
297695.4472,0
297834.61470000003,0
298323.5008,0
298505.2136,0
298602.4367,0
298672.2386,0
298947.6298666667,0
299049.9759,0
299166.80700000003,0
299277.49450000003,0
299406.4033,0
299560.9188,0
299625.7973,0
300088.0838,0
300148.0795,0
300166.3297,0
300804.0521,0
300835.6874,0
300961.8776,0
300967.3256,0
301083.4292,0
301103.257,0
301137.89890000003,0
302268.3436,0
302498.4287,0
302586.3872,0
302800.60349999997,0
302924.976,0
303160.3893,0
303246.86089999997,0
303377.0272,0
303458.6159,0
303726.3184,0
304370.9596,0
304376.5588,0
304463.8165,0
304753.844,0
304817.1089,0
304829.38678,0
305075.71,0
305697.8998,0
305904.0138,0
306100.6829,0
306594.0751,0
306695.2898,0
306912.5751,0
306986.4862,0
307055.9556,0
307631.24450000003,0
307744.7996,0
307748.5082,0
307754.0551,0
307926.5946,0
307992.8393,0
308063.456,0
308240.3605,0
308582.2317,0
308844.9972,0
308847.5761,0
309048.47990000003,0
309078.177,0
309248.7254,0
309276.0205,0
309478.88159999996,0
309505.0798,0
309587.2467,0
309634.7277,0
309667.925725,0
309996.2042,0
310049.9809,0
310386.39060000004,0
310575.5913,0
310723.28130000003,0
311054.55090000003,0
311184.9691,0
311213.8244,0
311351.614,0
311475.3514,0
311534.9885,0
311566.0479,0
311729.7055,0
311827.547,0
311940.644,0
311952.4135,0
312016.177,0
312074.0146,0
312329.3104,0
312360.3251,0
312575.85466666665,0
312621.6216,0
312634.9713,0
312659.09140000003,0
313034.6595,0
313218.8869,0
313471.77726666664,0
313606.22109999997,0
313676.6902,0
314105.15619999997,0
314162.3618,0
314387.1739,0
314601.3699,0
314716.18118333333,0
315578.379125,0
315616.7196,0
315767.5206,0
315816.0093,0
315990.0414,0
316690.0578,0
316791.0058,0
316871.4279,0
317275.8351,0
317356.3965,0
317369.9502,0
317654.6221,0
317676.404,0
318119.0284,0
318209.9288,0
318274.1751,0
318330.5083,0
318356.4302,0
318426.3001,0
318518.3729,0
318546.3233,0
318586.8316,0
318758.6653,0
318991.3361,0
319403.364,0
319523.6673,0
319578.649,0
319919.1474,0
320006.0075,0
320099.0712,0
320401.1019,0
320472.5533,0
320527.6056,0
320648.2944,0
320718.7264,0
320901.1421,0
321052.6203,0
321073.209,0
321245.0694,0
321343.3134,0
321346.9581,0
321674.39516666665,0
321735.2319,0
321767.6443,0
321969.7086,0
322118.26,0
322292.1462,0
322391.3455,0
323125.0843,0
323563.3094,0
323718.6446,0
323849.2175,0
323868.566,0
324094.1008,0
324135.0296,0
324364.7628,0
324395.4053,0
324801.92339999997,0
324876.6679,0
324923.2007,0
325259.5211,0
325324.1935,0
325570.8244,0
325588.8856,0
325666.0985,0
325972.3742,0
326054.0941,0
326063.7891,0
326124.0447,0
326169.0001,0
326285.0301,0
326612.3756,0
326622.4731,0
326768.90020000003,0
326942.0662,0
326958.2368,0
327026.9964,0
327114.2759,0
327417.56429999997,0
327424.9508,0
327466.507,0
327478.3953,0
327498.5241,0
327589.277,0
327596.2966,0
327607.70565,0
327704.1058,0
327858.086,0
328125.6264,0
328240.7275,0
328246.6513,0
328320.1295,0
328730.506,0
329123.5581,0
329247.8123,0
329441.1347,0
329529.9223,0
329611.10505,0
329649.44180000003,0
329716.6364,0
329738.3547,0
329764.74820000003,0
329829.20530000003,0
329890.2921,0
329908.4763,0
329930.9464,0
330049.6199,0
330357.7593,0
330377.65,0
330382.4324,0
330455.9665,0
330880.6153,0
331065.2765,0
331534.1323,0
331604.5972,0
331875.3257,0
332100.2544,0
332203.4262,0
332260.3374,0
332276.5837,0
332332.9895,0
332413.5009,0
332439.5772,0
332522.2647,0
332527.50899999996,0
332617.7437,0
332753.0331,0
333056.5423,0
333141.7309,0
333214.1139666667,0
333433.996,0
333540.2898,0
333648.5931,0
333856.0916,0
334056.6756,0
334157.6547,0
334206.0659,0
334219.0286,0
334514.296,0
334545.2037,0
334718.537,0
334726.09952,0
334840.7448,0
335037.66240000003,0
335083.3471,0
335520.9581,0
335582.2679,0
336029.8679,0
336113.1755,0
336508.2057,0
336736.8389,0
337020.8944,0
337243.5287,0
337321.1552,0
337567.1502,0
337601.9738,0
337761.4116,0
337776.0297,0
337788.281,0
337841.021,0
337861.0859,0
337911.7265,0
337945.7087,0
338006.3296,0
338204.7022,0
338335.22353333334,0
338454.9899,0
338459.6512,0
338555.1797,0
338587.2872,0
338684.1892,0
339261.0952,0
339276.9853,0
339695.3697,0
339738.422,0
339986.2381,0
340058.2294,0
340156.2654,0
340173.1596,0
340370.3487,0
340521.1564,0
340582.6744,0
340707.5664,0
340800.5551,0
340866.07409999997,0
340956.3135,0
341083.1659,0
341202.0895,0
341287.7154,0
341326.8015,0
341600.5258,0
341794.6058,0
341805.4963,0
341878.859,0
341916.5324,0
341986.1272,0
342049.226,0
342115.8301,0
342379.9249,0
342390.0895,0
342414.1716,0
342643.7171,0
342849.9858,0
342999.4711,0
343254.0461,0
343330.0376,0
343352.5047,0
343373.772,0
343465.2717,0
343535.996,0
343549.2838,0
344029.58640000003,0
344115.64639999997,0
344143.7622,0
344287.5673,0
344734.66610000003,0
344860.7713,0
345047.6649,0
345058.1445,0
345155.9416,0
345248.20530000003,0
345298.4265,0
345634.2698,0
345772.0854,0
345827.6534,0
345889.5631,0
346181.8193,0
346435.8493,0
346472.2422,0
346579.7412,0
346641.9657,0
346664.9867,0
346945.4029,0
347073.6265,0
347113.7426,0
347125.7932,0
347179.04579999996,0
347226.1481,0
347473.5726,0
347580.6499,0
347625.1005,0
347668.002,0
347738.3556,0
347794.6203,0
348029.8228,0
348090.8946,0
348091.53729999997,0
348517.7435,0
348567.3479,0
348691.8544,0
348784.4636,0
348793.6157,0
349130.6294,0
349233.1801,0
349414.3293,0
349654.4715,0
350001.1456,0
350355.652,0
350670.1733,0
350737.1785,0
351050.8299,0
351097.9032,0
351126.4885,0
351467.9095,0
351479.7601,0
351592.2023,0
351768.6688,0
351818.46869999997,0
351873.5918,0
351934.3739,0
352281.2417,0
352372.9291,0
352627.6571,0
352666.6963,0
352784.3048,0
352813.8905,0
353123.62679999997,0
353155.6117,0
353359.3198,0
353405.2345,0
353735.1023,0
354145.5308,0
354368.1261,0
354489.4201,0
354846.8034,0
354976.3952,0
354983.1925,0
355353.1178,0
355402.6484,0
355469.24809999997,0
355638.4871,0
355679.64029999997,0
355683.1821,0
355694.4361,0
356191.972,0
356338.7051,0
356604.2166,0
356707.8819,0
356852.0642,0
356857.5034,0
357254.7453,0
357285.8807,0
357485.1845,0
357619.2899,0
357771.6679,0
357838.5603,0
358121.2259,0
358210.9998,0
358436.3978,0
358520.9196,0
358693.369,0
358842.6653,0
358884.0069,0
358964.6192,0
359320.5246,0
359575.5179,0
359591.26193333336,0
359820.2157,0
359921.7083,0
359984.4999,0
360028.6603,0
360077.43799999997,0
360135.3603,0
360300.9149,0
360494.0365,0
360591.21259999997,0
360613.5919,0
360674.3629,0
360697.6699,0
360746.6488,0
360788.9043,0
360821.7027,0
360822.1613,0
360893.4975,0
360922.4684,0
361179.3801,0
361318.6363,0
361745.1948,0
362369.4915,0
362424.6982,0
362426.3245,0
362489.8598,0
362614.201,0
362672.2387,0
362754.8865,0
362797.2192,0
363014.9429,0
363042.2507,0
363685.3418,0
363701.43940000003,0
363788.4745,0
363898.9023,0
363964.8558,0
363972.2424,0
364136.1007,0
364185.0608,0
364235.0946,0
364264.2644,0
364266.0041,0
364458.9162,0
364536.8893,0
364690.5862,0
364869.7842,0
364926.3548,0
364953.8111,0
365133.5181,0
365266.437,0
365272.1765,0
365286.7378,0
365304.628,0
365501.1053,0
365613.7362,0
366515.8955,0
366716.0929,0
366841.3574,0
366994.6868,0
367133.13289999997,0
367167.4792,0
367408.7639,0
367825.6045,0
367848.9983,0
367854.62080000003,0
367867.83999999997,0
367878.0662,0
367896.7419,0
368054.2604,0
368142.3369,0
368197.082,0
368278.6453,0
368423.7007,0
368435.3126,0
368516.2685,0
368519.4683,0
368777.8128,0
368780.7408,0
368897.1087,0
369194.1886,0
369238.0255,0
369298.87679999997,0
369446.723525,0
369447.3354,0
369451.6537,0
369474.1471,0
369676.2096,0
369733.728,0
370085.397,0
370306.5423,0
370416.8813,0
370639.41260000004,0
370643.5083,0
370731.5053,0
370796.8065,0
370819.1611,0
370824.8084,0
370950.9225,0
371103.267,0
371137.47010000004,0
371153.6406,0
371195.9192,0
371205.2727,0
371394.6840333333,0
371498.4074,0
371635.77139999997,0
371833.9567,0
371840.7136,0
371983.837,0
372143.0907,0
372160.824,0
372248.7992,0
372503.2712,0
372647.4367,0
372854.2389,0
372855.872,0
373100.7205,0
373358.585,0
373808.861,0
373840.3542,0
374153.1223,0
374504.2063,0
374548.4431,0
374578.9465,0
374773.33030000003,0
375056.3073,0
375097.38430000003,0
375232.0927,0
375324.9149,0
375756.2521,0
375779.5642,0
376042.135,0
376078.7994,0
376098.4688,0
376123.04099999997,0
376442.0005,0
376542.3767,0
376582.881,0
376618.6993,0
376619.7569,0
376674.1863,0
376740.7564,0
376772.1216,0
376814.5578,0
376842.2139,0
377008.2644,0
377157.275,0
377872.1751,0
377971.0387,0
378012.1524,0
378055.0769,0
378092.0826,0
378264.8719,0
378354.6042,0
378550.9656,0
378935.27996666665,0
379330.8159,0
379432.1774,0
379630.0769,0
379815.4924,0
379927.3249,0
380241.5701,0
380444.3893,0
380559.51286,0
380709.2753,0
380818.8836,0
380990.0258,0
381009.3738,0
381128.4128,0
381235.2754,0
381249.726575,0
381401.3258,0
381416.7069,0
381438.3209,0
381471.809,0
381612.312,0
381665.4139,0
381880.3273,0
382028.8953,0
382329.2425,0
382423.803,0
382478.7414,0
382770.25789999997,0
383136.5061,0
383367.5294,0
383482.1523,0
383572.6316,0
383602.1666,0
383769.9164,0
383797.8908,0
384011.0312,0
384289.9714,0
384300.3599,0
384322.4376,0
384350.7104,0
384389.3822,0
384458.9153,0
384504.0398,0
384717.3525,0
384799.4599,0
385171.6451,0
385550.2718,0
385669.2301,0
386018.749,0
386187.595925,0
386241.5432,0
386316.5585,0
386378.2727,0
386434.3074,0
386457.2414,0
386502.4029,0
386513.5271,0
386857.705,0
387057.8683,0
387091.8051,0
387162.6263,0
387202.9209,0
387262.6064,0
387341.5995,0
387628.0378,0
387665.37690000003,0
387676.1107,0
387734.5156,0
387820.0871,0
387929.4253,0
388062.9206,0
388185.6582,0
388346.5074,0
388551.4587,0
388675.7006,0
389109.3121,0
389313.79339999997,0
389356.6869,0
389435.1658,0
389460.1719,0
389492.0825,0
389767.776425,0
389885.9079,0
389982.6693,0
390177.1978,0
390448.8896,0
390574.4108,0
390621.6377,0
390655.4344,0
390816.17661666666,0
390957.8677,0
391272.5208,0
391357.2489,0
391908.8186,0
391966.6402,0
392016.5258,0
392020.6652,0
392099.2691,0
392325.9913,0
392367.0757,0
392465.1536,0
392635.5649,0
392659.0388,0
392910.6425,0
393101.5662,0
393504.1937,0
393558.5633,0
393802.2568,0
393833.8366,0
393863.3326,0
393898.6788,0
394034.8669,0
394206.381,0
394289.1255,0
394292.2045,0
394803.5424,0
394845.74309999996,0
395260.2763,0
395454.2727,0
395627.8735,0
395628.0058,0
396010.926,0
396069.393,0
396093.9836,0
396194.4459,0
396603.9937,0
396690.57409999997,0
396867.4751,0
396920.15009999997,0
397278.8981,0
397295.6291,0
397306.9308,0
397491.41969999997,0
397772.2816,0
398011.6998,0
398116.6835,0
398169.9429,0
398295.2485,0
398315.2132,0
398342.1841,0
398615.0828,0
398636.7493,0
398649.55700000003,0
398708.07180000003,0
398854.1995,0
398895.0151,0
398950.7954,0
399008.41969999997,0
399165.6831,0
399301.4396,0
399349.2594,0
399389.9699,0
399654.7375,0
399836.0525333333,0
400399.2671666667,0
400514.65009999997,0
400781.903,0
400859.9363,0
400970.0829,0
401335.887,0
402042.5804,0
402196.6025,0
402232.4033,0
402354.7985,0
402368.6744,0
402484.689,0
402563.1041,0
402613.7243,0
402751.60314,0
402788.8401,0
403109.1446,0
403149.5221,0
403249.4307,0
403285.9252,0
403310.9857,0
403327.1808,0
403637.5398,0
403722.0735,0
403743.8481,0
403858.2965,0
404120.9086,0
404152.3185,0
404355.6419,0
404637.0503,0
404646.6517,0
404732.047,0
404918.7148,0
405139.0517,0
405180.2298,0
405252.2517,0
405555.3306,0
405707.4651,0
405746.3455,0
405792.6331,0
405860.5029,0
405928.0603,0
406217.2778,0
406265.4295,0
406341.1295,0
406366.2552,0
406439.8554,0
407211.848,0
407323.7473,0
407326.1449,0
407340.2012,0
407671.9769,0
407933.37320000003,0
408039.5775,0
408089.6285,0
408197.934,0
408330.90260000003,0
408409.4909,0
408429.8227,0
408497.191,0
408974.1204,0
408981.173,0
409520.38192,0
409554.5061,0
409639.464,0
409712.3425,0
409843.196,0
409851.1031,0
409887.6829,0
409972.1652,0
409998.83400000003,0
410071.6584,0
410214.3332,0
410249.671,0
410640.679,0
410735.4138,0
411088.5671,0
411140.5361,0
411287.9663,0
411298.3403,0
411443.8908,0
411448.0897,0
411497.5781,0
411597.7718,0
411613.937,0
411792.07,0
411837.0402,0
411842.3641,0
411879.8331,0
411979.8177,0
412341.687675,0
412479.2837,0
412540.0633,0
412600.6812,0
412781.6232,0
413220.5458,0
413348.5167,0
413392.6829,0
413984.6392,0
414105.36089999997,0
414191.1398,0
414273.9926,0
414282.8547,0
414446.1941,0
414739.0281,0
414808.0547,0
414833.6057,0
415655.2624,0
415687.0517,0
415707.0456,0
415853.2938,0
416080.7891,0
416529.1874,0
416533.0063,0
416962.7933,0
417172.839,0
417256.0145,0
417676.224,0
417702.8791,0
417736.2357,0
417738.7602,0
418142.9331,0
418217.3171,0
418287.5465,0
418301.3478,0
418470.5819,0
418499.6105,0
418574.3293,0
419016.7013,0
419231.4701,0
419338.0071,0
419349.4371833333,0
419359.5652,0
419368.64,0
419592.4689,0
419643.9159,0
419660.1884,0
419892.9379,0
419951.1103,0
420029.9405,0
420061.4075,0
420090.766,0
420384.6284,0
420432.4574,0
420589.4599,0
420826.8705,0
421072.17579999997,0
421213.6118,0
421285.9559,0
421409.0498,0
421436.9911,0
421588.0342,0
421841.45,0
421872.9473,0
422117.4777,0
422259.3559,0
422361.4273,0
422380.8429,0
422462.8625,0
422541.4753,0
422948.3382,0
423028.5517,0
423069.5612,0
423150.4642,0
423181.3872,0
423454.7173,0
423555.4177,0
423919.3471,0
423931.663,0
423967.7503,0
423968.019,0
424067.3692,0
424176.6727,0
424351.6325,0
424549.5515,0
424601.8641,0
424835.79469999997,0
424860.078,0
425022.186,0
425081.4454,0
425253.6594,0
425342.6829,0
425474.2357,0
425619.3585,0
425682.905,0
425688.6163,0
425791.2954,0
425821.5212,0
425843.0644,0
425875.5793,0
425969.793,0
426016.107,0
426024.339,0
426102.8325,0
426147.08574,0
426277.7792,0
426388.773,0
426565.323,0
426620.7776,0
426887.8552,0
426927.503,0
427036.7602,0
427202.00775,0
427250.77363333333,0
427275.2314,0
427277.9671,0
427326.5591,0
427484.6189,0
427535.2622,0
427994.6343,0
428146.023,0
428353.9139,0
428388.7537,0
428740.5193,0
428885.5123,0
429145.2892,0
429428.6888,0
429487.7695,0
429646.0224,0
429657.819,0
429900.9031,0
430309.8485,0
430723.734,0
430832.80426666664,0
431019.5509,0
431138.6513,0
431202.4485,0
431217.1519,0
431276.5591,0
431438.0982,0
431497.1909,0
431584.9262,0
431648.0847,0
431892.8907,0
432007.3384,0
432180.98829999997,0
432324.3431,0
432594.5589,0
432613.2502,0
432701.0781,0
432835.5097,0
432917.7403,0
432954.3119,0
432986.35719999997,0
433007.7534,0
433085.7995,0
433360.9052,0
433456.1067,0
433459.4522,0
433641.9919,0
433691.6976,0
433956.7498,0
434037.6978,0
434229.7163,0
434325.9585,0
434333.3317,0
434437.4904,0
434444.6676,0
434602.6118,0
434634.7278,0
434691.9483,0
435163.8161,0
435165.9911,0
435236.8915,0
435260.1431,0
435292.1677,0
435484.7125,0
435486.3484,0
435736.4399,0
435864.913,0
436106.23219999997,0
436476.2236,0
436610.6068,0
436653.0993,0
436686.4744,0
436787.2833,0
436868.0787,0
436872.8243,0
437094.8031,0
437205.2141,0
437693.8611,0
437807.4608,0
438100.4552,0
438308.2801,0
438362.0903,0
438362.3103,0
438615.6174,0
438728.667,0
438812.23445,0
439132.7493,0
439133.8115,0
439136.272,0
439243.629,0
439414.79110000003,0
439468.5045,0
439478.3182,0
439487.5164,0
439707.7681,0
439768.4308,0
439988.0347,0
440057.86569999997,0
440260.2061,0
440327.7625,0
440422.2527,0
440540.9577,0
440752.7058,0
440914.9908,0
440920.1015333333,0
441038.0423,0
441078.0717,0
441369.48219999997,0
441388.4722,0
441394.1597,0
441402.5419,0
441478.9846,0
441533.87069999997,0
441604.4902,0
441681.4757,0
441697.1146,0
441721.8642,0
442352.2426,0
442655.8897,0
442664.4403,0
442754.5319,0
443110.74,0
443167.4286,0
443181.4174,0
443184.2041,0
443229.1933,0
443269.766,0
443431.7307,0
443467.5774,0
443772.9665,0
443879.8596,0
443952.685,0
444175.2705,0
444216.1278,0
444573.2396,0
444637.0368,0
444652.1503,0
444751.4131,0
444771.5635,0
444777.32790000003,0
444806.8975,0
444925.60620000004,0
445001.36089999997,0
445186.4718,0
445413.2391,0
445430.0355,0
445597.265,0
445651.7012,0
445767.2669,0
445825.6459,0
445880.4519,0
445919.2337,0
445973.4787,0
446063.2657,0
446240.2074,0
446260.0984,0
446410.9995,0
446507.2623,0
446524.4376,0
446577.031,0
446689.0443,0
446985.3801,0
447106.2138,0
447360.027,0
447488.2511,0
447571.0078,0
447753.4427,0
447899.195,0
447909.4967,0
447952.8858,0
448268.132,0
448269.4831,0
448302.5405,0
448424.8947,0
448541.52760000003,0
448611.94649999996,0
448771.8351,0
448900.6032,0
449148.7145,0
449187.786,0
449274.7758,0
449282.4335,0
449291.706,0
449588.9679,0
449640.6844,0
449661.8036,0
449908.9478,0
449924.4974,0
450021.7528,0
450168.4064,0
450199.9658,0
450257.944,0
450305.9655,0
450362.2808,0
450968.4262,0
451147.3193,0
451227.0106,0
451397.9636,0
451414.6048,0
451451.7889,0
451454.7277,0
451536.968,0
451678.1652,0
451693.677,0
452186.0069,0
452304.6375,0
452412.2614,0
452653.3911,0
452910.1426,0
453086.533,0
453207.0105,0
453268.7645,0
453666.478,0
454081.2017,0
454302.83030000003,0
454598.2382,0
454682.0161,0
455397.2656,0
455456.606,0
455613.9947,0
455921.1354,0
456003.3991,0
456023.5539,0
456211.1341,0
456262.3254,0
456410.3132,0
456498.8596,0
456650.655,0
456836.40410000004,0
456967.3003,0
457063.9628,0
457067.5656,0
457199.9103,0
457210.3687,0
457447.63049999997,0
457467.5752,0
457621.3272,0
457773.7744,0
457979.4088,0
458107.2283,0
458462.7389,0
458535.43559999997,0
458551.4219,0
458779.7991,0
458989.0431,0
459099.9351,0
459103.8372,0
459385.9095,0
459388.4927,0
459396.3729,0
459436.3742,0
459552.3667,0
459689.03859999997,0
459773.759,0
459814.1617,0
459831.272,0
459883.3312,0
459912.5956,0
460041.5532,0
460107.4691,0
460111.38060000003,0
460719.4888,0
460728.4139,0
460924.51529999997,0
461039.4926,0
461046.9825,0
461249.2735,0
461252.5372,0
461267.7609,0
461338.4361,0
461659.926,0
461797.2832,0
461939.2634,0
462049.2713,0
462378.7508,0
462581.4482,0
462758.2896,0
463091.8636,0
463476.0134,0
463703.7404,0
463786.8351,0
464041.5938,0
464079.323,0
464117.281,0
464131.9747,0
464346.2352,0
464947.6467,0
465221.3149666667,0
465698.8725,0
465710.7102,0
465757.9208,0
465894.1674,0
465978.819,0
466464.4016,0
466562.905,0
466758.0871,0
466836.43319999997,0
466893.0578,0
467238.6831,0
467335.3487,0
467374.1706,0
467519.3439,0
467560.7991,0
467757.03119999997,0
467849.9165,0
467860.3067,0
468057.73699999996,0
468077.2074,0
468111.3201,0
468291.9504,0
468471.6084,0
468496.4843,0
468626.4368,0
468663.1692,0
468992.7583,0
469528.9518,0
469652.0501,0
469787.2733,0
469935.2763,0
470116.472,0
470299.6592,0
470464.2699,0
470504.7602,0
470912.57878,0
471118.7506,0
471131.5875,0
471359.5839,0
471515.7666,0
471602.5873,0
471849.0319,0
471923.0037,0
471967.72490000003,0
472017.7021,0
472030.2582,0
472183.7605,0
472250.7293,0
472320.28859999997,0
472546.0169,0
472671.3808,0
472717.96,0
472744.7573,0
472896.2603,0
473065.7922,0
473139.9226,0
473274.7801,0
473479.4291,0
473636.4279,0
473702.7069,0
473869.7129,0
474046.1529,0
474059.6883,0
474103.4533,0
474178.8427,0
474217.2753,0
474296.15249999997,0
474460.94299999997,0
474514.5288,0
474619.4594,0
474743.49340000004,0
474881.9841,0
475156.1043,0
475159.70663333335,0
475260.1271,0
475260.9225,0
475262.4439,0
475702.74419999996,0
475887.35574,0
476171.8025,0
476370.0475,0
476475.4742,0
476587.2925,0
477058.3071,0
477065.6736,0
477092.0453,0
477209.6911,0
477486.55460000003,0
477505.7405,0
477999.8422,0
478087.4876,0
478453.9767666667,0
478592.3708,0
478887.6071,0
478928.6202,0
478937.1521,0
479141.8443,0
479230.3458,0
479274.3251,0
479396.5007,0
479455.1156,0
479456.6413,0
479483.1804,0
479498.0642,0
479633.9354,0
479683.38430000003,0
479729.8343,0
479750.4732,0
479905.9581,0
479928.0663,0
480065.6398,0
480326.0899,0
480448.0684,0
480889.6396,0
480915.8198,0
481121.7548,0
481253.9298,0
481875.8902,0
482187.3265,0
482208.5409,0
482277.5552,0
482438.3719,0
482563.4385,0
482711.1308,0
482775.2296,0
482876.7502,0
482958.6426,0
483164.08672,0
483546.8593,0
483685.8432,0
483707.798,0
483738.0378,0
483803.96869999997,0
484087.1678,0
484092.0492,0
484732.0176,0
485248.181,0
485252.86304,0
485291.9619,0
485310.4242,0
485914.2064,0
486021.1275,0
486073.4105,0
486519.1098,0
486689.745,0
486816.0101,0
487039.981,0
487366.2552,0
487457.8267,0
487631.814,0
487666.7499,0
487788.0244,0
488143.4241,0
488170.75,0
488261.35,0
488461.9661,0
488909.3171,0
489539.9887,0
489583.1853,0
489812.0409,0
489901.12566666666,0
489968.9379,0
490095.3561,0
490195.1876,0
490356.6869,0
490812.6525,0
490813.7655,0
490967.4221,0
491010.1558,0
491088.1903,0
491299.8336,0
491707.1677,0
491812.4594,0
492018.4828,0
492321.5189,0
492467.42449999996,0
492496.6519,0
492567.916,0
493240.7627,0
493403.4824,0
493473.06059999997,0
493596.8387,0
493640.5396,0
493741.6342,0
493827.6907166667,0
493843.8913,0
494000.83978333336,0
494367.8614,0
494473.4259,0
494538.7269,0
494599.2054,0
495047.2676,0
495189.066,0
495207.934,0
495336.81440000003,0
495434.7144,0
495482.4007,0
496014.2353,0
496050.808,0
496077.2887,0
496178.9413,0
496195.68,0
496414.4843,0
496452.2901,0
496493.1541,0
496604.1957,0
496622.1538,0
496735.28500000003,0
497048.2828,0
497093.4054,0
497106.8592,0
497228.8316,0
497332.1475,0
497463.12,0
497506.4996,0
497547.6897,0
497620.1677,0
497641.3545,0
498128.9334,0
498226.5362,0
498384.7335,0
498413.9974,0
498695.841,0
498696.7068,0
498700.3209,0
498784.5935,0
498795.6999,0
499060.6829,0
499096.96270000003,0
499202.4514,0
499322.7432,0
499333.1871,0
499517.4738,0
499582.5495,0
499725.388,0
499966.1623,0
500332.4898,0
500342.9841,0
500494.0162,0
500958.5956,0
500986.2825,0
501222.2293,0
501264.1394,0
501271.0089,0
501680.7221,0
501940.6987,0
501978.5929,0
502358.4103,0
502445.34990000003,0
502516.26410000003,0
502951.9673,0
503061.433,0
503091.7873,0
503173.15009999997,0
503261.0632,0
503393.5943,0
503714.0293,0
504064.6411,0
504105.6736,0
504147.3149,0
504422.7647,0
504567.88764,0
504635.1577,0
504679.45279999997,0
504683.3593,0
505123.3277,0
505243.2587,0
505289.651,0
505434.39890000003,0
505537.0196,0
505584.41359999997,0
506074.0682,0
506346.7473,0
506451.9227,0
506680.3431,0
506711.1233,0
506713.3904,0
507088.1213,0
507287.0202,0
507396.20279999997,0
507643.6286,0
507695.8327,0
507781.4318,0
507933.4709,0
508102.5774,0
508120.0982,0
508157.661,0
508382.4995,0
508437.04469999997,0
508510.9581,0
508528.6619,0
508602.3282,0
508836.7814,0
509007.8254,0
509193.2395,0
509355.731,0
509598.5772,0
509665.6155,0
509998.85719999997,0
510018.6555,0
510236.3607,0
510277.195,0
510346.5125,0
510439.4112,0
510483.4298,0
510543.0963,0
510556.2154,0
510664.3502,0
510934.04480000003,0
511004.2088,0
511176.1738,0
511535.7884,0
511678.1344,0
511994.486,0
512126.0414,0
512126.6909,0
512698.48829999997,0
512698.9415,0
512797.23230000003,0
512954.7330333333,0
512976.6196,0
513088.2097,0
513134.7525,0
513302.5133,0
513377.0587,0
513430.3289,0
513639.3038,0
513733.9969,0
513827.6715,0
514036.9751,0
514071.28,0
514148.5745,0
514443.9241,0
514447.0333,0
514549.9914,0
514597.9513,0
514674.0137,0
514811.9274,0
514902.2229,0
514948.7815,0
515092.7343,0
515171.6566,0
515175.0154,0
515179.7572,0
515251.0618,0
515286.9102,0
515507.3452,0
515549.8828,0
515808.7374,0
515941.2279,0
516325.3384,0
516402.2513,0
516428.7533,0
516504.7193,0
516817.55428333336,0
516887.2687,0
516976.0696,0
517179.2554,0
517256.9261,0
517287.6355,0
517319.0324,0
517415.6074,0
517495.0574,0
517502.7242,0
517527.41078333335,0
517551.97490000003,0
517565.9453,0
517701.8951,0
517730.428,0
517747.9444,0
517779.8662,0
517859.8449,0
518097.7997,0
518107.846,0
518656.1837,0
518978.5305,0
519039.4107,0
519182.4029,0
519251.5734,0
519486.2532,0
519633.1202,0
519636.4193,0
519761.3092,0
519849.2513,0
519887.6738,0
519944.2014,0
519985.3272,0
519992.2589,0
520005.3342,0
520439.3755,0
520607.86089999997,0
520617.3404,0
520653.665,0
520778.8497,0
520780.9982,0
521057.4147,0
521103.4083,0
521178.1502,0
521458.2199,0
521552.2174,0
521588.8759,0
521599.6425,0
521653.55079999997,0
521802.1637,0
521875.9799,0
521895.4178,0
522007.6191,0
522164.8158,0
522168.9081,0
522263.13930000004,0
522358.4571,0
522472.136,0
522632.6705,0
522679.4904,0
522704.8396,0
522726.26159999997,0
522863.77749999997,0
523035.2876,0
523075.16969999997,0
523201.7782,0
523223.9232,0
523226.909,0
523342.8325,0
523457.0994,0
523543.8397,0
523645.7343,0
523796.4241,0
523827.30090000003,0
524194.8977,0
524263.3569,0
524304.153,0
524849.7069,0
524951.4492,0
524972.858,0
525054.9355,0
525077.5961,0
525097.5065,0
525154.4744,0
525221.0093,0
525528.3988,0
525575.0213,0
525630.1056,0
525849.3591,0
525893.6987,0
526074.3861,0
526082.8613,0
526142.8194,0
526280.96856,0
526631.9609,0
526727.2463,0
526777.2559,0
527144.5487,0
527219.3463,0
527292.3793,0
527297.7768,0
527337.2151,0
527455.1543,0
527464.0083,0
527479.3,0
527575.9162,0
527580.0512,0
527604.8109,0
527638.0571,0
527662.1099,0
527975.1264,0
528069.267,0
528234.8899,0
528305.5606,0
528393.872,0
528491.2291,0
528931.4405,0
528971.4553,0
529016.9339000001,0
529779.74454,0
529905.906,0
529922.2829,0
530087.6859,0
530112.7282,0
530115.8132,0
530137.4222,0
530284.9834,0
530292.5146999999,0
530445.7908,0
530550.233,0
530569.5022,0
530616.3748,0
530763.5700000001,0
530790.6305,0
530837.058,0
530868.0588,0
530964.3761,0
531158.834,0
531302.7996,0
531681.3442,0
531687.2617,0
531862.5364,0
531935.8856,0
531937.7253,0
532026.4468,0
532319.0807,0
532356.3736,0
532446.6151,0
532654.4537,0
532763.7003,0
532770.2418,0
532874.5734999999,0
533083.9516,0
533163.7539,0
533283.8718,0
533581.5508,0
533725.0447,0
533742.8427,0
534119.8528333333,0
534124.6814,0
534147.7986,0
534433.3053,0
534450.1679,0
534497.1712,0
534624.9616,0
534701.9890000001,0
534757.6910999999,0
534813.8788000001,0
535149.9733,0
535288.713,0
535324.8453,0
535512.1357,0
535805.3173,0
536001.9677,0
536085.4336999999,0
536130.6292,0
536305.0889,0
536410.5858,0
536550.8221,0
536637.5797,0
536779.5072,0
537119.9715,0
537304.6297,0
537810.4299,0
538142.1714,0
538394.9026,0
538410.1348,0
538495.9196,0
538504.0717,0
538558.722,0
538661.4471,0
538783.495,0
538803.3910000001,0
538974.3132,0
538990.2596,0
539141.4871,0
539200.6744,0
539387.153,0
539398.8494,0
539640.4015,0
539898.9736,0
539917.9543,0
539936.8268,0
540272.5012,0
541029.0615,0
541055.0497,0
541088.8467999999,0
541182.8189,0
541827.3579,0
541875.4343,0
542060.1681,0
542125.2605,0
542127.0703,0
542130.7594,0
542334.0761,0
542381.3177,0
542572.0160000001,0
542635.3725,0
542683.9189,0
542908.1683,0
543011.9317,0
543177.1498,0
543399.9345,0
543514.1396,0
543641.7664,0
543744.0712,0
543744.9488,0
543750.4136,0
543789.7935,0
544001.5426,0
544168.4208,0
544326.0824,0
544573.5797,0
544758.8652,0
544792.513,0
544909.3435,0
545286.2115,0
545375.2071,0
545464.4508,0
545522.4697,0
545556.0054,0
545765.4154,0
546098.8703,0
546211.4864,0
546300.6573,0
546330.4795,0
546363.8149,0
546417.404,0
546561.6972,0
546687.2727,0
546794.7142,0
546874.7581,0
546936.2658,0
547205.5268999999,0
547388.7566,0
547420.8673,0
547745.1294,0
547958.163,0
548101.6174,0
548351.0882,0
548394.6456,0
548411.2592,0
548422.0128,0
548620.5107,0
548687.5085,0
549114.5804,0
549583.6582,0
550016.0724,0
550317.0949,0
550482.9361,0
550542.2184,0
550698.3421,0
550716.3295,0
550772.0986,0
550790.0863,0
551073.8505,0
551103.9488,0
551140.6947,0
551181.0672,0
551222.0538999999,0
551235.751,0
551983.5652,0
552149.4775,0
552524.1624,0
552857.5862,0
552983.4468,0
553033.7496,0
553167.038,0
553355.967925,0
553732.0479,0
553760.4989,0
553842.6672,0
554005.0896,0
554075.472,0
554159.1447,0
554188.9886,0
554243.6245,0
554256.3422,0
554655.9706,0
554822.8885,0
554919.0519,0
554984.9884,0
555121.7925,0
555266.5774,0
555640.6973,0
555662.0077,0
556132.7175,0
556372.1813,0
556407.2296,0
556495.7649,0
556566.9071,0
556627.0832,0
556840.8706,0
556936.5391,0
556981.0221,0
557469.6523,0
557614.3315,0
557753.2675,0
557775.5541,0
557879.9175,0
558177.9134,0
558428.2681,0
558619.3021,0
558695.0464999999,0
558790.5613,0
559012.3629,0
559013.4922,0
559043.5817,0
559140.1061,0
559402.2081,0
559475.4874,0
559522.7888,0
559591.6979,0
559691.9921,0
559763.9573,0
559911.7679,0
559993.3129,0
560016.7039,0
560153.6676,0
560344.294,0
560353.1684,0
560408.0704,0
560427.6453,0
560554.4643,0
560696.2403,0
560906.4086,0
561243.9711,0
561255.4042,0
561394.8117,0
561478.6505,0
561550.3731,0
561670.9878,0
561783.1352,0
561885.0536,0
561981.959,0
562047.8875,0
562679.9143,0
563169.5774,0
563226.0527,0
563691.7952,0
563939.1453,0
563969.1076333333,0
564268.9258,0
564396.7572,0
564409.308,0
564436.7611,0
564523.8391,0
564598.7646999999,0
564599.3604,0
564657.4206,0
564859.6257,0
565213.7614,0
565243.0294,0
565244.1538666667,0
565362.0584,0
565939.0978,0
565966.8077,0
566333.2778,0
566345.9721,0
566352.0184,0
566472.1882,0
566769.8824,0
566875.9061,0
566932.7227,0
567401.9774,0
567589.9418,0
567847.1564,0
567978.7463,0
568173.1133,0
568250.6684,0
568344.4714333334,0
568700.618,0
568758.1757,0
569007.3672,0
569126.0377,0
569323.9321,0
569379.8422,0
569386.5517,0
569538.3818,0
569613.7555,0
569653.2661,0
569958.435,0
570179.7948,0
570203.478,0
570490.7594,0
570501.1496,0
570744.5413833334,0
570812.9171,0
570951.4138,0
571075.2642,0
571291.8063,0
571296.7511,0
571497.4695,0
571580.7073,0
571695.6231,0
571712.1025,0
572148.2024,0
572625.8669,0
572777.6619,0
572950.5401,0
573271.8804,0
573463.3115000001,0
573731.3938,0
573974.7354,0
573989.0099,0
574431.4499,0
574607.9609,0
574643.821,0
574677.4536,0
574703.2357,0
574757.3544,0
575254.0727,0
575586.7792666666,0
576096.4838,0
576241.8823,0
576264.5558,0
576663.734175,0
576784.357,0
576817.7559,0
576902.8066,0
576910.7365,0
576911.9436,0
576956.5955,0
577189.1075,0
577379.5987,0
577728.4452,0
577846.8002,0
578154.0932,0
578449.4962,0
578853.1951,0
578974.0077,0
578984.682,0
579136.487,0
579320.7903,0
579543.044,0
579668.9301333333,0
580002.0494,0
580106.9355,0
580132.1394,0
580241.1908,0
580469.2281,0
580500.2698,0
580513.23934,0
580591.4454,0
581562.1079,0
581577.8383,0
581733.4381,0
582619.9209,0
582649.8038,0
582686.5998,0
582715.2851,0
582944.1922,0
583057.0234,0
583060.1445,0
583610.9311,0
583754.5557,0
583773.7824,0
583781.741,0
583823.6984999999,0
583893.6799,0
584105.2933,0
584631.7787,0
584869.3529,0
584904.152,0
584915.7604,0
585028.1136,0
585400.5102,0
585891.2722,0
585931.3586,0
586059.8329,0
586368.1387,0
586416.5715,0
586449.4563,0
586572.8795,0
586618.9912,0
586636.8059,0
586668.558,0
586669.1909,0
586889.9066,0
587180.7071,0
587202.4189,0
587265.0133,0
588002.2001,0
588079.5265,0
588243.2896,0
588589.2244,0
588719.7783,0
588905.231,0
588968.5898,0
589025.0553,0
589162.3331,0
589409.3913,0
589444.4118,0
589544.6961000001,0
589876.7242,0
589883.5602,0
589995.6237,0
590020.7765,0
590079.4705,0
590109.7259,0
590232.2955,0
590417.6708,0
590712.6159,0
590821.7818,0
591494.9624,0
591554.5261,0
592084.5544,0
592133.5122,0
592171.1198,0
592214.5805,0
592216.5727,0
592819.4191,0
592903.6783,0
592998.7477,0
593092.9094,0
593130.9794,0
593281.6686,0
593302.9302000001,0
593340.8515,0
593374.9016,0
593553.8412,0
593811.7205,0
594003.3461,0
594048.0105,0
594053.9156,0
594217.3731,0
594229.036,0
594248.5589,0
594550.4057,0
594696.0866,0
594798.3401,0
594816.9776,0
594857.4393,0
594965.4619,0
595018.3066,0
595041.6367,0
595278.8554,0
595383.8321,0
595526.0691,0
595804.0549,0
595891.3243,0
596146.3885,0
596565.396,0
596609.3043,0
596670.494,0
596809.1953,0
597030.7714,0
597665.65668,0
597698.8884,0
597806.2416,0
597989.6235,0
598009.8285000001,0
598067.1665333334,0
598483.4896,0
598545.2468,0
598878.04186,0
599058.9223,0
599059.4437,0
599185.1524,0
599193.9065,0
599561.7981,0
599675.028,0
599685.6287,0
599763.3781,0
599833.2964,0
599837.1108,0
600065.024,0
600091.6019666666,0
600108.3226,0
600837.4689,0
600928.4609,0
600943.3336,0
601095.9881,0
601262.2943,0
601346.8785999999,0
601384.9841,0
601641.7660000001,0
601829.8688,0
601930.7653,0
601986.4061,0
602032.81,0
602147.0104,0
602169.3798,0
602237.9561,0
602423.5601,0
602655.8934,0
602688.582,0
602778.8685,0
602825.3554,0
603164.204,0
603233.832,0
603327.8477,0
603442.4111,0
603506.8163,0
603595.639,0
603815.1706,0
603824.8964,0
604129.0072833333,0
604343.2703,0
604447.9971,0
604673.8778,0
604811.9696,0
604894.2204,0
604989.1206,0
605161.6848,0
605332.5486,0
605380.6166333334,0
605587.8757,0
605621.0135,0
605621.7436,0
605704.0076,0
605771.6462,0
605793.5411,0
605847.0086,0
606075.9634,0
606151.1176,0
606151.7151,0
606203.7436,0
606228.7784,0
606236.5944000001,0
606321.0652,0
606355.1332,0
606403.3042,0
606475.2309,0
606784.5994,0
606857.2919,0
606925.8088,0
606963.6412,0
607064.7416,0
607147.0674,0
607259.6677,0
607268.6235,0
607452.7845,0
607503.6553,0
607596.9518,0
607617.0248,0
607684.0333,0
607698.4329,0
607818.1035833333,0
607985.0787,0
607990.147,0
608386.6743,0
608621.7213,0
608647.4052,0
608785.7815,0
608802.7682,0
609099.5409,0
609216.7618,0
609241.733,0
609245.2959,0
609256.3883,0
609276.8519,0
609376.4151,0
609569.9091,0
609661.47954,0
609906.0074,0
610048.4982,0
610213.708,0
610220.5754,0
610455.9195,0
610504.9569,0
610544.1475,0
610548.1315,0
610955.9214999999,0
610988.3336,0
610998.0313,0
611017.9014,0
611247.4876999999,0
611289.5434,0
611392.1882,0
611815.5203,0
611833.2519,0
611844.3608,0
611846.8939,0
612004.0052,0
612103.8093,0
612137.4456,0
612158.2261,0
612518.8657,0
612543.3878,0
612585.8873000001,0
612737.8644,0
612998.5227,0
613063.5182,0
613205.3188,0
613381.0241,0
613662.8696,0
613749.5063,0
613861.1818,0
613861.3832,0
613976.2363,0
614152.3519,0
614190.3538,0
614263.3792,0
614329.5448,0
614333.0157,0
614431.4318,0
614458.2281,0
615008.4538,0
615057.4697,0
615274.5808,0
615357.1799999999,0
615552.5334,0
615583.3532,0
615663.6989,0
615693.5409,0
615706.1937,0
615859.9349,0
615908.1566,0
616183.2494,0
616215.4553,0
616289.4107,0
616610.1822,0
616619.5774,0
617403.135,0
617682.2213,0
617754.3033,0
617893.7418,0
617933.4966,0
617954.33,0
617965.2559,0
617966.6092,0
618091.5706,0
618403.1211,0
618817.7454,0
618863.1453,0
619335.5641,0
619369.5859000001,0
619371.7884,0
619526.3452,0
619623.9559,0
619667.8894,0
619800.8838,0
620018.1042,0
620124.0765,0
620159.5160000001,0
620184.0845,0
620261.0456,0
620328.5791,0
620445.5366,0
620641.6426,0
620655.5114,0
620677.6321,0
620713.0007,0
620733.1974,0
620904.308,0
621165.8896999999,0
621262.5249,0
621280.1592999999,0
621627.7327,0
621637.9048,0
621841.6278,0
621864.0107,0
622147.0006,0
622310.1653,0
622435.137,0
622512.5455,0
622717.6163,0
622782.5363,0
622804.0617,0
622924.1621,0
622978.2122,0
623191.6211,0
623372.4314,0
623689.5201,0
623845.2413,0
623979.8371,0
624541.5384,0
624676.625,0
624925.6243,0
624935.3845,0
624946.78,0
624987.0335,0
625011.9352,0
625060.5167,0
625098.2029,0
625142.7345,0
625749.8928,0
625808.5484,0
625871.6274,0
626025.0911,0
626086.5601,0
626087.2562,0
626181.8459,0
626192.5721,0
626238.3398,0
626885.453,0
626970.4466,0
627102.5012,0
627269.6119,0
627318.2803,0
627443.1006,0
627533.7669,0
627716.5749,0
627815.9268,0
627940.1765000001,0
627946.846,0
628131.0155,0
628432.52456,0
628618.5655,0
628759.0876,0
628806.3523,0
628859.6377,0
629215.6104,0
629358.8121,0
629372.3091,0
629414.5532,0
629491.8334,0
629563.442,0
629809.3341,0
629867.0399,0
630261.4612,0
630436.3206,0
630460.9759,0
630761.1559,0
631040.8271999999,0
631170.9890000001,0
631200.5355,0
631229.2919,0
631382.3144,0
631414.7217999999,0
631643.2766,0
631695.7271,0
631804.5328,0
631979.3752,0
632135.6955,0
632205.7146,0
632410.597,0
632434.233,0
632592.5015,0
632652.8027,0
632756.2697,0
633193.5399,0
633194.1963,0
633266.9368,0
633337.4197,0
633707.3444000001,0
633845.3908,0
633907.0149,0
633964.5831,0
634016.0769,0
634038.8947000001,0
634361.0922,0
634474.1113,0
634761.5467000001,0
635081.5071,0
635119.8287,0
635131.9913999999,0
635205.1682,0
635391.7467,0
635426.4237,0
635457.9433,0
636233.1193,0
636422.4114,0
636657.2676,0
636670.9765,0
636885.2499,0
637041.7612,0
637281.3618,0
637308.7868,0
637322.7893000001,0
637358.4331,0
637625.1153,0
637811.7698,0
638265.122,0
638349.6773999999,0
638395.616,0
638405.5963,0
638529.0822000001,0
639326.95,0
639332.6827,0
639337.1044,0
639392.948,0
639455.2164,0
639789.1828749999,0
639991.1057,0
640071.3359000001,0
640172.3066,0
640253.937,0
640451.7967,0
640508.4694000001,0
640512.7541,0
640574.8654,0
640982.7941,0
640983.0724,0
641034.3892,0
641036.5646,0
641136.8031,0
641252.0803,0
641694.46525,0
641712.3821,0
641842.4597,0
642090.8711,0
642227.5953,0
642645.0026,0
642729.6794,0
642843.8899,0
642991.5454,0
643213.0917,0
643397.2794,0
643537.3019,0
643588.2271,0
643649.7945,0
643727.6251,0
643880.8589,0
644064.3549,0
644156.2028,0
644266.6918,0
644401.7529,0
644473.1505,0
644736.484575,0
644993.8711,0
645153.9003,0
645176.6102,0
645298.3692,0
645299.3977,0
645499.6013,0
645531.0484,0
645593.713,0
645617.817,0
645727.9773,0
645827.4632666666,0
645844.2805,0
645962.7381,0
646091.363,0
646276.6426,0
646628.4125,0
646655.5377,0
646873.4889,0
646995.8706,0
647105.2497,0
647213.8304,0
647266.5849,0
647768.9269,0
647854.78,0
647866.9102,0
647907.0211,0
648216.8717,0
648271.1155,0
648371.1998000001,0
648659.2929,0
649189.805,0
649323.9401,0
649379.3022,0
649427.2784,0
649477.0726,0
649489.2979,0
649730.3558,0
649749.2834333334,0
649934.0039166666,0
650023.6253,0
650343.1817,0
650370.2501,0
650414.9732,0
650449.7594,0
651188.4043,0
651371.0656,0
651436.4436,0
651629.0003,0
651631.5707,0
651797.0936,0
651875.7947,0
652114.0849,0
652326.1938,0
652351.5992,0
652389.4101,0
652622.6902,0
652726.204525,0
652915.6024,0
653612.2087,0
653881.7396,0
654093.6559,0
654222.0566,0
654309.7849,0
654337.6291,4232.472100000014
654580.7758,0
654592.8855666667,0
654677.7553,0
654699.9255,0
654704.8142,0
655020.7478,0
655141.1569,0
655539.4885,0
655720.9614,0
655793.8252,0
656446.3134,0
656634.0305,0
656647.7104,0
656676.88688,0
656964.9087,0
657171.0612,0
657505.1947,0
657739.2205,0
657752.9408,0
657776.1306,0
657880.9959,0
658007.4621,0
658159.5215,0
658230.0725,0
658505.7297,0
658537.5418,4049.0515000000596
658617.7561,0
658760.5362,0
659513.6658,0
659545.9208,0
659647.7859,0
659878.9182,0
659953.8707,0
660073.0446,0
660083.4738,0
660141.5202,0
660300.8508,0
660417.8924,0
660915.931,0
660966.2731,2747.633299999987
661148.4447,0
661197.7905,0
661298.4495,0
661298.7407,0
661321.0267166666,0
661434.8776,0
661813.0457,0
661814.3831,0
662139.2881,0
662154.3661,0
662241.1817,0
662264.7481,0
662540.4055999999,0
662717.9164,0
663120.5511,0
663251.9076,0
663290.0201,0
663687.3029,0
663963.6634333333,0
664106.4288999999,0
664545.1073,0
665280.4076,0
665425.5496,0
665608.8775,0
665639.6982,0
665942.9202,0
665977.7771,0
665994.461,0
666231.0555,0
666261.4452,0
666315.3044,0
666327.1018,0
666441.3617,0
666631.8116,0
666632.1638,0
666641.497,0
666791.6147,0
666920.9884666667,0
667577.4754,0
667582.9673,0
667823.4178,0
668065.9169,0
668069.4693,0
668316.9105,0
668362.7365,0
668533.0184,0
668586.0595,0
668717.87544,0
668765.2572,0
668817.6033,0
668920.3778,0
668951.0896,0
669388.473,0
669457.651,0
669626.9716,0
669796.3478,0
670384.2475666667,0
670463.1368,0
670498.0794,0
670576.7708,0
670623.50765,0
670815.2276,0
670943.2603,0
671099.3858,0
671345.168,0
671542.1458,0
671703.492,0
671867.1957,0
671924.2468,0
672638.2381,0
672659.0111,0
672780.4978,0
673237.8367,0
673476.3585,0
673651.0221,0
674038.2862,0
674048.4583,0
674159.5336,0
674409.157,0
674493.4846,0
674507.8063,0
674509.4055,0
674545.3963,0
674619.4779,0
674667.87215,0
674850.0581,0
674887.7111,0
674896.1252,0
675067.4328,0
675072.8995,0
675429.8205,0
675474.793,0
675556.8193,0
675729.137,0
675824.197,0
675896.554,0
676103.6014,0
676138.9871,0
676231.2211,0
676375.3658,0
676726.5478000001,0
676781.19385,0
676790.2584,0
677163.3792,0
677384.7108,0
677429.7279,0
677509.7455,0
677808.6965,0
677865.8833,0
677885.4767,0
677954.5942,0
678133.7719,0
678258.889,0
678302.8408,0
678324.783,0
678440.9613,0
678524.9114,0
678834.2543,0
678923.1917,0
678935.9343,0
679015.2365,0
679100.024,0
679184.7905,0
679713.8501,0
679735.7264,0
679773.6396,0
679870.2749,0
679958.5839,0
680001.0297,0
680620.208,0
680657.74456,0
680785.157,0
680842.7298,0
681403.8965,0
681611.9671,0
681777.3451,0
681790.8932,0
681847.5468,0
681852.8756,0
682032.4297,0
682274.9517,0
682457.3715,0
682537.5383,0
682601.118,0
682682.7382,0
682750.1527,0
682814.5149,0
682821.8421,0
682931.0106,0
683079.9967,0
683144.02,0
683245.9169,0
683365.0242,0
683628.0192,0
683682.7382,0
683823.631,0
684014.0211,0
684258.48822,0
684354.6248,0
684535.5112,0
684551.7858,0
684578.4412,0
684708.9778,0
685011.8839,0
685197.0239,0
685409.3675,0
685473.2965,0
685487.4469,0
685499.8425,0
685657.0409,0
685736.0431,0
686157.0233,0
686429.0577,0
686520.9068,0
686537.4035,0
686635.5422,0
686891.9492,0
686906.2516,0
686966.9496,0
687076.9318,0
687190.4678,0
687581.2133,0
687631.877,0
687776.3401,0
688018.7005,0
688286.1398,0
688310.1855,0
688351.637,0
688355.6396999999,0
688551.7797,0
688676.4844,0
688826.4676,0
688872.205,0
688912.9473,0
688916.2269,0
689017.2367,0
689363.2276,0
689468.4916,0
689482.8427,0
689544.1297,0
689724.6277,0
689768.0254,0
689883.7363,0
689929.9615,0
690020.4782,0
690048.8568,0
690085.9634,0
690171.5174,0
690207.4994,0
690353.8255,0
690614.4449,0
690655.3517,0
690835.1967,0
690992.4565,0
691372.7377,0
691471.7249,0
691564.3203,0
691579.3789,0
691810.8495,0
691955.5623999999,0
692019.9906,0
692128.0664,0
692203.2331,0
692252.6537,0
692289.1082,0
692339.3149,0
692371.1355,0
692483.0072,0
692728.458,0
692767.6645,0
692835.1974,0
692894.423,0
692909.1392,0
692921.1145,0
692952.6491,0
693027.7728,0
693098.3224,0
693125.791,0
693147.6366,0
693164.5764,0
693235.8891,0
693278.7957,0
693344.058625,0
693469.0234,0
693489.1412,0
693702.3137,0
693796.2375,0
694033.468,0
694046.125,0
694114.0597,0
694386.6475,0
694754.437,0
694948.7891,0
694972.4988,0
695156.4394,0
695171.7128,0
695463.1701,0
695591.6518999999,0
695692.8034,0
695739.5176,0
695854.7625,0
695891.6086,0
695964.8271,0
696016.9449,0
696055.6141,0
696197.6146,0
696344.471,0
696428.7413,0
696449.31155,0
696470.868,0
696632.906,0
696745.0017,0
696972.6007,0
697018.933,0
697120.7652,0
697227.4795,0
697454.631,0
697773.6442,0
697812.38,0
697974.9205,0
697978.8506,0
698101.092,0
698135.8894,0
698213.1713,0
698265.083,0
698273.7119,0
698350.6468,0
698538.701,0
698568.2602,0
698858.0599,0
698978.1125,0
698994.0374,0
699010.0466,0
699028.5965666666,0
699120.4754,0
699147.34216,0
699280.4705,0
699379.5991,0
699476.817,0
699594.3549,0
699611.3288,0
699932.0047,0
700010.7214,0
700037.0672,0
700237.1133,0
700336.4682,0
700357.0537,0
700394.7266,0
700437.8135,0
700468.6615,0
700658.3937,0
700780.0952,0
700907.2793,0
701134.5952,0
701164.7618,0
701290.3409,0
701385.1675,0
701457.9572,0
701654.453,0
701659.7407,0
701697.9582,0
701875.9541,0
701889.8722,0
701904.7012,0
702090.5006,0
702158.1401,0
702250.8551,0
702423.3056,0
702509.876,0
702672.8069,0
702844.3236,0
702920.5135,0
703031.628,0
703043.0408,0
703217.9086,0
703359.1728000001,0
703539.61,0
703622.8064,0
703797.1091,0
703816.4845,0
703915.025,0
703994.6301,0
704225.5429,0
704431.0739,0
704622.3166,0
704692.0749,0
704827.7175,0
704902.3124,0
704934.0533,0
705303.806,0
705351.5665,0
705486.3643,0
705494.6083,0
705730.2633,0
705757.7259,0
705856.6353,0
705974.9871,0
706043.2426,0
706308.9426,0
706393.0312,0
706660.5522,0
706688.91225,0
706816.955,0
706842.2018,0
707852.2876,0
707890.4782,0
708252.1235,0
708301.5929,0
708302.9624,0
708682.8411,0
708748.6775,0
708826.8158,0
709060.9457,0
709200.2914,0
709273.7093,0
709392.2395,0
709462.0481,0
709619.09692,0
709784.424,0
709966.8392,0
710009.8643,0
710036.006,0
710206.6469,0
710880.6141,0
711651.883,0
711687.6335,0
711735.2841,0
711755.7145,0
711764.2942,0
711765.2238,0
711900.291,0
712290.3729,0
712329.0853,0
712337.4002,0
712595.6807,0
712769.2052,0
712891.4204,0
712962.0294,0
713439.0846,0
713514.0584,0
713882.016,0
714067.5771999999,0
715127.9144,0
715439.425,0
715637.4179,0
715868.9392,0
715914.6343,0
716005.0335,0
716070.1861,0
716126.9817,0
716339.8528,0
716457.5342,0
716893.2007,0
716993.5882,0
717044.2066,0
717314.227,0
717586.4617,0
717829.3035,0
718001.2052,0
718028.7306,0
718071.6319,0
718251.702,0
718258.1179,0
718410.7929,0
718469.8273,0
718696.3527,0
719095.0143,0
719388.0154,0
719388.8407000001,0
719446.1313,0
719463.7677,0
719664.3626999999,0
719815.2669,0
719976.1066,0
720091.2187,0
720286.9231,0
720511.3617,0
720527.3356,0
720580.4059,0
720638.789,0
720904.3227,0
720986.4218,0
721215.4792,0
721305.6557,0
721558.0418,0
721636.086,0
722007.851,0
722063.481,0
722119.2180999999,0
722127.5967,0
722139.6193,0
722142.2356,0
722192.3936,0
722197.4961,0
722419.526325,0
722487.941025,0
722594.5431,0
722796.4752,0
722821.2376999999,0
723036.5734,0
723506.3467,0
723572.8236,0
723838.4571,0
723895.8236,0
724044.963,0
724047.4987,0
724083.2227,0
724268.9763,0
724279.4394,0
724781.3832,0
724787.9155,0
724947.8178,0
725558.8249,0
725631.3717,0
725816.7660000001,0
725858.2,0
725984.2185,0
726339.2498,0
726407.3297,0
726451.5394,0
726620.6059,0
726679.7973,0
726964.7207,0
727002.415,0
727099.2152,0
727729.2738,0
727780.3681,0
727859.8134,0
727938.9009,0
728058.8949,0
728091.609425,0
728329.7135,0
728532.5196,0
728691.6126999999,0
728859.3688,0
728936.1912,0
729006.2376,0
729163.8666,0
729264.1633,0
729308.5048,0
729424.9498000001,0
729551.319,0
729744.6867,0
729810.5296,0
730068.2545,0
730251.1393,0
730314.1638,0
730454.0693,0
730593.3416,0
730665.7166,0
730715.131,0
730805.5511,0
731056.3822,0
731303.7585,0
731357.0887,0
731455.9336999999,0
731503.535,0
731801.7805,0
731965.2148,0
732052.8634,0
732234.6942,0
732411.92555,0
732658.2039,5755.197349999915
732784.0771,0
732924.9191,0
733013.3164,0
733046.4575,0
733052.4526,0
733097.5168,0
733469.5167,0
733705.2638,0
733811.884,0
733873.5636,0
733900.866,0
733965.3504,0
734075.8615,0
734092.2387999999,0
734172.2979,0
734239.1522,0
734441.026,0
734445.8644,0
734615.431,0
734989.0718,0
735310.3757,0
735381.1222,0
735530.139,0
735606.1625,0
735876.5529,0
736229.8896999999,0
736579.2726,2090.7846000000136
737713.5667,0
737764.0308,0
737839.5518,0
737974.0549,0
738050.479,0
738129.3763,0
738233.2948,3592.3128000000725
738239.1144,0
738503.8174,0
738731.5923,0
739002.2095,0
739437.2802,0
740030.9562,0
740109.3527,0
740338.1856,0
740420.7954,0
740523.3080666667,0
740565.33405,0
740762.5023,0
740773.4156,0
741088.5596,0
741202.6162,0
741503.2262,0
741508.9217,0
741575.6857,0
741700.3007,0
741823.5337,0
741867.086,4471.565799999982
741871.7998,0
741903.0512,0
741904.1167,0
742051.9238,0
742159.692,0
742204.3574,0
742243.4547,0
742502.5758,0
742515.0271000001,0
742689.1396,0
742884.4717,0
743020.4136,0
743109.4451833334,0
743136.5711666667,0
743192.7142,0
743246.2348,0
743370.7063,0
743522.8853,0
743562.1279,0
743580.7142,155.1755000000121
743699.4194,0
743738.8993,0
743759.78,0
743800.6047,0
743947.3522,0
744206.7466,0
744213.5986,0
744753.078,0
744888.9824,0
745106.5829,0
745789.8892,0
745873.5957,0
745879.1025,0
746038.5559,0
746230.7159,0
746330.3664666667,0
746501.272,0
746790.8463,0
746823.7153,0
747093.6408,0
747484.5334,0
747581.0867,0
747839.6096,0
747861.1822,0
747900.5564,0
747953.19545,0
748079.683,0
748123.4129166667,0
748720.4206,0
748732.2725,0
748764.7754,0
748930.799,0
748954.738,0
749148.5184,0
749171.8233,0
749178.2347,0
749261.2751,0
749391.1057,0
749504.5323,0
750123.139,0
750154.6259,0
750228.2296,0
750522.6446,0
750761.9626,0
750963.8204,0
751427.5708999999,0
751613.35,0
751670.8391,0
752360.3353,0
752734.0796,0
752969.9749,0
753201.2333,0
753703.2714333333,0
753830.1794,0
754002.2244,0
754310.6189,0
754377.2072000001,0
754429.2269333333,0
754459.9363,0
754485.7660000001,0
754620.0362,0
754673.0744,0
754937.9373,0
755499.6731,0
755595.1964,0
755749.7258,0
755832.5048,0
755896.8995,0
756007.6402,0
756546.4123,0
756594.695,0
756622.1548,0
756650.6478,0
757125.4469,0
757223.9889,0
757331.0057,0
757518.2601,0
757621.587,0
757789.0488,0
757820.5713,0
757877.4974,0
758005.4354,0
758024.2505,0
758112.9002,0
758134.6444,0
758312.0916,0
758535.0226,0
758990.4297,0
759311.7217999999,0
759337.48,0
759707.9759,0
759870.8524,0
760028.1344,0
760108.5515000001,0
760235.1154,0
760332.3522,0
760767.6436,0
761040.2525,0
761115.4199,0
761390.3731,0
761410.6117,0
761412.0791,0
761527.47,0
761666.7049,0
761887.8191,0
761958.4655,0
761970.9436,0
761979.6386,0
762058.6673,0
762234.0513,0
762682.1094,0
763167.0283,0
763703.6835,0
763750.2849,0
763783.6268,0
763857.7341,0
763877.1457,0
764365.8858,0
764560.3079,0
764642.2316,0
764650.1053,0
764671.3286,0
764788.8001,0
765050.9641,0
765103.52568,0
765250.9011,0
765275.4837,0
765532.0969,0
765551.3112,0
765551.95,0
765567.6986,0
765645.081,0
765684.0754,0
765736.4961,0
765925.1997,0
765989.1657,0
766138.0422,0
766523.8179,0
766936.4189,0
767108.5185,0
767404.7893,0
767653.5317,0
767896.6938,0
767915.1325,0
767972.8401,0
767983.3793,0
768353.0871,0
768512.1919,0
768532.2055,0
768699.5186,0
769108.3346,0
769275.3153,0
769454.6536,0
769580.5598,0
769937.1327,0
770136.5199,0
770181.6446,0
770244.3178,0
770311.9099,0
770542.7975,0
770603.1629333333,0
770695.8151,0
771003.4552,0
771449.0988,0
771507.3913,0
771543.4169,0
771666.2626,0
771707.8077,0
771709.5593,0
771716.2884,0
771726.9691999999,0
771740.6576,0
771744.418,0
771972.9017,0
771986.4097,0
772044.4673,0
772056.5359,0
772355.3012,0
772412.7073,0
772480.3949,0
772639.4777,0
772734.6728000001,0
772794.4309,0
772928.1198,0
772976.297,0
773106.0758,0
773160.1137999999,0
773336.2548,0
773427.1322,0
773499.7501,0
773537.0036,0
773720.7062,0
773734.4558,0
773864.0924,0
774034.7547,0
774106.9504,0
774146.7374,0
774320.1105,0
774451.5613,0
774460.0183,0
774479.3101,0
774612.1119,0
774754.5365,0
774813.8151,0
775092.0927,0
775256.0606,0
775326.9191,0
775343.9447,0
775570.9873,0
775740.3126,0
776064.0211166666,0
776072.4486,0
776263.5854,0
776338.0315,0
776351.1583,0
776364.6608,0
776662.8153,0
776715.5248,0
776815.4727,0
776888.4838,0
777026.3271,0
777204.9804,0
777276.080825,0
777495.2682,0
777507.7511,0
-----Simulation END-----
