-----Simulation 0-----
172903.41210000002,0
173240.0776,0
173473.5063,0
173564.5456,0
174185.06410000002,0
174468.7818,0
174553.7121,0
174678.7348,0
175064.65529999998,0
175303.5607,0
175328.4254,0
175388.6989,0
175996.3528,0
176038.8309,0
176165.0637,0
176503.38689999998,0
176741.204,0
176781.10259999998,0
177033.0256,0
177079.2267,0
177359.6666,0
177589.0411,0
177681.4428,0
177825.556075,0
178231.7615,0
178546.2798,0
178726.7373,0
178902.376,0
179145.09470000002,0
179296.1624,0
179298.5207,0
179361.4499,0
179515.0472,0
179851.0708,0
179861.4866,0
179863.59769999998,0
180176.5701,0
180279.91306666666,0
180415.3776,0
180491.1676,0
180744.3076,0
180750.4495,0
180830.3517,0
180910.5815,0
181089.2343,0
181123.5521,0
181143.8366,0
181218.0825,0
181236.645,0
181431.0532,0
181483.5907,0
181538.13880000002,0
181684.2216,0
181712.67680000002,0
181937.0429,0
182328.6083,0
182378.8276,0
182428.5152,0
182656.0048,0
182776.9368,0
182974.8945,0
183065.9313,0
183125.1421,0
183176.5502,0
183207.9228,0
183261.3037,0
183402.6151,0
183466.01630000002,0
183481.0992,0
183521.5289,0
183614.9411,0
183682.6444,0
183805.2243,0
183868.9503,0
183891.0962,0
184034.3062,0
184244.4672,0
184407.3483,0
184413.6615,0
184448.9724,0
184468.0644,0
184497.166,0
184586.3697,0
184612.6907,0
184620.1573,0
184633.1656,0
184794.9356,0
185090.5696,0
185111.9143,0
185186.8038,0
185211.6995,0
185278.25089999998,0
185385.9404,0
185468.3009,0
185498.3917,0
185515.7711,0
185667.3606,0
185733.09159999999,0
185833.41723333334,0
185885.682,0
186015.5595,0
186205.40279999998,0
186226.33860000002,0
186264.6816,0
186342.8617,0
186415.98070000001,0
186483.2808,0
186581.8029,0
186770.2174,0
187201.4586,0
187394.6273,0
187414.9033,0
187526.9563,0
187619.0164,0
187728.1244,0
187961.9316,0
188277.23788,0
188359.3202,0
188380.4075,0
188512.8662,0
188735.78470000002,0
188799.2738,0
188822.8441,0
188874.5525,0
188951.3346,0
189049.5831,0
189098.01069999998,0
189371.3052,0
189466.1125,0
189569.3366,0
189571.7596,0
189593.8749,0
189646.885,0
189740.8344,0
189752.87410000002,0
189843.3316,0
189863.308425,0
189906.8614,0
190132.2826,0
190243.6481,0
190306.9947,0
190583.0435,0
190672.0838,0
190735.0053,0
190913.8019,0
191309.5663,0
191395.5083,0
191934.6509,0
192521.6792,0
192651.0396,0
192674.938,0
192721.9559,0
192979.9898,0
193097.219,0
193229.1204,0
193241.66820000001,0
193420.2121,0
193574.1929,0
193621.3608,0
194126.692,0
194261.372,0
194289.1563,0
194593.5305,0
194599.6929,0
194786.544,0
194826.5246,0
194889.2144,0
194898.6585,0
194969.9364,0
195626.9493,0
196062.95500000002,0
196308.478,0
196402.5975,0
196615.6593,0
196638.6529,0
196735.693,0
197327.4204,0
197590.7449,0
197606.9845,0
197613.0757,0
197678.1343,0
197720.6631,0
197778.5594,0
197783.37829999998,0
198293.0733,0
198656.3641,0
198685.4394,0
198725.3536,0
198780.4951,0
199219.9565,0
199889.2401,0
199890.2831,0
199924.3748,0
199932.99910000002,0
199946.7975,0
199991.3402,0
200013.0895,0
200024.3847,0
200182.3511,0
200200.6137,0
200239.0528,0
200281.57690000001,0
200331.9394,0
200374.863,0
200405.3817,0
200561.4131,0
200666.7891,0
200763.08289999998,0
200924.6767,0
201382.4217,0
201673.7686,0
201696.9334,0
201853.5814,0
202023.9496,0
202081.4228,0
202275.48,0
202513.0284,0
202579.6702,0
202708.984,0
202839.8084,0
202953.6248,0
202962.6922,0
202986.63390000002,0
203062.1422,0
203074.9221,0
203190.2225,0
203349.5333,0
203506.1395,0
203548.4303,0
203568.8421,0
203597.1543,0
203656.7448,0
203715.51309999998,0
204062.9698,0
204078.5337,0
204213.9176,0
204583.5461,0
204906.6991,377.8739999999816
205074.6571,0
205446.4523,0
205449.2546,0
205633.0086,0
205943.1758,0
206161.0566,0
206257.6121,0
206310.03029999998,0
206859.6318,0
206936.6083,0
206959.418,0
207360.2632,0
207660.1269,0
207677.8916,0
207733.6254,0
207734.9529,0
207855.0257,0
207908.8341,0
207979.91950000002,0
208234.8596,0
208593.62,0
208658.4672,0
208702.8209,0
208836.1328,0
209239.30060000002,0
209445.1352,0
209463.3755,0
209538.6774,0
209726.6638,0
209895.3015,0
210114.3492,0
210275.3135,0
210854.51630000002,0
210937.1752,0
210990.6533,0
211206.29009999998,0
211324.0055,0
211325.9284,0
212064.6118,0
212081.94,0
212360.7777,0
212546.3314,0
212690.8424,0
212791.5213,0
212808.7219,0
212896.105,0
212926.9414,0
213109.9527,0
213305.9337,0
213483.1867,0
213558.0365,0
213558.8134,0
213760.9329,0
213768.72879999998,0
213777.4677,0
213782.4313,0
213842.9613,0
214055.4412,0
214496.9071,0
214777.3103,0
215397.08980000002,0
215650.427,0
215656.4784,0
216042.8764,0
216050.1389,0
216173.2023,0
216262.4718,0
216338.4167,0
216471.71970000002,0
216588.2514,0
216718.7747,0
216916.8684,0
217257.6346,0
217382.2379,0
217395.34110000002,0
217832.3424,0
218140.8785,0
218231.34769999998,0
218237.2147,0
218351.03350000002,0
218473.49109999998,0
218540.2395,0
218878.27061666668,0
219100.0947,0
219491.808,0
219782.3696,0
219892.5685,0
220074.4934,0
220196.1341,0
220311.3614,0
220396.227,0
220802.351,0
220920.4252,0
220925.7218,0
220933.2107,0
220986.9902,0
221106.7393,0
221222.8838,0
221311.9248,0
221470.9923,0
221527.9747,0
221591.9721,0
221732.3396,0
221770.06949999998,0
222347.36680000002,0
222438.6253,0
222782.8823,0
223261.7836,0
223351.8978,0
223470.26848,0
223544.5835,0
223777.9939,0
223819.0755,0
223955.2586,0
224301.8426,0
224397.00400000002,0
224450.5155,0
225143.02049999998,0
225183.1194,0
225213.7568,0
225272.56864,0
225296.27909999999,0
225477.5909,0
225653.7058,0
225671.984,0
225874.3757,0
225953.6534,0
226091.2833,0
226142.28830000001,0
226157.3716,0
226637.4407,0
226650.21659999999,0
226771.13520000002,0
227191.4848,0
227475.9044,0
227669.3902,0
228355.6052,0
228552.20870000002,0
228565.59759999998,0
228854.2365,0
228888.5202,0
228942.19150000002,0
229100.6918,0
229182.9344,0
229361.7436,0
229381.0426,0
229784.0399,0
230304.1874,0
231251.0653,0
231273.6668,0
231326.4909,0
231415.4031,0
231519.80326,0
232745.1743,0
232959.9719,0
233102.5006,0
233602.9104,0
233733.5343,0
233962.867,0
234360.0997,0
234407.178,0
234499.2044,0
234504.13640000002,0
234672.10139999999,0
234855.573,0
235050.8392,0
235257.819,0
235265.0452,0
235265.9579,0
235513.51799999998,0
235520.1395,0
235822.2465,0
235888.5604,0
235971.4569,0
236058.9549,0
236224.3469,0
236255.8075,0
236505.0139,0
236532.1172,0
236831.0035,0
237271.6798,0
237284.6412,0
237317.791575,0
237582.75886,0
237637.3257,0
237749.78638333332,0
237918.2577,0
238055.4299,0
238152.1871,0
238225.7317,0
238398.5566,0
238692.67190000002,0
238994.6995,0
239066.9974,0
239200.21649999998,0
239601.0816,0
239914.8738,0
240218.147,0
240489.03124,0
240586.781,0
240977.3794,0
241280.1281,0
241559.3819,0
241591.0875,0
241606.6549,0
241731.1238,0
241792.4697,0
241869.50650000002,0
241996.9987,0
242010.4559,0
242128.56290000002,0
242490.6448,0
242514.96218,0
242948.769,0
242976.8506,0
243288.1306,0
243438.3826,0
243537.7826,0
243613.6769,0
243693.2906,0
243813.1644,0
243841.0446,0
244194.7596,0
244353.1478,0
244512.5355,0
244540.0333,0
244550.8288,0
244813.8814,0
244824.2147,0
244990.3905,0
245445.8371,0
245545.8481,0
245554.01296,0
245601.8,0
245655.3481,0
245670.2726,0
245679.0564,0
245804.2561,0
245852.6825,0
245999.2471,0
246050.6676,0
246079.9389,0
246138.2048,0
246274.6522,0
246283.0218,0
246319.68339999998,0
246690.2992,0
246957.1116,0
247058.4263,0
247092.7073,0
247238.5895,0
247281.36478333332,0
247353.681,0
247567.6246,0
247784.4841,0
247882.6869,0
248044.6924,0
248130.3138,0
248370.9239,0
248652.474,0
248856.2953,0
249009.4116,0
249175.0062,0
249270.9632,0
249549.6607,0
249556.6407,0
250531.0163,0
250535.7093,0
250595.9275,0
250680.9888,0
250993.9271,0
251114.1721,0
251419.4253,0
251659.5103,0
251659.8527,0
251698.5773,0
252082.8896,0
252109.3271,0
252247.5001,0
252400.0371,0
252406.3748,0
252428.9548,0
252518.67489999998,0
252543.908225,0
252581.7918,0
252633.5454,0
252698.7949,0
252896.0006,0
252908.9115,0
253230.1205,0
253239.8683,0
253253.4196,0
253290.5277,0
253622.3154,0
253752.9686,0
254487.558,0
254500.7366,0
254623.9414,0
254775.6167,0
255129.7639,0
255287.8534,0
255393.39250000002,0
255782.6587,0
255884.2056,0
255908.9731,0
255909.2088,0
256308.2611,0
256388.0486,0
256751.2876,0
256757.8058,0
256937.6946,0
257155.8216,0
257237.4784,0
257633.5258,0
258207.8236,0
258240.4179,0
258658.94150000002,0
258823.6731,0
258869.5594,0
259117.1956,0
259480.4521,0
259774.6218,0
259847.3961,0
260530.37410000002,0
260585.0096,0
260701.9691,0
260876.0526,0
260962.8565,0
261111.3968,0
261164.8325,0
261215.8829,0
261309.8865,0
261394.0254,0
261501.927,0
261525.92320000002,0
261554.4202,0
262002.0743,0
262143.13760000002,0
262164.7383,0
262728.6986,0
262804.4912,0
263205.0364,0
263359.89639999997,0
263507.2306,0
263554.0716,0
263719.2854,0
263775.886,0
263780.4385,0
263847.8016,0
263956.2418,0
264095.1578,0
264121.7267,0
264179.3546,0
264200.6303,0
264209.2237,0
264805.3514,0
264901.4324,0
264929.3627,0
264949.33400000003,0
264994.4982,0
265095.8493,0
265198.947,0
265351.97010000004,0
265498.9753,0
265548.5223,0
265557.36695,0
265757.6543,0
265768.574,0
266697.2801,0
266707.3019,0
266753.8012,0
266786.3587,0
266798.5869,0
266869.3566,0
266937.2164,0
267479.1711,0
267580.3938,0
267895.4517,0
268156.8155,0
268176.2906,0
268239.3153,0
268308.8139,0
268312.7938,0
268564.5997,0
268892.7779,0
269236.59990000003,0
269311.2049,0
269467.6728,0
269500.3773,0
269692.16610000003,0
269701.39890000003,0
269724.2841,0
269783.1245,0
269826.2743,0
269838.9432,0
270097.6059,0
270105.5758,0
270160.18570000003,0
270341.6677333333,0
270508.0947,0
270664.09400000004,0
270728.29099999997,0
270736.4241,0
270736.9243,0
270743.3265,0
270978.227975,0
271009.7234,0
271236.7229,0
271451.2434,0
271723.8946,0
271724.1106,0
271764.39,0
271852.4872,0
271910.04839999997,0
272018.89040000003,0
272111.503,0
272255.2217,0
272382.9851,0
272391.7119,0
273294.6701,0
273398.9305,0
273685.0617,0
273791.2782,0
274085.7788,0
274167.0502,0
274301.3119,0
274315.4577,0
274318.925,0
274594.2192,0
274659.357,0
274719.9981,0
274774.988,0
274789.178,0
274886.7172,0
274893.7896,0
275216.0135,0
275279.58640000003,0
275425.8154,0
275627.5906,0
275812.0022,0
275882.8603,0
275898.5087,0
276078.9834,0
276097.8985,0
276250.7143,0
276679.5781,0
276695.5071,0
276874.7904,0
276912.6594,0
276920.3522,0
276931.7044,0
277069.55460000003,0
277139.9831,0
277202.267,0
277231.5166,0
277371.4452,0
277467.9694,0
277559.8169,0
277567.2241,0
277674.39029999997,0
277845.0531,0
278005.4684,0
278038.1359,0
278250.11089999997,0
278306.1769,0
278345.7469,0
278393.1105,0
278529.3963,0
278609.2179,0
278692.3418,0
278695.2149,0
278731.8527,0
279085.3295,0
279137.3629,0
279297.3411,0
279578.6504,0
279675.2626,0
279762.8284,0
280239.6998,0
280305.2154,0
280427.5015,0
280548.9484,0
280701.5225,0
280795.7106,0
280881.1377,0
281150.7496,0
281166.3265,0
281298.733,0
281382.6728,0
281405.698,0
281558.391,0
281793.3691,0
281915.4499,0
281939.2031,0
282016.8919,0
282072.0782,0
282458.59979999997,0
282583.028,0
282670.6863,0
282721.20389999996,0
282902.934,0
282970.131,0
283176.4547,0
283541.43570000003,0
283674.8265,0
283721.8389,0
283820.3308,0
283876.1477,0
283910.0064,0
283916.03,0
283999.4373,0
284554.3895,0
284555.6947,0
284567.7169,0
284802.2978,0
285103.2833,0
285109.1694,0
285119.3081,0
285140.8322,0
285343.5809,0
285366.5913,0
285400.4413,0
285434.23,0
285482.504,0
285535.364,0
285613.9632,0
285724.6509,0
285740.1671,0
285892.9814,0
285934.8216,0
286325.3288,0
286504.20129999996,0
286572.3706,0
286575.34739999997,0
286614.7922,0
286945.6041,0
287014.3586,0
287088.2365,0
287152.7665,0
287213.5011,0
287245.4219,0
287309.4378,0
287359.6746,0
287411.37679999997,0
287499.8889,0
287937.9164,0
288121.38049999997,0
288274.793,0
288499.3965,0
288513.2011,0
288683.4662,0
288854.0584,0
288907.2825,0
289227.5216,0
289279.2537,0
289350.4906,0
289491.2636,0
289698.21140000003,0
289705.1791,0
289782.7711,0
289912.0381,0
289914.1666,0
290283.7012,0
290337.5003,0
290701.3666,0
290773.43319999997,0
290875.4942,0
291021.4986,0
291026.0438,0
291069.5598,0
291122.9894,0
291177.2026,0
291376.2,0
291695.502425,0
291706.4406,0
291873.505,0
292143.7299,0
292159.5667,0
292188.9042,0
292244.6932,0
292400.1037,0
292564.79,0
292839.233,0
292853.49,0
292901.0921,0
292958.6891,0
293179.3473,0
293239.4932,0
293444.5462,0
293481.99820000003,0
293518.657,0
293579.5536,0
293844.9274,0
293864.2628,0
293933.3751,4069.7722000000067
293935.0817,0
294802.08759999997,0
294858.2642,0
295209.9928,0
295926.90996666666,0
296097.6888,0
296314.0809,0
296559.0801,0
296603.8812,0
297007.6707,0
297036.7776,0
297602.552,0
297942.204,0
298409.3777,0
298447.8138,0
298788.0237,0
298864.20279999997,0
299118.5898,0
299119.5881,0
299589.1197,0
299667.2309,0
299916.0423,0
300352.8462,0
300591.6376,0
300942.0333,0
301012.67590000003,0
301342.1713,0
301362.91969999997,0
301450.6168,0
301469.96,0
301563.6898,0
301568.5919,0
301584.8021,0
301624.5039,0
301644.2756,0
302078.55882,0
302291.5133,0
302549.61329999997,0
302702.0305,0
302738.9072,0
303468.80319999997,0
303587.2998,0
304363.8256,0
304485.6738,0
304512.3618,0
304658.71259999997,0
304914.836,0
305139.3375,0
305269.5729,0
305513.686,0
305829.86089999997,0
306100.0492,0
306163.562,0
306240.5735,0
306310.2441,0
306619.4176,0
306726.2694,0
306949.3953,0
306979.6432,0
307028.6707,0
307221.0163,0
307573.2057,0
307746.7646,0
308331.3905,0
308393.8277,0
308446.1472,0
308510.7426,0
308726.7817,0
308771.7281,0
308937.8404,0
308975.4684,0
309167.8408,0
309646.1961,0
309675.9792333333,0
309899.8129,0
309922.8125,0
310275.674,0
310420.8066,0
310590.86,0
310710.7757,0
310887.7204,0
310904.594,0
311045.79469999997,0
311901.5769,0
312094.3099,0
312184.3788,0
312220.6226,0
312562.0547,0
312713.0839,0
312967.56680000003,0
313802.3138,0
314401.69519999996,0
314458.7218,0
314664.57838333334,0
315584.9759,0
315742.2476,0
315789.2498,0
316022.5016,0
316039.1028333333,0
316041.32758333336,0
316197.6164,0
316375.7107,0
316416.8918,0
316452.6975,0
316484.6366,0
316575.3282,0
316604.0918,0
316658.765125,0
317517.5394,0
317733.92181666667,0
317780.6758,0
317913.5434,0
318066.5831,0
318454.9722,0
318661.7388,0
318785.8138,0
318799.9022,0
318820.0731,0
319192.9523,0
319274.7154,0
319498.11600000004,0
319565.4403,0
319608.559,0
319732.1519,0
319883.8626,0
320115.36970000004,0
320154.0319,0
320336.2968,0
320488.231,0
320638.719,0
321138.1999,0
321152.3388,0
321636.7938,0
321652.0612,0
321709.4836,0
322538.7365,0
322683.3675,0
323141.2162,0
323246.5114,0
323650.3935,0
323846.0426,0
324108.5902,0
324289.77736,0
324327.7478,0
324857.8022,0
324966.2832,0
325754.1727,0
326147.8651,0
326204.1771,0
326606.1074,0
327253.2179,0
327333.5364,0
327643.8772,0
328021.0124,0
328133.7288,0
328270.2892,0
328586.5507,0
328680.5295,0
328688.2571,0
329056.9366,0
329173.3827,0
329549.8362,0
329598.84609999997,0
329763.1105,0
329771.5322,0
330014.5345,0
330299.0591,0
330559.4731,0
330972.7315333333,0
331058.1567,0
331102.9707,0
331145.72239999997,0
331156.147775,0
331217.28500000003,0
331249.9175,0
331272.0503,0
331276.7894,0
331312.0024,0
331426.4235,0
331574.73258,0
331773.1309,0
331994.8791,0
332413.66359999997,0
332436.1292,0
332759.4762,0
332869.0499,0
333198.3263,0
333254.0886,0
333746.1493,0
334050.5894,0
334317.7239,0
334445.21536666667,0
334490.3436,0
334699.192,0
335372.1434,0
335395.5418,0
335562.4509666667,0
335565.6107,0
335711.6967,0
335755.02760000003,0
335769.4939,0
335772.3355,0
335998.3148,0
336246.4428,0
336454.7357,0
336563.7554,0
336575.0112,0
336875.8872,0
336878.0505,0
336927.8321,0
336999.8704,0
337208.6647,0
337458.4353,0
337466.1857,0
337619.9012,0
337639.6437,0
337683.3895,0
337784.9353,0
338287.5056,0
338395.29076666664,0
338420.052025,0
338435.4399,0
338512.5127,0
338576.1868,0
338622.4826,0
338723.7759,0
339074.71003333334,0
339079.4038,0
339295.8841,0
339406.4498,0
339531.3392,0
339642.0271,0
339877.0671,0
340007.0457,0
340470.6805,0
340559.3898,0
340576.555,0
340709.7974,0
340748.9384,0
340763.4954,0
340805.4666,0
340872.6255,0
340908.207,0
341337.0267,0
341447.8741,0
341964.5729,0
341997.8584,0
342006.1872,0
342097.8794,0
342141.8123,0
342144.3524,0
342708.4421,0
342983.9275,0
343069.1724,0
343258.6528,0
343523.7446,0
343587.4244,0
343587.9289,0
343655.2824,0
343732.1551,0
343761.9683,0
343779.483,0
344046.7467,0
344157.6363,0
344330.8635,0
344663.3853,0
344677.8904,0
344723.3738,0
345224.39509999997,0
345321.5712,0
345401.8625,0
345494.0309,0
345565.929,0
346130.9095,0
346490.7051,0
346739.8788,0
346871.2828,0
346931.10191666667,0
346939.3291,0
347045.6392,0
347175.0217,0
347278.3811,0
347439.5086,0
347638.4017,0
348098.5497,0
348123.2454,0
348149.3474833333,0
348302.4495,0
348359.9554,0
348389.9495,0
348658.7718,0
348809.6951,0
349010.3728,0
349242.2268,0
349484.8413,0
349636.0517,0
349694.19889999996,0
349835.3416,0
350125.3754,0
350196.3586,0
350531.4039,0
350666.00549999997,0
350863.9537,0
350872.2589,0
350927.1798,0
351066.0254,0
351170.32779999997,0
351398.0812,0
351593.4742,0
351799.3881,0
351878.9425,0
352156.4321,0
352268.9826,0
352315.5007,0
352755.6504,0
352838.0519,0
352871.5478,0
353162.7638,0
353164.187,0
353194.9241,0
353207.0157,0
353390.1936,0
353620.4289,0
353722.9288,0
353881.4732,0
353935.949,0
354341.1111,0
354401.9073,0
354563.6632,0
354730.2144,0
354751.3299,0
354862.5816,0
355028.4564,0
355235.3389,0
355471.6672,0
355613.5249,0
355710.7778,0
355814.5873,0
355815.3228,0
355821.07039999997,0
355901.7872,0
356492.2759,0
356748.5751,0
357119.5909,0
357185.7396,0
357402.5067,0
357685.9569,0
358019.6959,0
358222.4963,0
358454.1834,0
358486.8021,0
358826.4984,0
359381.5085,0
359425.8889,0
359610.5136,0
359680.6361,0
359758.1318,0
359779.7908,0
359856.4676,0
359885.0,0
359964.5253,0
360025.0201,0
360030.0615,0
360069.1814,0
360105.84990000003,0
360147.2725,0
360204.908,0
360233.3764,0
360385.0175,0
360475.2894,0
360558.9486,0
360777.6196,0
360794.7882,0
360830.8583,0
360858.0371,0
361003.4737,0
361094.6035,0
361097.7668,0
361127.9474,0
361253.2804,0
361521.6481,0
361587.1463,0
361826.6359,0
362240.4477,0
362390.9281,0
362449.95160000003,0
362500.9885,0
362822.4231,0
362825.50549999997,0
363093.9097,0
363108.6045,0
363667.8458,0
363703.4827,0
363706.7884,0
363937.13049999997,0
364038.4755,0
364073.1301,0
364264.4566,0
364283.5984,0
364489.5592,0
364671.8741,0
364713.0717,0
364871.0691,0
364890.1633,0
364899.9149,0
364977.4358,0
365061.25190000003,0
365089.824,0
365297.0525,0
365422.0873,0
365498.8292,0
365945.3876,0
365969.538,0
366024.9716,0
366074.1092,0
366111.136,0
366216.9044,0
366270.0476,0
366313.6997,0
366415.2844,0
366511.1272,0
366766.4073,0
366812.6101,0
367160.9756,0
367191.3974,0
367228.0572,0
367388.8974,0
367770.4214,0
367880.3622,0
368130.4127,0
368144.97849999997,0
368163.1675,0
368504.2768333333,0
368822.9857,0
368851.35360000003,0
369018.4237,0
369743.9755,0
369748.2339,0
369789.676,0
369923.749,0
370002.2531,0
370198.0791,0
370354.577,0
370479.4003,0
370672.5453,0
370680.6517,0
370682.1979,0
370772.6488,0
370836.9288,0
371101.4028,0
371123.7091,0
371315.7503,0
371532.3173,0
371544.0027,0
371920.4229,0
372131.0893,0
372464.493,0
372514.2071,0
372524.3027,0
372569.6508,0
372628.2811,0
372856.0232,0
373060.8689,0
373202.7353,0
373319.9399,0
373360.6158,0
373393.93570000003,0
373407.66969999997,0
373494.9377,0
373498.7673,0
373893.9085,0
373969.8675,0
374180.7552,0
374719.33400000003,0
375088.7696,0
375179.45160000003,0
375549.33770000003,0
375773.3559,0
375824.78099999996,0
375868.0058,0
376528.707,0
376856.2099,0
376933.0917,0
377237.2716,0
377254.4019,0
377279.4879,0
377625.86919999996,0
377636.1794,0
378891.8032,0
378940.777,0
379075.8467,0
379326.98470000003,0
379339.8874,0
379472.9105,0
379500.5729,0
379575.2654,0
379610.0246,0
379659.3012,0
379776.3468,0
379790.457,0
380257.70519999997,0
380291.7074,0
380430.022825,0
380633.5458,0
380689.92949999997,0
380814.7728,0
380818.1699,0
381130.1553,0
381268.786,0
381332.2682,0
381852.5364,0
382001.7267,0
382081.5836,0
382121.49569999997,0
382392.9114,0
382614.7521,0
382833.5541,0
382910.7597,0
382950.87309999997,0
383154.6786,0
383291.0259,0
383498.7115,0
383558.7176,0
383763.2622,0
383852.4684,0
383917.8814333333,0
383971.02725,0
384164.9209,0
384300.3478,0
384478.9023,0
384701.53859999997,0
384842.7662,0
384863.3004,0
384883.1967,0
384910.6942,0
384937.8389,0
385085.1546,0
385099.4094,0
385173.8012,0
385477.3608,0
385481.2933,0
385483.7594,0
385790.1746,0
385826.5933,0
386197.8877,0
386219.0498,0
386469.538,0
386918.4156,0
387048.9094,0
387330.5649,0
387484.2618,0
387508.5714,0
387633.3404,0
387637.4637,0
387776.4081,0
387926.0936,0
388005.3422,0
388034.5788,0
388165.4607,0
388216.0544,0
388242.9377,0
388300.28119999997,0
388577.1101,0
388592.9547,0
388609.1651,0
388667.85,0
388758.6033,0
389166.6361,0
389287.9778,0
389747.047,0
390184.7096,0
390232.4895,0
390336.8807,0
390460.3557,0
390479.4092,0
390556.7176,0
390579.0905,0
390923.6959,0
391174.5272,0
391236.2506,0
391338.5294,0
391982.9648,0
392049.6061,0
392129.5314,0
392347.9545,0
392482.47849999997,0
392509.4183,0
392528.383325,0
392749.3261,0
392875.5882,0
393124.0847,0
393295.181275,0
393596.529,0
393616.9208,0
393658.9099,0
394160.7254,0
394501.6457,0
394707.7628,0
394772.7578,0
394977.7901,0
395059.6278,0
395221.1113,0
395242.3686,0
395340.7723,0
395428.564,0
395618.3021,0
395669.9194,0
395776.2558,0
396584.0244,0
396654.32886666665,0
396808.1652,0
396965.4434,0
397073.3666,0
397374.7556,0
397782.03756,0
397928.5943,0
397977.9141,0
398196.6653,0
398340.23470000003,0
398876.5856,0
398889.1027,0
399330.3642,0
399552.58030000003,0
399644.3234,0
399673.0426,0
399786.85219999996,0
399787.3835,0
399915.81,0
400050.2487,0
400201.1848,0
400220.1752,0
400641.5353,0
400669.0009,0
400788.2294,0
400843.2205,0
400948.38190000004,0
400986.22609999997,0
401365.8061,0
401495.7882,0
401655.1211333333,0
401657.29339999997,0
401816.2199,0
401842.3903,0
402091.8604,0
402546.0568,0
403144.7354,0
403161.0625,0
403216.1410666667,0
403715.6093,0
403867.474,0
403882.0963,0
404237.8996,0
404494.1327,0
404560.8657,0
404652.57519999996,0
404700.7545,0
405089.03088333335,0
405268.9512,0
406233.8185,0
406851.1179,0
406999.60490000003,0
407020.1705,0
407153.22096,0
407346.9684,0
407727.7536,0
407863.4804,0
408255.2546,0
408387.597,0
408634.4403,0
409068.9416,0
409088.8469,0
409171.5807,0
409509.6383,0
409749.8151,0
409988.9249,0
410063.7405,0
410086.87930000003,0
410560.7378,0
411221.0138,0
412036.1433,0
412353.616,0
412441.17378333333,0
412796.14410000003,0
413257.8009,0
413835.5523,0
414233.40020000003,0
414376.9227,0
414377.6098,0
414388.34510000004,0
414445.1752,0
414450.5736,0
414534.9828,0
414784.0403,0
415480.4554,0
415490.4272,0
415511.4193,0
415775.8775,0
416114.1364,0
416250.7258,0
416410.5345,0
416423.72250000003,0
416930.4793,0
417085.6798,0
417103.6157,0
417362.9935,0
417372.6959,0
417428.8992,0
418541.8698,0
418887.037925,0
419362.40116666665,0
419466.7762,0
419520.7507,0
419708.1748,0
420327.6014,0
420814.1255,0
420989.60970000003,0
421016.9548,0
421078.7166,0
421129.0757,0
421443.2338,0
421458.4607,0
421493.6833,0
421859.7169,0
421922.7033,0
421956.1026,0
422146.2411,0
422168.3071,0
422316.2985,0
422517.70821666665,0
422558.3455,0
422659.0997,0
422888.0836,0
422930.907,0
422948.2097,0
423101.5899,0
423112.3017,0
423449.9667,0
423523.274,0
423798.2472,0
423882.5998,0
423927.8742,0
424045.7023,0
424228.7076,0
424580.71838333335,0
424718.233,0
425177.6688,0
425213.6116,0
425263.7479,0
425302.62309999997,0
425455.2096,0
425616.766,0
425626.4652,0
425913.7675,0
426162.6148,0
426184.3603,0
426252.6249,0
426445.1261,0
426786.9333,0
426815.2808,0
427001.1886,0
427168.3383,0
427630.7389,0
427855.2454,0
427942.8047,0
427959.8948,0
428676.1205,0
428832.8725,0
429337.5715,0
429403.6535,0
429502.6589,0
429690.2147,0
429889.81059999997,0
430325.9019,0
430502.3875,0
430790.2799,0
430892.5936,0
430904.5282,0
431105.3311,0
431205.0365,0
431365.73686666664,0
431601.7824,0
431672.7444,0
431800.1077,0
431888.4304,0
431932.52139999997,0
432142.6127,0
432198.3505,0
432202.5277,0
432232.621,0
432409.6801,0
432509.95162,0
432510.5934,0
432597.011,0
432885.4128,0
432892.4449,0
433047.7986,0
433584.8011,0
433941.8392,0
434090.1596,0
434098.5773,0
434279.1633,0
434345.0498,0
434472.28493333334,0
434715.9609,0
435057.36340000003,0
435330.9183,0
435366.7263,0
435396.378,0
435434.8302,0
435530.4636,0
435641.2333,0
435815.4129,0
436022.9126,0
436036.8388,0
436080.8776,0
436142.6523,0
436410.83790000004,0
436574.90390000003,0
436655.8835,0
436757.6115,0
436776.7835,0
436935.3054,0
437132.6061,0
437277.6392,0
437443.2156,0
437642.2061,0
437929.6138,0
438080.518,0
438187.7369,0
438226.6666,0
438429.1006,0
438470.1103,0
438481.8786333333,0
438684.2774,0
438942.789,0
439213.8287,0
439308.7042,0
439532.961,0
439852.5767,0
439875.6741,0
440086.1149,0
440185.9634,0
440275.386,0
440457.28859999997,0
440523.5718,0
440558.6684,0
440891.8095,0
440909.3844,0
441071.0397,0
441126.6346,0
441469.1383,0
441628.4274,0
441665.9383,0
441759.622,0
441764.4606,0
441828.9746,0
441940.9466,0
441982.297,0
442077.7528,0
442184.2489,0
442479.3466,0
442650.9048,0
442668.28500000003,0
442682.0813,0
442725.6964,0
442801.8193,0
442898.1686,0
442904.5639,0
442954.865,0
442975.0114,0
443163.722,0
443196.5981,0
443609.9347,0
443703.0552,0
443741.0996,0
443754.1473,0
443770.8824,0
443909.4852,0
444199.1089,0
444288.8681,0
444375.9188,0
444484.255,0
444499.1416,0
444528.9322,0
444599.152,0
444791.8437,0
444978.73219999997,0
445095.1611,0
445412.7746,0
445661.4638,0
445720.59010000003,0
446224.5119,0
446253.0089,0
446281.1128,0
446597.8006,0
446714.38080000004,0
446965.1775,0
447289.3439,0
447310.8298,0
447419.0078,0
447495.1058,0
447619.7962,0
447644.8918,0
448027.6493,0
448238.8058,0
448646.6353,0
448742.7697,0
448812.798,0
449289.2364,0
449477.1727,0
449690.4807,0
449720.7501,0
449818.27515,0
449848.9962,0
450119.6197,0
450479.7293,0
450528.0611,0
450637.5086,0
450649.9304,0
450707.6646,0
450788.173,0
450887.8466,0
450940.86,0
451177.4519,0
451289.4838,0
451315.2522,0
451319.5286,0
451329.1415,0
451346.45259999996,0
451815.689,0
451825.3257,0
451902.7732,0
451935.7892,0
451950.9241,0
451973.3879,0
452446.4162,0
452592.6162,0
452729.2305,0
452801.2293,0
452841.4145,0
453038.39639999997,0
453251.7099,0
453290.5121,0
453292.5007,0
453298.0194,0
453398.7575,0
453588.6566,0
453633.9665,0
453995.8284,0
454107.427,0
454192.8742,0
454295.0928,0
454817.3166,0
454849.0673,0
454972.4184,0
454974.7937,0
455320.3331,0
455543.7215,0
455630.3358,0
455893.2268,0
456075.7202,0
456106.7185,0
456145.2474,0
456176.583,0
456208.7534,0
456463.3269,0
456619.658,0
456901.7774,0
457035.5131,0
457090.824,0
457137.8798,0
457246.6726,0
457353.7042,0
457488.21499999997,0
457667.8129,0
457868.2074,0
457901.8608,0
457960.1522,0
458325.4386,0
458444.4039,0
458447.5013,0
458494.86089999997,0
458644.3869,0
458772.6792,0
458986.909,0
458999.8212,0
459186.8427,0
459487.1948,0
459703.47277500003,0
459778.0612,0
459787.7177,0
459909.7392,0
460307.8972,0
460531.4967,0
460762.8563,0
461046.6934,0
461322.2797,0
461599.847,0
461854.2679,0
461901.9013,0
462103.6642,0
462255.9399,0
462321.0375,0
462430.2801,0
462537.4679,0
462676.9032,0
462747.236,0
463265.13269999996,0
463420.5902,0
463533.3734,0
463665.6183,0
463702.4274666667,0
463913.1619,0
463927.3868,0
463989.7002,0
464023.3416,0
464158.748,0
464187.8853,0
464331.5497,0
464365.5039,0
464403.0895,0
464495.7763,0
464518.2498,0
464769.2326,0
464772.5331,0
464786.83640000003,0
464910.5431,0
465102.5783,0
465137.2449,0
465245.1505,0
465326.2197,0
465343.3629,0
465386.3405,0
465883.5679,0
466038.46400000004,0
466087.0323,0
466131.948,0
466137.6006,0
466153.5013,0
466182.399,0
466290.00549999997,0
466637.0147,0
466812.4874,0
466892.6998,0
466981.4271,0
467120.0049,0
467262.738,0
467307.212,0
467637.0971,0
467784.3485,0
467828.29531666666,0
467909.1726,0
468540.01769999997,0
468651.5997,0
468774.927,0
468831.5919,0
469338.8039,0
469396.7178,0
469508.1494,0
469833.23860000004,0
469897.2525,0
470096.6981,0
470101.5577,0
470271.55819999997,0
470411.2108,0
470534.0149,0
470608.442,0
470886.8786,0
470936.7842,0
471043.1113,0
471459.1723,0
471860.454,0
472049.7198,0
472398.9863,0
472496.83050000004,0
472521.11089999997,0
473009.8225,0
473342.35829999996,0
473452.51410000003,0
473577.9156,0
473691.3464,0
473724.5301,0
473760.6316,0
473809.2498,0
473956.3175,0
474376.466,0
474525.9169,0
474699.1579,0
474841.0359,0
474878.8194,0
474995.2548,0
475157.4202,0
475273.9022,0
475349.1804,0
475467.3249,0
475743.2609,0
475924.3615,0
476289.0191,0
476295.6672,0
476315.6785,0
476536.09979999997,0
476606.918,0
476644.7952,0
476684.4741,0
476750.02749999997,0
477045.6587,0
477112.0434,0
477138.9763,0
477170.29500000004,0
477330.2932,0
477611.699,0
477619.99450000003,0
477645.583,0
478137.2795,0
478710.1801,0
478920.3683,0
479027.8893,0
479202.1693,0
479564.8768,0
479803.8751,0
480467.673,0
480606.1063,0
480645.4758,0
480727.2486,0
480732.4697,0
481134.5652,0
481359.4132,0
481482.8657,0
481551.24340000004,0
481603.4968,0
481700.6942,0
482022.04209999996,0
482130.7655,0
482292.40989999997,0
482372.7004,0
482449.6802,0
482760.5097,0
482787.4972,0
482857.5011,0
482896.73829999997,0
483147.2819,0
483185.8242,0
483233.4003,0
483433.35860000004,0
483669.3952,0
483874.1564,0
484032.2193,0
484177.3936,0
484769.2413,0
485604.00659999996,0
485964.3547,0
486220.1665,0
486306.7115,0
486888.3759,0
487111.5805,0
487595.4548,0
487834.0515666667,0
488434.6281,0
488570.7058,0
488685.7094,0
489423.9357,0
489614.6339,0
489843.84974,0
490452.0532,0
490524.6946,0
491040.8537,0
491138.34802,0
491536.2147,0
491601.5308,0
491622.7395,0
492001.8766,0
492066.8159,0
492820.925,0
493632.7633,0
494194.6616,0
494304.8152,0
494561.5427,0
494865.8819,0
495168.5614,0
495772.9446,0
496105.08,0
496128.0506,0
496130.0716,0
496179.0437,0
496296.7395,0
497129.6665,0
497713.6221,0
497789.7977,0
497900.8926,0
498017.5359,0
498019.6098,0
498271.9596,0
498780.7833,0
499126.2255,0
499474.48829999997,0
499489.21849999996,0
499672.1215,0
499714.80585,0
499817.9857,0
499928.1088,0
500047.8132,0
500314.2855,0
500429.0255,0
500521.3909,0
500528.1739,0
500604.5103,0
500787.26639999996,0
500830.6645,0
501043.2978,0
501179.07050000003,0
501333.6119,0
501347.76399999997,0
501898.5249,0
501938.0602,0
502033.3046,0
502058.4747,0
502118.1355,0
502192.5664,0
502506.7511,0
502983.197,0
503437.8595,0
504026.2786,0
504029.1703,0
504524.79,0
504558.8351,0
504616.6402,0
504800.5797,0
504867.727,0
504992.2967,0
505152.04,0
505345.5457,0
505350.2802,0
505500.5731,0
505570.6075,0
505939.4992,0
506107.1184,0
506313.4735,0
506432.4790666667,0
506886.0223,0
507550.7412,0
507661.8267,0
508037.68570000003,0
508329.2492,0
508329.92715,0
508467.0679,0
508844.0147,0
508852.7056,0
509074.2478,0
509112.5092,0
509241.4581,0
509291.1625,0
509303.8692,0
509308.7061,0
509395.615,0
509425.828,0
509768.0818,0
509889.855,0
509895.4471,0
509944.2043,0
509987.0091,0
510057.8064,0
510162.22849999997,0
510194.5462,0
510276.2143666667,0
510545.9791,0
510583.6718,0
510641.2436,0
510936.97609999997,0
511026.2554,0
511075.3212,0
511238.1337,0
511390.559,0
511674.60730000003,0
512098.6137,0
512633.8441,0
512702.8276,0
513167.0452,0
513242.7038,0
513427.4196,0
513494.6321,0
513554.037,0
513642.8051,0
513693.3861,0
513710.9025,0
513807.3048,0
513831.9476,0
513919.0639,0
514113.30819999997,0
514686.173,0
514881.9554,0
515043.3229,0
515870.5609,0
515870.6436,0
516080.4702,0
516318.1026,0
516435.6993,0
516703.5983,0
516718.32050000003,0
516749.3041,0
516756.5036,0
516982.1057,0
517038.7525,0
517041.0359,0
517048.8749,0
517094.6275,0
517380.3115,0
517423.4477,0
517535.8283,0
517777.245,0
517807.5928,0
517821.8405,0
518156.3042,0
518177.9265,0
518279.6054,0
518426.57039999997,0
518534.8712,0
518554.35719999997,0
518580.62320000003,0
519015.48589999997,0
519018.0441,0
519180.0623,0
519440.9906,0
519506.871,0
519532.6707,0
519564.4028,0
519700.4108,0
519994.82920000004,0
519999.4984,0
520328.08389999997,0
520751.287375,0
520770.8933,0
520822.2495,0
521054.19940000004,0
521379.8554,0
521613.1618,0
521675.4951,0
522019.4696,0
522041.4473,0
522346.877,0
522388.9856,0
522450.8235,0
522542.3044,0
522707.7181,0
522984.6529,0
523056.5053,0
523063.6752,0
523095.95889999997,0
523175.9603,0
523873.469,0
523886.66240000003,0
523887.1312,0
523899.7814,0
523908.1356,0
524170.9283,0
524338.4505,0
524435.7801,0
524832.5536,0
524965.8515,0
525127.9693,0
525303.05,0
525553.4839,0
525595.5955,0
525654.2660000001,0
525818.3539,0
525955.5828,0
526366.6714999999,0
526367.3205,0
526497.5279,0
526837.8109,0
526871.4433,0
526956.4801,0
527077.9004,0
527454.8295,0
527644.0334,0
527690.7278,0
527746.1257,0
527819.5256,0
527924.3719,0
527939.3751,0
528466.9394,0
528720.5238,0
528764.7133,0
528860.4013,0
528866.6433,0
528984.3552,0
529180.0058,0
529213.4362,0
529271.6719,0
529307.6588166667,0
529308.2912,0
529728.8894,0
529756.3052000001,0
529757.5327,0
529780.2925,0
529800.8162,0
529891.6304,0
529951.776,0
530372.0089,0
530653.112,0
530669.99,0
530870.8141,0
531091.3884,0
531159.2679,0
531541.2898,0
531627.9021,0
532009.7898,0
532015.6362,0
532098.0146999999,0
532200.7362,0
532672.2505,0
532742.8353,0
532811.4736,0
532989.8159,0
533210.3376,0
533265.469,0
533504.5628,0
533787.1419,0
533801.408,0
534025.2762,0
534211.9812,0
534449.5015,0
534494.288,0
534679.8651,0
534754.6513,0
535012.7881,0
535031.0088,0
535187.9759,0
535583.6475,0
535782.4249,0
535791.1456,0
535820.8712,0
535838.9346,0
535849.105,0
535854.7147,0
535954.1879,0
535965.211,0
536118.4636,0
536393.1728000001,0
536516.2696,0
536551.7947,0
536623.8121,0
536762.697,0
536857.4725,0
536974.5407,0
536999.3145,0
537107.3862,0
537192.5281,0
537335.2646999999,0
537343.6778,0
537373.1675,0
537488.1284,0
537530.3134,0
537575.1688333333,0
537637.1841,0
537662.2833,0
537820.1917,0
537827.6664,0
537834.764,0
537970.8113,0
538080.9309,0
538088.9192,0
538178.8698,0
538512.7058,0
538696.7591,0
538720.2487,0
538759.6112,0
538921.5696,0
538999.0336,0
539083.9715,0
539290.6157,0
539306.4716,0
539372.2909,0
539426.8263,0
539488.7964,0
539512.3637999999,0
539637.5394,0
539707.9297,0
539966.5183,0
539968.2752,0
540057.8271999999,0
540063.2435,0
540326.4074,0
540429.5666,0
540648.145,0
540715.3671,0
540853.807,0
540929.1228,0
541216.2781,0
541270.244,0
541293.8026,0
541390.3023,0
541412.1252,0
541629.3346,0
541699.8558,0
541706.6504,0
541886.4526,0
541912.8436,0
541944.1654,0
542069.125,0
542265.321,0
542354.292,0
542366.5107,0
542492.0394,0
542505.0015,0
542520.1049,0
542586.0561,0
542755.2923,0
542804.6824,0
542855.3,0
542901.0406,0
543001.1935,0
543014.9366,0
543080.6101,0
543123.77,0
543350.7034,0
543401.2152,0
543510.6294,0
543700.85,0
543992.597,0
544271.6418,0
544301.2436,0
544353.1675,0
544409.1427,0
544436.2066,0
544445.9414,0
544464.3713,0
544579.7044,0
544782.6521,0
545226.9711,0
545352.0057,0
545544.9675,0
545682.3265,0
545848.8745,0
545917.7180999999,0
546178.1552,0
546223.7904,0
546278.8083,0
546811.0836,0
546829.242,0
547058.4331,0
547164.1167,0
547201.4742,0
547289.0573,0
547708.8863,0
547872.2216,0
547947.9739,0
547985.1601,0
548092.79,0
548184.4361,0
548192.5956,0
548265.5043,0
548459.4295,0
548541.4624,0
548683.375,0
548774.8476,0
548793.3577,0
548804.2032,0
548811.98742,0
549042.571,0
549060.9845,0
549170.6612,0
549291.0082,0
549571.5352,0
549701.0403,0
549814.8204,0
549827.7322,0
549990.9554,0
550147.0504,0
550173.715,0
550480.5315,0
550540.8276,0
550565.7034,0
550697.0373,0
550735.6684,0
550793.2132,0
550803.4226,0
550901.4785,0
550948.0573,0
551095.7003,0
551209.297,0
551273.7383,0
551383.9991,0
551423.3455,0
551593.1916,0
551619.5888,0
551691.8832,0
551762.5002,0
551845.0479,0
551957.2797,0
552178.7273,0
552398.6134,0
552486.2476,0
552775.0737,0
552927.5225,0
553095.5987,0
553411.2394,0
553576.5952,0
553884.0334,0
554192.191,0
554325.584,0
554387.4302000001,0
554430.2092,0
554471.2316,0
554566.6295,0
554885.8513,0
554949.7264,0
554990.4973,0
555322.2691,0
555325.2924,0
555466.5692,0
555930.482,0
556038.4089,0
556044.1907,0
556182.436,0
556202.377,0
556244.523,0
556486.9816,0
556590.4817,0
556876.777,0
557027.3007,0
557360.8755,0
557417.3923,0
557795.2973,0
557854.3391,0
557935.7214,0
558241.1429,0
558352.6997,0
558531.0509,0
558531.4144,0
558590.6027,0
558782.105,0
558891.0044,0
558939.1029,0
559035.3658,0
559303.8461,0
560595.3521,0
560604.862,0
560691.2235,0
560790.8773,0
561252.2849,0
561401.9227,0
561412.1352,0
561684.3659,0
561732.0464999999,0
562022.7662,0
562146.5218,0
563151.9961,0
563340.9889,0
563569.4588,0
563888.9234,0
564041.2753,0
564090.2869,0
564147.4752,0
564677.3418,0
564681.9473,0
565738.9106000001,0
565760.0953,0
565780.8456,0
565944.2984,0
566057.4566,0
566344.852,0
566540.2743,0
567434.8869,0
567435.9651,0
567457.8187,0
567959.5567,0
567997.35536,0
568581.3596,0
568640.5613,0
569302.9064,0
569560.3231,0
569606.2212,0
569723.6729,0
569745.828,0
570072.6299,0
570533.9892,0
570543.1179,0
571360.6367,0
571470.2086,0
571752.9092999999,0
572068.7142,0
572250.7468,0
572402.0905,0
572619.5703,0
572632.6586,0
572868.7051,0
573245.5997,0
573645.1038,0
573701.0505,0
573708.264,0
573755.4729,0
574045.2602,0
574913.3674,0
574933.0058,0
575141.99505,0
575145.6555999999,0
575243.8826,0
575296.3154,0
575446.0774,0
575754.3001,0
575758.0385,0
576174.071,0
576728.2417,0
577319.3714,0
577536.6064,0
577675.747,0
578119.5225,0
578724.9555,0
578809.2967000001,0
579356.3199,0
579494.4085,0
579539.5342999999,0
579543.2017,0
579553.067,0
579580.7203333334,0
579694.4155,0
579737.7718,0
579987.9833,0
580062.9198,0
580113.2092,0
580207.9868,0
580674.8659,0
580864.0538999999,0
581670.4447,0
582150.7993,0
582232.4023,0
582294.775,0
582382.6417,0
582434.0268,0
582693.6725,0
582730.4109,0
582948.2567,0
582964.4873,0
583067.7722,0
583261.0236,0
583401.0561,0
583459.6412,0
583982.3267,0
584223.9297,0
584313.4576,0
584510.8806,0
584836.2247,0
585189.1795,0
585390.6964,0
585612.9534,0
585725.7421,0
585952.3471,0
585996.6073,0
586097.9651,0
586360.6724,0
586446.4208,0
586918.5249,0
587162.404,0
587362.3879333333,0
587769.4122,0
587796.389,0
587805.1176,0
587819.7984,0
588075.9506,0
588321.3917,0
588360.1474,0
588568.172,0
588790.4001,0
589007.4573,0
589178.5899,0
589231.5327,0
589557.675,0
589946.2712,0
590290.1263,0
590390.32,0
590447.5264,0
590459.8373,0
590566.4617,0
590597.3117,0
590646.8744,0
590753.6833,0
590916.90905,0
591057.5445,0
591742.418,0
591880.2021,0
591947.8474,0
592073.7084,0
592127.8617,0
592204.9998,0
592401.0572,0
592412.2414,0
593079.7452,0
593087.7301,0
593093.8025,0
593249.2952,0
593486.2132,0
593614.0789,0
593745.8066,0
593823.2296333333,0
594176.8609,0
594177.0743,0
594377.7426,0
594549.378,0
594647.7957,0
594864.5831,0
594955.2518,0
595227.3792,0
595335.9215,0
595367.6711,0
595405.4808,0
595567.5454,0
595590.5605,0
595820.7598,0
595890.2923,0
595945.159,0
595951.1343,0
596006.5268999999,0
596114.8193,0
596134.0302,0
596264.3693,0
596320.605,0
596570.722,0
596680.4789,0
596845.65016,0
597113.5899,0
597209.3564,0
597475.5255,0
597498.3004,0
597598.063,0
597691.2455,0
597714.6393,0
597870.035,0
597874.096,0
598134.034,0
598177.7551,0
598344.3257,0
598626.2776,0
598641.0462,0
598727.9173,0
598747.6091,0
599124.5789,0
599289.7083,0
599314.5994,0
599398.916,0
599489.5068,0
599572.7847,0
599578.8202,0
599601.1654,0
599642.8421,0
599997.5956,0
600119.4934,0
600164.0744,0
600267.8577,0
600294.628,0
600815.1853,0
600870.4584,0
600900.715,0
601000.6192,0
601078.1651,0
601143.8555,0
601215.8472,0
601620.229,0
601650.2294,0
601826.4788,0
601847.1178,0
601930.6551,0
601944.2101,0
602084.6857,0
602166.8911,0
602404.3302,0
602407.9942,0
602440.6909,0
602568.98918,0
602666.5075,0
602937.0525,0
603217.6632,0
603464.352575,0
603492.6928,0
603635.0591,0
603718.2431,0
603733.158,0
603735.7374,0
603742.7206,0
603794.538,0
603800.68,0
603958.9812,0
604053.0809,0
604150.9591,0
604161.0542,0
604239.6317,0
604384.8849,0
604604.2289,0
604672.1632,0
604693.4805,0
604893.6878,0
604925.8821,0
605331.0383,0
605587.5353,0
605593.2919000001,0
605714.1783,0
605862.973,0
606103.8492,0
606122.5841,0
606162.3443,0
606234.5271,0
606271.9837,0
606321.1372,0
606358.5851,0
606415.3485,0
606794.0708,0
606946.7668,0
606955.0639,0
607152.3094,0
607213.4907,0
607440.9153,0
607471.7047,0
607913.3577,0
607920.8037,0
607964.3908,0
608011.0787,0
608177.3666,0
608229.8442,0
608626.7055,0
608728.9179,0
608767.8255,0
608880.3661,0
608979.2551,0
609113.1005,0
609132.6026,0
609138.9503,0
609471.3931,0
609860.7262,0
610034.8539,0
610107.4576,0
610207.3151,0
610216.6473,0
610372.1706,0
610379.2278,0
610435.1483,0
610484.34,0
610537.345,0
610664.7404,0
610809.2147,0
610845.4846,0
611044.2316,0
611078.3086,0
611270.7057,0
611377.7826,0
611417.9875,0
611461.6979,0
611523.2008,0
611608.5196,0
611623.9397,0
611900.7099,0
612040.3515,0
612117.7015,0
612173.7397,0
612243.1078,0
612260.936,0
612471.475,0
612565.6079,0
612817.9221,0
613025.5703,0
613112.8629,0
613198.0277,0
613389.2072,0
613619.7398,0
613722.273,0
613934.045,0
613939.2086,0
614083.5786,0
614129.225,0
614144.518,0
614155.57,0
614303.3263,0
614329.5524,0
614552.7588,0
614655.6377,0
614682.1115,0
614756.2299,0
614972.9753,0
614999.9874,0
615383.9164,0
615513.7928,0
615563.9554,0
615636.1997,0
615729.6076,0
616090.0185,0
616348.2336,0
616387.3145,0
616481.3546,0
616578.0637,0
616929.1504,0
616973.6582,0
616977.7668,0
617008.4791,0
617107.5015,0
617144.3352,0
617182.132,0
617769.8153,0
617886.190225,0
617965.8924,0
618013.7127,0
618025.4813,0
618124.9284,0
618190.9143,0
618319.1442,0
618330.6359999999,0
618474.9738,0
618478.3635,0
618780.6698,0
619093.5488,0
619389.9962,0
619394.5608,0
619398.6041,0
619421.9579,0
619578.3583,0
619733.3072,0
620264.2862,0
620352.6903,0
620353.3103,0
620402.208,0
620415.7749,0
620460.2876,0
620552.6202,0
620630.1716,0
621008.9061,0
621444.0764,0
621731.8135,0
621766.8929,0
621843.8285000001,0
622043.0923,0
622080.8653,0
622165.7779,0
622274.2195,0
622372.0465,0
622484.2035,0
622512.0007,0
622649.9597,0
622750.5918,0
622838.2333,0
622915.751,0
623049.5862,0
623118.3125,0
623160.1544,0
623370.5778,0
623419.2646,0
623530.9746,0
623621.0787,0
623626.568,0
623641.118,0
623933.5767,0
624111.1373000001,0
624118.222,0
624179.4386,0
624423.6608,0
624437.0112,0
624602.4801,0
624794.8182,0
624832.2301,0
625055.2609,0
625088.7858,0
625167.6405,0
625228.2143,0
625251.4355,0
625539.5535,0
625579.8675,0
625826.4131,0
625914.81398,0
626139.5008,0
626251.8623,0
626312.3164,0
626322.0599,0
626468.3302,0
627210.8309,0
627214.4354,0
627232.611,0
627411.1918,0
627504.0748000001,0
627591.8352,0
627625.6876,0
627770.8197,0
627772.4243,0
627840.1926,0
628207.7198,0
628210.4185,0
628340.3304,0
628508.836,0
628916.4409,0
629024.2143,0
629041.8282999999,0
629209.0172,0
629388.6131,0
629452.1383,0
629872.7498,0
630011.746,0
630247.8734,0
630391.6195,0
630392.037,0
630630.1093,0
630681.6501,0
630749.4728,0
630894.1508,0
631103.7644,0
631494.8888,0
631589.4607,0
631589.6016,0
631998.9245,0
632015.8656,0
632024.599,0
632144.8677000001,0
632149.2739,0
632367.9433,0
632422.445,0
632430.558,0
632539.718,0
632608.8629,0
632801.0899,0
632805.1736,0
632911.3228,0
632969.691,0
633048.95,0
633232.9753,0
633492.9512,0
633640.1537,0
633682.5497,0
633778.1395,0
634073.0907000001,0
634139.5583,0
634370.947,0
634428.0239,0
634491.8457,0
634619.4858,0
634820.6827,0
634988.8776,0
635149.7222,0
635222.146,0
635322.0737000001,0
635436.3439,0
635479.0998,0
635497.2131,0
635535.461,0
635535.838,0
635637.0651,0
635954.229,0
635981.9517,0
636056.0136,0
636057.3334,0
636102.9053,0
636156.5159,0
636435.7686,0
636520.4358,0
636871.6383,0
637262.0774,0
638119.5559,0
638237.79,0
638320.0345,0
638516.3437,0
639155.0998,2372.230099999928
639701.2757,0
639776.9687,0
639801.8124,0
640188.2543,0
640206.6854,0
640319.0172,0
640546.3503,0
640671.7562,0
640676.3441,0
640965.297,0
641022.2296833333,0
641096.119,0
641397.0187,0
641442.9956,0
641667.0813,0
641743.3668,0
641930.1391,0
641965.2839,0
642187.5185,0
642243.5217,0
642417.2865,0
642439.1399,0
642662.3551,0
643074.4471,0
643309.6767,0
643601.851,0
643735.5914,0
644041.3206,0
644081.7217,0
644097.6807,0
644249.8762,0
644318.8827,0
644493.5086000001,0
644862.7749,0
645204.3066,0
645205.7656,0
645401.8016,0
645430.9821,0
645641.4212,0
645872.5758,0
645959.4693,0
646306.047,0
646483.1787,0
646526.3059,0
646603.2171,0
646712.7095,0
646912.8844,0
647053.719975,0
647081.9526,0
647110.2419,0
647233.3942,0
647254.72,0
647622.1516,0
648119.5917,0
648549.4493,0
648857.9323,0
648917.2009,0
648922.6828,0
649147.9749,0
649180.4058,0
649201.6566,0
649319.3321,0
649334.7535,0
649473.2219,0
649487.0713,0
649822.2142,0
649931.155,0
649959.3243,0
650017.5733,0
650058.9514,0
650068.9102,0
650476.3499,0
650574.1383,0
650789.8041000001,0
651066.7117,0
651079.9436,0
651161.2836,0
651172.0334,0
651326.1656,0
651334.3928,0
651395.7623000001,0
651434.1920833334,0
651434.5228,0
651441.2413999999,0
651487.6867,0
651574.4342,0
651841.3253,0
651851.9414,0
651947.5852,0
652134.5617,0
652496.1323,0
652514.8292,0
652611.5291,0
653123.954,0
653883.1476,0
654186.0179,0
654355.9140999999,0
655068.9603,0
655218.3998,0
655287.91306,0
655288.4674,0
655292.6791,0
655462.3954,0
655885.3352,0
655990.0338,0
656073.0392,0
656272.455,0
656383.5114,0
656568.814,0
656772.0332,0
656961.3742,0
657174.9431,0
658071.2133,0
658227.1143,0
658291.0116,0
658593.08,0
659479.4686,0
659645.0704,0
659702.8838,0
659772.5341,0
660042.3043,0
660060.948,0
660833.6571,0
660874.1408,0
661034.6235,0
661329.8864,0
661363.9774,0
661462.8195,0
661837.1608,0
662146.547,0
662232.2193,0
662552.2003,0
663376.5083,0
663700.075,0
663806.1817,0
663912.7596,0
663927.963,0
664289.4526,0
664307.2358,0
664525.0239,0
664561.9894,0
664637.7798,0
665030.5875,0
665880.1013,0
665899.9456,0
666326.3033,0
666358.5309,0
666480.5197,0
666566.8735,0
667225.5665,0
667543.6534,0
667561.4447,0
667731.3067,0
667860.3323,0
668568.5631,0
668691.2634,0
668700.5728,0
668880.0828,0
668943.0386,0
669441.0519,0
669611.5411,0
669637.7543,0
669951.2923,0
670072.5475,0
670084.8014,0
670095.3772666666,0
670363.06,0
670447.9954,0
670880.1891,0
670892.8219,0
671274.1692,0
671423.5126,0
671599.7323,0
671699.5726,0
671802.2912,0
671990.3667,0
672197.1492,0
672282.883,0
672406.6364,0
672433.6212,0
672560.3866,0
672730.7856000001,0
673070.5599,0
673162.02982,0
673473.5332,0
673524.5076,0
673553.0117,0
674080.7235,0
674084.191,0
674542.479,0
674739.254,0
674858.5371666667,0
675066.353,0
675091.9103,0
675328.7286,0
675526.37458,0
675742.39295,0
675892.03,0
676033.7083,0
676165.5035,0
676567.9435,0
676651.3028,0
676813.0257,0
676922.5518,0
677527.6396,0
677957.8456,0
678075.2381,0
678227.9089,0
678245.7931,0
678375.2413999999,0
678426.5660999999,0
678601.3306,0
678608.8159,0
678643.2526,0
678799.0401,0
678939.3182,0
679166.8375,0
679201.4913,0
679484.7930000001,0
679761.2111,0
679910.2772,0
679927.2575,0
680157.1124,0
680759.1767,0
680998.1355,0
681321.0845,0
681506.9176,0
681631.5791,0
681916.2923,0
682027.0641,0
682122.3067,0
682165.8948,0
682256.5103,0
682390.3744,0
682525.6157,0
682578.9575,0
682590.5216,0
682640.1255,0
682948.732175,0
683023.7295,0
683217.5699,0
683231.3644,0
683236.704,0
683340.5109999999,0
683425.0069,0
683641.9487,0
684183.149,0
684494.4349,0
684647.5635,0
684765.6971,0
684929.464,0
684997.1129,0
685080.1207,0
685094.3201,0
685214.8988,0
685562.0189,0
685627.316,0
685972.3833,0
686272.9995,0
686568.3972,0
686628.8215,0
686768.8185,0
686859.8266,0
687009.3133,0
687375.6372666666,0
687435.0921,0
687649.5249,0
687837.1039,0
688137.8118,0
688419.1557,0
688471.7774,0
688666.7629,0
688995.6961000001,0
689083.47415,0
689113.5527,0
689139.8385666667,0
689195.8344,0
689727.1177000001,0
689960.6493,0
690041.7433,0
690277.4747,0
690596.4232,0
690641.2253,0
690695.3646,0
690712.6926,0
690834.8100166667,0
690887.012,0
690971.938,0
691250.8783,0
691286.8455,0
691337.3792,0
691357.0836,0
691395.7491,0
691468.4939,0
691562.2614,0
691591.8442,0
691850.3635,0
692641.9343,0
692871.0816,0
692904.8746,0
692908.6712,0
692917.4813,0
692941.994,0
692963.8037,0
693278.9292,0
693384.6332,0
693671.1697,0
693864.849,0
693868.596,0
694064.3874,0
694203.1427,0
694248.0399,0
694367.317,0
694466.5803,0
695049.5644,0
695214.664,0
695323.0569,0
695610.8474,0
695619.8119,0
695747.4579,0
695785.6762,0
696060.0197,0
696093.0753,0
696194.1140000001,0
696417.46545,0
696465.0622,0
697090.4559,0
697218.6328,0
697954.4268,0
698019.415,0
698033.2172,0
698157.9859,0
698217.3139,0
698286.9863,0
698415.09445,0
698500.5582,0
698656.5507166666,0
698948.6680000001,0
698965.6662,0
699026.8918,0
699118.4866,0
699145.5978,0
699200.6531,0
699420.2376,0
699456.6859,0
699469.7912,0
699516.137,0
699703.7252,0
699817.9216,0
699971.0575,0
699998.0111,0
700409.7997,0
700535.7707,0
700586.5181,0
700709.2258,0
700895.3493,0
701061.3921,0
701123.2524,0
701144.958,0
701158.0694,0
701705.5663,0
701887.3884,0
702087.4466,0
702093.5626,0
702182.4281,0
702199.8489666666,0
702327.7773,0
702435.2217,0
702540.7056,0
702621.6244,0
702734.3918,0
702983.0893,0
703098.4506,0
703150.654,0
703536.0331,0
703583.4503,0
703604.0161,0
703879.6408,0
703962.0421,0
704409.7823,0
704514.6879,0
704555.3602,0
704589.1938,0
704638.7331,0
704641.4005,0
704805.9353,0
704809.3249,0
704985.493,0
705009.3477,0
705024.705,0
705152.9813,0
705252.1105,0
705358.1754,0
705368.745,0
705752.2466,0
705794.4885,0
706110.6853,0
706144.5142,0
706379.7097,0
706401.8139,0
706425.528,0
707018.5481,0
707034.8806,0
707257.6976,0
707281.5759,0
707291.2838,0
707332.6516,0
707435.5217,0
707439.0544,0
707564.77,0
707576.3183,0
707639.4105,0
707714.8584,0
707750.5397,0
707845.7612,0
708045.6885,0
708135.6148,0
708158.0057,0
708404.6508,0
708693.8208,0
708800.3658,0
709140.8232,0
709272.6103000001,0
709424.3548,0
709551.9695,0
709616.4915,0
709809.8084,0
709998.3926,0
710033.5455,0
710082.0643,0
710139.6041,0
710194.9413,0
710201.7997,0
710240.3518,0
710485.6809,0
710486.2471,0
710523.1106,0
710627.8945,0
710702.1304,0
710826.8222,0
710866.557,0
710964.0749,0
710971.4923,0
711082.7278,0
711441.063,0
711547.6798,0
711697.2894,0
711839.1199,0
711977.736,0
712022.4142,0
712230.7518,0
712273.5416,0
712367.6738,0
712651.7679,0
712694.9418,0
712776.5344,0
712998.3793,0
713014.1295,0
713154.2731,0
713248.2094,0
713279.7759,0
713308.0138,0
713405.7517,0
713712.8157,0
713903.4618,0
713921.3844,0
713928.0683,0
714111.3938,0
714231.0061,0
714317.5742,0
714350.49,0
714741.8183,0
714784.5892,0
714791.1316,0
714841.5119,0
714913.4097,0
715004.7579,0
715160.6718,0
715579.7535,0
715650.4344,0
715880.5843,0
715921.972,0
715964.3446,0
716142.4288999999,0
716295.1597,0
716326.2205,0
716548.3291333333,0
716727.1479,0
716748.9966,0
716751.8373,0
716753.3391,0
717175.8206,0
717278.1824,0
717524.1251,0
717663.1809,0
717672.2997,0
717750.7641,0
717793.5571,0
717856.4276,0
718201.4287,0
718204.6984999999,0
718229.1662,0
718347.2953,0
718891.0871,0
718926.6271,0
719039.6089,0
719084.0511,0
719491.2105,0
719669.0801,0
719883.8651,0
719927.2318,0
720193.0312,0
720204.8305,0
720321.3128,0
720496.0804,0
720951.6557,892.1874000000535
721044.9759,0
721179.6607,0
721678.3145,0
721787.1502,0
722402.1561,0
722466.3438,0
723097.8176,0
723232.8481000001,0
723264.6901,0
723283.7292,0
723511.6345,0
723793.3899000001,0
723847.6410000001,0
723867.5599,0
724428.343,0
724494.0374,0
724530.0252,0
724535.8696,0
724638.8684,0
724656.026,0
724700.6134,0
724856.3955,0
724970.232,0
724990.3702,0
724996.1284,0
725090.8933,0
725193.703,0
725305.0566,0
725352.24,0
725373.224,0
725499.4275,0
725584.5177,0
725640.5347,0
725646.2393,0
725771.2395,0
725818.8572,0
726254.7764,0
726329.8358,0
726333.188,0
726382.9848,0
726910.5611,0
726996.5621,0
727036.2727,0
727821.3605,0
727981.2165,0
728032.7522,0
728190.1155,0
728719.1037,0
728784.1089999999,0
728825.3464,0
728829.2764,0
728900.421,0
729049.8888,0
729055.2529,0
729132.3265,0
729138.311,0
729200.6213,0
729213.8853,0
729224.5662,0
729278.3262,0
729586.9312,0
729678.3938,0
729752.02,0
730141.052,0
730265.7473,0
730302.9709,0
730565.2171,0
730637.6838,0
730772.1271,0
731321.7635,0
731579.7869,0
731704.3241,0
731833.3058,0
732182.8146,0
732230.019,0
732341.1206,0
732352.5787,0
732434.7853999999,0
732671.5866,0
733076.6211999999,0
733198.9108,0
733616.5614,0
734062.5249,0
734305.7542,0
734482.0729,0
734487.4962,0
734596.2422,0
734630.4017,0
734675.7269,0
735095.9092,0
735306.3534,0
735309.8022,0
735434.6469,0
735590.706,0
735746.843,0
736096.2906,0
736140.1674,0
736241.321,0
736847.96226,0
736960.6810999999,0
737118.4637,0
737372.843,0
737443.4301,0
737751.7464,0
737762.6324,0
738163.5043,0
738210.3841,0
738374.5746,0
738450.7646999999,0
738605.767375,0
738717.0007,0
738771.5103,0
738896.0923,0
739151.3596,0
739229.5914,0
739383.9807,0
739510.2877,0
739613.3705,0
739792.4218,0
739960.3314,0
740127.2535999999,0
740293.0848,0
740403.6646,0
740555.2968,0
740876.7184,0
740910.8875,0
740978.615,0
741454.0461,0
742017.132,0
742177.3917,0
742231.8589999999,0
742239.5727,0
742264.3666,0
742405.9717999999,0
742412.7312,0
742903.985,0
743017.883625,0
743240.1455,0
743342.1114,0
743608.7324,0
743699.1509,0
743990.0378,0
744288.163,0
744460.2818,0
744754.9769,0
744913.5754,0
744957.0101,0
745275.0503,0
745456.2559,0
745601.5628,0
745607.7453,0
745628.0844,0
745794.2265,0
746082.4695,0
746270.4192,0
746297.7459,0
746538.8613,0
747050.3062,0
747276.6653,0
747342.2399,0
747535.0279,0
747575.6333,0
747633.9136,0
747927.3452,0
748304.0412,0
748366.2729,0
749261.8817,0
749284.9776,0
749397.9631,0
749624.5783,0
749895.272,0
750377.8846,0
750473.5413,0
750693.0254,0
751050.2554,0
751073.9166,0
751104.9183,0
751126.2423,0
751228.8075666666,0
751745.1062,0
751760.7312,0
751769.8735,0
752238.2417,0
752345.1914,0
752394.9909,0
752505.5391,0
752600.5274,0
752624.2236,0
752686.9045,0
752705.6308,0
752736.6657,0
753128.2381,0
753538.9267,0
753943.3160999999,0
754084.9491166667,0
754871.4213,0
755286.6611,0
755742.4307,0
756805.7389,0
757256.0498,0
757406.9848,0
757493.3142,0
757518.6102,0
757631.0811,0
758236.219,0
758313.3475,0
758366.9343333333,0
758371.2972,0
758459.4162,0
758536.7349,0
758655.3086999999,0
758670.8224,0
758978.1053,0
759371.8837,0
759690.8999,0
760005.5328,0
760079.7517,0
760722.2974,0
760826.884,0
760846.0806,0
760962.0016,0
761056.2942,0
761496.1425,0
761737.9658,0
761904.1021,0
761986.8369,0
762264.8841,0
762300.3917,0
762406.3783,0
762474.3213,0
762579.4151,0
762711.1737,0
762922.9035,0
762926.2180999999,0
762993.466,0
763269.7473,0
763470.6713,0
763539.5052,0
763645.3754,0
763773.3281,0
763862.2552,0
764370.6137333333,0
764646.2304,0
764754.80565,0
764843.6225,0
764863.5899,0
765695.6968,0
765904.7775,0
766079.4486,0
766495.9517,0
766507.9856,0
766665.3313,0
766672.9726,0
766706.0459,0
766753.98476,0
766966.195,0
767050.3365,0
767078.892,0
767303.1108,0
767305.1844,0
767308.6556,0
767396.3606,0
767485.3911,0
768002.7229,0
768215.299,0
768671.6989,0
769167.0934,0
769461.1617,0
769785.8291,0
769915.2660000001,0
770213.1666,0
770216.9306,0
770286.9011666666,0
770352.1372,0
770667.6468,0
771146.7737,0
771312.83226,0
771351.4368,0
771534.7288,0
771560.7738,0
771711.296,0
771779.6559,0
771917.4353,0
771994.6416,0
772100.6197,0
772276.4687,0
772576.8882,0
772817.6761,0
772933.839,0
773022.5658,0
773187.0222,0
773559.0406,0
773770.4511,0
774213.6688,0
774794.3137,0
774819.4081,0
774957.2875,0
774993.6419,0
774999.5506,0
775030.9384,0
775039.7311,0
775042.8282,0
775098.6921,0
775361.1927,0
775364.4549,0
775396.7538,0
775486.6769,0
775665.5876,0
775783.6583,0
775850.954,0
775995.8888,0
776118.68266,0
776431.2111,0
776716.8105,0
776906.3659,0
777059.6211,0
777317.4458,0
777478.2861,0
-----Simulation END-----
