-----Simulation 0-----
172802.0336,0
172860.7905,0
172939.145,0
172964.5899,0
172980.35853333335,0
173240.7629,0
173295.9985,0
173358.609,0
173476.3042,0
173517.3704,0
173777.7006,0
173780.86609999998,0
173860.3795,0
173864.3934,0
173883.3843,0
174174.5308,0
174393.8173,0
174564.4831,0
174667.3791,0
174782.5325,0
175129.3846,0
175241.899,0
175335.3535,0
175341.8009,0
175344.4774,0
175346.6601,0
175468.2872,0
175562.3585,0
175675.06829999998,0
176013.07390000002,0
176165.5137,0
176532.3446,0
176804.4597,0
176809.343,0
177055.7093,0
177090.03884,0
177373.9982,0
177610.4026,0
177624.1815,0
177688.2045,0
177752.1953,0
177781.1672,0
177783.47090000001,0
177854.8209,0
178026.7028,0
178080.4255,0
178106.6493,0
178132.3915,0
178173.5391,0
178482.28132,0
178727.9735,0
178869.3815,0
179032.405,0
179334.3025,0
179339.7593,0
179368.40230000002,0
179373.8098,0
179464.7015,0
179594.07510000002,0
179658.4766,0
179729.2484,0
179735.5306,0
179786.345,0
179887.6047,0
179912.942,0
180013.9745,0
180193.5319,0
180313.0232,0
180356.6688,0
180458.3613,0
180494.2547,0
180601.6221,0
180613.2161,0
180764.7971,0
180793.4127,0
180802.993,0
180883.45919999998,0
180901.0504,0
180924.5986,0
180969.6864,0
180975.3658,0
181660.624,0
181745.6883,0
182149.079,0
182190.3191,0
182278.3606,0
182636.101,0
182641.2119,0
182834.9588,0
182886.5324,0
183025.0535,0
183081.4215,0
183261.7634,0
183319.4001,0
183447.06650000002,0
183845.762,0
184021.6401,0
184109.4235,0
184247.9375,0
184252.2892,0
184462.3614,0
184680.3415,0
184991.9185,0
185035.5182,0
185129.0335,0
185138.4962,0
185155.5096,0
185237.2273,0
185272.4604,0
185421.7191,0
185425.0391,0
185446.1088,0
185809.4376,0
185995.0251,0
186181.1066,0
186288.5425,0
186500.6397,0
186831.9306,0
186907.1389,0
187090.53149999998,0
187099.2401,0
187511.2073,0
187700.5447,0
188106.56650000002,0
188205.8226,0
188292.9127,0
188506.8605,0
188833.4371,0
189120.2609,0
189139.0402,0
189145.5985,0
189187.5682,0
189326.547,0
189329.9563,0
189863.815,0
189864.9001,0
189967.2605,0
190113.5905,0
190148.6371,0
190397.344075,0
190463.2205,0
190536.28100000002,0
190573.6064,0
190592.3191,0
190874.8264,0
190980.5656,0
191267.4842,0
191334.429,0
191382.46899999998,0
191416.9563,0
191543.4254,0
191643.9835,0
191713.6293,0
191760.8522,0
191943.1174,0
192028.1159,0
192047.8224,0
192345.4331,0
192391.9921,0
192409.261,0
192451.2053,0
192602.772,0
192674.02360000001,0
192761.1303,0
192806.9855,0
192821.15350000001,0
192863.6643,0
192996.7506,0
193048.6554,0
193072.3077,0
193144.3334,0
193389.8887,0
193736.0317,0
193781.0547,0
193822.1984,0
194027.4914,0
194080.621,0
194126.37780000002,0
194145.836,0
194333.4227,0
194828.9629,0
194894.6355,0
194975.2645,0
195292.85580000002,0
195361.2271,0
195435.04200000002,0
195470.2179,0
195530.0272,0
195662.7842,0
195811.28639999998,0
195940.2622,0
196174.7251,0
196347.3796,0
196708.3087,0
196734.3022,0
196763.8584,0
196804.5792,0
196866.668,0
197165.63880000002,0
197485.61430000002,0
197671.4378,0
197882.83603333333,0
197988.8559,0
197989.91820000001,0
198059.41820000001,0
198060.3509,0
198106.9676,0
198141.9817,0
198302.5682,0
198471.1911,0
198580.3225,0
198633.4448,0
198735.4658,0
199010.0262,0
199080.0333,0
199298.2383,0
199315.1272,0
199378.7566,0
199421.77659999998,0
199615.6821,0
199684.624,0
199724.575,0
199804.3774,0
199851.5348,0
199906.4077,0
199912.2177,0
199975.75993333332,0
200144.8527,0
200210.61849999998,0
200215.9313,0
200519.2541,0
200734.2079,0
200793.3586,0
201039.1494,0
201080.9267,0
201190.8565,0
201234.5263,0
201250.3687,0
201334.9822,0
201341.21039999998,0
201481.0052,0
201504.44890000002,0
201555.0703,0
201701.0446,0
201783.55920000002,0
201844.8139,0
202079.8922,0
202317.4772,0
202369.5154,0
202707.96649999998,0
202758.2779,0
202790.18660000002,0
202805.2825,0
202912.4765,0
202949.9024,0
203315.346,0
203395.4258,0
203543.49790000002,0
203755.86190000002,0
203894.3664,0
204057.83539999998,0
204350.23619999998,0
204358.2145,0
204367.6569,0
204597.2984,0
204932.49109999998,0
204942.4224,0
204985.4136,0
205026.7319,0
205256.9042,0
205434.3657,0
205717.0557,0
205827.2703,0
205872.9419,0
206146.1778,0
207009.8699,0
207217.23619999998,0
207407.1722,0
207581.9753,0
207632.4973,0
207950.8237,0
207975.3609,0
207977.6172,0
208339.4087,0
209152.6673,0
209366.79450000002,0
209670.4748,0
209700.80180000002,0
209725.0914,0
209810.5366,0
209948.3767,0
210208.6653,0
210270.1089,0
210271.2877,0
210374.1927,0
210715.75400000002,0
210778.0638,0
210990.93693333335,0
211082.0473,0
212041.8045,0
212098.6624,0
212475.3916,0
212588.405775,0
212938.65649999998,0
213310.70059999998,0
213681.8843,0
213694.0847,0
213835.1333,0
213848.195,0
213962.485,0
214409.2428,0
214472.4204,0
214723.4088,0
214889.5407,0
215077.9735,0
215078.5729,0
215114.1606,0
215526.7331,0
215553.8219,0
215592.3258,0
215831.9699,0
215909.08860000002,0
216024.7632,0
216257.4858,0
216469.0905,0
216601.0207,0
216992.5221,0
217172.10580000002,0
217302.8607,0
217481.0621,0
217959.5061,0
218266.61680000002,0
218524.26406666666,0
218560.3334,0
218824.2464,0
219284.1337,0
219380.1681,0
219632.0367,0
219802.8932,0
220104.0733,0
220218.4528,0
220860.526975,0
221007.1318,0
221311.4179,0
221328.2667,0
221575.7573,0
221617.0586,0
222014.0568,0
222042.9248,0
222109.4953,0
222415.3756,0
222520.1774,0
223437.4507,0
223474.1042,0
223508.0221,0
223768.5599,0
223836.5733,0
224204.3488,0
224226.5832,0
224408.22950000002,0
224422.2997,0
224493.8303,0
224520.28889999999,0
224610.3702,0
224657.0128,0
225041.6687,0
225080.7299,0
225103.5973,0
225200.2188,0
225393.5475,0
225615.0883,0
225622.6347,0
225864.361,0
226033.1113,0
226392.9918,0
226581.8963,0
226705.291,0
227301.3375,0
227351.0095,0
227653.682,0
227737.666,0
227967.7592,0
228130.7648,0
228198.4111,0
228391.5118,0
228508.2914,0
228525.6173,0
228645.6596,0
229145.2793,0
229158.1147,0
229188.2781,0
229973.86560000002,0
230392.6134,0
230568.5031,0
230601.23070000001,0
230932.9449,0
231506.53220000002,0
231529.895,0
231847.7205,0
231987.135925,0
232031.3865,0
232145.809,0
232315.9893,0
232340.1666,0
232752.9646,0
233026.1983,0
233089.701,0
233219.2672,0
233712.4062,0
233735.5181,0
233816.5355,0
234090.2874,0
234472.9918,0
234828.679,0
234955.12579999998,0
235281.7515,0
235680.77860000002,0
236059.3368,0
236184.094,0
236266.8314,0
236347.5664,0
236587.4062,0
236693.3506,0
236757.4348,0
236882.7332,0
236999.2997,0
237143.1664,0
237218.9961,0
237357.8744,0
238167.81650000002,0
238447.6038,0
239103.979,0
239545.6723,0
239752.7911,0
240052.9001,0
240177.19449999998,0
240216.2617,0
240939.652,0
241002.8975,0
241009.65720000002,0
241149.497,0
241693.5072,0
241785.7988,0
242084.9932,0
242355.677,0
243502.0072,0
243968.3139,0
244075.2587,0
244167.4485,0
244388.9442,0
244543.2365,0
244573.4497,0
244658.613,0
244674.5277,0
244737.9552,0
244839.7334,0
244864.8853,0
244972.1589,0
245168.7818,0
245485.8442,0
245797.59998333332,0
245848.743,0
246485.2029,0
246520.3755,0
246563.5708,0
246592.2761,0
246793.4785,0
246835.4652,0
247003.5195,0
247046.2525,0
247391.7257,0
247531.2513,0
247966.5869,0
248039.2888,0
248321.2107,0
248322.74206666666,0
248655.8585,0
248735.14365,0
248789.2054,0
248812.0991,0
248995.0179,0
249085.5305,0
249108.8874,0
249297.59590000001,0
249349.1709,0
249361.72323333332,0
249392.5612,0
249647.6254,0
249875.9087,0
249909.3963,0
250042.2263,0
250218.5175,0
250443.0699,0
250536.10869999998,0
250848.4269,0
251115.9091,0
251562.3669,0
251578.555,0
252160.1314,0
252550.3317,0
252708.9318,0
252728.8444,0
253676.9005,0
253753.399,0
253775.6176,0
254028.6146,0
254083.5988,0
254094.38319999998,0
254293.72,0
254323.3375,0
254558.1223,0
254651.12780000002,0
255194.2988,0
255199.2627,0
255230.2767,0
255416.4074,0
255421.6469,0
255663.4107,0
255681.1392,0
255883.3751,0
256036.38880000002,0
256209.3902,0
256221.69890000002,0
256242.5953,0
256380.51669999998,0
256416.5754,0
256503.40110000002,0
256775.4551,0
256899.7321,0
256951.0399,0
256973.24790000002,0
256984.5513,0
257061.8193,0
257091.5919,0
257143.8936,0
257154.3384,0
257191.1932,0
257271.751,0
257290.6118,0
257521.3655,0
257725.1555,0
258037.4416,0
258146.6243,0
258343.87099999998,0
258522.9539,0
258535.3572,0
258710.59279999998,0
258836.24839999998,0
259091.1497,0
259182.3634,0
259228.64789999998,0
259425.375,0
259445.8333,0
259520.8229,0
259571.3197,0
259577.2336,0
259711.9881,0
259970.4472,0
260049.7015,0
260104.4412,0
260291.08179999999,0
260427.7126,0
260721.5445,0
261199.5737,0
261264.5412,0
261294.80469999998,0
261340.306,0
261414.7045,0
261550.448625,0
261624.1689,0
261741.4878,0
261806.2598,0
261816.44819999998,0
261947.1218,0
262116.6655,0
262542.0988,0
263158.9481,0
263183.8853,0
263206.48589999997,0
263257.4052,0
263323.5551,0
263374.8782,0
263382.2162,0
263483.8654,0
263503.0589,0
263738.5436,0
263760.33,0
263773.1039,0
263803.3253,0
263853.5455,0
263925.0072,0
264360.2713,0
264371.7655,0
264405.6206,0
264480.8245,0
264729.014,0
264881.897,0
264970.1239,0
265103.6492,0
265117.4434,0
265203.7182,0
265423.8104,0
265432.2281,0
265481.4578,0
265584.385,0
265745.8213,0
265945.42493333336,0
266093.6225,0
266119.6981,0
266380.6678,0
266905.1148,0
266964.9008,0
267047.1486,0
267072.3032,0
267103.6696,0
267314.9027,0
267347.7357,0
267408.6687,0
267634.2575,0
268060.9177,0
268123.5667,0
268345.13300000003,0
268374.1673,0
268653.2083,0
268655.1625,0
268741.5749,0
268980.1675,0
268994.4382,0
269077.26534,0
269291.3982,0
269459.6375,0
269820.8879,0
269877.1699,0
270585.2372,0
270777.4283,0
270807.8442,0
271027.2871,0
271269.9209,0
271290.0127,0
271570.3667,0
271583.2875,0
271736.9654,0
271785.1321,0
271785.381,0
271791.4882,0
271993.6664,0
272010.221,0
272145.2654,0
272305.4975,0
272791.7279,0
272833.6706,0
272865.045,0
272869.13049999997,0
272949.4043,0
272982.3061,0
273070.3336,0
273576.6923,0
273793.99199999997,0
273843.458,0
273937.4671,0
274193.3567,0
274218.42209999997,0
274592.2277,0
275135.351,0
275605.4352,0
275642.2824,0
275667.3238,0
276178.42339999997,0
276236.512,0
276284.97490000003,0
276480.1456,0
276595.4831,0
276623.2339,0
276712.5807,0
277423.35970000003,0
277576.1198,0
277610.22609999997,0
277727.9805,0
277988.1146,0
278130.9445,0
278238.5788,0
278500.0568,0
278639.1653,0
278652.3251,0
278764.7631,0
278780.3909,0
278790.5673,0
279055.7297,0
279162.6574,0
279224.58,0
279292.0128,0
279557.1056,0
279800.1787,0
279933.9287,0
279969.8068,0
280180.8334,0
280375.6235,0
280400.1878,0
280651.6204,0
280722.5888,0
280766.672,0
280823.8635,0
280881.5467,0
281487.6891,0
281503.2964,0
281543.1646,0
281693.5851,0
281716.9416,0
281760.1159,0
281945.2122,0
281953.9996,0
282200.9425,0
282326.2633,0
282500.3237,0
282533.9886,0
282593.9437,0
282603.1493,0
282606.1861,0
282960.565,0
282961.771,0
283032.2788,0
283182.7118,0
283429.7487,0
283558.7245,0
283748.8103,0
283804.6628,0
283866.7141,0
284018.0088,0
284391.993,0
284416.92209999997,0
284477.7736,0
284503.2796,0
284710.5226,0
284779.8335,0
284800.7204,0
284905.6388,0
285186.7433,0
285196.78119999997,0
285209.8139,0
285421.0188,0
285711.3245,0
285730.5608,0
285815.6081,0
285860.2594,0
286216.1704,0
286371.9813,0
286551.2561,0
286665.3482,0
286726.7003,0
286985.96259999997,0
287151.0133,0
287370.7282,0
287396.1822,0
287552.7594,0
287567.5535,0
287842.216,0
287903.0564,0
287921.2922,0
287969.5325,0
288198.5832,0
288220.3547,0
288527.1873,0
288584.0035,0
288755.66969999997,0
288885.4441,0
288987.205,0
289032.306,0
289136.2273,0
289140.3028,0
289466.3289,0
289628.9594,0
290033.5296,0
290268.6291,0
290303.6076,0
290588.64890000003,0
290798.5132,0
290882.0654,0
290970.1395,0
290995.0621,0
291257.48589999997,0
291497.6643,0
291606.1129,0
291658.4471,0
291744.4996,0
291780.056,0
291805.0192,0
291810.5711,0
291901.7369,0
291922.00820000004,0
292443.2855,0
292563.7485,0
293060.41229999997,0
293165.7707,0
293244.5805,0
293387.1632,0
293458.4338,0
293575.20499999996,0
293779.8116,0
294303.5712,0
294482.58389999997,0
294630.4215,0
294696.4273,0
294957.6218,0
295016.4224,0
295261.2428,0
295330.2699,0
295548.30449999997,0
295700.65260000003,0
295733.1757,0
295747.4705333333,0
295749.95279999997,0
295781.0677,0
295864.801,0
296027.9366,0
296449.9874,0
296515.1517,0
296704.0684,0
296809.3666,0
296822.6494,0
297265.4558,0
297520.6814,0
297524.7289,0
298942.0169,0
299016.74809999997,0
299070.2148,0
299160.4224,0
299164.342,0
299182.61100000003,0
299258.595,0
299387.1727,0
299693.8193,0
299718.0184,0
299767.7496,0
299995.0092,0
300039.9287,0
300194.852,0
300351.0381,0
300504.8879,0
300643.4787,0
300736.12320000003,0
301041.4331,0
301052.1855,0
301295.3688,0
301328.2689,0
301355.5879,0
301547.1871,0
301570.33999999997,0
301807.6986,0
302088.8058,0
302115.9397,0
302127.0729,0
302207.0388,0
302227.8991,0
302231.3359,0
302393.7001,0
302510.5885,0
302592.482,0
302594.8347,0
302738.9841,0
303034.3601,0
303088.6009,0
303275.36569999997,0
303331.4061,0
303403.11919999996,0
303523.2866,0
303550.0969,0
303592.837,0
303723.7486,0
303865.7989,0
304009.4279,0
304040.4675,0
304105.0926,0
304564.43565,0
304711.85498,0
304756.3271,0
304814.8957,0
304949.213,0
305208.758,0
305431.1397,0
305506.3465,0
306454.4661,0
306823.6524,0
306956.8905,0
307163.266,0
307210.3235,0
307216.7706,0
307222.2772,0
307653.2494,0
307709.7515,0
307993.36483333335,0
308422.8569,0
309094.0787,0
309099.2844,0
309173.0858,0
309263.6949,0
309661.9121,0
309925.9522,0
310023.4831,0
310814.8554,0
311010.264,0
311075.9647,0
311488.3744,0
311631.4069,0
311725.2085,0
311934.8991,0
311961.2731,0
312509.0506,0
313154.2871,0
313155.2295,0
313287.5859,0
313408.5554,0
313669.9988,0
313769.3048,0
314171.2847,0
314436.8258,0
314781.7341,0
315111.9319,0
315448.2283,0
315480.0174,0
315624.354225,0
315739.4276,0
316587.1037,0
316596.5593,0
316776.5042,0
317021.8249,0
317028.2548,0
317364.159275,0
317585.9415,0
317712.6359,0
317745.71400000004,0
317946.8919,0
318040.760175,0
318085.3216,0
318152.5186,0
318251.3763,0
318523.392,0
319146.3484,0
319434.7941,0
319521.8760666667,0
319717.5775,0
319862.5528,0
320163.3979,0
320605.526,0
320759.21900000004,0
320884.1598833333,0
321494.9269,0
321519.5079,0
321874.7735,0
321912.2908,0
321922.2914,0
322079.4512,0
322122.9146,0
322618.6224,0
322930.1556,0
323432.9077,0
323525.3018,0
323843.6729,0
323893.2655,0
324513.256,0
324666.95732,0
325369.3245,0
325475.6998,0
325725.6116,0
325920.4393,0
326374.8162,0
326450.7041,0
326790.6296,0
327006.2063,0
327109.0111,0
327126.8926,0
328106.0739,0
328276.0488,0
328556.7942,0
328715.47239999997,0
328980.6384,0
329034.1821,0
329035.2092,0
329087.76540000003,0
329544.0592,0
330019.8471,0
330023.3434,0
330054.61,0
330210.5317,0
330465.9587,0
330560.79469999997,0
330697.1075666667,0
330827.6311,0
330872.6514,0
331184.4495,0
331203.2558,0
331347.5519,0
331435.11135,0
331593.0909,0
331986.44180000003,0
332020.6963,0
332037.8441,0
332352.7942,0
332443.6625,0
332551.80929999996,0
332638.4924,0
332853.4564,0
333041.0919,0
333443.407,0
333480.1622,0
333891.0286,0
333949.08759999997,0
334299.16359999997,0
334340.206,0
334376.1055,0
334610.08640000003,0
334642.7155,0
334736.3395,0
335858.03119999997,0
335994.9081,0
336004.8248,0
336127.3044,0
336150.3128,0
336270.7079,0
336297.9646,0
336481.2361,0
337093.7599,0
337398.543,0
337581.0366,0
337725.2742,0
337910.22109999997,0
338003.7916,0
338076.5825,0
338142.0523,0
338759.84990000003,0
338977.9695,0
339020.7571,0
339178.799,0
339229.60970000003,0
339420.267,0
339763.789,0
340228.5305,0
340387.9954,0
340421.77520000003,0
340984.1255,0
341122.9951,0
341378.4453,0
341819.8569,0
342319.6898,0
342385.5145,0
342407.5477,0
342496.7179,0
342630.547,0
342720.8905,0
343196.6527,0
343564.0732,0
343762.8174,0
343892.8536,0
343936.493,0
344309.027,0
344337.5513,0
344384.1744,0
344668.8158,0
344783.5316,0
345701.3067,0
346032.4919,0
346062.1935,0
346239.9703,0
346265.6862,0
346268.2946,0
346414.4953,0
346527.7024,0
346676.30078,0
346906.8173,0
347042.3911,0
347342.7705,0
347624.8081,0
347730.0817,0
347820.8111,0
347901.6033,0
347992.9204,0
348165.0317,0
348268.2916,0
348420.7493,0
348533.8313,0
348790.8131,0
348901.9903,0
349091.9593,0
349390.2973,0
349564.8147,0
349614.6462,0
349933.2648,0
350042.3426,0
350050.9649,0
350299.54,0
350328.6247,0
350450.4306,0
350647.1242,0
350704.5513,0
351411.123,0
351683.0334,0
351716.8756,0
351769.4435,0
351857.6763,0
351889.3537,0
351916.1441,0
352395.444,0
352442.8811,0
352574.2459,0
352625.871,0
352656.1098,0
352779.0146,0
352838.0457,0
352935.8375,0
352993.8889,0
353026.1017,0
353199.823,0
353293.6441,0
353383.0816,0
353415.6628,0
353791.4961,0
353983.8458,0
354100.0836,0
354215.9668,0
354275.5498,0
354338.17,0
354407.6659,0
354471.0406,0
354555.9419,0
354616.8876,0
354668.6816,0
354708.3325,0
354763.2346,0
354783.4845,0
354851.9615,0
354904.8189,0
354986.2108,0
354989.319,0
355162.8227,0
355199.386,0
355264.533,0
355356.1789,0
355418.1308,0
355957.7037,0
355970.8078,0
355995.3476,0
356049.6674,0
356067.9102,0
356409.9765,0
356696.3722,0
356768.8067,0
357134.3744,0
357205.8117,0
357318.3897,0
357404.51,0
357474.8409,0
357518.6326,0
357620.5039,0
357792.0777,0
357849.0366,0
357921.0833,0
357921.1556,0
358046.1452,0
358737.9108,0
358898.9382,0
359017.2764,0
359228.5308,0
359565.8528,0
359656.4803,0
359879.3706,0
360058.2425,0
360095.0985,0
360142.6753,0
360175.0119,0
360309.2827,0
360727.9335,0
360927.829,0
361493.1731,0
361548.3922,0
361602.3683,0
361673.6935,0
361760.3755,0
361850.4576,0
362270.1345,0
362369.84979999997,0
362697.5123,0
363021.6163,0
363242.5959,0
363265.5612,0
363333.3925,0
363344.814,0
363417.5977666667,0
363448.7891,0
363691.4767,0
363908.1113,0
363932.6335,0
364005.8545,0
364046.7951,0
364108.19920000003,0
364258.4558,0
364398.0427,0
364620.9472,0
364751.0586,0
364877.6642,0
364941.366,0
365045.1384,0
365088.8678,0
365249.3166,0
365287.8838,0
365298.8567,0
365585.5997,0
365634.9113,0
365773.2869,0
365778.262,0
366305.9277,0
366381.703,0
366476.5689,0
366722.5154,0
366732.9326,0
367264.1556,0
367417.625,0
367458.9421,0
367600.0762,0
367996.6969,0
367997.632,0
368092.9477,0
368121.677,0
368172.7439,0
368285.9083,0
368320.9976,0
368360.2273,0
368522.4656,0
368559.8961,0
368643.5234,0
368849.5375,0
368952.6284,0
368972.3372,0
369010.7348,0
369019.7745,0
369045.7274,0
369195.6714,0
369341.0889,0
369523.8224,0
369571.8972,0
369785.2554,0
369965.3383,0
370038.4639,0
370638.2611,0
370648.3529,0
370761.2387,0
370789.9944,0
370958.0459,0
370961.0226,0
371258.0723,0
371322.5334,0
371620.9461,0
371902.0001,0
371934.2644,0
371973.3293,0
372230.7783,0
372325.6051,0
372715.0676,0
372814.0001,0
373079.733,0
373139.5592,0
373389.6673,0
373538.1407,0
373582.4941,0
373592.6173,0
373647.3094,0
373673.5475,0
373711.5029,0
373815.8995,0
374005.6558,0
374035.079,0
374272.3121,0
374286.4014,0
374457.74,0
374562.5247,0
374593.7243,0
374663.04480000003,0
374709.4599,0
374806.1833,0
374812.4289,0
374849.8021,0
374989.54709999997,0
375001.9852,0
375055.9591,0
375070.6625,0
375092.0204,0
375342.4275,0
375849.3717,0
376004.9005,0
376276.1291,0
376286.5839,0
376468.773,0
376747.1179,0
377031.2453,0
377256.9371,0
377314.6315,0
377671.637225,0
377959.4585,0
377961.996,0
378028.3439,0
378420.4978,0
378615.4464,0
378627.2121,0
378726.9287,0
378801.1658,0
379038.92319999996,0
379286.9361,0
379367.4106,0
379388.0567,0
379416.0452,0
379525.12690000003,0
380246.08400000003,0
380315.3065,0
380771.16000000003,0
381563.7262,0
381845.5167,0
381915.4145,0
382121.3119,0
382219.0172,0
382313.6569,0
382431.87820000004,0
382439.94920000003,0
382687.0602,0
382700.98122,0
382779.731,0
382827.6571,0
383205.63800000004,0
383329.1039,0
383379.4534,0
383472.1189,0
383774.0756,0
383818.19180000003,0
384011.130075,0
384068.8397,0
384173.7631,0
384182.8826,0
384218.1723,0
384257.9644,0
384408.273,0
384443.9514,0
384542.4064,0
384570.99439999997,0
384678.5257,0
384745.782975,0
384780.2661,0
385025.9337,0
385170.2092,0
385185.6579,0
385216.5256,0
385253.904,0
385483.8996,0
385637.6657,0
385975.1394,0
385987.123,0
386094.5721,0
386141.8698,0
386275.0408,0
386414.9122,0
386544.0245,0
386547.9803,0
386864.5983,0
386907.0691,0
386943.8103,0
387090.6572,0
387236.0343,0
387410.1182,0
387728.439,0
387745.4655,0
387885.2327,0
387915.7209,0
388055.4424,0
388163.3213,0
388539.8299,0
388823.8517,0
388984.0206,0
389064.0513,0
389420.5369,0
389477.7022,0
389516.5426,0
389669.7589,0
389852.16469999996,0
390138.575,0
390411.6143,0
390652.8809,0
390944.6298,0
391180.94909999997,0
391454.94680000003,0
391493.306,0
391587.325,0
391921.7899,0
392011.8876,0
392260.3007,0
392311.59123333334,0
392640.55700000003,0
392663.5575,0
392828.98970000003,0
393135.8243,0
393353.4126,0
393716.1836,0
393812.6497,0
393873.2618,0
394046.353325,0
394161.12069999997,0
394162.56649999996,0
394338.8161,0
394367.4073,0
394526.6719,0
394742.9936,0
395073.7375,0
395326.96880000003,0
395387.1256,0
395431.7335,0
395550.0896,0
395798.74549999996,0
396020.2163,0
396548.3192,0
396834.216,0
396908.7928,0
397188.6143,0
397368.756,0
397525.7639,0
397694.4525,0
397822.0516,0
398029.9902,0
398214.0912,0
398259.7634,0
398517.1132,0
398805.0499,0
398939.739,0
399160.3908,0
399821.3354,0
399932.91599999997,0
400349.5725,0
400649.7945,0
400731.615,0
400983.405,0
401273.2242,0
401686.9691,0
401802.8869,0
402220.1124,0
402230.8489,0
402247.6334,0
402787.0447,0
402916.3603,0
402964.792,0
403411.8322,0
403483.8691,0
403958.24580000003,0
404491.4717,0
404743.9403,0
404836.7047,0
404955.5812,0
405052.2721,0
405370.7297,0
405722.6467,0
405825.4186,0
405877.9317,0
406164.2581,0
406232.9602,0
406335.6507,0
406496.0871,0
406954.6249,0
407176.7656,0
407230.1133,0
407485.369,0
407700.1419,0
407815.3638,0
407968.0188,0
408140.3192,0
408199.7921,0
408218.8284,0
408279.4769,0
408335.4861,0
408459.8477,0
409452.9529833333,0
409752.7206,0
410039.4321,0
410284.905,0
410394.0907,0
410534.81799999997,0
410637.3921,0
411062.7877,0
411220.1646,0
411279.0022,0
411287.03216666664,0
411356.0253,0
411359.3585,0
411433.87518333335,0
411735.1678,0
412132.8325,0
412286.6252,0
412319.6112,0
412811.1156,0
413896.4169,0
413972.4043,0
414257.2178,0
414327.616,0
414978.6851,0
415043.1397,0
415086.2304,0
415333.0886,0
415417.6012,0
415606.42339999997,0
415795.5323,0
415836.3091,0
415928.8538,0
416491.1833,0
416722.3635,0
416813.7687,0
416815.9702,0
417062.6598,0
417159.9702,0
417655.9394,0
417826.4732,0
417965.0763,0
418111.9838,0
418119.26529999997,0
418267.0401,0
418569.5925,0
418711.51225,0
418876.6406,0
419070.1189,0
419252.8704,0
419368.2319,0
419452.7325,0
419705.984,0
419985.936,0
420029.5194,0
420210.02749999997,0
420244.2021,0
420296.78859999997,0
420642.54804,0
420690.0939,0
421388.2225,0
421417.56799999997,0
421648.26300000004,0
421746.1103,0
422230.6577,0
422302.6029,0
422314.7585,0
422439.6387,0
422769.264,0
423108.2867,0
423118.8539,0
423327.7565,0
423589.1262,0
423741.9999,0
423929.28740000003,0
423993.7336,0
424019.7961,0
425339.9261,0
425413.229,0
425600.3029,0
425939.1801,0
426017.8702,0
426172.9878,0
426428.364,0
426589.1805,0
426697.4434,0
427058.63910000003,0
427095.9486333333,0
427304.3218,0
427330.9442,0
427589.8429,0
427975.264,0
428181.3225,0
428477.2302,0
428506.1708,0
428790.5787,0
429619.0375,0
429861.2218,0
430399.0912,0
430630.3195,0
430738.2345,0
430782.0193,0
430994.3644,0
431094.6887,0
431106.3589,0
431144.38846,0
431152.8661,0
431165.3469,0
431223.6801,0
431301.3649,0
431554.4293,0
431638.7408,0
431711.54613333335,0
431740.7531,0
431844.24,0
431862.8651,0
432460.2029,0
432595.9657,0
432666.4539,0
432726.004,0
432893.60105,0
432938.4233,0
432993.7315,0
433099.7842,0
433156.39921666664,0
433158.1805,0
433252.525,0
433257.9182,0
433280.5045,0
433338.0976,0
433509.7222,0
433581.8878,0
433651.8545,0
433702.9622,0
433733.904,0
434117.2556,0
434300.0455,0
434726.439,0
434849.3851,0
434947.4262,0
434966.3718,0
435115.0444,0
435422.8503,0
435540.7431,0
435549.4297,0
435585.9068,0
435665.501,0
436029.7348,0
436106.3366,0
436145.414,0
436226.6135,0
436230.8591,0
436324.5042,0
436385.975,0
436403.5172,0
436478.7428,0
436625.89910000004,0
436655.9263,0
437093.7113,0
437106.7496,0
437115.8924,0
437121.288,0
437431.3038,0
437473.2594,0
437716.9661,0
437776.7485,0
437813.7274,0
437843.7858,0
437907.3686,0
437917.38289999997,0
438043.2834,0
438131.7182,0
438140.0307,0
438142.9391,0
438255.826,0
438489.8522,0
438524.8651,0
438581.301,0
438853.8823,0
438971.56440000003,0
439011.6798,0
439096.5473,0
439226.048,0
439724.4128,0
439738.1736,0
440086.7643,0
440158.3195,0
440196.9837,0
440232.54,0
440313.0284,0
440457.4081,0
440883.0111,0
440930.4547,0
441185.3529,0
441272.8886,0
441325.7211,0
441650.1145,0
441681.64639999997,0
441847.8113,0
441927.2541,0
442198.9758,0
442324.205,0
442328.3845,0
442412.6985,0
442470.8131,0
442596.12069999997,0
442656.8161,0
442709.5353,0
442776.2731,0
442821.8467,0
443044.73840000003,0
443272.2259,0
443314.1884,0
443652.1445,0
443999.1574,0
444016.1362,0
444017.53500000003,0
444314.1152,0
444359.3842,0
444521.247,0
444643.9807,0
444664.9168,0
444858.0824,0
444872.8681,0
445100.1497,0
445252.2061,0
445325.3801,0
445405.8828,0
445563.0432,0
445577.3556,0
445590.9684,0
445949.8002,0
446180.8358,0
446729.5929,0
447039.7631,0
447221.08400000003,0
447293.1564,0
447461.9049,0
447589.6519,0
447658.6242,0
447703.421,0
447761.5842,0
447889.1206,0
447961.827,0
447967.49450000003,0
448020.3243,0
448072.8647,0
448153.8797,0
448502.278,0
448513.1834,0
448517.1757,0
448680.5849,0
448710.8833,0
448838.815,0
449148.2539,0
449167.20160000003,0
449192.9745,0
449234.3817,0
449274.257,0
449289.75430000003,0
449398.603,0
449521.72250000003,0
450101.26,0
450194.26529999997,0
450359.6496,0
450527.3252,0
450574.8585,0
450590.7574,0
451130.6102,0
451377.18200000003,0
451494.8985,0
451546.3686,0
451658.4577,0
451804.8543,0
451857.4065,0
451870.1399,0
451981.34369999997,0
452115.9537,0
452149.9507,0
452168.5132,0
452267.7253,0
452529.4539,0
452583.3311,0
452719.7684,0
452905.3576,0
453085.1834,0
453122.3604,0
453249.8321,0
453480.4566,0
453702.1956,0
453714.0299,0
453754.2427,0
453858.2648,0
453889.3709,0
454025.7013,0
454146.9662,0
454262.0056,0
454293.5399,0
454359.0155,0
454550.2973,0
454656.1852,0
454845.3752,0
454921.34030000004,0
455242.83770000003,0
455250.9402,0
455349.8237,0
455398.5085,0
455445.5628,0
455819.0442,0
455856.52,0
455965.1706,0
456093.3929,0
456156.0384,0
456496.2831,0
456545.668,0
456637.1069,0
456700.5131,0
456718.7536,0
456726.5683,0
456917.3469,0
457272.8053,0
457298.7472,0
457337.7338,0
457451.4081,0
457494.3391,0
457816.4693,0
457998.8065,0
457999.68929999997,0
458064.485,0
458341.0747,0
458375.9156,0
458649.2332,0
459051.0825,0
459199.8357,0
459325.2692,0
459381.0474,0
459629.3905,0
459687.41839999997,0
459763.2022,0
460258.1642,0
460464.4055,0
460595.4337,0
460672.86950000003,0
460675.4946,0
460895.2682,0
460919.25549999997,0
461209.454,0
461468.2535,0
461745.8249,0
461800.9932,0
461956.4209,0
462047.4127,0
462200.8017,0
462286.7866,0
462490.23860000004,0
462540.2124,0
462662.3296,0
462672.1037,0
462705.7074,0
462942.51780000003,0
463101.6643,0
463129.3721,0
463152.4261,0
463153.0467,0
463157.0462,0
463189.9297,0
463561.2169,0
463809.0414,0
463868.3215,0
464188.7223,0
464466.6429,0
464506.3017,0
464625.8446,0
464656.9142,0
465013.9092,0
465080.8352,0
465137.6872,0
465137.73840000003,0
465195.37309999997,0
465296.5542,0
465420.5756,0
465508.6409,0
465627.7005,0
465912.1034,0
466360.4116,0
466856.5618,0
466943.7615,0
467078.7426,0
467089.03489999997,0
467495.1815,0
467731.7796,0
468333.4014,0
468366.0224,0
468630.6145,0
469105.4436,0
469457.87950000004,0
469462.1761,0
469831.6216,0
469926.0124,0
470746.2390333333,0
470879.96499999997,0
471260.4269,0
471970.0446,0
471989.29839999997,0
472116.1361,0
472274.8945,0
472280.3618,0
472311.6577,0
472410.3031,0
472460.0348,0
472522.27390000003,0
472595.773,0
472711.53119999997,0
472772.8292,0
472981.6936,0
473273.1192,0
473761.0878,0
473764.78229999996,0
473921.1398,0
474120.5196,0
474183.9421,0
474214.3155,0
474600.1767,0
474848.727,0
474896.1896,0
475033.1701,0
475416.68468,0
475437.4201,0
475984.5949,0
476341.7174,0
476451.8038,0
476478.6779,0
476524.4484,0
476580.3976,0
477187.1814,0
477501.4936,0
477529.0764,0
477718.3766,0
478616.8732,0
478955.9026,0
479116.33530000004,0
479441.69026666664,0
479590.24569999997,0
479916.6459,0
479932.73230000003,0
479968.3017,0
479983.246,0
480246.2204,0
480267.424,0
480508.6354,0
480618.5799,0
480869.7904,0
480955.0805,0
481090.5819,0
481123.3516,0
481281.7435,0
481392.71900000004,0
481458.4341,0
481476.6813,0
481532.8172,0
481884.0909,0
482498.4684,0
482545.3584,0
482725.7663,0
482759.5328,0
482847.8823,0
482885.7158,0
483180.2723,0
483385.232,0
483401.4318,0
483555.1786,0
483567.6581,0
483701.2532,0
483884.7351,0
484001.9864,0
484058.2925,0
484149.6628,0
484330.1334,0
484378.37936666666,0
484506.8267,0
484691.4936,0
484842.0106,0
484981.6241,0
485378.41819999996,0
485476.9459,0
485705.4153,0
485797.6542,0
485851.1002,0
486106.8648,0
486322.3689,0
486385.3301,0
486490.9699,0
487002.6415,0
487331.893675,0
487428.9227,0
487593.672,0
487611.8666,0
487763.3618,0
488061.8383,0
488098.4981,0
488392.64509999997,0
488629.7485,0
488663.899,0
488913.54285,0
489291.253,0
489576.469,0
489618.0519,0
489921.3153,0
490037.5927,0
490064.8228,0
490390.1595,0
490600.8025,0
490667.7069,0
490739.05233333335,0
490799.2781,0
490799.72132,0
491229.0735,0
491284.8309,0
491368.4428,0
491382.1534,0
491668.8481,0
491930.5151,0
491933.1099,0
492007.4127,0
492212.4856,0
492346.5458,0
492435.2837833333,0
492481.4203,0
492496.2334,0
492679.5903,0
493047.6713,0
493354.6675,0
493466.4069,0
494150.2315,0
494764.16359999997,0
494860.8824,0
494960.4816,0
495094.34739999997,0
495123.5158666667,0
495386.2838,0
496097.0529,0
496905.96,0
496959.0721,0
497077.8102,0
497138.1595,0
497255.3501,0
497300.7992,0
497438.1296,0
497691.9604,0
497764.7751,0
497876.0655,0
498277.3016,0
498399.4033,0
498540.6014,0
498679.1091,0
499203.4812,0
499302.5792,0
500059.5696,0
500273.2957,0
500293.1517,0
500319.7371,0
500401.5938,0
500537.0083,0
500731.9839,0
500787.2697,0
500881.2069,0
501069.0245,0
501538.3555666667,0
501978.6942,0
502235.2985,0
502347.8062,0
502392.3412,0
502534.5966,0
502757.0841,0
502889.74035,0
503088.2796,0
503223.2252,0
503230.2973,0
503260.9526,0
503368.9503,0
503481.35414,0
503970.7025,0
504230.0706,0
504708.184,0
504945.1862,0
505077.0037,0
505089.5054,0
505159.9232,0
505216.2499,0
505360.3641,0
505404.8885,0
505408.6589,0
505620.5099,0
505932.1214,0
506214.058,0
506216.9744,0
506242.1798,0
506250.5713,0
506464.7818,0
506679.1487,0
506783.41,0
506845.9216,0
506914.3103,0
506966.9568,0
507031.33905,0
507452.0039,0
507596.1719,0
507625.5022,0
507626.8948,0
507819.6214,0
507879.8611,0
507917.1769,0
508098.4829,0
508339.9548,0
508456.8253,0
508491.945,0
508544.73459999997,0
508551.5922,0
508644.2772,0
508916.7462,0
508990.6676,0
509020.7931,0
509099.4436,0
509359.0879,0
509864.9192,0
509931.2325,0
510182.9802,0
510298.7378,0
510317.3648,0
510666.6544,0
510692.7794,0
510778.0534,0
510815.3469,0
511038.7025,0
511384.5572,0
511449.5621,0
511739.3979,0
512142.7674,0
512179.9422,0
512317.5645,0
512908.1787,0
512946.48089999997,0
513055.0468,0
513677.5087,0
514021.711,0
514241.1509,0
514268.984,0
514387.899,0
514549.385,0
515016.3117,0
515083.9353,0
515175.985,0
515348.6228,0
515569.2665,0
515756.9397,0
515821.9735,0
515862.5462,0
516090.4108,0
516093.1043,0
516180.3932,0
516365.5903,0
516557.1773,0
516659.2203,0
516915.2242,0
517055.3412,0
517070.4976,0
517098.7809,0
517132.4163,0
517448.0232,0
517470.6651,0
517876.3622,0
518106.8722,0
518465.3693,0
518778.0414,0
518791.324,0
518885.0286,0
519108.6627,0
520193.7156,0
520570.32660000003,0
520659.1416,0
520716.4617,0
521237.4297,0
521726.6487,0
521803.0854,0
521804.224,0
521819.0002,0
522018.5787,0
522045.3297,0
522070.53500000003,0
522238.1019,0
522506.6379,0
522516.90760000004,0
522560.7957,0
522590.9319,0
522869.0408,0
522982.9248,0
523075.8921,0
523167.16599999997,0
523181.4162,0
523724.6577,0
523755.5858,0
523840.8764,0
523852.3845,0
523952.9422,0
523981.556,0
523999.4544,0
524032.8823,0
524043.7027,0
524091.7069,0
524620.8494,0
524820.3625,0
524857.2952,0
525002.251,0
525355.3035,0
525462.432,0
525516.1511,0
525627.808,0
525847.5664,0
525983.4975,0
525985.1178,0
526145.8373,0
526149.011,0
526334.0741,0
526442.6325,0
526490.8297,0
526518.3053,0
526640.1567,0
526809.4645,0
527119.5506,0
527156.062,0
527217.6859,0
527290.9856,0
527396.4272,0
527473.6703,0
527510.3144,0
527555.5437,0
527632.1213,0
527647.2,0
527868.4268,0
528028.3531,0
528426.9492,0
528504.6744,0
528531.6282,0
528552.7651,0
528554.7323,0
528567.213,0
528584.8656,0
528786.3828,0
528920.912,0
528944.0930999999,0
528984.1804,0
529580.5583,0
529683.2987,0
529867.351,0
530100.7764,0
530106.2109,0
530166.6385333333,0
530207.5953,0
530225.7365,0
530344.4626,0
530693.824,0
530820.2674,0
530904.3984,0
531051.7024,0
531265.3,0
531644.1466,0
531938.1167,0
532123.9521999999,0
532175.5288,0
532228.7039,0
532358.5391,0
532384.3139,0
532518.4437,0
532557.4369,0
532589.9498000001,0
532590.5992,0
532680.232,0
532702.195,0
532804.435,0
533022.1216,0
533260.6872,0
533427.6109,0
533558.3606,0
533859.5694,0
533883.3978,0
534363.92165,0
534629.1221,0
534725.5086000001,0
534744.427,0
534749.3991,0
535016.4765,0
535027.9536,0
535071.1835,0
535236.6801,0
535407.3515999999,0
535526.6599,0
535535.4449,0
535846.197,0
536006.3389,0
536281.1322,0
536322.2048,0
536606.3599,0
536692.0615,0
536722.8651,0
536754.8559,0
536802.9663,0
536945.2112,0
537072.7803,0
537089.2523,0
537094.5305,0
537333.9407,0
537690.8299,0
537807.625,0
537878.0392,0
538069.6368,0
538135.9932,0
538228.4784,0
538315.3609,0
538410.7701,0
538477.769,0
538574.0175,0
538786.4116,0
538864.1392,0
539023.8631,0
539132.7473,0
539232.1862,0
539382.3345,0
539449.3682,0
539742.2673,0
539745.2456,0
539774.5488,0
540040.2117,0
540044.2678,0
540066.9097,0
540306.1354,0
540320.5284,0
540681.1583,0
540879.2702,0
540998.4196,0
541095.4359,0
541335.745,0
541482.5401999999,0
541494.2696,0
541558.225,0
541831.2427000001,0
541876.2765,0
541928.1049,0
541992.2721,0
542061.4319,0
542278.4182,0
542345.2447,0
542363.5749,0
542375.4124,0
542386.1074,0
542495.1808,0
542674.0514,0
542864.7593,0
542952.1652,0
543123.7985,0
543193.3562,0
543261.5424,0
543495.6542,0
543532.7153,0
543612.4177,0
543682.5324,0
543805.5222,0
543817.7435,0
544068.5703,0
544109.2252,0
544203.5523,0
544356.4175,0
544417.1804,0
544516.6853,0
544547.9902833333,0
544799.9099,0
544879.5474,0
544933.7836,0
545222.5117,0
545395.2329,0
545916.8218,0
545923.0223,0
545924.3168,0
545930.1155,0
545978.4804,0
546235.0813,0
546314.2702,0
546397.0062,0
546677.2138,0
546801.277,0
546976.2648,0
546980.2976,0
547081.0266,0
547097.087,0
547238.9401,0
547390.9007,0
547793.3755,0
548211.8197,0
548212.8321,0
548617.1375,0
548656.2983,0
548973.9992,0
548993.0603,0
549319.4616,0
549580.2067,0
549612.1917,0
549651.4924,0
549825.0226,0
549982.198,0
550113.9085,0
550260.1006,0
550313.7401,0
550354.9764,0
550387.2984,0
550406.2126,0
550637.3205,0
550754.5779,0
550798.6471,0
550894.4633,0
550970.6407999999,0
551117.9318,0
551252.4436,0
551624.5693,0
551794.7568,0
551879.7464000001,0
552245.1074,0
552280.6771,0
552404.7126,0
552409.2203,0
552473.8653,0
552659.8086,0
552712.2823,0
552788.446,0
552803.3776,0
552806.9691,0
552884.6077,0
552900.5777,0
552951.8277,0
552974.7459,0
553160.1613,0
553210.8895,0
553388.3057,0
553560.7043,0
553615.9199,0
553969.0597,0
554658.2082,0
554720.5098,0
554726.0845,0
555223.2586000001,0
555459.6888,0
555539.8551,0
555718.7994,0
555896.1602,0
556235.8098,0
556523.7823,0
556664.1171,0
556834.1027,0
557244.252,0
557452.5249,0
557817.8607,0
557906.4737,0
557914.3005,0
557924.3929,0
558245.1052,0
558318.7526,0
558448.6751999999,0
558595.1084,0
558963.5606,0
559184.5498,0
559332.9975,0
559488.6174,0
559534.4709,0
559549.9069000001,0
559778.7561,0
559848.7714,0
560324.6683,0
560618.3071,0
560632.0612,0
560645.2067,0
560647.2533,0
560972.1555,0
560992.6221,0
561155.8892,0
561223.3148,0
561969.279,0
562467.3822,0
562528.6472,0
562834.4971,0
563515.6338,0
563777.3391,0
563846.9869,0
563854.3167,0
563878.5368,0
563922.6859,0
564374.8124,0
564435.7379,0
564536.9908,0
564589.6795,0
564810.9996,0
564955.5161,0
565277.3080333333,0
565295.6833,0
565450.5978999999,0
565608.0467000001,0
565791.67,0
565821.8434,0
565822.0932,0
565933.2654,0
566248.4998,0
566431.884,0
566675.6066,0
567132.2800333333,0
567398.2703,0
567631.4679,0
567662.7131,0
567696.1787,0
568302.2962,0
568461.2495,0
568581.8273,0
568590.1176,0
568637.8937,0
568780.4393,0
568861.6238,0
569293.3597,0
569448.4821,0
569807.4314,0
569975.0439,0
570818.583,0
570836.9381,0
571137.7959,0
571231.7441,0
571331.0869,0
571434.3931,0
571448.6128,0
571536.5741,0
571599.071,0
571714.1047,0
571889.269,0
571944.8173,0
572033.6802,0
572105.3742,0
572420.9858,0
572440.6848,0
573925.0911,0
573960.5332,0
574075.4532,0
574321.691,0
574882.8723,0
575278.6771,0
575287.3185,0
575814.0887,0
575978.5472,0
576005.1387,0
576464.4153,0
576520.0436,0
576531.2239,0
576776.4771,0
576978.5984,0
577046.94204,0
577427.1884,0
577680.846,0
578361.104,0
578384.1915,0
578420.7721,0
578541.3589,0
578580.9814,0
578996.6846,0
579015.3796999999,0
579241.8833,0
579262.272,0
579428.8872,0
579510.2131,0
579641.6204,0
579795.3992,0
579796.3201,0
580388.6897,0
580389.5202,0
580731.1302,0
580768.6765,0
580849.3651,0
580923.125,0
580928.093,0
580934.1817,0
581020.3172,0
581044.6516,0
582188.4649,0
582310.1127,0
582342.0389,0
582607.0747,0
582810.4875,0
582997.057,0
583089.6934,0
583186.186,0
583371.9474,0
583844.4259,0
584297.6587,0
584333.4785,0
584573.0066,0
584672.5512166667,0
584895.9656,0
585002.8804,0
585268.274,0
585460.3981,0
585703.4561,0
585983.5292,0
586174.6187,0
586403.8405,0
586404.6765000001,0
586512.26646,0
586529.0952,0
586676.1961,0
586905.1901,0
587135.0499,0
587382.6445,0
587969.7463,0
588056.7753,0
588279.8658,0
588487.5943,0
588551.33,0
588867.9748,0
588918.9297333333,0
589177.3466,0
589269.6742,0
589307.1534,0
589380.4389,0
589381.3735,0
589489.2849,0
589818.0312,0
589946.1244,0
590220.8795,0
590536.1362,0
590833.5175,0
590901.9778,0
591218.0417,0
591537.4488,0
591628.4651,0
591739.5788,0
591943.4798,0
592099.6066,0
592559.523,0
592717.5476,0
593159.7351,0
593485.2169,0
593522.1429,0
593545.808,0
593576.2764,0
593708.278,0
593762.3725,0
593854.3305,0
593897.683,0
593959.8575,0
594079.3412,0
594561.3023,0
594595.5623,0
594615.2235,0
594698.863,0
595070.1658,0
595673.0458,0
596064.6902,0
596175.0624,0
596423.0978,0
596481.4626,0
596663.624,0
596972.5619,0
597112.4164,0
597191.1914,0
597612.5663,0
598130.7293,0
598173.9859,0
598229.4602,0
598412.669,0
598687.9595,0
598871.6742,0
599066.7881,0
599584.499325,0
599879.0576,0
599995.3678,0
600074.858,0
600142.5216,0
600199.1077,0
600316.8332,0
600584.1819,0
600608.1299,0
600624.3573,0
601168.7019,0
601248.0903,0
601453.7087,0
601742.3718,0
601914.4201,0
601965.1683,0
601982.5976,0
602173.6896,0
602374.5868,0
602621.8953,0
602870.2351,0
602941.2602,0
603050.925,0
603105.9258,0
603124.3376,0
603745.2404,0
603777.975,0
603835.576,0
603911.5641,0
604007.4966,0
604041.4802,0
604064.2696,0
604170.8744,0
604279.1488,0
604305.2528,0
604373.4157,0
604498.96565,0
604725.0372,0
604820.1375,0
604873.6032,0
604963.5194,0
604983.9034,0
605005.0339,0
605043.4301,0
605122.763,0
605158.2609,0
605458.1537,0
605615.273,0
605743.368,0
606568.703,0
606823.6569,0
607004.81975,0
607111.9469,0
607275.9391,0
607393.5584,0
607696.0663833333,0
607743.7657,0
607943.3169,0
608183.3013,0
608225.921,0
608748.5886,0
608925.3077,0
608945.2565,0
609014.991,0
609125.1564,0
609274.4488833334,0
609296.0992,0
609626.9545,0
609667.6577,0
609678.5188,0
609698.1090666667,0
609812.8225,0
609860.6041,0
609885.4552,0
609942.9424,0
610003.1224,0
610009.185,0
610114.2518,0
610183.9831,0
610335.5123000001,0
610511.4186,0
610766.6599,0
610942.7883,0
610976.7295,0
610986.5146666666,0
610996.0135,0
610996.1646,0
611114.8174,0
611174.2231000001,0
611180.7809,0
611192.1619,0
611285.5739,0
611304.2093,0
611334.5226,0
611449.0295,0
611593.9056666667,0
611632.6626,0
611752.6798,0
611789.4939,0
611814.9528,0
611886.2286,0
612283.2318,0
612285.7259,0
612343.7043,0
612716.4234,0
612806.9410999999,0
612859.9818333334,0
612918.5176,0
613037.7527,0
613148.2763,0
613246.4348,0
613303.1482,0
613315.3226,0
613441.6015,0
613612.2777,0
613765.8648,0
613786.6812,0
614443.9945,0
614495.9868,0
614638.1146,0
614861.5993,0
614876.102,0
614884.4226,0
615094.4752,0
615099.0855,0
615171.7797,0
615413.7753,0
615791.2366,0
615819.1696,0
616001.1255,0
616103.4532,0
616356.8994,0
616468.0543,0
616514.0593,0
616533.1099,0
616579.0266,0
616696.4299,0
616844.1559,0
616976.0252,0
617200.4953,0
617304.0624,0
617406.3486,0
617454.099,0
617515.8412,0
617580.5268999999,0
617614.0059,0
617646.1331,0
617677.2936,0
617739.9055,0
617868.3563,0
618054.5696,0
618120.5957,0
618177.987,0
618317.9197,0
618371.0127,0
618461.077,0
618620.7072,0
618812.906,0
618847.1983,0
619107.2197,0
619515.7248,0
619557.8516,0
619640.4031,0
619702.5624,0
620051.3909,0
620125.6248,0
620328.8608,0
620538.0484,0
620793.8388,0
621358.6955,0
621595.226,0
621648.3353,0
621949.5293,0
622039.6274,0
622079.1618,0
622117.5679,0
622491.0943,0
622766.0961,0
622791.3642,0
622899.6104,0
622966.351,0
623005.6523,0
623071.6079,0
623087.4723,0
623097.2974,0
623160.9836,0
623238.8693,0
623284.039,0
623347.5634666666,0
623500.0493,0
623971.6255,0
624074.1401,0
624135.7092,0
624155.0477,0
624341.4322,0
624354.5534,0
624810.8096,0
624836.5708,0
625063.8373,0
625076.8576,0
625107.2895,0
625176.5334,0
625177.5381,0
625180.8722,0
625251.9666,0
625357.7403,0
625398.0322,0
625587.1129,0
625614.1125,0
625788.3454,0
626031.5956,0
626388.1714999999,0
626457.4111,0
626942.7765,0
627090.0418,0
627483.9829,0
627532.8921,0
627539.6091,0
627684.704,0
627909.3118,0
628036.5463,0
628130.9551,0
628225.4777,0
628275.077,0
628345.702,0
628451.0706,0
628570.5413,0
628571.6505,0
628648.3805,0
628660.3719,0
628687.0769,0
628784.9272,0
628874.2738,0
628905.2601,0
629333.7179,0
629359.1969,0
629694.7789,0
629696.1165,0
629702.148,0
629796.2566,0
629987.9329,0
630486.005,0
630670.1321,0
631149.7617,0
631491.8018,0
631602.3461,0
631646.1576,0
631670.1279,0
631783.8844,0
632225.4109,0
632281.3435,0
632355.4745,0
632397.4417,0
632427.6208,0
632457.1465,0
632665.1328,0
632736.2918,0
632830.6396,0
632854.2422,0
632865.5454,0
633085.7885,0
633227.7309,0
633306.5882,0
633449.6074,0
633539.3479,0
633591.3014,0
633647.2236,0
633959.3427,0
634111.119,0
634448.928,0
634511.7698,0
634614.3754,0
634749.4176,0
634973.4815,0
634981.1063,0
635050.3458,0
635287.0234,0
635332.9410999999,0
635346.7871,0
635429.5742,0
635480.7816,0
635711.2444,0
635727.4133,0
635898.5028,0
636047.6387,0
636124.6097,0
636271.1788,0
636838.0275,0
636867.7697,0
637091.2281,0
637241.7276,0
637605.3133,0
637687.5912,0
637760.7352,0
637842.081,0
637878.8726,0
637978.4556,0
638064.9807,0
638229.5753,0
638296.828,0
638311.0999,0
638484.3368,0
638720.9791,0
638805.4657000001,0
638814.6744,0
639039.9422,0
639146.0921,0
639216.5433,0
639299.2275,0
639309.6529,0
639376.2474,0
640217.9778,0
640228.5284,0
640361.4338,0
640415.1452,0
640424.6013,0
640679.344,0
640729.1649,0
640814.2707,0
640860.2243,0
640871.6852,0
640974.8911,0
641044.9657000001,0
641059.4042,0
641094.3143,0
641241.7755,0
641379.035,0
641516.6947,0
641963.7983,0
642099.1926,0
642125.805,0
642248.7006,0
642520.566,0
642787.7656,0
642826.618675,0
642931.1169,0
643400.0632,0
643493.9601,0
643984.0331,0
644270.8921,0
644278.1312,0
644430.2245,0
644439.3736,0
644480.3901,0
644602.7282,0
644905.9456,0
645034.2541,0
645128.021,0
645396.9028,0
645941.9331,0
646267.0499,0
646441.7585,0
646594.4251999999,0
646964.9176,0
647102.7096,0
647169.6189,0
647433.9111,0
647864.7047,0
647966.499,0
648215.5787,0
648372.2820333333,0
648395.8778,0
648838.3756,0
648902.9768,0
649530.1585,0
649864.3426,0
650315.1421,0
650582.55,0
651007.5977,0
651135.0941,0
651146.6529999999,0
651321.0464999999,0
651611.2575,0
651713.0541,0
651934.5387,0
651952.0685,0
651989.157,0
652042.2493333333,0
652387.6126,0
652422.3182,0
652559.1889,0
653859.4135,0
653922.294,0
654097.3579,0
654120.4187,0
654155.3988,0
654191.8981,0
654226.0141,0
654597.4387,0
655603.0363,0
655672.6532000001,0
655732.1696,0
655815.9511,0
655972.3789,0
656047.1403,0
656152.5687,0
656791.9128,0
656934.4154,0
656960.5109,0
656968.9143,0
657368.149,0
657376.9412,0
657530.9306,0
657657.8981,0
657804.7548,0
658130.4403,0
658365.093,0
658377.5949,0
659015.1145,0
659089.4592,0
659183.0039666666,0
659333.4613,0
659591.2127,0
659778.3107,0
659826.7278,0
659880.8776,0
660024.9258,0
660653.3395,0
661053.0258,0
661119.6546,0
661748.3608,0
662084.9067,0
662120.3112,0
662273.3187,0
663223.8227,0
663230.8287,0
663232.1444999999,0
663498.9524,0
663561.5644,0
663788.5372,0
664249.7626,0
664413.313,0
664522.977,0
665006.2124,0
665838.0801,0
665862.5043,0
666548.6059,0
666878.442,0
666929.9509,0
667184.6471,0
667326.0789,0
667350.1154,0
667369.561,0
667474.0756,0
667477.265,0
667736.8138,0
667775.8096,0
667881.4456,0
668318.476,0
668863.0875,0
668975.0577,0
669218.3127,0
669545.2048,0
669999.2171,0
670117.5670333334,0
670397.0321,144.94294999993872
670978.53335,0
671017.6367,0
671360.0928,0
671393.1454,0
671399.6726,0
671699.8134,0
671891.4655,0
672108.4722833333,0
672121.5684,0
672141.0329,0
672214.4129,0
672234.3661,0
672384.5443,0
672401.9767,0
672516.4985,0
672589.5282000001,0
672590.1408,0
672886.6837,0
672962.1695,0
673049.9421,0
673201.535,0
673227.7586000001,0
673325.5441,0
673528.6217,0
673573.828,0
673872.8676,0
674226.8948,0
674362.5035,0
674562.0318,0
674778.2194,0
674885.6827,0
674913.889,0
675028.8956,0
675157.9274,0
675255.4279666666,0
675300.2721666667,0
675375.4065,0
675872.6985,0
675874.3991333334,0
675972.3116,0
676615.6108,0
676740.6713,0
677043.4324,0
677140.5472,0
677248.0634,0
677999.4966,0
678066.0748,0
678085.1483,0
678204.3257,0
678355.3403,0
678815.9367,0
679178.3986,0
679385.3899749999,0
679599.8382,0
679618.9755,0
679669.2618,0
680105.7463,0
680141.3614,0
680343.1418666666,0
680573.3521,0
680723.407825,0
680926.5855,0
681095.3989,0
681766.2233,0
681824.1107,0
681874.0183,0
681903.2407,0
682088.11,0
682559.7988,0
682584.8398,0
682783.6792,0
682813.6962,0
682938.0978,0
683179.7515,0
683180.3893,0
683330.4883,0
683465.0402,0
683533.2918,0
683550.5437,0
683644.4436,0
683805.4054,0
683918.532,0
684073.8234999999,0
684192.3239,0
684207.523,0
684422.6087,0
684676.4519,0
684844.5602,0
684881.7733,0
685144.563,0
685150.836775,0
685219.4216,0
685392.9249,0
685447.03672,0
685477.1509,0
685565.092,0
685669.8996,0
685757.0924,0
686155.4161333333,0
686371.8211000001,0
686679.7238,0
687072.1698,0
687126.0156,0
687143.113,0
687401.2755,0
687575.286,0
688501.5662,0
688532.7024,0
688537.5674,0
688567.1403,0
688621.6049,0
688802.3223,0
689060.6883,0
689536.45008,0
689611.3781,0
689662.5522,0
689918.8502,0
689959.31774,0
690093.4011,0
690140.1416,0
690168.8459,0
690273.7832,0
690290.0726,0
690392.5749,0
690462.0482,0
690697.7137,0
690791.9722,0
690827.4442,0
690868.0249,0
691047.11,0
691169.6113,0
691755.4665,0
691940.6,0
692036.9986,0
692211.295,0
692334.5773,0
692415.1732,0
692491.1877,0
692630.2798,0
692811.5595,0
692839.252,0
692885.9809,0
693314.7842666666,0
693411.0185,0
693447.815,0
693556.0593,0
693609.858,0
693825.5673,0
693889.8492,0
694068.0769,0
694146.2285,0
694332.6809,0
694345.0995,0
694836.8126,0
694926.3109,0
695086.0499,0
695161.1904,0
695313.5969,0
695388.1672,0
696339.5571,0
696588.8418,0
696756.3498,0
696773.9514,0
696862.9938,0
696870.0321,0
697007.3666,0
697009.5856,0
697300.0071,0
697369.2476,0
697443.9246,0
697527.3732,0
697843.3525,0
697941.0967,0
697969.8205,0
698163.9654,0
698397.1341,0
698407.7712,0
698497.2663,0
698511.7324,0
698656.1649,0
698874.8208,0
698951.1776,0
699006.6983,0
699007.9897,0
699061.9878,0
699383.4548,0
699596.0575,0
699617.2254,0
699646.4484,0
699997.5975,0
700031.91594,0
700129.2369,0
700145.3902,0
700292.0757,0
700393.4489,0
700447.9549,0
700501.8076,0
700539.3375,0
700565.4724,0
700623.0394,0
700788.0508,0
700950.1837,0
701146.6011,0
701231.8592,0
701258.4743,0
701542.3668,0
701721.6905,0
701827.8903,0
701962.0218,0
702073.1039,0
702169.4537,0
702475.5527,0
702716.3951,0
702732.6691,0
702750.283,0
702818.4737,0
703360.5862,0
703374.0464,0
703648.552,0
703662.1183,0
703697.457,0
704178.0261,0
704447.2444,0
704463.4194,0
704733.3144,0
704980.8802,0
705118.4541,0
705273.4666,0
705432.6629,0
705727.02592,0
705784.3814,0
705874.4078,0
705904.9116,0
705947.427,0
705962.3446,0
705978.5014,0
706114.2583,0
706392.1472,0
706428.7479,0
706535.2203,0
706783.3956,0
706831.512,0
706837.5751,0
706864.5671,0
707032.8475,0
707066.6868,0
707147.0342,0
707315.3487,0
707672.3642,0
707688.085,0
707696.5724,0
707977.119,0
708081.8449,0
708135.5243,0
708440.6269,0
708572.9219,0
708836.8674,0
708996.8407000001,0
709189.4564,0
709321.4468,0
709331.5336,0
709434.4149,0
709487.7651,0
709655.2455,0
709916.4788,0
709918.1764,0
710089.2785,0
710402.5836,0
710418.7778,0
710503.0173,0
710825.3115,0
711050.7452,0
711076.5676,0
711255.7109,0
711291.6388,0
711303.5771,0
711607.1241,0
711684.7776,0
711883.017,0
711952.3928,0
712058.1857,0
712128.8064,0
712255.8689,0
712279.1042,0
712336.0618,0
712351.9763,0
712384.1661,0
712443.9971,0
712520.3822999999,0
712528.3253,0
712547.02486,0
712580.9536,0
712720.1881,0
713059.6289,0
713137.2053,0
713177.3486,0
713216.4997,0
713233.3427,0
713279.5495,0
713354.7675,0
713519.2651,0
713595.5527,0
713813.9736,0
714018.3218,0
714019.1035,0
714293.9047,0
714420.4541,0
714488.6121,0
714617.8035,0
714765.0513,0
714966.2287,0
715375.1629,0
715439.3074,0
715530.8145,0
715558.7382,0
715599.1809,0
715650.9913,0
715759.8354,0
715766.5142,0
715856.1489,0
716174.9712,0
716183.0605,0
716446.5418,0
716563.6945,0
716601.1685,0
716834.2871,0
716851.0876,0
716852.8257,0
716884.8535,0
717703.3677000001,0
717815.1105,0
717859.6277,0
717930.8019,0
717934.9792,0
718008.5285,0
718064.2945,0
718615.2011,0
718681.2929,0
718696.9858,0
718883.1376,0
718927.0732,0
718973.9796,0
718992.7636,0
719181.7143999999,0
719316.002,0
719466.3141,0
719560.0984,0
720321.869,0
720346.6234,0
720445.9346,0
720547.405,0
720559.1543,0
720618.2762,0
720630.8047,0
721016.0942,0
721151.9904,0
721301.8044,0
721346.1998000001,0
721479.1823,0
721637.6333,0
721963.2455,0
721973.1969,0
721976.6737,0
722321.9755,0
722398.7123,0
722517.5388,0
722564.5667,0
722751.719,0
722915.0602,0
722952.9422,0
723025.4401,0
723101.6396999999,0
723114.167,0
723130.3294,0
723398.7021999999,0
723524.3433,0
723917.8051,0
724221.3956,0
724334.2507,0
724350.2542,0
724860.3517,0
725144.9410999999,0
725337.3795,0
725357.1140000001,0
725591.0132,0
725928.5228,0
725948.7651,0
726028.2682,0
726076.3868,0
726192.0581,0
726207.4221,0
726265.1932,0
726274.7773,0
726395.0737,0
726438.2288,0
726487.5861,0
726539.9573,0
726783.5431,0
727116.9891,0
727134.9042,0
727236.7957,0
727352.0665,0
727403.6495,0
727924.4978,0
727966.3122,0
728768.4927000001,0
728902.6609,0
728950.4415,0
729002.031,0
729079.5976,0
729140.647,0
729588.1846,0
729714.4717,0
729769.7546,0
729900.2462,0
729914.1283,0
729924.2701,0
729926.9738,0
730149.2962,0
730372.6576,0
730526.9998999999,0
730564.5889,0
731043.7482,0
731284.7111,0
731569.3109,0
732233.5093,0
732297.0331,0
732698.7507,0
732855.5003,0
733001.8371,0
733091.8396,0
733126.1081000001,0
733329.7212,0
733495.4029999999,0
733842.0248,0
734142.3998,0
734210.9235,0
734220.7969,0
734276.9532,0
734482.395975,0
734904.663,0
735326.0574,0
735438.5528,0
735603.1251,0
735977.2866,0
736078.4771,0
736149.3135,0
736156.7459,0
736460.6683,0
737109.034,0
737271.856,0
737358.0212,0
737407.8851,0
737938.642,0
738374.6697,0
738582.6309,0
738804.5387,0
738887.3249,0
738898.4366,0
738955.7914,0
739559.3955,0
739565.4122,0
739693.9919,0
739994.5787,0
740117.7890999999,0
740155.6222999999,0
740797.3377,0
740868.2947,0
741003.2119,0
741077.2668,0
741204.5294,0
741467.5515000001,0
741577.858,0
741987.4141,0
742298.2761,0
742301.5026,0
742345.2352,0
742534.3627333334,0
742611.9363,0
742836.1329,0
743094.6606000001,0
743230.5188,0
743354.9479,0
743473.3842,0
743792.357,0
744058.4388,0
744419.3898,0
744430.8323333333,0
744652.5177,0
744871.2357,0
745038.7820166667,0
745831.9251999999,0
746268.9503,0
746313.7084,0
746545.8594,0
746580.2776,0
746671.579,0
746825.599,0
747034.7417,0
747088.0936,0
747589.0868,0
748321.0031,0
748511.3497,0
748669.7343,0
748704.4047,0
748732.3204,0
748764.1139,0
748778.5527,0
749140.5005,0
749332.7738,0
749393.8799,0
750411.236,0
751442.5622,0
751497.7161,0
751694.9071,0
752283.3129,0
752537.232,0
752752.3822,0
752976.3409,0
753029.9680999999,0
754314.3552999999,0
754428.3875,0
754480.3942,0
754535.9196,0
754827.1189,0
755247.163125,0
755586.9836,0
755710.0657,0
755866.4711,0
755988.769575,0
756108.1049,0
756193.82832,0
756268.4462,0
756493.9538,0
757259.9193,0
757301.123,0
757406.095,0
757657.5123,0
758067.7947,0
758129.1112,0
758310.7201,0
758345.751,0
758483.2777,0
759132.3925,0
759249.9123,0
759811.5838,0
759885.309,0
759940.0391,0
760124.8923,0
760131.4915,0
760198.4243,0
760233.5193,0
760327.9884,0
760549.5785000001,0
760552.2294,0
760668.5828,0
761052.082,0
761078.4364,0
761191.7473,0
761227.4309,0
761848.9811,0
761917.62855,0
762324.3229,0
763246.6288666667,0
763251.0788,0
763347.6963,0
763638.8403,0
763801.9165,0
763859.2856,0
764164.34315,0
764218.0979,0
764704.3364,0
764736.9825,0
764766.2402,0
764788.7791333334,0
764852.7517,0
764893.0331,0
764972.0992,0
765083.6066,0
765092.6326,0
765142.1687,0
765308.8108,0
765683.9724,0
765815.4024,0
766264.6628,0
766554.8961,0
766588.2352,0
766706.4585,0
766801.2448,0
766904.0058,0
766958.7079833334,0
767256.2464000001,0
767808.0873,0
768056.8547,0
768577.3939,0
768838.7225,0
768877.7102,0
768950.3248,0
769249.0118,0
769267.165,0
769275.2355,0
769479.6764,0
769845.433,0
770112.870975,0
770113.8868,0
770235.6836,0
771093.3646,0
771133.1683,0
771267.1548,0
771304.7794,0
771322.3775,0
771653.7442,0
771779.4635,0
771969.5507,0
772087.2257,0
772119.993475,0
772182.4962,0
772191.0766,0
772272.0993,0
772668.3009,0
772721.0293,0
772770.5433,0
772798.7846,0
772907.8019,0
773032.7005,0
773070.5436,0
773267.9336,0
773508.1839000001,0
773527.264,0
773726.9962,0
774118.5138,0
774222.1712,0
774372.1958,0
774453.641,0
774557.9561,0
774603.7692,0
774898.05145,0
775116.6132,0
775159.8905,0
775214.6592999999,0
775591.4184,0
775626.6458,0
775705.9754,0
775720.4158,0
775793.8781,0
775917.6745,0
776278.8649,0
776306.4331,0
776357.4604,0
776425.6076,0
776446.4755,0
776508.2809,0
776513.7498,0
777175.6373000001,0
777290.3361,0
777582.4669,0
-----Simulation END-----
