-----Simulation 0-----
172814.6944,0
173104.0427,0
173477.9805,0
173495.6995,0
173575.5458,0
173983.7659,0
173994.7476,0
174145.5737,0
174292.4201,0
174378.8932,0
174468.546,0
174865.7271,0
174934.2623,0
175083.4663,0
175279.9421,0
175391.3994,0
175435.8769,0
175565.352,0
175641.8977,0
175654.765925,0
175673.6825,0
175871.1941,0
176187.3938,0
176232.337,0
176756.358,0
176976.7127,0
177139.3635,0
177949.3342,0
178011.861,0
178211.6265,0
178401.2867,0
178603.2896,0
178645.7606,0
178779.5392,0
178849.8455,0
179035.0027,0
179255.8157,0
179268.6183,0
179446.5106,0
179867.5708,0
180268.57630000002,0
180462.1816,0
180671.77360000001,0
180721.1956,0
180745.3034,0
180770.6211,0
180869.2904,0
180918.9634,0
181185.3395,0
181203.1538,0
181246.9601,0
181265.5955,0
181322.0808,0
181331.8111,0
181364.5971,0
181461.5306,0
181879.1601,0
181992.6849,0
182048.6348,0
182206.117,0
182474.1846,0
182617.6618,0
182686.1481,0
182761.2654,0
182798.066,0
182903.7455,0
182919.18589999998,0
182973.8524,0
182981.75586666667,0
183585.6224,0
183784.5464,0
184095.94569999998,0
184149.1092,0
184431.2452,0
184507.3517,0
184527.0547,0
184826.4699,0
185003.642,0
185164.34840000002,0
185181.1804,0
185339.4965,0
185361.5037,0
185478.6434,0
185956.4331,0
186029.2644,0
186132.2024,0
186231.51679999998,0
186495.9336,0
186709.32020000002,0
186717.4578,0
186819.5196,0
187237.3734,0
187303.5925,0
187386.3112,0
187470.2794,0
187519.7507,0
187753.6643,0
187817.1298,0
187922.6321,0
187948.7191,0
187956.33789999998,0
188111.0551,0
188157.6429,0
188195.0542,0
188579.4285,0
188607.3883,0
188764.0395,0
189287.8977,0
189459.522,0
189479.60570000001,0
189604.7786,0
189833.5331,0
189887.6394,0
190026.5353,0
190260.6243,0
190352.4368,0
190476.766975,0
190561.446,0
190669.4394,0
191117.1201,0
191294.6367,0
191390.39429999999,0
191403.4407,0
191428.1959,0
191476.4387,0
191566.2142,0
191751.1676,0
191804.0517,0
191828.1405,0
191939.04739999998,0
191984.64059999998,0
192199.5885,0
192226.4081,0
192485.7364,0
192883.0811,0
192944.24180000002,0
192964.9542,0
192990.4047,0
193537.81819999998,0
193575.5349,0
193633.934625,0
193689.1337,0
194140.709,0
194385.1296,0
194443.7445,0
194955.61729999998,0
195134.1912,0
195139.3708,0
195264.7891,0
195270.5378,0
195276.3056,0
195327.1895,0
195327.9494,0
195488.36849999998,0
195764.8957,0
196087.4001,0
196136.3148,0
196201.3348,0
196294.6594,0
196302.3356,0
196706.9332,0
196756.0644,0
196803.4088,0
196959.9595,0
197065.6834,0
197511.885,0
197518.8434,0
197563.7461,0
197621.0101,0
197621.0283,0
197658.3073,0
197683.69520000002,0
197731.83419999998,0
197761.271,0
197814.66389999999,0
197841.2108,0
198356.9145,0
198756.77850000001,0
199206.19569999998,0
199255.2093,0
199314.8606,0
199344.1807,0
199534.3667,0
199536.2752,0
199670.8117,0
199683.2924,0
199759.0957,0
199914.5984,0
199954.2779,0
200156.8247,0
200307.7612,0
200340.1975,0
200408.3278,0
200676.8235,0
200737.613,0
201009.1557,0
201025.3167,0
201114.3767,0
201166.3079,0
201178.5953,0
201345.7514,0
201527.3272,0
201847.0614,0
201922.7804,0
201928.9502,0
202031.4928,0
202041.7313,0
202098.8476,0
202320.5199,0
202516.1198,0
202914.51189999998,0
202972.5674,0
203048.4428,0
203108.6203,0
203149.7439,0
203180.20669999998,0
203181.546,0
203214.1581,0
203236.3977,0
203409.5574,0
203420.1835,0
203510.70130000002,0
203679.57,0
203728.6735,0
203905.1311,0
203913.7449,0
204031.4048,0
204320.9801,0
204648.7559,0
204655.3041,0
204819.0486,0
204989.2022,0
205216.20309999998,0
205251.6734,0
205397.4993,0
205421.9937,0
205621.055,0
205628.6042,0
205763.4044,0
205861.6109,0
206200.8698,0
206355.6152,0
206383.8126,0
206641.7193,0
206880.576,0
206912.55969999998,0
206921.617,0
207094.9607,0
207426.5228,0
207450.6208,0
207745.646,0
208070.01559999998,0
208112.7232,0
208648.9161,0
208651.1,0
208729.92479999998,0
209093.5586,0
209303.2963,0
209399.24300000002,0
209475.34840000002,0
209588.1661,0
209673.761,0
209836.0474,0
209891.987,0
210109.8755,0
210155.4315,0
210202.9162,0
210212.41629999998,0
210315.2497,0
210395.64325,0
210677.7903,0
210712.5262,0
210942.4352,0
210970.6634,0
211174.824,0
211343.9917,0
211448.8254,0
211466.037,0
211466.1199,0
211592.6487,0
211698.7488,0
212207.6839,0
213481.275,0
213603.96899999998,0
213620.6876,0
213647.8149,0
213946.6643,0
214350.561,0
214451.4968,0
214458.55920000002,0
214549.7559,0
214589.7647,0
214902.5988,0
215203.7073,0
215367.8637,0
216061.3617,0
216130.048,0
216480.2975,0
216537.50199999998,0
216799.713,0
216937.116,0
217477.9181,0
217866.1689,0
218236.3931,0
218281.8049,0
218358.789,0
218981.6592,0
219109.9469,0
219185.287,0
219383.02909999999,0
219825.6153,0
219906.8119,0
220027.5423,0
220689.4729,0
220710.0356,0
220804.2538,0
220956.76883333334,0
221141.3005,0
221521.9148,0
221541.1713,0
221542.5557,0
221625.6504,0
221988.8614,0
222055.0043,0
222388.3027,0
222478.5844,0
222492.1186,0
222658.6995,0
222712.9995,0
222992.1288,0
223016.2027,0
223026.73450000002,0
223239.5525,0
223390.0294,0
223636.04129999998,0
223701.5026,0
223732.5403,0
223809.3338,0
224089.6566,0
224203.3038,0
224221.2397,0
224337.5772,0
224443.4777,0
224648.82439999998,0
224794.40529999998,0
224875.0488,0
224950.99180000002,0
225033.77370000002,0
225335.48690000002,0
225489.3655,0
225502.9846,0
225694.0025,0
226126.2141,0
226501.2342,0
226508.1467,0
226522.7973,0
226810.1534,0
226909.47639999999,0
227004.8529,0
227017.8124,0
227166.5485,0
227426.02419999999,0
227890.9523,0
228002.3087,0
228310.4431,0
228382.86310000002,0
228467.4595,0
228630.98249999998,0
229013.885,0
229442.0558,0
229469.012,0
229601.7879,0
229994.736,0
230560.3596,0
230866.49663333333,0
231003.6207,0
231466.1311,0
231539.1489,0
231738.41989999998,0
231937.47285,0
231954.0024,0
231961.5662,0
232018.9034,0
232187.8468,0
232333.8321,0
232462.5264,0
232883.5505,0
233821.2363,0
234344.4614,0
234358.2902,0
234561.0468,0
234707.4588,0
235119.57586666668,0
235264.0183,0
235305.1828,0
235686.4054,0
235810.14860000001,0
235874.3756,0
235892.5501,0
236001.081,0
236860.2023,0
237535.8621,0
237569.9477,0
237579.4987,0
238134.8995,0
238358.4659,0
238491.8755,0
238571.1117,0
238583.7967,0
238603.0488,0
238671.0443,0
238840.6055,0
238941.0452,0
239244.9586,0
239533.2208,0
239571.0878,0
239742.4486,0
239756.51602,0
240142.9124,0
240565.68170000002,0
240642.0758,0
240779.592,0
240937.824,0
241162.9287,0
241256.5963,0
241273.6987,0
241341.1723,0
241534.1767,0
241673.81829999998,0
241882.619,0
241976.5565,0
241980.3108,0
242041.1773,0
242177.2882,0
242341.0246,0
242455.8321,0
242516.6981,0
242572.9011,0
242618.8574,0
242868.7028,0
243037.5796,0
243226.7368,0
243288.9012,0
243354.3392,0
243806.7218,0
243905.5702,0
243950.4667,0
244076.7229,0
244387.9819,0
244702.9359,0
244834.7433,0
244842.6784,0
245028.5957,0
245060.5267,0
245096.9258,0
245464.73876666668,0
245533.3775,0
245572.2288,0
245634.5035,0
245687.8755,0
246267.9136,0
246311.3301,0
246328.8356,0
246394.3273,0
246397.4818,0
246399.773,0
246482.67703333334,0
246484.8063,0
246557.7806,0
246615.8788,0
246781.89549999998,0
246869.77,0
247042.8186,0
247079.0784,0
247128.125,0
247264.0622,0
247700.527,0
247800.3476,0
247946.7468,0
247955.4687,0
247982.6861,0
248171.8065,0
248230.1354,0
248358.43709999998,0
249494.7684,0
249499.0211,0
249502.2647,0
249602.989,0
249650.1102,0
249798.281,0
249907.47243333334,0
250085.9976,0
250095.4475,0
250311.9389,0
250372.183,0
250724.7382,0
250731.6066,0
251212.259,0
251260.5826,0
251275.9235,0
251345.2774,0
251485.6869,0
251510.04379999998,0
251755.0579,0
251770.4434,0
252260.5165,0
252273.634,0
252338.95130000002,0
252373.0601,0
252381.8075,0
252487.8259,0
252717.11188333333,0
252845.1428,0
252959.2756,0
253153.9624,0
253299.4165,0
253475.4895,0
253559.2125,0
253610.8323,0
254350.651,0
254512.6509,0
254516.8283,0
254666.9565,0
254734.682625,0
254760.7194,0
254919.4655,0
255057.2794,0
255206.16950000002,0
255247.6733,0
255456.58669999999,0
256018.09100000001,0
256089.7916,0
256274.0836,0
256278.03830000001,0
256389.4985,0
257141.3774,0
257265.1463,0
257305.5515,0
257335.7341,0
257350.122,0
257595.76549999998,0
257671.7639,0
257752.74109999998,0
257806.4826,0
257868.4017,0
257908.0852,0
257920.94952,0
258325.2676,0
258377.2424,0
258378.1101,0
258505.7695,0
258545.9412,0
258593.8629,0
258689.8366,0
258751.77289999998,0
258955.9323,0
258956.49670000002,0
259121.4559,0
259133.1581,0
259261.2631,0
259282.9426,0
259424.8616,0
259443.47,0
259453.3106,0
259511.2911,0
259602.6674,0
259778.7983,0
259788.0769,0
259931.75890000002,0
260048.0685,0
260340.3222,0
260463.4344,0
260466.5754,0
260500.4201,0
260540.3439,0
260776.2746,0
260971.7842,0
261324.3758,0
261373.8917,0
261468.3383,0
261526.3689,0
261542.10044,0
261726.9273,0
261907.9737,0
262213.8859,0
262314.1949,0
262520.0984,0
262569.7993,0
262653.4215,0
262866.6376,0
262948.8222,0
262970.7068,0
262976.8982,0
263167.0449,0
263366.0248,0
263442.1513,0
263490.4281,0
263509.0454,0
263554.5835,0
264053.7107,0
264146.5933,0
264280.5431,0
264337.414,0
264353.1132,0
264464.7437,0
264486.1999,0
264579.2113,0
264632.6141,0
264723.2539,0
264763.9456,0
264838.6922,0
264844.7148,0
265165.6873,0
265184.14379999996,0
265351.4742,0
265696.7973,0
265738.337,0
266559.4977,0
266586.8417,0
266593.5491,0
266602.1606,0
266941.37309999997,0
267362.5367,0
267681.8244,0
267686.3316,0
268155.5909,0
268246.7946,0
268276.3288,0
268677.0162,0
268776.9307,0
268870.531,0
268937.3034,0
269100.2869,0
269554.4027,0
269656.0896,0
270009.5866,0
270014.3055,0
270135.78,0
270256.76529999997,0
270350.5862,0
270506.8196,0
270522.7968,0
270726.3565,0
271030.9753,0
271166.9696,0
271344.3075,0
271402.8352,0
271480.1361,0
271490.9328,0
271553.2931,0
271698.0459,0
271770.9325,0
271868.7646,0
272227.0991,0
272297.62690000003,0
272518.1264,0
272535.157,0
272704.12309999997,0
272742.8963,0
272799.9281,0
272810.4935,0
272835.7977,0
273089.7588,0
273222.1871,0
273297.5127,0
273399.0026,0
273448.1099,0
273542.422,0
273590.3979,0
273670.9925,0
273694.9367,0
273949.0673,0
274061.4607,0
274163.9144,0
274399.0552,0
274509.0578,0
274702.7559,0
274823.0103,0
274835.8681,0
274890.784,0
274940.00190000003,0
275107.391,0
275112.5533,0
275112.6591,0
275207.9323,0
275377.6457,0
275636.9303,0
275925.3243,0
275964.6315,0
276034.4581,0
276045.2178,0
276118.4737,0
276254.7369,0
276336.6182,0
276353.824,0
276495.847,0
276557.8122,0
276632.5181,0
276648.5847,0
276811.4194,0
276909.50430000003,0
277075.1567,0
277291.9472,0
277500.88529999997,0
277656.9645,0
277720.22,0
277883.5274,0
278076.4503,0
278318.055,0
278325.8493,0
278450.6255,0
278733.6775,0
278960.3729,0
279197.1348,0
279296.3933,0
279365.35730000003,0
279482.1223,0
279528.5408,0
279538.4734,0
279575.6291,0
279689.0412,0
279799.7274,0
279832.8348,0
280216.08,0
280511.07420000003,0
280752.4481,0
280839.5608,0
281031.5091,0
281053.0036,0
281062.64749999996,0
281298.5636,0
281404.8886,0
281449.7198,0
281501.1398,0
281616.0609,0
281625.9742,0
282017.6144,0
282295.8247,0
282450.1112,0
282516.4264,0
282547.45279999997,0
282799.5743,0
283021.4308,0
283113.1671,0
283443.1925,0
283679.9362,0
283824.1262,0
283959.735,0
284028.5494,0
284099.1496,0
284111.5092,0
284111.563,0
284367.12935,0
284440.0032,0
284563.7009,0
284879.1814,0
285082.1858,0
285087.6538,0
285449.8933,0
285496.1455,0
285807.896,0
285965.1176,0
286069.162,0
286386.0067,0
286386.8271,0
286563.1198,0
286618.6223,0
286771.02650000004,0
286882.7817,0
287037.452,0
287037.9648,0
287192.8588,0
287414.88910000003,0
287428.6617,0
287478.551,0
287703.2904,0
287790.7149,0
288161.8313,0
288769.8471,0
288935.4728,0
288962.745,0
288982.4028,0
289401.6277,0
289901.2597,0
290369.4912,0
290507.95869999996,0
290536.6967,0
290681.0982,0
290821.9919,0
290965.4032,0
291237.2717,0
291487.2031,0
292179.2276,0
292719.8693,0
292794.57409999997,0
292806.2866,0
293090.1974,0
293135.3848,0
293573.2241,0
293690.5936,0
293875.93929999997,0
293956.53500000003,0
294230.419,0
294295.1175,0
294355.9467,0
294361.0536,0
294518.3426,0
294648.1843,0
294658.6194,0
294961.5964,0
295115.4974,0
295420.6688,0
295529.6652,0
295588.1531,0
295738.8371,0
295739.6429,0
296024.6512,0
296355.706,0
296386.32936,0
296474.5775,0
296576.433,0
296653.20900000003,0
297347.6476,0
297437.3559,0
297476.69920000003,0
297529.91599999997,0
297545.8675,0
297659.5033,0
297707.6008,0
297866.0683,0
297879.2352,0
297979.2291,0
298035.9866,0
298196.8368,0
298298.4325,0
298503.2736,0
298550.2406,0
298616.6051,0
298775.5653,0
298896.1585,0
298907.6424,0
299131.1111,0
299361.7379,0
299998.06779999996,0
300026.9413,0
300062.3427,0
300204.11699999997,0
300297.1811,0
300659.3404,0
300712.772,0
300848.8327,0
300922.4414,0
301087.4532,0
301137.1717,0
301475.89670000004,0
301506.7985,0
301678.0523,0
301790.7693,0
302134.26379999996,0
302281.0693,0
302560.10545,0
302579.7506,0
302669.7056,0
302765.6029,0
302938.8672,0
302963.9003,0
303008.8648,0
303140.8129,0
303319.93299999996,0
303334.5774,0
303354.5183,0
303567.8411,0
304061.9555,0
304175.0604,0
304265.95019999996,0
304419.7334,0
304703.65006666665,0
305314.0935,0
305549.9717,0
305916.92949999997,0
306077.891,0
306820.5923,0
306990.599,0
307015.215,0
307051.8096,0
307074.1188,0
307083.1775,0
308184.9959,0
308219.1959,0
308268.8089,0
308362.3689,0
308500.9494,0
308643.1947,0
309355.6406,0
309821.6354,0
309858.53729999997,0
310397.6588,0
310454.8636,0
310743.0689,0
310770.3448,0
311092.9684,0
311096.777,0
311136.89,0
311323.3468,0
311702.1261,0
311767.8856,0
311958.1528,0
312291.2657,0
312329.97620000003,0
312656.1914,0
312937.7409,0
313644.2696,0
313726.2619,0
313757.61,0
314011.926,0
314077.3566,0
314188.527,0
314258.2506,0
314440.5877,0
314656.066,0
315128.4541833333,0
315527.6574,0
315746.9602,0
315835.5788,0
315842.8064,0
315891.3037,0
315911.9315,0
316394.3298,0
317175.7861,0
317389.69398,0
317703.5945,0
317746.0971,0
318306.4403,0
318628.8455,0
318640.4853,0
318671.2184,0
318790.9498666667,0
318820.4348,0
318991.8118,0
319121.22860000003,0
319149.3874,0
319169.35970000003,0
319333.6485,0
319659.5859,0
319797.3462,0
319873.3148,0
320549.9734,0
320649.9954,0
320720.0698,0
320728.678175,0
320842.95759999997,0
320858.0067,0
320962.8885,0
321014.7927,0
321154.0882,0
321194.6435,0
321598.3658,0
321648.1903,0
321665.2317,0
321676.005,0
321696.3895,0
321919.6253,0
322060.5734,0
322157.7727,0
322507.693,0
322649.3312,0
322675.2702,0
322752.5119666667,0
322757.4374,0
323067.5709,0
323081.5395,0
323249.7133,0
323874.1415,0
323883.49199999997,0
324150.25086666667,0
324159.2621,0
324329.7676,0
324412.3479,0
324544.9919,0
324645.116,0
324793.3862,0
325206.9557,0
325530.6456,0
325895.1141,0
325899.7676,0
326103.3838,0
326212.3761,0
326279.1467,0
326364.4698,0
326688.7133,0
326982.91709999996,0
327109.0329,0
327115.0278,0
327357.0311,0
327431.7741,0
327523.0916,0
327529.5284,0
328327.59990000003,0
328900.1742,0
328975.8618,0
328980.1419,0
329253.8048,0
329363.6773,0
329419.291,0
329469.872,0
329523.5623,0
329960.3193,0
330336.6438,0
330468.4677,0
330559.5162,0
330656.71863333334,0
330813.7534,0
330851.9813,0
330878.93570000003,0
331356.6951,0
331459.3413,0
331561.1048,0
331659.0278,0
331702.3135,0
331702.8747,0
332077.7417,0
332112.6971,0
332134.1407,0
332613.9647,0
332643.4693,0
333137.4468,0
333288.7767,0
333390.3101,0
333524.7035,0
333538.5982,0
333851.2037,0
333919.0329,0
333944.4938,0
334087.17220000003,0
334456.0961,0
334525.7376,0
334810.292,0
335412.2935,0
335577.4086,0
335697.3971,0
335846.6252,0
336203.0666,0
336613.605,0
336879.6577,0
337133.2042,0
337458.9967,0
337575.0295,0
337741.1613,0
338171.8403,0
338198.4612,0
338531.583,0
338646.9344,0
338830.5875,0
338858.8325,0
338912.5216,0
338942.6821,0
339630.9052,0
339860.1191,0
339871.6226,0
340172.5603,0
340184.3713,0
340243.2602,0
340424.4079,0
340610.5813,0
340862.5653,0
340919.0858,0
341202.301,0
341207.6704,0
341516.7014,0
341570.8968,0
341605.1949,0
341638.4707,0
341836.4526,0
341858.9783,0
342488.8321,0
342555.2916,0
342671.42590000003,0
342733.4908,0
342880.0967,0
342922.2995,0
342977.6609,0
343103.8441,0
343494.01170000003,0
343656.1029,0
343818.7759,0
343821.7326,0
344020.6464,0
344055.4707,0
344095.2493,0
344101.9103,0
344275.2231,0
344310.2213,0
344518.1413,0
344531.3499,0
344778.6842,0
344902.3673,0
344911.7277,0
344935.8011,0
344996.2748,0
345239.0359,0
345383.2712,0
345446.505,0
345477.1349,0
346029.4878,0
346307.7623,0
347009.8994,0
347277.7574,0
347502.7361,0
347544.0193,0
347649.3139,0
347908.2825,0
348219.1015,0
348523.4186,0
348568.6372,0
348785.8162,0
349159.6383,0
349329.0024,0
349504.2659,0
349778.1379,0
350165.2831,0
350184.5744,0
350236.0021,0
350347.2112,0
350618.1603,0
350783.6805,0
350811.1328,0
351220.6197,0
351481.7693,0
351488.086,0
351494.27,0
351827.2442,0
351992.116,0
352353.9919,0
352872.2393,0
353493.1534,0
353510.6196,0
353912.77150000003,0
353917.3851,0
353967.587,0
354022.8221,0
354224.1395,0
354439.4266,0
354483.0263,0
354621.8381,0
354672.32050000003,0
354727.8389,0
354879.8417,0
355026.0378,0
355032.3883,0
355058.1606,0
355335.8345,0
355850.203,0
356075.8371,0
356201.42579999997,0
356447.1747,0
356484.702,0
356525.47250000003,0
356802.91013333335,0
356820.3719,0
356844.1405,0
357416.9439,0
357548.2535,0
358032.6487,0
358098.34010000003,0
358315.8551,0
358418.7888,0
358443.275,0
358522.7136,0
358654.19676,0
358673.33542,0
358820.1131,0
358965.1848,0
359054.1646,0
359138.7365,0
359398.8993,0
359406.4789,0
359441.0005,0
359575.8206,0
359669.7145,0
359766.5025,0
359777.7,0
360186.9953,0
360238.0265,0
360269.7381,0
360382.1388,0
360575.8705,0
360807.3124,0
360808.232,0
360848.57660000003,0
361119.6505,0
361159.8645,0
361310.1923,0
361587.1457,0
361668.9035,0
361910.5685,0
362170.7129,0
362233.4593,0
362362.9344,0
362412.2357,0
362430.0101,0
362482.9042,0
362514.1868,0
362527.7456,0
362806.3452,0
362810.21,0
362860.4777,0
362978.764,0
363026.7941,0
363085.4361,0
363256.561,0
363290.3948,0
363522.4477,0
363766.6596,0
364012.5101,0
364067.4027,0
364407.5889,0
364767.6595,0
364963.8026,0
364995.7014,0
365076.7484,0
365083.8851,0
365161.0831,0
365366.1363,0
365571.9318,0
365590.2521,0
365779.6801,0
366534.9452,0
366638.9109,0
366922.1744,0
367318.2195,0
367852.1877,0
368050.23589999997,0
368170.9727,0
368196.27540000004,0
368534.2932,0
368546.4794,0
368684.2809,0
368700.1941,0
368789.0348,0
368858.646,0
368878.919,0
368892.3892,0
369181.6089,0
369207.3237,0
369263.4142,0
369295.5971,0
369456.01529999997,0
369503.8771,0
369574.8864,0
369670.3348,0
369877.4015,0
369920.0068,0
370010.9757,0
370088.7675,0
370359.7608,0
370435.6659,0
370441.9574,0
370466.2561,0
370562.4639,0
370579.2316,0
370716.0269,0
371358.0088,0
371732.7466,0
371971.3676,0
372084.9398,0
372217.1574,0
372256.93319999997,0
372538.5898,0
372775.8579,0
372842.3783,0
372954.5566,0
373187.1214,0
373398.56039999996,0
373401.1705,0
373536.3565,0
373634.2508,0
373642.4667,0
373653.9094,0
373765.9186,0
373780.8823,0
373920.815,0
374083.9922,0
374092.4013,0
374131.2829,0
374299.1781,0
374417.4848,0
374447.471,0
374492.0776,0
374612.034,0
374634.2164,0
374713.06649999996,0
375054.3569,0
375310.7884,0
375352.4277,0
375489.3301,0
375763.33770000003,0
375782.94180000003,0
375940.5277,0
376416.1481,0
376416.7382,0
376497.7577,0
376615.0521,0
377187.7824,0
377223.2319,0
377246.59979999997,0
377303.044575,0
377504.7307,0
377586.2943,0
377630.1791,0
377639.8908,0
377731.3425,0
377827.264,0
378043.1714,0
378212.7838,0
378515.3954,0
378527.00190000003,0
378557.2436,0
378727.9466,0
378734.6745,0
378753.8662,0
378945.8936,0
379089.6903,0
379241.1653,0
379283.8229,0
379348.7065,0
379411.0721,0
379431.8002,0
379708.9331,0
379737.7389,0
379986.9861,0
380098.2851,0
380118.05090000003,0
380151.0221,0
380504.7009,0
380600.8806,0
380666.9932,0
380708.5381,0
380834.7288,0
380888.469,0
381009.5499,0
381026.7953,0
381123.126,0
381193.299,0
381270.7598,0
381385.1926,0
381552.963,0
381993.5297,0
382114.0677,0
382119.5099,0
382515.4212,0
382600.5393,0
382728.116,0
382740.8452,0
383116.3737,0
383130.5656,0
383352.986,0
383375.9409,0
383455.6275,0
383486.7191,0
383542.7711,0
383688.2205,1309.8460000000196
384128.1314,0
384533.505,0
384645.1871,0
384894.1808,0
384924.8987,0
385134.98096666666,0
385163.3991,0
385173.4951,0
385272.1274,0
385551.8513,0
385656.07323333336,0
385763.8887,0
385787.8672,0
386145.9377,0
386250.8701,0
386271.0774,0
386300.8734,0
386525.5738,0
386769.0723,0
386893.2391,0
387098.9638,0
387187.7165,0
387291.1681,613.1676999999909
387596.0787,0
387646.9993,0
387925.9638,0
388036.8484,0
388217.5926,0
388264.3415,0
388821.2454,0
388941.4497,0
389206.8123,0
389231.4573,0
389370.8881,0
389412.4703,0
389522.8513,0
389560.76780000003,0
389643.6554,0
389782.08389999997,0
390073.922,0
390931.49820000003,0
390956.7425,0
391129.3317,0
391899.1105,0
391939.7697,0
391953.1706,0
391971.9709,0
392425.1891,0
392504.1077,0
392511.6633,0
392543.8629,0
392626.1919,0
392636.8779,0
392664.99886,0
392744.9839,0
392999.5615,0
393201.115775,0
393755.6554,0
394021.8271,0
394657.418,0
394670.4898,0
394941.8985,0
394982.6216,0
395193.3923,0
395248.4202,0
395909.40085,0
396366.2623,0
396387.1453,0
396590.98006,0
397000.8856,0
397845.1162,0
398071.87950000004,0
398147.525,0
398274.35959999997,0
398289.7658,0
398339.6725,0
398570.6127,0
398972.2696,0
399707.04480000003,0
399777.1418,0
400011.3937,0
400105.31446666666,0
400258.9429,0
400838.7742,0
401135.9792,0
401408.621,0
401784.8035,0
401905.4091,0
402164.430325,0
402396.3225,0
402442.2148,0
402619.95180000004,0
402696.3717,0
402842.8372,0
402962.2703,0
403061.72,0
403368.1566,0
403557.1724,0
403561.5442,0
403746.18429999996,0
403883.6829,0
403979.4961,0
404442.0048,0
404580.1039,0
404608.8467,0
404819.0945,0
405012.5538,0
405342.5314,0
405405.69909999997,0
405540.5255,0
405651.6921,0
405654.5703,0
405722.2893,0
405775.6542,0
406211.2357,0
406484.3563,0
406626.59408333333,0
406643.60120000003,0
406719.8169,0
406838.9291,0
406915.9855,0
407132.7644,0
407447.5491,0
407518.7512,0
407564.0159,0
407718.9075,0
407775.37320000003,0
407775.3956,0
407874.0963166667,0
408202.8834,0
408731.79788,0
408834.8523,0
408974.3915,0
409005.4088,0
409343.8023,0
409665.746,0
409669.8727,0
410523.5628,0
411015.07409999997,0
411051.4724,0
411488.44734,0
411854.7941,0
411993.3764,0
412347.6418,0
412595.4766,0
412595.6147,0
412868.2176,0
413088.58,0
413481.1761,0
413644.2444,0
413658.6988,0
413676.5775,0
413813.8844,0
413913.9105,0
414286.5274166667,0
414468.2377,0
414615.1036,0
414711.9977,0
414871.7228,0
414963.0781,0
415368.2278,0
415423.6619,0
415493.8533,0
415525.9589,0
415572.3367,0
415665.4979,0
416023.3408,0
416113.9452,0
416273.8599,0
416316.3724,0
416582.84595,0
417162.5717,0
417564.6157,0
417773.8337,0
417830.1364,0
417841.6043,0
417849.9787,0
418147.6277,0
418150.4964,0
418725.2183,0
418784.1031,0
419160.6169,0
419239.1337,0
419241.4909,0
419299.1532,0
419332.8151,0
419466.4049,0
419478.2405,0
419572.0401,0
419759.8915,0
419823.56178,0
420149.7574,0
420369.5419,0
421080.72239999997,0
421446.406,0
421670.0364,0
421866.7458,0
422003.5872,0
422426.34578,0
422621.8978,0
422895.0217,0
422918.4105,0
422997.5765,0
423168.3014,0
423183.8976,0
423429.43965,0
423507.4052,0
423584.2779,0
423604.7652,0
423915.3288,0
423956.4102,0
424080.0903,0
424196.9922,0
424201.5494,0
424279.5132,0
424290.8016,0
424616.2585,0
424720.5715,0
424801.9864,0
424905.874,0
425062.3848,0
425128.2719,0
425718.8781,0
425969.9463,0
426013.3689,0
426035.15885,0
426040.0476,0
426084.6684,0
426131.5247,0
426470.65969999996,0
426616.9776,0
427033.1581,0
427125.39639999997,0
427168.9246166667,0
427555.6577,0
427963.5978,0
428349.49809999997,0
428381.8763,0
428456.2971,0
428476.6693,0
428576.1806,0
428611.0907,0
428810.506,0
428927.3112,0
428976.9198,0
429088.5703,0
429276.1881,0
429309.677,0
429403.8888,0
429609.26393333334,0
429695.6545,0
429899.6793,0
430085.2572,0
430162.94539999997,0
430501.8777,0
430606.0381,0
430671.5755,0
430696.7823,0
431050.1627,0
431516.7179,0
431660.1098,0
431761.5197,0
431860.1759,0
432071.5328,0
432199.5049,0
432225.3786,0
432282.739,0
432733.52760000003,0
432786.0528,0
433026.5524,0
433144.1168,0
433225.1159,0
433479.2015,0
433602.576,0
433711.5031,0
433878.4889,0
433916.686,0
434005.1242,0
434058.0184,0
434272.2819,0
434403.8809,0
434566.2363,0
434638.6446,0
434832.3869,0
435006.35719999997,0
435023.3733,0
435342.7725,0
435359.6685,0
435365.7436,0
435396.3977,0
435610.4038,0
435641.8654,0
435728.7222,0
435992.9656,0
436332.2466,0
436465.2836,0
436613.9172,0
436887.3698,0
437207.9816,0
437302.4079,0
437395.6138,0
437514.2494,0
437601.7551,0
438047.121,0
438176.7218,0
438360.8114,0
438523.1323,0
438603.4381,0
438773.3652,0
439209.5304,0
439612.4438,0
439665.9281,0
439693.88188,0
439824.9536,0
440125.4617,0
440201.5288,0
440359.1589,0
440474.2376,0
440878.13300000003,0
440884.4244,0
441085.79480000003,0
441183.6921,0
441312.4462,0
441644.0968,0
441890.0199,0
442062.96880000003,0
442080.116,0
442094.6438,0
442281.8779,0
442427.0714,0
442500.80350000004,0
442602.0229,0
442643.0233,0
442883.8382,0
443041.15989999997,0
443119.91359999997,0
443502.364,0
443618.5188,0
443650.346,0
443881.179,0
443919.7787,0
443920.687,0
444188.7814,0
444282.7498,0
444378.4036,0
444602.1048,0
444925.5203,0
445567.6117,0
445673.6271,0
445675.7767,0
446036.4791,0
446115.95519999997,0
446479.3385,0
446504.6517,0
446505.239,0
446645.1529,0
446683.0586,0
446915.8789,0
446970.1706,0
446971.2894,0
447072.49210000003,0
447135.4435,0
447193.6274,0
447200.5721,0
447492.17555,0
447527.886,0
447664.4584,0
447716.0279,0
447756.2585,0
447780.0375,0
448029.97990000003,0
448068.6121,0
448106.9128,0
448287.2997,0
448388.1114,0
449218.3048,0
449372.9238,0
449431.0785,0
449516.0549,0
449532.4881,0
449649.1283,0
449681.1616,0
449717.2706,0
449738.6835,0
449795.3372,0
449835.4967,0
449980.827,0
450031.0622,0
450060.648,0
450072.37690000003,0
450100.2708,0
450231.5427,0
450268.3767,0
450736.0751,0
450797.7388,0
450836.376,0
451277.8146,0
451365.0457,0
451581.5978,0
451618.244,0
451745.0418,0
451752.9999,0
451827.8796,0
451888.4119,0
451895.7807,0
452044.9954,0
452166.238875,0
452177.49470000004,0
452332.1301,0
452544.672,0
452576.7649,0
452606.6103,0
452676.4532,0
452677.524,0
452712.27729999996,0
452761.2541,0
452862.0133,0
453398.79980000004,0
453582.39890000003,0
453859.6472,0
453972.7424,0
454091.5356,0
454339.7262,0
454347.5227,0
454369.9775,0
454442.7978,0
454496.7649,0
454634.6282,0
454659.2962,0
454789.59140000003,0
454934.8591,0
455019.9802,0
455048.8777,0
455064.9639,0
455095.3702,0
455275.7977,0
455373.0532,0
455462.2148,0
455512.2159,0
455528.359,0
455730.2517,0
455760.0691,0
456235.8101,0
456627.4903,0
456672.0414,0
456692.8741,0
456700.4106,0
457219.36329999997,0
457371.8662,0
457461.7082,0
457548.225,0
457570.3853,0
457573.0584,0
457576.83770000003,0
457665.6048,0
457707.1592,0
457787.1415,0
457825.962,0
457894.4801,0
457924.1095,0
458008.8999,0
458016.60959999997,0
458105.1673,0
458150.93319999997,0
458225.1499,0
458250.3585,0
458294.44539999997,0
458943.9157,0
459025.3998,0
459031.3016,0
459031.86439999996,0
459125.3243,0
459140.7507,0
459364.0856,0
459382.2093,0
459487.8663,0
459566.6127,0
459692.8297,0
459734.1277,0
459908.3906,0
459937.6393,0
460027.3462,0
460353.4817,0
460466.3221,0
460482.811,0
460650.1386,0
460682.1304,0
460968.11710000003,0
460980.093,0
461011.9666,0
461063.2774,0
461200.5093,0
461379.4866,0
461468.3127,0
461497.07779999997,0
461743.3248,0
461757.1199,0
462103.1188,0
462477.3079,0
462551.47219999996,0
462938.73840000003,0
463019.8273,0
463052.4517,0
463105.4605,0
463217.5134,0
463301.79130000004,0
463760.216,0
463859.5798,0
463940.7645,0
463964.294,0
464075.421,0
464204.20759999997,0
464417.556,0
464480.006,0
465006.3556,0
465147.2833,0
465668.4659,0
465708.2155,0
465855.256,0
465873.8832,0
466028.9483,0
466287.5152,0
466289.1545,0
466485.9986,0
466641.2529,0
466657.0481,0
466856.2933,0
466932.2405,0
467038.7625,0
467176.4139,0
467417.6586,0
467615.3471,0
468183.9523,0
468245.0639,0
468660.0872,0
468873.8073,0
468934.451,0
469172.5623,0
469511.5145,0
469744.3216,0
469748.2801,0
469792.7679,0
469974.3996,0
470138.8308,0
470169.82605,0
470323.6903,0
470498.5084,0
470579.9466,0
470618.5209,0
470895.9819,0
471302.5656,0
471373.27749999997,0
471431.37069999997,0
471506.5563,0
471531.5868,0
471583.412,0
471611.2928,0
472094.0273,0
472174.8679,0
472411.4752,0
472505.9321,0
472571.7905,0
472779.0479,0
473340.0274,0
473405.6229,0
473436.3006,0
473748.9559,0
473829.9616,0
473980.5683,0
474027.4137,0
474353.114,0
474818.66708,0
474970.7544,0
475185.083,0
475617.6677,0
475642.9375,0
475702.1026,0
475759.2432,0
475950.8347,0
476042.76029999997,0
476577.9361,0
477351.9094,0
477401.7843,0
477445.5659,0
477446.0259,0
477805.6129,0
477845.08,0
478026.8489,0
478257.3663,0
478343.2262,0
478346.0261,0
478610.9282,0
478648.5626,0
478826.9632,0
478909.7129,0
478975.6027,0
479027.3761,0
479070.7147,0
479182.2858,0
479863.3834,0
479878.9662,0
480015.77379999997,0
480522.8017,0
480716.3814,0
480804.9099,0
481226.6944,0
481681.6028,0
481808.687,0
481967.8563,0
482336.7046,0
482489.3071,0
482616.9428,0
483071.3887,0
483087.704,0
483397.0879,0
483414.8598,0
483710.5058,0
483794.297,0
483847.0542,0
483930.1432,0
484057.3379,0
484127.8629,0
484225.6575,0
484461.5931,0
484837.8368,0
485061.6733,0
485486.3944,0
485550.5728,0
485674.1087,0
485709.9251,0
485750.4717,0
485920.0603,0
485946.2658,0
486064.1967,0
486421.5926,0
487242.57316,0
487290.0256,0
488779.5181,0
489164.0353,0
489195.19330000004,0
489203.0716,0
489419.9544,0
489428.9445,0
489542.3138,0
489882.2204,0
490333.5117,0
490746.2939,0
490794.7792,0
491080.58678,0
491336.5892,0
491699.5409,0
491830.1255,0
491890.6327,0
491986.5437,0
492252.4659,0
492511.2378,0
492577.0294,0
492705.9855,0
492758.5395,0
493012.0994,0
493565.2266,0
494118.08019999997,0
494234.4352,0
494303.8758,0
494576.0848,0
495084.723,0
495327.6651,0
495459.1501,0
495792.9327,0
495846.9624,0
495851.2499,0
496077.5184,0
496082.7164,0
496213.996,0
496583.5498,0
496713.3656,0
496825.3745,0
496882.7612,0
497754.284,0
497850.7944,0
497909.2784,0
498092.53359999997,0
498237.9311666667,0
498254.7203,0
498902.14280000003,0
499266.8968,0
499298.4892,0
499453.2968,0
499885.4349333333,0
499994.1353,0
500219.0623,0
500398.59438,0
500762.5177,0
501008.7714,0
501017.5519,0
501021.1695,0
501100.9789,0
501107.625,0
501270.0164,0
501312.4092,0
501334.6714,0
501438.4403,0
501530.2436,0
501594.9049,0
501660.8098,0
501664.1648,0
501706.874,0
501758.5189,0
502123.9591,0
502432.5402,0
502492.2058,0
502794.4132,0
503042.3463,0
503356.4739,0
503476.0518,0
503507.2773,0
504336.9307,0
504664.6511,0
504673.5568,0
504747.0047,0
505011.2665,0
505272.0597,0
505291.0362,0
505374.4086,0
505661.487,0
505854.8365,0
505865.98455,0
505915.6297,0
505973.1797,0
505982.8445,0
506441.206,0
506578.1186,0
506784.129,0
507026.67493333336,0
507539.0956,0
507803.3345,0
508008.8712,0
508185.587,0
508236.938,0
508342.8473,0
508479.1668,0
508484.5166,0
508553.3922,0
508561.8551,0
508647.6152,0
508717.2594,0
509058.4766,0
509084.4706,0
509164.0476,0
509221.68988333334,0
509367.39029999997,0
509965.2321,0
510034.2472,0
510108.2193,0
510329.6462,0
510630.8949,0
510816.5922,0
510950.2625,0
511073.0566,0
511322.4466,0
511512.1381,0
512080.1631,0
512186.1142,0
512249.14,0
512310.6284,0
512441.9328,0
512813.146,0
513020.3198,0
513217.1906,0
513224.2399,0
513240.7528,0
513272.4437,0
513509.2957,0
513696.898,0
513794.8128,0
513952.54,0
514210.59979999997,0
514276.9783,0
514384.9035,0
514619.2729,0
514638.7008,0
514645.6296,0
514928.4828,0
515266.282,0
515280.0329,0
515960.61199999996,0
516081.69200000004,0
516318.3922,0
516361.3136,0
516706.9435,0
516740.2586,0
517097.0939,0
517107.9303,0
517247.5904,0
517268.3472,0
517364.6689,0
517713.355,0
517877.7634,0
517931.1999,0
518032.2856,0
518059.6146,0
518175.4666,0
518180.0654,0
518316.115,0
518711.1449,0
518840.2066,0
518890.8085,0
518958.5751,0
518994.3651,0
519024.1614,0
519172.0193,0
519181.0289,0
519393.6851,0
519783.1168,0
519911.8332,0
520306.2401,0
520329.5669,0
520345.0249,0
520873.9798,0
520955.5397,0
521085.8748,0
521230.1732,0
521403.1251,0
521495.5888,0
521746.5725,0
521962.9521,0
521972.3698,0
522220.4183,0
522253.6617,0
522441.7525,0
522511.1259,0
522589.8944,0
522638.1605,0
522664.836,0
522843.3507,0
523059.8745,0
523070.48459999997,0
523097.808,0
523280.6909,0
523603.8868,0
523631.7289,0
523649.8431,0
524069.8151,0
524332.8488,0
524644.7687,0
524654.9409,0
524661.1036,0
524978.2045,0
525033.8215,0
525152.0122,0
525237.036,0
525255.3441,0
525584.773,0
525684.409,0
526019.9685,0
526066.9536,0
526212.7754,0
526298.4253,0
526425.537,0
526429.0454,0
526513.8935,0
526662.8955,0
526690.1668,0
526734.4764,0
526992.1528,0
526993.9346,0
527023.8342,0
527152.5783,0
527239.8744,0
527298.7957,0
527607.9908,0
527843.8174,0
527990.297,0
528029.7786,0
528246.5878,0
528426.3219,0
528477.6341,0
528545.050725,0
528563.4632,0
528580.1528,0
528593.5104,0
528619.6391,0
528675.0017,0
528940.4115,0
528984.6086,0
529149.3741,0
529188.9635,0
529215.6045,0
529426.4949,0
529505.0571,0
529580.7944,0
529712.4152,0
529737.3667,0
529833.2198,0
529913.737,0
530063.2827,0
530110.8972,0
530138.9496,0
530504.727,0
530574.2436,0
530696.0194,0
530826.1332,0
530855.6507,0
530924.79455,0
531086.6293,0
531164.8959,0
531343.0743,0
531420.8021,0
531444.442,0
531599.0816,0
531995.1986,0
532064.7098,0
532149.9661,0
532264.714,0
532366.4553,0
532450.5084,0
532573.6362,0
532777.4764,0
532852.9743,0
533043.7525,0
533546.9668,0
533565.2788,0
533797.2195,0
533855.2706,0
533861.7794,0
533943.0392,0
533946.5015,0
533971.7255,0
534033.5425,0
534332.7616,0
534379.3451,0
534655.6974,0
534674.8771,0
534946.2971,0
535084.8338,0
535130.8238,0
535151.0579,0
535222.4312,0
535250.411,0
535588.1417,0
535634.8989,0
535636.6406,0
535811.4859,0
535947.8034,0
536018.5327,0
536145.1625,0
536298.535,0
536436.3921,0
536501.2467,0
536633.1904,0
536662.5932,0
537079.1453,0
537463.0268999999,0
537471.4592,0
538121.4309,0
538196.2469,0
538478.7513,0
538538.2139,0
538550.8036,0
538887.2946,0
539572.7214,0
539753.7808,0
539779.6619,0
539902.9754,0
539959.7402,0
540234.8234999999,0
540296.1854,0
540606.8157,0
540684.1839000001,0
540767.6408,0
540804.3351,0
541012.9387,0
541053.3136,0
541119.3381,0
541173.7897,0
541393.0715,0
541557.6347,0
541616.2519,0
541698.446,0
541718.2661,0
541805.6115,0
541938.4766,0
542058.3407000001,0
542087.5083,0
542143.3511,0
542440.1972,0
542639.3743,0
542639.9032000001,0
542756.0916,0
542869.797,0
542883.2634,0
543117.0089,0
543483.2221,0
543712.7483,0
543809.2667,0
544045.0727,0
544177.6755,0
544451.6595,0
544503.7954,0
544722.1129,0
545005.1192,0
545248.7442,0
545407.9137,0
545833.5685,0
546033.4972,0
546068.0759,0
546074.615,0
546145.3784,0
546224.6714999999,0
546252.3397,0
546516.6758,0
546821.5067,0
546883.9205,0
547175.0713,0
547259.8112,0
547473.8222,0
547585.5274,0
547770.1878,0
547939.4457,0
547979.461,0
548000.7783,0
548383.3595,0
548483.8345,0
548747.3643,0
549059.8494,0
549109.4862,0
549278.7778,0
549533.3132,0
549674.7583,0
549720.6554,0
549877.6513,0
549996.5567,0
550176.3422,0
550195.3754,0
550232.5384,0
550324.9878,0
550643.0074,0
550804.7996,0
550863.3568,0
551386.1725,0
551429.4443,0
551544.542,0
551589.4315,0
552046.5454,0
552240.8335,0
552433.6026,0
552754.3546,0
552975.0648,0
552997.6484,0
553167.6317,0
553226.1647,0
553334.5174,0
553432.1105,0
553437.9808,0
553623.1181,0
553979.0273,0
554020.6015,0
554159.1258,0
554493.1933,0
554724.2249,0
554750.7577,0
554809.67042,0
554834.9207,0
554859.4277,0
554945.7443,0
554972.4562,0
555070.9933,0
555406.319,0
555437.3731,0
555507.019,0
556044.441,0
556076.3701,0
557091.5212,0
557143.7086,0
557237.9651,0
557284.6677,0
557746.1047,0
558225.7314,0
558463.726,0
558546.8624,0
558737.9194,0
558790.8935,0
558970.8525,0
559443.2807,0
559548.9341,0
559563.525,0
559735.232,0
560126.4994,0
560389.677,0
560456.738,0
560897.4349,0
561011.1677,0
561531.1464,0
561655.3754,0
561713.0593,0
562437.7853,0
562805.3713,0
562895.8963,0
563556.176,0
563744.6888,0
563820.2390000001,0
563895.4866,0
563918.8991,0
564043.4288,0
564206.9912,0
564945.4607,0
565428.6759,0
565551.6797,0
566482.4538,0
566520.3339,0
566681.3186,0
567077.9299,0
567298.5002,0
567825.3334,0
568108.5349,0
568704.2269,0
569012.2957,0
569378.7161,0
569403.9153,0
569668.53,0
569891.1139,0
570168.1158,0
570220.8313,0
570341.581,0
570642.8511,0
570652.626,0
570845.4035,0
570849.4425,0
570871.956,0
571095.929,0
571178.9991,0
571875.5686,0
572055.1217,0
572239.115,0
572260.8807,0
572585.2879,0
572594.595,0
572614.5196,0
572696.4896,0
572779.6132,0
572930.9268,0
573118.8798,0
573324.9101,0
573517.7358,0
574052.1899,0
574667.8889,0
574698.1159,0
574841.6503,0
574859.8094,0
574903.4176,0
574990.2453,0
575483.07,0
575574.6306,0
576062.3022,0
576109.0667,0
576243.3297,0
576526.3301,0
576925.4545,0
576988.1238,0
577912.8907,0
578109.467,0
578257.8639,0
578309.4583,0
578409.445,0
578519.1455,0
578581.554,0
578605.0801,0
579072.63722,0
579353.4733,0
579393.9299,0
579500.18,0
579547.0559,0
579835.3366,0
579960.1828000001,0
579986.6566,0
580268.210275,0
580481.8324,0
580816.1965,0
581084.2703,0
581182.34,0
581253.5659,0
581363.9264,0
581432.9912,0
582064.694175,0
582136.9584,0
582181.4907,0
582197.6238,0
582293.1658,0
582564.7135,0
582739.7893,0
582780.5818,0
582885.3824,0
582915.0475333333,0
583110.0389,0
583140.8069,0
583199.1453,0
583304.8894,0
583636.4251999999,0
583794.7454,0
583817.9152,0
584171.81122,0
584295.4495,0
584419.2836,0
584470.5237,0
584484.3193,0
584621.1742,0
585068.2245,0
585352.5930999999,0
586091.24914,0
586267.4478,0
586294.6491,0
586448.9009,0
586489.7965,0
586586.524,0
586742.6211,0
587065.1528,0
587514.8131,0
587547.0681,0
587552.7193,0
587784.6737,0
587842.6254,0
587997.3653,0
588619.9475833334,0
588795.9796,0
588847.8924,0
588899.9183,0
588981.9193,0
589089.0916,0
589187.8606,0
589347.6709,0
590716.2323,0
590762.9092999999,0
590776.7649,0
591725.0458166667,0
591971.0521,0
592039.1844333333,0
592071.454,0
592204.5507,0
592306.4514,0
592370.397,0
592516.8479,0
592718.9426,0
592738.1831,0
592829.401,0
593011.3175,0
593054.7933,0
593109.7122,0
593184.3925,0
593664.5255,0
593941.1267,0
594092.8083,0
594412.7776,0
594635.6643,0
595076.3568,0
595110.1113,0
595198.5645,0
595224.8378,0
595322.3053,0
595434.3217,0
595456.3654,0
595702.8876,0
595965.7754,0
596126.2952,0
596201.6246,0
596202.8859,0
596242.06242,0
596390.3973,0
596696.7572,0
597251.8836000001,0
597568.1542,0
597570.6996,0
597679.3414,0
597754.01,0
597778.3011,0
598308.9876999999,0
598437.20204,0
599060.9742,0
599127.1953,0
599282.0174,0
599356.0284,0
599459.1592999999,0
599685.4443,0
599706.1908,0
599725.7813,0
599890.6064,0
599897.5922,0
599942.4923,0
599969.8164,0
600120.7648,0
600654.8607,0
600706.2611,0
600870.6186,0
601162.8255,0
601367.99118,0
601405.4374,0
601446.8677000001,0
601478.6041,0
601555.1226,0
601596.0953,0
601849.7779,0
601885.3837,0
602159.2457,0
602310.9762,0
602391.1434,0
602483.4004,0
602484.2074,0
602561.4401,0
602981.7669,0
603007.5594,0
603035.7112,0
603065.8263,0
603196.6518999999,0
603346.7396,0
603474.1078,0
603524.2363333333,0
603582.6722,0
603816.6743,0
604008.8174,0
604705.4679,0
604779.85525,0
604883.0956,0
604942.655,0
605009.0684,0
605051.7281,0
605151.0022,0
605430.2453,0
605467.1318,0
605623.0594,0
605909.5874,0
606087.4662,0
606191.8209,0
606243.3975,0
606367.37,0
606406.191,0
606420.0381,0
606423.0325,0
606545.9064,0
606602.6145,0
606619.0385833334,0
606656.0472,0
606717.8986,0
606756.8232,0
607033.8963,0
607266.7208,0
607369.5577,0
607459.7265,0
607468.5467,0
607563.1410000001,0
607810.3577,0
607861.4199,0
608083.0988,0
608114.8599,0
608163.5938,0
608319.7132,0
608456.2848,0
608891.7986,0
609146.1545,0
609161.4478,0
609386.1085,0
609428.3385,0
609596.9702,0
609616.0666,0
609636.3089,0
610028.5914,0
610092.259,0
610177.322875,0
610203.0985,0
610713.4116,0
610768.9555,0
610892.4149,0
611004.2951,0
611109.4880333333,0
611200.9243,0
611205.1212,0
611267.7856000001,0
611292.0707,0
611452.3665,0
611488.3601,0
611644.9974,0
611851.0523,0
612635.329,0
612777.6188,0
612871.6072,0
613094.4349,0
613131.3575,0
613168.4682,0
613306.6872,0
613486.5265,0
613770.8796,0
613849.2645,0
613953.9884,0
614019.3977,0
614137.4342,0
614141.5203,0
614282.6442,0
614378.8222,0
614387.4142,0
614445.8864,0
614932.4047,0
615007.7892,0
615316.291,0
615397.5013,0
615550.9855,0
615715.9389,0
615752.2577,0
615991.9913999999,0
616028.0097,0
616040.1083,0
616274.2646,0
616344.4565,0
616608.8029,0
616885.0633,0
616908.3402,0
616949.2984,0
616955.1852,0
617202.0497,0
617276.2638,0
617351.2552,0
617599.2604,0
617651.9491,0
617895.5152,0
617953.9227,0
618014.4642,0
618047.6992,0
618210.7443,0
618222.65,0
618349.4961,0
618566.0455,0
618730.4791,0
618777.2687,0
618933.1342,0
619092.3334,0
619266.7829,0
619362.5849,0
619436.9388,0
619589.7579,0
619629.8276,0
619637.9253,0
619690.6531,0
619763.1564,0
619888.179,0
620058.8922,0
620339.7305,0
620456.3802,0
620597.7909,0
620627.5311,0
620711.916525,0
620763.9231,0
621085.8599,0
621136.754,0
621447.6363,0
621570.3807,0
621609.0656,0
621787.787,0
621856.0744,0
621886.5498,0
621895.5208,0
621906.9133,0
621946.8987,0
621960.7955,0
621973.1485,0
622266.543,0
622478.025,0
622670.3782,0
622729.2171,0
622797.8722,0
622910.3233,0
623046.0406,0
623144.6481,0
623376.0121,0
623420.4127,0
623478.8982,0
623625.3677000001,0
623789.3519,0
623867.2235,0
623911.7818,0
623965.3755,0
623989.6955,0
624032.7259,0
624374.7706,0
624407.8145,0
624564.9686,0
624692.7447,0
624861.8767,0
624942.1451,0
625157.3388,0
625664.3167,0
625674.9609,0
625715.4121,0
625768.7611,0
625841.6941,0
625888.1597,0
626070.2469,0
626197.1123,0
626423.3969,0
626489.2665,0
626513.0903,0
626563.4809,0
626690.0888,0
626741.3432,0
626794.3844999999,0
626799.7453,0
627236.9721,0
627260.076,0
627376.1085,0
627378.3203,0
627757.8763,0
627797.3564,0
627911.2162,0
628014.3594,0
628115.8094,0
628128.6208,0
628176.1982,0
628588.1786,0
628724.6418,0
628732.6428,0
629064.7087,0
629226.0055333333,0
629373.051,0
629431.3818,0
629443.8314,0
629479.4075,0
629755.7986,0
629821.2884,0
629858.9484,0
630024.6106,0
630272.2141,0
630402.4675,0
630403.3362,0
630485.5778,0
630606.6101,0
630630.259,0
630704.4105,0
631580.5857,0
631624.1669,0
631768.2915,0
631900.4884,0
632440.6328,0
632492.9781,0
632551.0001,0
632758.6146,0
632915.042,0
632930.8973,0
632933.6865,0
633067.8049,0
633514.1907,0
633544.947,0
633652.3136,0
634109.1702,0
634122.2778,0
634321.6966,0
634415.2772,0
634556.5811,0
634748.7231,0
634921.7046,0
635418.1477,0
635589.4251,0
635590.3395,0
635796.5688,0
635889.9433,0
635993.6547,0
636075.8909,0
636113.5793,0
636132.1559,0
636145.2412,0
636214.3574,0
636266.6939000001,0
636681.2465,0
637050.0731,0
637197.7971,0
637226.9732,0
637292.1025,0
637457.2596,0
637582.5482,0
637760.5146999999,0
638026.587,0
638108.567,0
638208.712,0
638272.8751000001,0
638436.5231,0
639365.9895,0
640243.6553,0
640324.2746,0
640505.9177,0
640558.7585,0
640778.538,0
641207.3856,0
641210.3317,0
641767.6913000001,0
641790.6996,0
642102.0932,0
642284.4861,0
642595.6655,0
642796.0688,0
642987.8628,0
643382.9234,0
643649.2676,0
643853.571,0
643963.2233,0
644178.3868,0
644191.3138,0
644359.4848,0
644417.3584,0
644527.2117,0
644809.5165,0
644877.535,0
644904.1091,0
645002.0011,0
645073.058,0
645201.8458,0
645357.9514,0
645996.9035,0
646337.5165,0
646358.5176,0
646724.3803,0
646805.2086,0
646893.0376,0
646936.1037,0
647164.1002,0
647532.2686,0
647843.9365,0
648399.1283333333,0
648695.8539,0
648774.9363,0
648793.7354,0
649454.0002,0
649690.8913,0
649695.6043,0
649794.9528,0
650239.044,0
650431.0779,0
650612.2659,0
650650.0396,0
650797.7598,0
650913.8221,0
651274.0313,0
651338.7093,0
651510.8933,0
651650.4639,0
651786.8266,0
651794.322,0
652146.7398,0
652330.0063,0
652445.6923,0
653024.0893999999,0
653230.59,0
653300.5204,0
653379.8663,0
653834.6061,0
654421.6968,0
654429.17235,0
654455.898,0
654498.6554,0
654591.4069,0
654627.4748,0
654683.2999,0
655060.2401,0
655347.3643,0
655423.7766,0
655607.5231,0
655686.1927,0
655769.6153,0
655782.5345,0
655950.7622,0
656285.8354,0
656723.9852,0
657044.393,0
657417.0403,0
657530.1536666667,0
657573.2362,0
657771.8533,0
657971.4624,0
657994.7204,0
658011.5913,0
658152.8373,0
658393.9783,0
658560.1869,0
658640.0413,0
658752.0441,0
658776.1874,0
659064.179975,0
659463.7757,0
659868.2249,0
659895.6965,0
660037.2322,0
660176.8532,0
660275.4175,0
660452.5157,0
660962.1669,0
661045.7041,0
661176.8531,0
661178.7428,0
661329.7735,0
661367.3816,0
661979.4127,0
662056.8311,0
662238.7392,0
662932.8178,0
663001.6876000001,0
663008.9263,0
663024.9410999999,0
663220.5797,0
663222.2874,0
663452.2404,0
663563.3882,0
663640.8805,0
663929.9129,0
664320.0763,0
664560.0821,0
664790.5255,0
665060.0109999999,0
665121.2152,0
665297.8305,0
665432.1307,0
665459.2398,0
665515.0289,0
665888.9182,0
666080.6287,0
666133.7046,0
666473.835,0
666614.4937,0
666842.6768,0
667110.6496,0
667468.1256,0
667668.5457,0
667707.4506,0
667773.4672,0
667992.5249,0
668429.665,0
668596.9978,0
668658.1273,0
668864.0225,0
668910.7391,0
668970.2265999999,0
670014.4604,0
670568.2431,0
670706.1255,0
670724.0816,0
670979.998075,0
671033.8202,0
671388.0377,0
671513.8472,0
671581.2597,0
671986.3169,0
672019.1246,0
672081.3414,0
672178.2921,0
672202.7106,0
672469.0421,0
672813.2944,0
673338.5421,0
673441.0896,0
673493.2797,0
673572.9787,0
673995.6183,0
674132.3404,0
674329.3606,0
674486.0443,0
674660.5776,0
674761.7297,0
674840.815,0
674843.7991,0
675084.6061,0
675105.4152,0
675504.9319,0
675581.0255,0
675630.9817,0
676009.2648,0
676644.6878,0
676718.0398,0
676848.5099,0
676990.2005,0
677364.0826,0
677381.2079,0
677548.2216,0
677617.7234,0
677690.4006,0
678112.6049,0
678209.0101,0
678260.3845,0
678472.6381,0
678489.8209,0
678626.3895,0
678685.2197,0
678700.5532,0
678787.7293,0
678869.5569,0
678982.9699,0
679033.7742,0
679073.1548,0
679083.9680999999,0
679187.6083,0
679191.2149,0
679237.8222,0
679398.7375,0
679556.9815,0
679716.5906,0
679827.3375,0
679894.3463,0
680212.7164,0
680216.7782000001,0
680643.8286,0
680697.9432,0
680818.6529,0
680842.6098,0
680918.0131,0
681127.3267,0
681164.6471,0
681164.7258166666,0
681475.4263,0
681745.3381,0
681915.8741,0
681964.59602,0
681997.6654,0
682204.392,0
682456.0771999999,0
682572.7329,0
682966.3599,0
682995.3253,0
683135.7305,0
683575.34298,0
683859.4692,0
683945.02848,0
684018.46,0
684127.0268,0
684323.6526,0
684359.1153,0
684370.0389,0
684450.599,0
684481.1488,0
684528.9377,0
684604.1935,0
684893.4552,0
685273.9941,0
685393.2256333333,0
685459.3981,0
685811.4381,0
685891.4999,0
685951.5257,0
685961.7146,0
685982.36,0
686134.9727,0
686161.1983,0
686373.5187,0
686374.0788,0
686863.9501,0
686962.1628,0
687038.3914,0
687153.3921,0
687190.8865,0
687233.0259,0
688090.3433,0
688179.6054,0
688180.5506,0
688282.216,0
688714.7117,0
688905.3728,0
688940.4018,0
689059.7593,0
689122.7002,0
689205.6789,0
689377.2784,0
689439.2972,0
689596.9842,0
689612.9308833333,0
689685.8978,0
689829.3763,0
690083.2988,0
690248.4446,0
690691.7352,0
690859.144,0
690922.2702,0
691008.6411,0
691189.6676333334,0
691337.8158,0
691764.1646,0
692031.2608,0
692169.6344,0
692185.7031,0
692286.3535,0
692526.0582,0
692586.113,0
693085.9429,0
693539.3753,0
693666.5467,0
693700.9511333334,0
693738.7932,0
693792.752,0
694001.9179,0
694066.5399,0
694208.21636,0
694469.1539,0
694604.025,0
694638.8543,0
694797.0763,0
694822.3445,0
694913.6122,0
694939.9488,0
695031.9343,0
695098.5411,0
695196.17484,0
695323.387725,0
695633.574,0
695807.3046,0
696114.1806,0
696324.564,0
696364.8082,0
696461.0178,0
696525.5554,0
696601.4492,0
696881.0953,0
696918.6243,0
697044.216,0
697124.1446,0
697126.5783,0
697144.8506,0
697247.1965,0
697552.7281,0
698447.1209,0
698452.7554,0
698839.2017,0
699184.9106000001,0
699292.3927,0
699448.3987,0
699513.9786,0
699781.6907,0
700296.9353,0
700391.3623,0
700414.9649,0
700464.3138,0
700667.4666,0
700741.5593,0
701291.6484,0
701299.9689,0
701504.6758,0
701572.7059,0
701605.3705,0
701638.1342,0
701685.5777,0
701894.5707,0
701897.7184,0
701911.8562,0
702133.6253,0
702212.2643,0
702375.547,0
702412.3618,0
702489.768,0
702491.5259,0
702852.5786,0
702887.9895,0
702932.1072,0
702987.623,0
703027.9849,0
703380.3712,0
703401.2405,0
703557.6993,0
703601.0767,0
703608.039,0
703800.9958,0
703974.7267,0
704326.3276,0
704375.9801,0
704591.1231,0
704731.8855,0
704905.9439,0
705111.7145,0
705248.6034,0
705265.0849,0
705294.5732,0
705368.4561,0
705597.4823,0
705598.5446,0
705668.5395,0
705761.3068,0
705920.0987,0
705934.5034,0
706093.801,0
706254.1728000001,0
706368.1961000001,0
706373.0409,0
706856.8284,0
706907.9622,0
706912.5164,0
706990.0665,0
707094.1257,0
707095.923,0
707169.2987,0
707232.505,0
707325.8258,0
707423.4035,0
707631.9892,0
707641.8267,0
707763.3127,0
707908.8191,0
708041.8123,0
708043.3698,0
708058.4952,0
708130.5859000001,0
708286.6263,0
708348.7802,0
708543.6928,0
708881.3827,0
708904.2558,0
709259.4492,0
709325.7643,0
709440.4821,0
709536.8557,0
709591.9303,0
709643.0992,0
709937.8733,0
710079.9146,0
710085.1151,0
710166.4735,0
710200.2355,0
710351.5068,0
710395.402,0
710431.9942,0
710499.0724,0
710624.8634666667,0
710679.7589,0
711112.6653,0
711169.6074,0
711295.1324,0
711358.1542,0
711370.376,0
711436.8634,0
711497.1527,0
711876.9211,0
711971.4075,0
712101.4302000001,0
712249.8778,0
712625.6758,0
712683.0686,0
712695.2892,0
712922.3435,0
713092.3739,0
713350.807,0
713639.2391,0
714592.8851,0
714813.8361,0
714923.9691,0
714947.7765,0
715003.9388,0
715023.7623000001,0
715130.2865,0
715204.6097,0
715377.175,0
715669.4611,0
715830.2047,0
716276.0643,0
716388.178,0
716437.0047,0
716560.2709,0
716652.1061,0
716656.687,0
716671.1203,0
716810.5137,0
716894.8617,0
716941.4915,0
716967.073,0
716981.9486,0
717164.4151,0
717838.5543,0
717908.6138,0
718048.5903,0
718290.3016,0
718379.137,0
718434.7368,0
718546.9145,0
718574.3226000001,0
718589.5403,0
718608.1216,0
718774.6212,0
718878.1902,0
719272.0524,0
719297.577,0
719430.8389,0
719466.5893,0
719492.2581,0
719594.2221,0
719601.4133,0
719726.5263,0
720348.3502,0
720914.6681,0
721386.4663,0
721488.6161,0
721695.7074,0
721718.4153,0
722187.7716,0
722317.5722,0
722331.3558,0
722509.4688,0
722829.8688,0
722847.2604,0
723135.2372,0
723198.7368,0
723259.3855,0
723296.8194,0
723361.5299,0
723988.0438,0
724124.5111,0
724225.2125,0
724357.5605,0
724390.9254,0
724861.888,0
725006.4965,0
725239.4776,0
725248.647,0
725396.957,0
725488.0684,0
725619.6495,0
725664.6097,0
725831.7588,0
725998.3674,0
726614.9769,0
726855.0443,0
726915.0739,0
726917.0873,0
726936.3539,0
727107.8278,0
727139.1487,0
727223.8292,0
727256.6396,0
727458.8575,0
727462.2137,0
727465.7931,0
727573.8191,0
727681.4643,0
727792.0861,0
727845.7443,0
727906.2855,0
727987.4901,0
727998.1923,0
728089.2529333334,0
728190.3723,0
728293.0414,0
728399.8695,0
728499.4521,0
728597.2735,0
728853.889,0
728881.233,0
728922.8273,0
728983.0082,0
729283.2111,0
729319.7171,0
729340.8624,0
729524.0874,0
729617.1001,0
729770.8024,0
729947.7751,0
730307.4486,0
730605.8971,0
730805.5032,0
731000.9581,0
731034.6518,0
731148.1364,0
731280.6382,0
731322.0718,0
731365.7577,0
731424.2475,0
731675.3271999999,0
731754.5263,0
731920.2886,0
732464.2045,0
732592.0356000001,0
732951.8304,0
733190.5797,0
733197.81282,0
733346.0231999999,0
733372.0216,0
733628.6967,0
734111.6747,0
734202.5581,0
734242.8916,0
734403.4573,0
734421.4891,0
734480.0061,0
734483.8233,0
734684.6778,0
734890.3221,0
734989.4498000001,0
735194.3116,0
735278.4847,0
735324.312,0
735432.9616,0
735469.8409,0
736144.2589,0
736157.1551,0
736883.7963,0
736971.2307,0
737166.102,0
737184.4278,0
737216.5531,0
737489.9504,0
737643.0045,0
737672.633,0
737824.304,0
737947.0409,0
737993.4795,0
738731.7927999999,0
739083.1697,0
739219.6719,0
739345.9376000001,0
739608.5085,0
739709.6904,0
739740.2934,0
739842.706,0
740039.6226,0
740184.9615,0
740469.4499,0
740546.5244,0
740570.2513,0
740634.0149,0
740778.4972,0
741052.5264,0
741090.0736,0
741546.6206,0
741691.5623999999,0
741832.0714,0
741954.2822,0
742073.0933,0
742182.2532,0
742380.309,0
742461.6073,0
742589.0101,0
742809.5624,0
742852.9024,0
742986.9221,0
743068.1638,0
743142.2242,0
743353.6783,0
743450.9664,0
743628.8008,0
743656.2919,0
743853.2162,0
744040.7789,0
744084.4488,0
744317.6347,0
744325.7073,0
744336.1822,0
744415.2156,0
744674.6316,0
744696.6176,0
744846.0132,0
744910.9042,0
744937.172,0
745102.856,0
745122.3643,0
745213.9674,0
745473.5009999999,0
745487.1878,0
745488.1134,0
745543.9718,0
745551.0711000001,0
745662.0986,0
745776.7390000001,0
746046.2678,0
746168.0734,0
746278.0162,0
746385.965,0
746474.1441,0
746686.0987,0
747057.9375,0
747119.5094,0
747496.9213,0
748026.4366,0
748285.4805000001,0
748699.5837,0
748991.0842,0
749862.831,0
750219.3255,0
750245.7208,0
750330.8674,0
750423.1152,0
750511.7835,0
750575.7536,0
750686.3059,0
750740.3707,0
750889.0242999999,0
750995.7609,0
752273.1512,0
752507.9525,0
753178.5999,0
753838.1509,0
753884.4355,0
754308.7096,0
754410.1684,0
754522.5574,0
754564.1681,0
754614.8223,0
754755.4785,0
755278.9487,0
755664.3159,0
755734.8708,0
757136.2949,0
757529.1176,0
757764.0368,0
758023.4017,0
758173.5797,0
758336.0472166666,0
758604.2608,0
758947.4891,0
759154.4983,0
759414.37446,0
759507.86,0
760096.8829,0
760259.3162,0
760359.7543,0
760492.7702,0
760640.1599,0
760876.6882,0
760936.0892,0
761177.2878,0
761308.433,0
761400.9528,0
761726.8546,0
761756.2828,0
761766.6367,0
761800.2779,0
761972.3771,0
762081.6642,0
762284.6967,0
762852.7042,0
762864.6165,0
762881.3543,0
762917.2393,0
762928.3617,0
762943.5967,0
762944.2804,0
763067.2202,0
763068.6103000001,0
763117.4165,0
763751.2846,0
764519.184,0
764555.7335,0
764603.1601,0
764985.9716,0
765035.521425,0
765146.6970833333,0
765980.3455,0
766162.0132,0
766470.3556,0
766554.7004,0
766681.8386,0
766880.6017,0
766912.8926,0
766970.9096,0
766990.6086,0
767178.9132,0
767259.5589,0
767320.1251,0
767382.7705,0
767566.7211,0
767620.8726,0
767695.4031,0
767772.0494,0
767797.5446,0
768054.4222,0
768127.9283,0
768577.2246,0
768710.0654,0
768856.649,0
769141.8971,0
769640.5454,0
769766.0581,0
769885.3195,0
770015.8589,0
770078.0326,0
770080.8286,0
770084.8025,0
770086.7709,0
770182.824,0
770582.6423,0
770586.728,0
770758.0477,0
770771.3415,0
771355.5452333334,0
771803.2816,0
771842.4569,0
772032.6365,0
772170.5778,0
772205.4644,0
772217.2486,0
772279.7012,0
772412.6953,0
772530.913,0
772621.0975,0
772625.1748666667,0
772686.5759,0
772705.5259,0
772712.2031,0
772877.1574,0
772933.8245333333,0
773032.5449,0
773216.1947,0
773249.9742,0
773260.471,0
773404.0538999999,0
773704.67552,0
773839.6989,0
773947.8772,0
774057.56,0
774199.7344,0
774405.4077,0
774615.2007,0
774817.1809,0
774911.9869,0
775033.2882,0
775093.9324,0
775154.1668,0
775199.7518,0
775245.3296,0
775407.3709,0
775435.4326,0
775574.5262,0
775612.4158,0
775643.4642,0
775717.2202999999,0
775987.5966,0
776197.9413,0
776243.3194,0
776326.6334,0
776481.575,0
776483.4632,0
776709.0561,0
776777.5436,0
776914.8683,0
776970.7634,0
777066.19326,0
777241.6426,0
777451.9976,0
777525.2279,0
777577.9735,0
-----Simulation END-----
