-----Simulation 0-----
172898.3713,0
172905.1301,0
172939.2667,0
172952.3688,0
172971.3685,0
173000.2682,0
173019.7405,0
173069.9239,0
173193.1169,0
173410.2414,0
173732.2141,0
174054.10330000002,0
174185.1244,0
174289.6146,0
174351.7151,0
174489.0364,0
174526.2959,0
174568.3525,0
174575.8064,0
174625.5208,0
174792.4821,0
174928.1296,0
175112.8217,0
175359.15,0
175379.8659,0
175388.6329,0
175423.5504,0
175485.8728,0
175528.8401,0
175603.066,0
175611.1417,0
175723.6853,0
175757.6122,0
175766.2226,0
175792.99271666666,0
175795.30560000002,0
175824.8925,0
175847.7827,0
175860.7301,0
175902.3478,0
176095.6095,0
176170.7798,0
176194.7544,0
176471.28590000002,0
176535.3981,0
176982.383,0
176996.5647,0
177076.4243,0
177150.09769999998,0
177629.2443,0
177721.4119,0
177746.7333,0
177761.6591,0
177829.2798,0
177836.5362,0
177848.718,0
177917.4895,0
178012.2572,0
178167.8614,0
178181.6097,0
178199.2723,0
178231.3898,0
178334.9717,0
178417.84649999999,0
178431.3245,0
178655.7405,0
178700.0208,0
178795.3463,0
178845.8604,0
178883.6751,0
178911.6,0
179022.2841,0
179048.5007,0
179068.4024,0
179228.59649999999,0
179252.8868,0
179255.1901,0
179401.9532,0
179413.3719,0
179586.6384,0
179620.5576,0
179698.50089999998,0
179712.7908,0
179714.47149999999,0
179802.7357,0
179809.8316,0
179845.1051,0
179852.6345,0
179968.6159,0
180176.89860000001,0
180245.63199999998,0
180250.8813,0
180288.29006666667,0
180527.1428,0
180545.881,0
180705.3705,0
180730.5627,0
180768.0155,0
180776.1507,0
181129.8609,0
181178.4193,0
181471.9848,0
181482.5157,0
181759.86800000002,0
181873.2944,0
181982.6837,0
182078.4045,0
182109.3301,0
182190.9606,0
182250.9711,0
182280.6103,0
182672.7429,0
182715.3087,0
182755.541,0
183043.5769,0
183119.5992,0
183151.7595,0
183184.4924,0
183393.2713,0
183507.97340000002,0
183508.8101,0
183632.1845,0
183638.1481,0
183780.19640000002,0
184017.8561,0
184227.0721,0
184378.3353,0
184397.6617,0
184435.7408,0
184698.7821,0
184761.7342,0
184773.3025,0
184970.7032,0
185050.3928,0
185114.7331,0
185194.7201,0
185236.4372,0
185276.5696,0
185314.2188,0
185352.8519,0
185353.3262,0
185410.96169999999,0
185458.9543,0
185461.692,0
185543.1769,0
185647.2848,0
185822.2715,0
185856.539,0
185999.856,0
186029.5358,0
186243.4265,0
186318.291,0
186470.935,0
186584.26905,0
186721.2184,0
186769.5086,0
186802.8965,0
186988.2309,0
187053.8814,0
187066.9236,0
187134.8779,0
187154.676,0
187534.4816,0
187590.0897,0
187772.4473,0
187776.3716,0
187908.3547,0
187952.8449,0
188031.8246,0
188201.8157,0
188370.9404,0
188428.7057,0
188512.0507,0
188522.7608,0
188558.261,499.57300000000396
188627.3469,0
189057.2263,0
189102.22580000001,0
189118.2779,0
189348.4642,0
189406.3958,0
189739.12339999998,0
189757.04869999998,0
189788.9068,0
189819.59889999998,0
189837.6694,0
189960.3471,0
189962.3497,0
190043.8275,0
190100.0115,0
190109.2368,0
190143.39620000002,0
190287.2402,0
190291.09399999998,0
190575.14669999998,0
190717.6619,0
190813.77909999999,0
190820.5415,0
190836.1183,0
191020.6209,0
191122.682,0
191207.9582,0
191218.3295,0
191223.7805,0
191312.0954,0
191370.2527,0
191474.7598,0
191494.5258,0
191671.6733,0
191737.8434,0
191803.164,0
191844.3549,0
191861.9082,0
191946.6147,0
191946.8389,0
192062.4904,0
192115.6922,0
192136.918,0
192295.8908,0
192318.8204,0
192650.9574,0
192663.508,0
192678.0057,0
192768.71970000002,0
192804.558,0
192831.7746,0
192864.82559999998,0
192892.51929999999,0
192919.0876,0
192967.1788,0
193008.1896,0
193046.5571,0
193493.00089999998,0
193593.0706,0
193738.32140000002,0
193884.0938,0
193893.146,0
193936.5268,0
193949.035,0
194093.0562,0
194229.1441,0
194297.65279999998,0
194367.51630000002,0
194503.8509,0
194544.6918,0
194548.8413,0
194786.3722,5123.129400000005
194853.0693,0
194871.8997,0
194983.8872,0
194992.71600000001,0
195055.5667,0
195110.144,0
195171.8171,0
195470.3341,0
195499.4625,0
195588.6336,0
195690.7469,0
195763.4804,0
195900.65279999998,0
195954.9559,0
196195.62790000002,0
196471.0269,0
196532.3271,0
196657.2692,0
196693.3168,0
196809.6257,0
197013.1375,0
197151.4823,0
197239.5289,0
197270.6248,0
197271.9078,0
197385.8174,0
197522.7798,0
197569.43540000002,0
197782.3507,0
197824.5547,0
197858.6978,0
197866.5887,0
198062.7493,0
198174.30180000002,0
198354.54,0
198511.5631,0
198519.8408,0
198558.4217,0
198566.1282,0
198568.5762,0
198595.1807,0
198702.46529999998,0
198760.0643,0
198896.28220000002,0
198923.08490000002,0
198991.9622,0
199016.9054,0
199027.6615,0
199031.0954,0
199354.2424,0
199415.070275,0
199506.1144,0
199641.3504,0
199655.5461,0
199757.282,0
199924.9627,0
199995.8338,0
200005.9999,0
200074.9477,0
200200.8714,0
200442.48369999998,0
200718.4766,0
200964.6624,0
201030.9527,0
201153.7906,0
201223.9502,0
201238.7093,0
201314.9514,0
201515.4183,0
201616.3264,0
201678.88880000002,0
201843.5448,0
201955.0693,0
201985.4202,0
202161.3079,0
202245.9281,0
202251.477,0
202319.06290000002,0
202728.89789999998,0
202778.4183,0
202810.1502,0
202835.1377,0
202847.09960000002,0
202872.9826,0
203070.99599999998,0
203517.2253,0
203627.6193,0
203715.6675,0
203818.5976,0
203831.8139,0
204022.76036666665,0
204059.94400000002,0
204083.59889999998,0
204484.0006,0
204571.2346,0
204747.04200000002,0
204954.7575,0
205322.1322,0
205406.4929,0
206367.3127,0
206420.93,0
206536.5662,0
206819.5859,0
206826.6289,0
206890.2373,0
207061.5161,0
207122.1736,0
207166.0924,0
207553.9691,0
207652.1886,0
207753.0356,0
208016.7741,0
208188.60259999998,0
208283.0271,0
208337.12290000002,0
208466.59470000002,0
208507.1289,0
208576.2846,0
208814.7224,0
208870.465,0
209189.6766,0
209212.3152,0
209212.3512,0
209288.98810000002,0
209382.893,0
209404.1605,0
209481.29859999998,0
209842.6328,0
209954.8765,0
210337.678,0
210780.861,0
210833.1464,0
210908.8665,0
210981.8929,0
211008.9154,0
211143.55554,0
211209.4903,0
211240.6104,0
211284.03220000002,0
211304.7242,0
211359.4423,0
211532.9913,0
211543.9118,0
211565.5722,0
211671.1177,0
211730.1598,0
211846.222,0
211855.2432,4290.681400000001
211870.3111,0
212093.358,0
212190.8119,0
212461.49300000002,0
212470.2285,0
212570.99800000002,0
212853.2965,0
212880.307,0
212896.7994,0
213521.9838,0
213687.2295,0
213833.5343,0
213929.2953,0
214312.8433,0
214353.6519,0
214357.151,0
214575.9339,0
214726.177,0
214807.6922,0
215069.9582,0
215078.0147,0
215246.1684,0
215625.3525,0
215881.342,0
215990.373,0
216169.3569,0
216448.27386666666,0
216460.8821,0
216769.94160000002,0
216912.20750000002,0
217063.7011,0
217210.3564,0
217234.38079999998,0
217247.21480000002,0
217402.8973,0
217456.54330000002,0
217534.8957,0
217630.2296,0
217834.1566,0
217915.0897,0
218580.406,0
218595.2685,0
218833.06949999998,0
218870.91210000002,0
218886.336,0
219071.4373,0
219137.0628,0
219210.364,0
219271.65840000001,0
219318.2136,0
219335.1998,0
219479.37099999998,0
219686.0826,0
219729.3282,0
219810.8111,0
219862.41820000001,0
220137.4223,0
220168.2346,0
220393.4068,0
220419.46970000002,0
220615.87410000002,0
220704.3665,0
220821.6795,0
221012.941,0
221301.4231,0
221393.5004,0
221469.6137,0
221501.8737,0
221591.436,0
221596.603,0
221721.8306,0
221900.5325,0
222174.6473,0
222187.6305,0
222194.2887,0
222276.6727,0
222323.3444,0
222386.7893,0
222540.6104,0
222712.7463,0
222721.1694,0
223097.3042,0
223182.7824,0
223663.4367,0
223723.4272,0
224091.1142,0
224279.1302,0
224306.559125,0
224342.3968,0
224669.9251,0
224729.5657,0
224988.9341,0
225042.1422,0
225586.4115,0
225736.7436,0
226158.7745,0
226313.1797,0
226330.9022,0
226691.0563,0
226728.8532,0
227032.5166,0
227183.4408,0
227404.8743,0
227460.0301,0
227543.1624,0
227552.6878,0
227580.8971,0
227613.54499999998,0
227648.6653,0
227664.2297,0
227781.1277,0
228113.5887,0
228130.95990000002,0
228172.4784,0
228179.8304,0
228202.7021,0
228248.7267,0
228480.4694,0
228491.01929999999,0
228580.3696,0
228627.65649999998,0
228742.6099,0
228774.5402,0
228837.1984,0
229034.85080000001,0
229198.8362,0
229993.9554,0
230005.93910000002,0
230161.4221,0
230352.9649,0
230375.0449,0
230447.53830000001,0
230555.4634,0
230762.2012,0
230798.6073,0
231034.03,0
231641.6988,0
231844.8893,0
231904.8951,0
231925.2828,0
232340.2743,0
232403.1784,0
232410.6076,0
232727.2784,0
232783.8849,0
232791.3858,0
232791.52051666667,0
233025.2956,0
233254.0444,0
233658.81288,0
234020.05180000002,0
234113.7576,0
234365.8345,0
234383.7861,0
234612.8507,0
234683.5032,0
234756.29580000002,0
234800.0394,0
234938.4896,0
234942.257,0
235213.4973,0
235331.2249,0
235350.2902,0
235854.6857,0
235871.0332,0
236018.1757,0
236132.5671,0
236145.7575,0
236185.5453,0
236277.1101,0
236288.0105,0
236349.1566,0
236500.5772,0
236553.4933,0
236613.3576,0
236655.72460000002,0
236825.28830000001,0
236909.84056666668,0
237050.7416,0
237096.074,0
237219.22580000001,0
237235.859,0
237372.2672,0
237414.3779,0
237612.3254,0
237632.4618,0
237641.552,0
237693.00280000002,0
237716.90963333333,0
237751.095925,0
237772.551,0
237828.6526,0
237837.0677,0
237840.2356,0
237893.8781,0
238003.2844,0
238009.3373,0
238031.7473,0
238033.9817,0
238144.1464,0
238418.0117,0
238471.3678,0
238571.5436,0
238649.87410000002,0
238787.3533,0
238880.8024,0
239117.1551,0
239218.6983,0
239359.2651,0
239388.9882,0
239542.28964,0
239634.6676,0
239983.7665,0
240089.8723,0
240125.42440000002,0
240292.0631,0
240511.85570000001,0
240529.13079999998,0
240580.077,0
240691.97639999999,0
240782.802,0
240971.6215,0
240979.0582,0
241008.3823,0
241220.1345,0
241288.5328,0
241357.2428,0
241422.7022,0
241488.8845,0
241554.881,0
241627.1353,0
241627.8682,0
241650.1943,0
241734.9683,0
241943.0901,0
242075.46542,0
242093.02539999998,0
242621.0705,0
242671.7539,0
242835.5712,0
242916.5551,0
243187.9966,0
243209.0975,0
243510.4106,0
243651.8871,0
243824.3731,0
243867.50082,0
243984.4888,0
244086.3769,0
244222.9204,0
244445.5474,0
244505.814,0
244561.4509,0
244644.2707,0
244768.54118333332,0
244806.952,0
245063.2849,0
245105.2461,0
245196.7109,0
245582.31650000002,0
245594.4834,0
245760.9677,0
245806.065,0
245850.9026,0
246015.8103,0
246025.9642,0
246201.71779999998,0
246272.1621,0
246293.1432,0
246520.8442,0
246639.7571,0
246790.7293,0
246976.149,0
247129.89,0
247215.5155,0
247259.007,0
247378.39250000002,0
247432.85869999998,0
247847.3268,0
247847.3798,0
247964.0618,0
248113.4231,0
248148.34399999998,0
248268.17440000002,0
248380.1334,0
248496.37463333333,0
248541.2275,0
248552.8128,0
248651.8776,0
248691.8032,0
248825.3469,0
248868.9239,0
249026.3802,0
249155.483,0
249391.937,0
249475.8516,0
249502.8912,0
249703.80479999998,0
249776.2485,0
249830.0209,0
249830.7253,0
250057.4329,0
250287.5521,0
250308.2741,0
250340.3132,0
250429.08370000002,0
250631.8151,0
250700.2201,0
250741.2114,0
250805.0881,0
250879.3939,0
250915.8047,0
251107.6016,0
251132.96480000002,0
251199.9441,0
251227.0132,0
251779.0307,0
251811.59470000002,0
251830.0777,0
251860.3439,0
251881.52049999998,0
251961.6497,0
251990.1189,0
252024.2434,0
252051.0244,0
252076.9859,0
252109.6983,0
252348.18660000002,0
252356.9603,0
252408.4195,0
252578.49928,0
252668.7287,0
252918.14179999998,0
253071.22298,0
253127.89740000002,0
253326.8887,0
253341.60570000001,0
253501.0128,0
253525.5588,0
253837.1419,0
253952.3767,0
254068.7794,0
254167.5675,0
254173.7572,0
254379.6152,0
254529.6538,0
254673.7488,0
255115.1939,0
255244.9689,0
255601.6581,0
255677.0877,0
255740.4111,0
255808.6791,0
255963.3421,0
256014.5457,0
256047.75,0
256094.5181,0
256159.5839,0
256202.2708,0
256346.391,0
256426.3426,0
256742.3378,0
256765.7155,0
256895.9789,0
257024.1105,0
257163.0181,0
257179.9276,0
257190.4606,0
257256.0985,0
257319.2104,0
257393.6254,0
257550.628,0
257624.7353,0
257771.5403,0
257773.9228,0
257867.2979,0
257927.3856,0
258373.5203,0
258400.6216,0
258450.673,0
258536.8592,0
258544.8388,0
258572.0666,0
259056.1877,0
259098.8883,0
259109.1647,0
259260.151,0
259260.7125,0
259346.9198,0
259358.0108,0
259643.0226,0
259801.349725,0
259995.6801,0
259998.8033,0
260014.9377,0
260237.9713,0
260268.0298,0
260289.096,0
260337.4288,0
260341.91019999998,0
260405.8209,0
260458.49044,0
260517.7427,0
260579.8119,0
260584.50579999998,0
260615.5248,0
260677.2772,0
261164.1277,0
261247.717,0
261367.1269,0
261406.9363,0
261479.8586,0
261512.9717,0
261538.6877,0
261562.8194,0
261736.7012,0
261756.8478,0
261764.2365,0
261777.6036,0
261859.5526,0
262000.3951,0
262011.8965,0
262093.9619,0
262099.7185,0
262106.1483,0
262376.7957,0
262736.5691,0
263136.0182,0
263185.9145,0
263191.2586,0
263298.9225,0
263363.5693,0
263432.5354,0
263453.7202,0
263474.7594,0
263523.7784,0
263530.4286,0
263596.6,0
263697.3929,0
264016.8243,0
264032.86340000003,0
264177.5229,0
264266.3141,0
264319.6479,0
264324.8955,0
264343.9407,0
264524.84979999997,0
264695.055,0
264849.2887,0
264972.171,0
264983.5524,0
264987.8186,0
265027.7283,0
265071.1798,0
265270.8558,0
265467.67850000004,0
265662.9677,0
265725.8418,0
265801.8357,0
266085.9561,0
266145.1196,0
266270.5868,0
266304.2463,0
266375.2012,0
266474.1481,0
266712.5479,0
266924.097,0
267048.8562,0
267093.3671,0
267324.2726,0
267441.6816,0
267469.8899,0
267659.3733,0
267715.9635,0
267791.706,0
267792.3419,0
267812.3477,0
267886.3151,0
267929.4677,0
267944.0621,0
267945.6362,0
268123.0084,0
268147.2405,0
268150.1228,0
268200.3112,0
268227.7655,0
268253.8516,0
268480.8753,0
268728.5587,0
268747.9819,0
268853.62679999997,0
268948.3055,0
269030.8326,0
269037.9821,0
269073.0237,0
269129.058,0
269448.9889,0
269493.7873,0
269494.0488,0
269669.2215,0
269754.3264,0
269847.6149,0
269900.9209,0
269930.7835,0
270006.7941,0
270282.5953,0
270326.374,0
270331.1101,0
270586.6645,0
270917.2404,0
270917.5785,0
270939.19299999997,0
270945.4178,0
270972.1937,0
270983.83759999997,0
270984.8291,0
271191.6219,0
271287.8408,0
271419.5687,0
271434.4935,0
271466.3468,0
271487.1941,0
271582.8887,0
271584.9204,0
271587.0103,0
271613.1808,0
271768.6375,0
271803.174,0
271877.7858,0
271895.2437,0
271905.8719,0
272001.54469999997,0
272055.2844,0
272072.4367,0
272080.43319999997,0
272119.5859,0
272330.075,0
272361.869,0
272540.5128,0
272639.7928,0
272915.3918,0
272973.4676,0
273165.255725,0
273433.1112,0
273630.8221,0
273664.9839,0
273775.9498,0
273821.44550000003,0
273973.9953,0
274215.7828,0
274262.0343,0
274604.9625,0
274642.0761,0
274900.3811,0
274990.2033,0
275071.5331,0
275216.0075,0
275272.1855,0
275379.6413,0
275447.4274,0
275472.5715,0
275499.0927,0
275569.9642,0
275673.2363,0
275783.2693,0
275791.6188,0
275894.7571,0
275958.9783,0
276015.3028,0
276039.8404,0
276204.0987,0
276312.0105,0
276349.5478,0
276478.0107,0
276613.86089999997,0
276827.1999,0
276935.6277,0
277137.6933,0
277232.893,0
277268.3807,0
277277.0114,0
277356.3126,0
277644.0972,0
277762.768,0
277773.8238,0
277861.13,0
277886.7414,0
277913.9353,0
278004.0073,0
278097.8073,0
278133.968,0
278213.9505,0
278422.7574,0
278483.044,0
278672.1183,0
278675.0164,0
278716.9249,0
278865.5691,0
278967.6145,0
279045.3666,0
279057.2259,0
279130.1515,0
279367.9121,0
279396.0571,0
279469.01410000003,0
279496.9994,0
279780.8666,0
279888.0557,0
280072.3635,0
280091.7197,0
280096.89029999997,0
280204.2059,0
280317.9301,0
280342.8385,0
280412.82039999997,0
280608.5132,0
280662.951,0
280694.7909,0
280943.6241,0
280968.19539999997,0
281044.6209,0
281172.8208,0
281192.9759,0
281279.9426,0
281298.2227,0
281429.7601,0
281492.95889999997,0
281590.2724,0
281715.5236,0
281884.5923,0
282000.2219,0
282071.5419,0
282158.1907,0
282544.4342,0
282706.2111,0
282833.1404,0
282872.4045,0
282958.1118,0
282987.1026,0
283054.9727,0
283262.3791,0
283304.8853,0
283343.8233,0
283797.8489,0
283799.7661,0
283824.8324,0
283830.953,0
283904.44909999997,0
284023.4114,0
284036.4409,0
284087.1116,0
284136.4438,0
284251.969,0
284340.7306,0
284344.39121666667,0
284407.9226,0
284439.3879,0
284546.2747,0
284583.2602,0
284697.4531,0
284840.9117,0
284955.914,0
285062.7687,0
285285.8825,0
285296.28729999997,0
285309.4218,0
285388.7104,0
285564.0385,0
285627.6122,0
285726.2894,0
285758.2075,0
285828.919,0
285851.8169,0
285953.8066,0
286012.8459,0
286505.7665,0
286550.8784,0
286807.8291,0
286842.826,0
287026.8907,0
287153.4597,0
287184.2723,0
287208.4911,0
287426.0684,0
287482.5857,0
287533.57,0
287606.4858,0
287754.9739,0
287872.8233,0
287890.9214,0
287944.6276,0
288124.22,0
288257.7409,0
288418.29079999996,0
288665.2889,0
288672.4936,0
288944.5298,0
288947.0904,1050.0069999999832
289612.43200000003,0
289664.0629,0
289690.7618833333,0
290083.7633,0
290407.0525,0
290533.6589,0
290572.1089,0
290605.0406,0
290907.2295,0
290912.10219999996,0
290965.5682,0
291129.848,0
291236.7398,0
291287.6382,0
291327.8282,0
291503.7905,0
291583.9209,0
291713.2913,0
291906.75690000004,0
291994.2148,0
292168.8217,0
292171.8434,0
292188.0322,0
292333.6879,0
292344.7799,0
292514.38560000004,0
292575.4118,0
292580.1477,0
292670.542,0
292696.6532,0
292739.7154,0
292810.4755,0
293190.1959,0
293730.9689,0
294172.0247,0
294266.3486,0
294634.717,0
294681.1461,0
294741.7701,0
294798.64029999997,0
294810.273,0
294844.6914,0
294916.0357,0
295037.3121,0
295288.4929,0
295424.0248,0
295505.04819999996,0
295528.6987,0
295545.7528,0
295551.3868,0
295605.0504,0
295713.7665,0
295977.4834,0
296057.6024,0
296300.1382,0
296394.701,0
296524.8092,0
296559.5782,0
296586.8112,0
296704.832,0
296758.6036,0
296889.7622,0
296974.9774,0
296987.04709999997,0
297286.6964,0
297292.2902,0
297296.4214,0
297328.57409999997,0
297351.0061,0
297389.3697,0
297402.0685,0
297409.6899,0
297847.4595,0
297899.926,0
298030.85752,0
298069.8875,0
298087.0769,0
298119.298,0
298157.74214,0
298320.9991,0
298371.5635,0
298382.6153,0
298410.9071,0
298502.1431,0
298627.0355,0
298646.59106666665,0
298735.4745,0
298889.4997,0
298957.7147,0
298988.7062,0
299044.7278,0
299305.25549999997,0
299379.6021,0
299406.8722,0
299504.7433,0
299599.5888,0
299954.48470000003,0
300171.09380000003,0
300240.7689,0
300534.9324,0
300589.0554,0
300710.6214,0
300879.5003,0
300991.4863,0
301058.2489,0
301112.4848,0
301136.75789999997,0
301152.4606,0
301154.2523,0
301276.923,0
301393.85970000003,0
301486.0581,0
301515.4913,0
301529.0273,0
302042.9473,0
302099.3702,0
302169.3084,0
302285.0929,0
302374.8778,0
302474.0512,0
302553.6101,0
302617.9368,0
302640.2922,0
302702.3942,0
302806.5031,0
303265.5969,0
303328.7749,0
303502.5042,0
303521.6622,0
303622.2476,0
303644.0304,0
303785.41949999996,0
303998.6518,0
304128.5285,0
304150.0213,0
304186.0934,0
304258.9123,0
304269.3441,0
304516.2789,0
304610.0331,0
304646.3865,0
305195.8752,0
305281.6943,0
305311.2947,0
305483.04339999997,0
306221.1145,0
306349.4959,0
306437.7697,0
306491.8875,0
306503.52150000003,0
306691.6769,0
306726.18901666667,0
306926.68570000003,0
306962.0095,0
307009.9425,0
307320.93799999997,0
307397.7829,0
307413.9072,0
307612.1574,0
307613.0363,0
307617.2509,0
307775.8223,0
308032.2631,0
308045.0544,0
308060.9226,0
308073.3977,0
308258.5299,0
308283.445,0
308322.2814,0
308325.9318,0
308612.166,0
308638.8159,0
308661.777,0
308911.7064,0
309138.0923,0
309393.8946,0
309445.36171666667,0
309741.2391,0
309830.4059,0
309996.0379,0
310001.1942,0
310006.48018333333,0
310210.602,0
310316.7414,0
310417.1112,0
310748.0561,0
310838.5317,0
310846.9629,0
310960.968,0
310983.5316,0
311090.85083999997,0
311196.7219,0
311196.9929,0
311208.36563333333,0
311300.0954,0
311564.1665,0
311592.2899,0
311938.8548,0
312236.2649,0
312289.9207,0
312366.5214,0
312422.9838,0
313106.85010000004,0
313124.5768,0
313287.21499999997,0
313428.0824,0
313504.673,0
313778.5426,0
314105.8348,0
314204.3272,0
314210.8196,0
314335.4707,0
314417.72,0
314727.6211,0
314805.80079999997,0
314854.1282,0
314940.1445,0
315076.6254,0
315243.7914,0
315380.54339999997,0
315399.4855,0
315416.0387,0
315522.0409,0
315583.962,0
315624.6617,0
315704.6541,0
315722.7386,0
315870.7917,0
315995.9354,0
316077.20660000003,0
316238.3065,0
316387.2586,0
316558.9971,0
316637.6728,0
316814.2122,0
316857.2578,0
316939.7187,0
317184.2678,0
317267.1444,0
317278.4646,0
317281.2916,0
317806.0175,0
318414.5365,0
318420.3588,0
318445.5275,0
318696.5006,0
318993.0487,0
318997.4896,0
319286.45160000003,0
319295.592,0
319637.4364,0
319731.9667,0
319923.4319,0
320080.8692,0
320142.6413,0
320165.6731,0
320871.8659,0
321009.8079,0
321550.4852,0
321775.3365,0
321983.124,0
321990.4171,0
322100.1397,0
322180.3766,0
322354.5946,0
322975.76300000004,0
322984.2352,0
323069.9661,0
323140.797,0
323276.0371,0
323315.8868,0
323320.6436,0
323346.394,0
323372.0131,0
323372.5936,0
323970.17220000003,0
324052.98,0
324101.5618,0
324166.2819,0
324213.7962,0
324317.8497,0
324485.8369,0
324513.4648,0
324754.6314,0
324803.8827,0
324881.7296,0
324973.22862,0
325012.9632,0
325106.63910000003,0
325145.2644,0
325345.4476,0
325384.4501,0
325410.7933,0
325473.218,0
325756.4567,0
325826.9484,0
326034.71048,0
326252.1814,0
326442.9342,0
326572.2469,0
326790.1412,0
327196.6026,0
327397.1421,0
327494.6858,0
327496.3415,0
327524.5856,0
327531.0751,0
327618.8889,0
327815.813,0
327988.5563,0
328053.137,0
328214.2135,0
328272.4171,0
328476.2262,0
328499.4119,0
328699.0789,0
328719.3827,0
329116.1586,0
329174.2064,0
329647.13,0
329655.8605,0
329659.5246,0
329791.0022,0
329949.7959,0
329954.5426,0
329983.2805,0
330002.1465,0
330202.9247166667,0
330301.4479,0
330355.202,0
330552.7228,0
330632.6112,0
330933.0088,0
331055.2474,0
331055.6147,0
331092.8063,0
331432.8148,0
331700.9829,0
331806.4984,0
331977.4962,0
331977.8546,0
331980.5591,0
331994.8462,0
332272.7897,0
332300.866,0
332332.72490000003,0
332458.0786,0
332528.7824,0
332578.0701,0
332673.7587,0
332854.3875,0
333166.9061,0
333373.4736,0
333527.2819,0
333605.5813,0
333717.3601,0
334128.9856,0
334181.296,0
334234.0634,0
334373.7123,0
334485.9653,0
334532.4716,0
334555.8837,0
334609.77780000004,0
334795.091,0
334831.2732,0
335088.0795,0
335097.4717,0
335176.9752,0
335345.2994,0
335676.4019,0
335859.3586,0
336095.8811,0
336283.0457,0
336493.404,0
336512.2914,0
336656.58,0
336834.01170000003,0
336835.0701,0
336839.188775,0
336915.1655,0
337057.7485,0
337086.8739,0
337169.9738,0
337215.6772,0
337221.6816,0
337264.84990000003,0
337512.2805,0
337539.9526,0
337546.5371,0
337559.7214,0
337606.5578,0
337657.9006,0
337923.0968,0
337948.4263,0
338017.4942,0
338100.3389,0
338111.8708,0
338184.4298,0
338226.6829,0
338251.18200000003,0
338386.6404,0
338516.858,0
338525.8,0
338629.06,0
