-----Simulation 0-----
173122.3123,0
173141.7899,0
173273.9541,3152.2651999999944
173436.7073,0
173472.21659999999,0
173745.79869999998,0
173777.211,2939.1469000000216
173805.5184,808.3794000000053
173826.527,0
173859.4254,0
173991.6951,0
174026.0414,0
174040.9828,0
174057.1164,0
174069.237,0
174131.2347,6771.3413
174285.1928,3831.6876999999804
174336.2725,0
174374.1814,6661.834600000002
174407.9143,3314.5836000000127
174453.1238,0
174614.2996,4682.810200000007
174746.5354,0
174839.64865,0
174896.8897,0
174917.7353,4685.0815
174944.0062,0
175003.2878,0
175125.9164,7970.784199999995
175195.211,3641.910600000003
175217.2134,0
175463.9607,0
175525.5923,0
175697.8216,3279.2685000000056
175727.8684,0
175798.9241,4400.17240000001
175822.5696,0
175832.1843,0
175911.4507,908.0736000000034
175929.3737,0
175970.061,0
175983.5868,0
176047.536,0
176174.6191,0
176208.778,0
176531.9387,0
176579.2392,0
176584.2678,3661.854099999997
176921.2355,0
176982.9014,0
177272.0292,0
177350.9281,0
177353.3788,0
177389.7366,0
177456.6204,2026.7752000000037
177457.5377,0
177572.7015,0
177664.1587,2359.8508999999904
177983.0052,0
178173.2665,12169.906799999997
178173.726575,0
178300.0566,0
178386.5061,0
178402.2886,0
178406.9725,0
178549.1532,0
178733.6138,0
178888.2571,5472.402000000002
178944.0172,0
179010.0667,5563.643000000011
179146.7715,0
179545.944,4697.259333333321
179576.9191,4135.709499999997
179583.7508,7863.247100000008
179711.0246,0
179904.31900000002,0
180000.8659,3318.2240000000165
180008.2318,6724.309999999998
180076.2549,84.00280000001658
180149.3333,2471.401500000007
180241.5158,0
180300.5414,13543.998399999982
180338.2982,0
180527.6858,0
180549.2713,0
180664.3931,4960.796899999987
180696.1287,9915.932900000014
180845.6148,0
180856.0665,5405.4836999999825
180920.0538,0
180928.9428,14995.372199999983
180961.66950000002,0
181065.6768,0
181182.9162,0
181196.9692,0
181255.6185,0
181619.0614,0
181650.5434,0
181799.1146,0
181815.4478,0
181832.8441,0
181978.6885,0
182131.6586,0
182151.0983,463.3062000000209
182517.6929,4529.244600000005
182527.6976,12813.876300000004
182748.054,0
182812.3058,0
182831.1289,5890.464399999997
182850.1055,0
182904.7037,0
183006.1108,11931.469799999992
183030.3075,0
183086.19,4377.008299999987
183136.2281,0
183151.5129,0
183227.76750000002,0
183304.0726,0
183307.5978,6883.671899999987
183309.1807,0
183375.0914,17171.63950000002
183583.79690000002,0
183590.2565,3976.9663999999757
183630.232,3422.7279999999737
183676.2892,0
183821.0135,0
183939.6865,0
183941.9394,0
183943.7827,0
184159.5658,5791.413100000005
184221.6116,0
184249.7059,0
184402.2671,0
184799.4373,0
185170.4108,0
185170.6137,0
185215.7027,0
185234.0821,0
185299.3805,0
185530.2598,0
185596.2552,0
185720.2455,0
185792.7608,0
185957.0936,0
186046.8847,14742.964000000007
186076.456175,0
186082.7545,0
186220.6095,0
186360.0321,21222.266900000017
186448.7102,0
186659.2663,8103.542499999981
186766.6223,0
186774.2327,7469.5749999999825
186812.2995,0
186833.8753,7898.232100000023
186848.7763,0
187002.0319,14234.189500000008
187134.6763,0
187295.8394,0
187297.2385,19365.018500000006
187417.8325,0
187668.2919,20.604400000011083
187677.7168,17923.205599999987
187871.0295,0
187963.2225,0
188138.0563,11550.099599999987
188178.6145,0
188238.105,0
188291.5355,0
188312.6099,8869.244200000016
188317.9818,0
188336.0948,2950.6466000000073
188608.0113,0
188657.4056,6833.644100000005
188697.88390000002,0
188766.3223,0
188838.83789999998,0
188951.3799,13953.592899999989
189012.7064,2305.991299999994
189207.098,0
189269.785,0
189305.5079,6999.875599999999
189388.5132,0
189587.2717,20719.870800000004
189721.4358,9326.906600000017
189808.1446,0
189903.1313,0
189939.2325,6817.780500000023
189959.0177,0
190087.7267,0
190108.7226,5768.154600000009
190236.1558,0
190350.5493,9738.26920000001
190481.8396,0
190599.7777,0
190693.4828,7898.545899999997
190758.6182,7999.818999999989
190774.8602,20827.60560000001
190788.9242,0
190840.5371,11103.248799999972
191056.2778,3841.00039999999
191197.8346,5772.33600000001
191287.9567,12175.655100000004
191367.4975,8972.326700000005
191479.647,0
191569.9414,0
191608.0223,5587.576300000015
191792.4574,0
191848.8199,21690.229099999997
191854.2368,1371.0158000000229
191855.9954,0
192234.0436,10934.689700000017
192292.8137,0
192440.3719,0
192469.4504,1326.088699999993
192525.1428,0
192541.5024,0
192567.3171,3236.7318999999843
192663.2936,0
192745.6825,0
192824.7875,0
192830.5216,0
192873.671,7639.614499999996
193087.797,17914.223399999988
193359.4736,16394.195399999997
193376.8959,7949.901799999992
193653.2403,0
193825.86239999998,0
193879.9351,0
193912.2283,6572.877199999988
193932.4065,8251.558900000004
193950.0028,1790.8156000000017
194269.10450000002,0
194480.413,0
194623.2983,24658.29269999999
194632.0889,16539.250299999985
194682.7319,4132.659900000028
194793.78710000002,0
194840.5329,186.22389999998268
194926.3009,7943.663100000005
195036.0228,12466.065100000007
195163.231,0
195247.0269,0
195354.3344,0
195414.1438,7354.836699999985
195741.48070000001,0
195936.7139,0
196094.2237,0
196245.2031,9981.473300000012
196279.4628,0
196568.077,9603.054699999979
196600.1798,7850.203200000018
196741.14549999998,0
196765.7486,0
196838.4728,8391.47099999999
196922.2535,8078.870599999995
196979.4704,0
197083.2282,0
197089.0369,10309.319100000022
197211.6353,8850.197619999992
197794.2638,12025.249099999986
197886.481,0
198025.1807,0
198130.9186,9576.241800000018
198150.7399,0
199031.4687,10559.87479999999
199162.9551,18542.521699999983
199449.6204,8085.507500000007
199543.19530000002,0
199620.4447,20078.382699999987
199776.6059,10331.45729999998
199865.8625,8472.772899999982
199950.1309,0
199979.1896,20093.44040000002
200125.7363,0
200339.493,12297.81349999999
200444.783,3497.651499999978
200765.6873,11135.539499999984
200865.5507,765.1248999999953
201003.3381,0
201184.8341,10199.721099999995
201232.88689999998,0
201371.0293,14932.907799999986
201375.052,0
201501.2251,10601.137700000021
201687.849,9082.765699999989
202367.862,5941.780100000004
202379.73930000002,0
202504.4502,16556.992
202547.4872,0
202624.3442,0
202695.005,4963.4776999999885
202871.3812,10950.275900000008
202964.7329,11896.705000000016
203108.4842,0
203261.9145,0
203294.3118,10524.463599999988
203295.2268,0
203421.8988,17556.913
203688.8937,0
203799.6721,0
203824.4647,0
204006.2795,6779.478499999997
204962.3551,16068.171799999982
205439.7375,0
205447.5042,0
205520.2237,0
205683.1026,28580.05290000001
205755.5564,12819.136800000007
205777.5034,0
206031.6605,0
206160.1386,0
206251.1039,14164.343999999983
206354.8598,16614.081800000014
206475.412,0
206793.6652,0
206794.9102,1817.0068000000028
206877.3967,220.93600000001607
207124.83475,0
207288.4998,0
207417.9615,14938.656900000002
207456.6464,20438.232500000013
207556.6537,12306.186400000006
207566.5063,17866.779900000023
207623.2213,0
207740.2697,0
207779.5457,4761.113599999982
207884.72879999998,0
207986.1867,14302.033999999985
208031.6359,0
208061.3235,1150.6116000000038
208105.576,0
208198.87,16861.608200000017
208712.0881,13809.61599999998
208788.8414,11113.172900000005
208994.0872,25022.634100000025
209206.2478,0
209258.38079999998,0
209269.98810000002,0
209286.8911,0
209332.5903,0
209372.5994,14189.517900000006
209858.3435,1558.8422999999893
209861.5655,14731.667400000006
210114.6268,0
210143.9104,0
210185.5025,0
210187.9755,20299.776000000013
210290.2926,0
210470.3413,177.04893333333894
210472.6954,0
210549.47759999998,0
210649.555,21357.965999999986
211019.7312,19901.516300000018
211074.6729,0
211136.779,12560.585099999997
211339.1875,0
211673.5184,19011.593900000007
211811.0178,0
211837.0985,0
211846.0145,1765.1108999999706
211921.42690000002,0
212037.7579,0
212164.3927,0
212288.8821,30461.938999999984
212360.9257,892.534399999975
212414.3558,2261.3070000000007
212444.08740000002,0
212448.9927,0
212629.5046,21180.73299999998
212765.1982,0
212846.0401,18183.911700000026
212859.1224,0
212914.5572,6663.017900000006
212953.5444,13297.927400000015
212969.9751,12873.267600000021
213160.0736,8884.364100000006
213365.4295,0
213372.9659,18454.603300000017
213934.5918,5040.772599999997
214168.3507,20809.131400000013
214698.9332,14987.407099999982
214709.8418,682.0026000000071
214753.2251,14692.884500000015
214918.27,5653.747299999988
214932.8718,580.4666999999899
214991.3547,19.941300000005867
215130.8933,459.5714999999909
215225.9014,20328.557499999995
215300.9626,0
215829.0525,0
215934.8773,3893.3705999999947
216044.8346,21234.165500000003
216246.8746,0
216264.414,0
216269.2601,0
216376.3086,0
216420.2482,9986.132599999983
216572.4915,0
216804.2859,0
216841.7631,15400.501900000003
216919.6174,0
216949.28889999999,0
216998.4431,19768.07149999999
217503.4174,0
217530.8304,0
217583.3026,0
217626.0875,0
217759.91330000001,0
217776.3193,19631.505399999995
217838.8856,0
217858.9353,0
217974.1463,0
218094.033,0
218117.362,8948.019299999985
218119.5456,21753.21670000002
218154.6686,26826.555400000012
218218.0254,1482.1099000000104
218388.4984,15413.400900000008
218388.8436,0
218397.3863,505.445000000007
218419.1118,0
218526.4132,4373.920800000022
218569.9459,0
218655.8923,17777.460499999986
218718.2237,0
218750.5719,85.31369999999879
218771.2487,0
218976.1459,0
219039.4029,0
219313.6296,0
219489.3511,21484.81599999999
219519.0373,0
219606.6629,0
219688.8793,3257.0436000000045
220357.4362,0
220530.7996,31912.476200000005
220533.45750000002,0
220600.2316,21738.645099999994
220887.3082,17140.236200000014
220983.74589999998,0
221266.2272,0
221299.6372,0
221304.1183,31260.231700000004
221334.4285,0
221399.2257,0
221498.1518,11640.402100000007
221521.6732,0
221823.0885,0
222082.3643,30110.229099999997
222093.3412,29407.58309999999
222146.0153,26688.915500000003
222234.2694,22530.368499999982
222358.0523,27602.36130000002
222520.7538,30874.0901
222546.3681,0
222561.3007,0
222697.4391,16494.11599999998
222758.1389,23641.836899999995
222784.3137,0
223660.5394,0
223971.8092,18724.562799999985
223974.7906,9431.29330000002
223975.2096,21432.955199999997
224078.5115,17232.58780000001
224355.2655,0
224439.5522,21847.703700000013
224586.8449,27108.8088
224595.6099,17764.235600000015
224605.6768,152.29999999998836
224613.4141,0
224629.1977,0
224629.2305,36056.2476
224715.064,18869.829300000012
224776.0402,17913.988699999987
224795.371,337.7031400000269
224988.5221,0
225163.465,0
225228.5447,37195.18280000001
225278.7441,0
225286.4735,0
225337.5541,18175.002500000002
225383.2126,18841.88399999999
225465.5708,23509.07389999999
225534.5302,0
225543.3939,0
225747.5498,0
225797.55436666668,0
225833.18180000002,0
226532.2346,16303.5098
226659.5713,15700.8407
226693.5958,15228.260400000028
226776.4279,24447.050300000003
226796.0983,0
227128.295,24992.327700000023
227171.2852,23080.573000000004
227414.45694,0
227646.8823,24222.97629999998
227786.8487,20716.516900000017
228081.1866,14207.516899999988
228095.1206,19928.138000000006
228226.9602,12760.596900000004
228336.5106,0
228444.6253,15808.286000000022
228878.3009,0
229052.342,0
229056.5076,15068.184100000013
229057.60820000002,0
229594.5056,26380.095
229877.8399,0
229912.1455,0
229920.3429,15418.172499999986
229936.7201,0
230082.1006,0
230504.9713,0
230557.789,21667.90479999999
230574.751,0
230791.2582,214.01800000001094
230915.8609,0
231071.493,16810.498699999996
231132.4426,14469.774000000005
231169.8262,0
231176.9105,16861.908999999985
231236.0856,0
231319.5922,0
231469.4427,27815.596100000024
231481.0015,23462.86010000002
231497.7498,0
231806.2276,4923.217100000009
231958.852,0
232069.31336666667,0
232074.7784,0
232305.6496,17492.980700000015
232660.8513,0
233001.6535,4587.120399999985
233930.634,0
233969.9208,0
233975.5032,18416.267300000007
234124.2954,23388.175199999998
234380.026975,0
234382.0698,19007.030100000004
234491.7177,0
234641.2629,0
234821.1004,17824.916599999997
235196.1769,29297.171899999987
235381.5045,5146.366500000004
235389.9718,22883.67180000001
235604.053,9382.614500000025
235815.7603,24036.16559999998
235910.849,20885.036499999987
236108.1886,0
236181.1465,0
236334.3089,13819.685900000011
236672.8659,0
236676.5848,721.9857000000193
236695.4678,0
236780.996,25075.178000000014
236853.2053,35918.91130000001
237017.3339,20913.2102
237045.8014,17920.44510000001
237072.8292,19330.88810000001
237086.7394,17117.06169999999
237089.4039,0
237098.0352,36795.676800000016
237104.5859,0
237182.9148,2215.100199999986
237406.7386,27337.897200000007
237451.5391,0
237479.2022,18498.054999999993
237482.7167,0
237658.6851,0
237752.9375,0
237864.5449,0
237871.4193,20371.40426000001
237943.3224,0
238505.5582,30917.7341
238656.5601,0
238712.6881,22332.26490000001
238788.1789,0
238865.1159,0
238887.0351,1015.4915000000037
238901.0464,10758.356499999994
239064.1107,20197.9951
239095.2119,0
239121.6312,0
239152.08299999998,0
239453.3494,30910.087300000014
239478.7247,21511.117100000003
239489.1997,22605.444300000003
239770.9282,35681.42000000001
239804.2072,0
239904.3408,35372.1691
239937.0538,35423.14929999999
240037.2262,7687.807899999985
240258.3289,2671.852899999998
240364.0888,724.6872999999905
240648.1328,21596.721699999995
240962.491,28769.941100000025
241426.4856,19715.66260000001
241446.8385,0
241450.6624,22853.29759999999
241514.467,0
241627.9585,24060.07070000001
241697.3409,20875.88400000002
241848.3857,18959.297900000005
241982.352,4719.862366666668
242074.77033333332,0
242144.8522,19449.547900000005
242233.5708,0
242248.45763333334,0
242563.4567,35095.101400000014
242619.2152,27773.33190000002
243023.5517,15991.694100000022
243033.8606,0
243160.6216,0
243380.25699999998,0
243685.2189,13687.742900000012
243747.8779,0
243881.6703,0
243941.0842,22792.015000000014
243960.7642,24964.654700000014
244109.894,13833.397700000001
244215.0816,0
244288.3882,0
244366.3031,0
244586.256,0
244637.983,0
244815.9653,25430.556899999996
244837.9577,0
244874.6483,0
245002.3829,0
245058.4596,26870.6936
245149.5951,0
245197.4039,28392.1581
245269.2809,0
245462.6782,0
245470.6833,0
245593.105,4570.778900000005
245600.5392,0
245715.2942,0
245874.3477,31746.276900000026
245909.0961,33301.01139999999
246169.15230000002,0
246598.5681,22290.15239999999
246867.3172,0
247141.0449,0
247172.5264,25886.36069999999
247277.659,10157.06170000002
247483.0634,3254.615300000005
247510.9224,27533.737200000003
247726.428,1209.771400000027
248242.7472,3232.5107000000135
248260.0096,23452.471699999995
248479.5637,0
248546.7845,0
248631.9209,23646.059700000013
248916.5082,40098.83379999999
249372.0182,26185.06229999999
249374.5233,0
249438.1901,20645.823700000008
249449.0354,26334.203899999993
249544.7739,0
249607.437,0
249915.3712,6548.233399999997
249957.8327,0
250373.6793,0
250400.941,26815.099283333315
250642.2394,23375.819300000003
250894.8585,0
250934.8591,23232.392699999997
251000.7463,18705.555499999988
251434.3982,22476.995800000004
251496.0433,10318.55289999998
251672.6358,0
251740.1864,0
251757.6742,0
252040.9465,28224.014799999975
252141.9748,0
252311.1816,32815.736200000014
252372.9545,29411.3143
252385.741,25580.725999999995
252398.2628,0
252592.3487,0
252652.831,0
252721.6564,0
252798.1287,0
253015.0745,7580.03409999999
253273.4766,3270.674700000003
253432.4745,28934.768700000015
253528.90039999998,0
253563.1638,736.5180000000109
253645.2666,0
253751.6104,0
253988.2547,19807.015399999975
254053.5733,46764.19519999999
254100.1062,2948.3300000000163
254135.1432,40240.1361
254272.1726,0
254286.8696,2447.3640000000014
254337.4162,30261.957800000004
254401.1833,21240.15340000001
254676.0937,7321.3788999999815
254797.6328,21093.975399999996
254832.4427,25863.974200000026
254876.4595,0
254915.7292,0
254926.982,30640.707540000003
254937.0944,31760.37849999999
255367.992,905.0309999999881
255452.61849999998,0
255463.9946,0
255468.9895,0
255596.9559,0
255725.7458,22096.40340000001
255727.1962,22927.674300000013
255931.46110000001,0
256064.646,36108.0073
256155.2209,40364.81959999999
256229.0459,0
256261.1568,0
256347.56949999998,0
256471.4176,0
256573.8102,37049.3566
256636.4984,22217.558900000033
256657.7399,2786.2220999999845
256670.6701,19622.0974
256756.576,37320.59580000001
256767.2522,0
256826.43420000002,0
256831.479,0
256850.64429999999,0
256889.5745,16111.060199999978
256939.6092,0
257204.9929,22156.66120000003
257379.9234,0
257451.23070000001,0
257461.796,0
257606.9324,40130.54430000001
257768.1415,0
257811.4054,0
257868.5414,17025.881699999998
257962.9188,17817.029350000026
258202.6859,31945.629400000005
258257.0763,4404.798699999985
258335.4126,0
258433.836,0
258458.0976,2300.618600000016
259175.084,0
259176.2318,7837.284800000023
259194.372,17911.74490000002
259539.5717,0
259569.0908,17090.61129999999
259647.8752,0
259786.101,0
259865.6733,0
260326.1124,3438.9313000000257
260400.0675,41261.883
260456.3451,0
260519.6528,15298.765500000009
260950.75569999998,0
261011.7533,28702.35010000001
261161.3162,4010.4065999999875
261246.9774,0
261256.1832,5931.679600000003
261388.3418,17170.4504
261688.0468,0
261713.1656,8542.605299999996
261844.7061,0
261975.7244,4008.4164000000164
262114.3187,19592.513200000016
262140.2847,0
262339.5638,0
262360.4456,16246.555999999982
262429.6706,8954.305300000007
262456.3378,0
262476.3834,37675.1611
262513.2342,21249.666800000006
262661.3709,23649.0257
262698.3664,0
262767.7835,0
262886.8058,0
262889.5986,0
262898.5604,15000.422900000005
262899.305,0
262981.4497,0
262990.3962,17043.806700000016
262991.5767,0
263124.6405,5045.171499999997
263144.609,0
263177.7866,17269.126699999993
263369.7177,21615.094799999963
263495.0565,25168.44750000001
263524.6951,26605.886700000003
263588.0179,4851.079699999973
263591.3402,0
263614.4423,0
263787.9338,0
263880.8139,0
263983.4591,0
264060.9105,11822.50020000001
264165.8615,0
264231.3508,0
264413.0284,0
264516.3844,9897.899799999985
264594.9741,10570.869199999986
264732.6345,0
264739.5975,10642.112399999984
264780.49439999997,0
264879.807,14891.431299999967
264882.0775,2926.4612000000197
265003.4642,40496.26319999999
265049.3403,0
265072.1656,0
265187.6909,3212.477499999979
265366.9657,24217.8689
265536.2593,13149.865299999976
265567.3054,0
265677.1019,24547.74120000002
265890.5087,16098.142699999997
265896.6752,0
266083.3878,6844.922900000034
266092.0297,22319.9816
266355.1201,8255.774999999994
266415.3177,21123.0527
266461.6155,15778.22960000002
266466.2687,0
266511.7925,0
266539.4256,13400.15280000001
266771.6266,0
267073.2063,0
267200.5502,19072.559799999988
267219.0961,7425.099100000021
267264.5114,17817.44570000001
267507.8355,16877.671799999982
267559.6682,0
267565.8612,7882.030083333317
267994.8484,30026.43080000003
268010.4151,0
268026.9929,27797.225800000015
268323.4953,24171.418000000005
268341.15,0
268345.4473,5994.979400000011
268591.2397,0
268667.8008,39621.603900000046
268685.2097,30756.04580000002
268723.35219999996,0
268783.159,0
268789.3005,16343.780800000008
268816.6922,27583.322149999993
268837.2164,6166.887300000002
268864.3666,8107.192900000024
268864.7577,3721.971900000004
268951.227,22714.96000000002
269981.5826,0
270163.2416,18215.219780000014
270434.31570000004,0
270464.9645,5654.029500000004
270513.9219,24219.211840000004
270565.58999999997,0
270606.9318,20545.1066
270817.3184,7100.003999999957
270900.6421,0
270938.4938,0
271109.8162,18132.3928
271132.7477,0
271142.9682,8148.743000000017
271145.7737,0
271351.7128,18977.204899999982
271438.5434,6955.31719999999
271467.5916,0
271494.1603,21436.561799999996
271674.5577,28772.539900000003
271869.89191666665,0
272043.7011,25834.630999999994
272077.57790000003,0
272183.9435,20073.150599999994
272476.1852,0
272624.4144,12837.652100000007
273039.1254,0
273113.0722,20468.177999999985
273371.502,0
273545.1586,17956.136400000018
273994.6289,0
274048.6826,33834.07639999999
274234.6577,18831.204299999983
274430.661,21293.871600000013
274893.324875,0
274945.7394,12314.98060000001
275071.0,0
275087.238,19672.3382
275310.5522,28719.61619999999
275350.5705,21621.620399999956
275480.6875,0
275734.725,48474.77179999999
275763.6054,15741.461699999985
276117.9127,20099.85069999998
276222.56429999997,0
276315.1164,14010.078233333305
276439.4275,13491.718400000012
276558.8741,0
276638.3839,19898.6446
276790.7075,20592.627100000012
276811.46270000003,0
276823.9949,21107.425999999978
276831.496,0
276836.3122,0
276866.7313,0
276887.0826,22694.816300000006
277012.7605,10401.004799999995
277227.6934,10168.027200000011
277233.6556,0
277272.1913,0
277291.9904,24596.463600000017
277827.2784,27567.67690000002
277924.3768,28468.585900000035
277950.7769,0
278034.8544,20251.4553
278096.4602,15154.508599999943
278241.9247,0
278646.0043,19052.694099999964
278963.32920000004,0
278964.3163,0
279035.5655,20189.589000000036
279124.1496,12018.181199999992
279405.556,0
279740.8695,16660.26449999999
279788.5109,0
280214.8506,18610.819300000003
280241.0933,0
280280.7167,24370.06109999999
280451.3527,0
280570.22,14836.393099999987
280581.8936,0
280617.0676,0
280637.9268,19453.825500000006
280769.5829,23500.95629999996
280844.0088,15490.963300000003
281071.402,0
281130.4363,41784.50170000002
281349.9992,18919.848300000012
281443.3368,20553.9344
281466.2076,19513.85560000001
281509.2846,30518.993200000026
281676.4167,0
281678.8177,14164.163
281683.921,25738.98769999997
281887.3373,0
282030.6723,0
282095.3705,18130.96120000002
282150.4625,23720.514200000034
282159.3627,26634.752899999992
282223.6418,24216.560699999973
282251.4727,26908.71829999998
282461.3494,0
282606.6323,0
282723.5794,0
282724.0052,23710.282600000006
282784.9447,0
282877.268,0
282899.9254,28414.265799999994
282908.6324,0
283050.9121,24213.28740000003
283258.6561,27195.99310000002
283291.5486,16943.338899999973
283387.1323,18736.64889999997
283388.268,0
283422.9698,18099.60010000004
283608.9561,0
283612.8347,16919.112699999998
283682.2364,0
283716.1977,18685.950300000026
283878.2236,19673.71040000004
283928.7512,29518.415999999997
284039.497,15681.163499999966
284114.3922,0
284189.0361,16865.134700000053
284259.3869,26625.483099999983
284535.6838,16746.94589999999
284880.1753,15169.272899999982
284910.7281,24902.107900000003
285156.7122,0
285402.8278,19268.032999999996
285589.385,20868.96900000004
285719.2034,0
285741.2482,19445.7917
285808.9928,0
286000.7395,0
286251.0376,18519.801599999948
286474.7237,19881.07979999995
286495.8844,21978.497700000007
286579.8914,19914.006600000022
286671.1761,18047.830099999963
286704.2859,15212.971699999995
286956.5379,28471.505799999984
287060.782,0
287089.6497,0
287116.20389999996,0
287468.7185,17601.38320000004
287470.9651,32460.071999999986
287611.3397,20371.0539
287731.19779999997,0
287804.5537,0
287849.4889,0
287903.4837,20942.604899999977
288034.7571,24022.119799999986
288069.707,0
288124.4631,36989.808499999985
288164.739,25345.727200000023
288201.0745,21422.204999999958
288226.8558,0
288253.8799,15678.95199999999
288440.7669,0
288491.2331,23911.38930000004
288598.2882,0
288622.7834,0
289114.0276,15999.00510000001
289357.9437,0
289541.4907,20450.501700000023
289882.1776,21919.04349999997
289926.3877,0
290051.15514,0
290136.9956,22431.20670000004
290186.3435,49099.35030000002
290292.7485,21842.914699999965
290341.7498,0
290458.3554,0
290528.3794,0
290712.528,0
290896.3443,21868.6814
291104.1707,37188.61130000002
291152.4729,15924.239000000001
291222.2466,0
291423.2454,17468.356499999994
291582.0122,25642.01569999999
291629.1628,21696.29820000002
292456.3392,29976.80209999997
292469.1933,26489.226399999985
292745.11089999997,0
292843.7279,27164.494999999995
292955.2075,23933.136400000018
292993.5451,22412.48550000001
293049.2264,25558.382899999968
293075.2785,0
293224.4046,0
293456.7699,23749.179200000013
293590.0866,26171.132999999973
293655.0299,26320.015799999994
293694.3377,28402.636099999945
293713.9804,18311.80739999999
294107.4275,25271.414300000004
294166.8505,0
294309.7153,0
294439.3762,28629.8664
294443.6296,31053.100600000005
294460.0196,27893.611800000013
294648.1926,0
294732.2928,26895.503099999973
294828.4392,18848.970700000005
294860.3125,0
294898.2859,24427.32050000003
295031.819,27892.568499999994
295562.0391,28120.637300000002
295695.1593,36761.70449999999
295863.2671,18495.709299999988
295940.3215,19209.102400000033
295957.1827,0
296021.1055,0
296050.1073,21025.256599999964
296785.9192,23634.736800000013
296814.4028,26047.049899999984
296852.4447,24802.035999999964
296873.4473,28406.2414
296902.5724,42130.628800000006
296922.5658,24129.33600000001
296947.9314,0
297162.9161,22525.448700000008
297212.8831,22340.83069999999
297474.2254,24761.38260000001
297499.5605,23316.227600000042
297518.6905,0
297997.6891,17610.910800000012
298006.4064,0
298020.3383,24793.463600000017
298074.4568,0
298184.0613,32666.584399999992
298187.5127,25077.59520000004
298667.0478,24281.7157
298681.7052,23420.254800000053
298800.887,23541.35269999999
299103.5462,23350.389199999976
299271.3122,26239.364099999948
299317.0845,25696.345900000015
299491.5724,23071.070499999973
299551.9505,29064.521099999954
299720.1806,26464.304000000004
299749.4532,28946.94709999999
299861.9816,18439.470099999977
300000.5888,29176.42340000003
300063.6635,0
300100.6846,27736.16989999998
300126.6326,0
300181.6365,16144.498900000006
300731.3002,19826.65049999999
300873.7597,22979.227799999993
300978.2559,24478.512899999972
301104.8522,25103.72860000003
301105.3223,0
301281.0059,0
301331.1721,34772.80850000004
301538.7642,23475.508799999952
302178.4635,33261.72320000001
302359.9872,0
302362.1869,0
302387.7851,33805.619599999976
302409.5714,23578.11480000004
302421.8372,23630.240500000014
302504.141,0
302535.4013,0
302581.1031,36886.05420000001
302723.9806,24020.799100000004
302874.5307,0
302887.6069,23035.048500000034
302957.1273,0
302974.2067,0
302990.3821,0
303054.2159,0
303648.0611,16249.312199999986
303653.5805,27665.91829999996
303722.91870000004,0
303959.6644,17360.438399999985
304008.5236,0
304141.5617,0
304142.5714,20268.697400000005
304348.264,25261.97840000002
304415.71113333333,0
304450.9257,0
304533.6552,33319.64719999995
304565.5833,36422.6912
304715.6739,20408.41440000001
304877.9605,0
305181.0197,54256.94020000001
305274.1539,0
305317.0448,24589.396099999954
305482.5315,16017.792199999967
305567.56200000003,0
305725.9525,24477.372600000002
305781.4792,0
305902.6742,29058.14870000002
305985.8963,24673.501099999994
306027.8473,29397.366500000004
306210.3141,30411.03960000002
306250.8328,26604.990099999995
306351.1821,17394.975399999996
306560.2022,35333.2487
306846.246,0
306884.5694,30763.2488
306984.2968,24564.94689999998
307089.5718,24789.06189999997
307155.0609,28999.60229999997
307271.4878,0
307339.5628,31413.556700000016
307636.6054,0
307922.9321,32054.84369999997
308240.0528,25056.733000000007
308407.0224,28471.702900000033
308611.474,0
308939.30103333335,0
309166.791,27555.879200000025
309195.4613,25134.391400000022
309446.8361,0
309512.5321,27955.971900000004
309666.1359,0
309692.3546,0
309708.0233,0
309750.0161,23313.70020000002
309846.5049,0
309913.5032,0
309946.6357,22149.503099999973
310099.2299,29964.655699999945
310419.6802,24657.819200000027
310558.3972,0
310590.0429,20458.58250000002
310659.5573,0
310703.0702,27499.597400000028
310813.293,23043.094500000007
310826.8744,0
311182.4541,18322.044599999965
311240.6904,19983.068700000003
311423.0519,34859.30040000001
311468.3913,0
311749.1608,0
311831.9825,22443.00760000001
311851.7439,42527.736600000004
311921.9161,20989.633099999977
311923.0893,44005.07130000001
311934.5328,41706.32150000002
312119.6856,35714.993600000045
312142.7343,19284.195000000007
312271.0693,0
312315.8754,19576.291800000006
312370.7553,22931.901000000013
312568.8683,19351.172499999986
312692.4287,33274.78259999998
312815.8799,20985.592000000004
312939.8439,21108.78369999997
312974.4305,26402.80230000004
313042.7602,0
313110.3647,27513.894700000004
313362.53705,0
313512.0272,28531.712900000042
313746.3922,0
313994.6821,0
314095.6169,0
314108.9925,0
314408.9228,22934.85639999999
314416.884,33977.9363
314441.2396,26140.291699999943
314997.2257,22398.88810000004
315096.3796,25341.987900000007
315116.7708,21160.692099999986
315316.0521,22271.658799999976
315330.4346,0
315370.0411,0
315781.7489,0
315820.6516,22607.49979999999
316030.5722,0
316091.1672,32247.655000000028
316143.7785,0
316363.1766,32697.84720000002
316380.1369,29912.540299999993
316468.2586,20089.050500000012
316469.7842,0
316479.5789,0
316633.5449,22515.648199999938
316633.9208,0
316682.7546,30617.250699999975
317074.9907,0
317125.4564,40763.100800000015
317152.1359,0
317166.449,27506.394900000014
317191.5751,0
317225.955,0
317257.285,0
317674.3407,0
317691.3578,44384.67350000003
317743.6485,0
317874.6683,26005.44060000003
317937.3085,42867.424100000004
318015.5717,21541.422099999967
318326.8797,32753.804399999965
318349.2072,34712.26900000003
318465.1318,0
318562.1997,28221.680066666682
318577.0986,0
318608.1922,32245.60249999998
318714.4318,0
318923.6425,24404.657160000002
318925.381,20121.303799999994
318974.1233,33447.60959999997
318978.1521,21992.5625
319066.1712,20224.646099999954
319333.7595,60765.65539999999
319499.7262,0
319611.7476,26986.618399999978
319662.2838,40449.186400000006
319818.9563,0
320069.8626,22981.6507
320104.6647,27145.324900000007
320121.7684,22372.30310000002
320397.7595,23691.469500000007
320636.2796,0
320761.2907,0
320971.1966,26470.05290000001
321113.3023,27644.617599999998
321203.8528,33654.34710000001
321209.8137,0
321246.0864,25792.231699999946
321305.9157,25909.341600000043
321410.523,30362.925799999968
321440.30700000003,0
321779.0501,0
321787.2983,25668.71490000002
321894.8403,19140.28349999996
321936.1486,24422.22100000002
322077.3195,0
322163.6328,20956.0319
322264.9306,19478.278900000034
322309.9727,27552.235400000005
322595.4562,26264.939100000018
322867.0016,28267.0735
322887.026,24499.492200000037
322992.5877,30488.445699999982
323133.8735,36271.240699999966
323191.8903,36514.17450000002
323222.3598,32955.22859999997
323325.3482,28561.954399999988
323460.8553,22918.46629999997
323549.2161,25486.945000000007
323553.4878,0
323564.1474,0
323802.3324,0
323865.6863,0
323899.5539,26651.805999999982
324056.67,24343.003099999973
324153.3982,0
324315.4813,23462.24859999999
324380.0295,29462.102200000023
324487.979,21689.49410000001
324592.9466,0
324663.3062,47187.83600000001
324872.3525,0
324951.9848,28907.099799999967
325116.6168,0
325122.2702,23382.273000000045
325209.0454,30750.906699999992
325262.1666,29157.818499999994
325269.0254,19152.6973
325394.0621,0
325773.30460000003,0
325799.02,31529.815200000012
326056.7184,36557.455799999996
326142.1521,30402.392766666657
326377.6758,23801.491900000023
326451.9256,31763.590800000005
326483.2354,0
326521.0732,0
326718.9697,26931.487200000032
326815.4687,35531.75530000002
326936.6068,19051.32990000001
326961.5816,22492.718899999978
327026.9821,0
327210.4602,27642.8713
327504.2185,21372.869200000016
327505.8883,0
327512.9153,23715.55660000001
327701.1846,25670.94669999997
327714.3744,0
327858.9279,21669.95280000003
327917.2681,21708.757899999968
327971.0045,17329.014599999995
328168.9463,34595.03510000004
328215.1655,23773.89990000002
328253.0221,26451.325499999977
328434.9065,19950.319299999974
328549.7242,30463.7181
328569.1747,0
328618.9838,28455.863199999963
328784.6358,23170.252999999968
328796.1791,18191.183100000024
328850.5692,31995.23760000005
328878.288,28448.896200000017
328927.5018,33201.888200000045
328957.352,19072.15240000002
328960.3768,12192.24430000002
329030.7423,30508.60349999997
329199.257,23107.59460000001
329286.6853,0
329762.7239,22467.178874999983
329833.6448,0
329974.3242,19259.794799999974
330007.0296,313.9704166666488
330150.7697,36170.916200000036
330169.0561,18821.030800000008
330461.7882,14969.426399999997
330476.6176,22180.938599999994
330544.8153,0
330565.1795,24854.921300000045
330604.1661,11481.623800000001
330651.7807,53762.75020000001
330655.1146,0
330789.9902,30101.295600000012
330794.6607,22317.148600000015
330909.8128,28466.870400000014
330946.32,0
330949.4483,22084.27879999997
330956.890075,0
331176.3156,18873.871999999974
331252.9281,19068.26807500003
331403.486,12578.953500000003
331533.2609,22924.03940000001
331545.8235,40845.69060000003
331646.9635,30241.987599999993
331731.593,14714.808100000024
331844.9795,0
331971.7159,25021.048699999985
331999.9621,23573.52919999999
332003.5636,9159.646699999983
332383.9284,33092.529899999965
332455.4954,28224.113500000036
332496.3618,20570.986800000013
332496.7389,0
332719.6978,0
332839.1048,29276.838299999945
332857.4423,35094.73340000003
332967.285,13878.871199999994
333363.9678,0
333417.9026,13193.6691
333513.1676,20870.96789999999
333536.1457,23278.987699999998
333650.1702,0
333693.8139,0
333775.8839,12216.464500000002
333943.0792,24365.060100000002
334085.3765,29374.17360000004
334087.5229,0
334158.5087,19858.531699999992
334309.5112,39288.19020000001
334388.5895,24416.009900000005
334510.0365,32832.41609999997
334952.9832,0
334983.409,0
335055.9083,24279.757700000016
335117.8393,40023.903899999976
335134.4059,11263.155000000028
335867.1581,0
336179.1346,0
336465.1383,10293.683900000004
336577.724,0
336610.0073,21991.975399999996
336658.9353,0
337209.1044,28306.179000000004
337248.3304,29782.50839999999
337250.0082,0
337335.9297,0
337379.7901,13299.672199999972
337413.9742,0
337482.3215,35137.61680000002
337496.662,0
337594.7255,44865.380799999984
337792.8077,22481.044800000032
337807.5436,0
337832.3224,32627.074699999997
337876.7933,22101.875300000014
337929.4981,0
338011.9799,18233.05449999997
338037.6761,0
338053.43319999997,0
338239.2625,22915.191900000034
338266.7545,0
338277.454,23578.544500000018
338374.4776,0
338386.1554,21070.349699999962
338461.3057,11943.872400000051
338670.647,25209.010499999975
338809.8291,0
339005.5114,22379.56719999999
339102.03,0
339134.1069,25224.616500000004
339314.0544,0
339353.5381,29967.990700000024
339456.0792,17528.549899999984
339551.4513,47163.159400000004
339613.3965,17665.497399999993
339683.284,0
339854.7795,23324.810800000036
339862.9155,35139.62190000003
339994.3931,37026.274800000014
340028.8122,28585.875
340139.9025,20674.85340000002
340175.4045,0
340246.8453,0
340330.53740000003,0
340487.8597,10861.059999999998
340578.7628,0
340694.0758,13271.309200000018
340704.7973,27311.386499999964
340868.1799,20251.9191
340996.7051,44178.61620000005
341004.2197,43134.63420000003
341135.2161,0
341356.2488,0
341356.3701,0
341495.4521,12127.22344999999
341651.1699,18289.142099999997
341668.7097,0
341750.6944,0
341751.0307,52072.97750000004
341767.3544,26394.914099999995
341911.9968,18958.6826
341990.453,9672.837100000004
342240.7063,9319.869800000044
342447.3566,18901.156299999973
342661.2185,23670.40460000001
342766.8188,15727.380200000014
342982.7634,11655.124100000015
342988.2265,0
343127.7752,640.1873166666483
343499.33,33891.98130000004
343547.4264,0
343577.4762,15118.129999999946
343936.6252,0
344071.9649,0
344258.9569,0
344280.3971,22728.28019999998
344344.0566,30016.36970000004
344560.4115,14724.59110000002
344575.1506,15784.641400000022
344579.9305,13645.991299999994
344604.6247,16434.410800000012
344712.7587,10922.628800000006
344758.2519,13179.662433333287
344869.6136,13645.104699999967
344935.9976,34974.950300000026
345074.1594,31593.777100000007
345088.5102,40778.90260000003
345126.0804,0
345153.8721,25153.27038
345435.9277,31693.599999999977
345698.5201,0
345863.2969,0
345924.3678,12783.270900000003
346353.3031,11869.915100000042
346404.7654,11935.17339999997
346491.4926,0
346519.3473,0
346990.2576,11918.624450000003
347008.8934,31227.138399999996
347038.46739999996,0
347089.5115,16927.55250000005
347217.2449,0
347277.3819,0
347297.2528,0
347301.1073,11316.626499999955
347369.4718,0
347374.1527,27123.118399999978
347446.9648,26300.91279999999
347668.1831,0
348022.0066,33439.427200000035
348348.8995,0
348375.161,15890.558300000033
348531.9437,0
348670.61950000003,0
348814.5698,22838.508499999996
348867.4373,0
348894.4586,0
349111.4797,13141.226300000038
349179.542,0
349558.6079,23511.007700000016
349630.4975,39733.88750000001
350017.7195,0
350166.605,0
350179.8445,0
350242.3603,0
350335.3494,0
350475.1222,12083.751999999979
350511.8509,20454.30600000004
350553.3115,0
350738.9635,17354.781699999992
350754.0663,17777.332800000033
350775.1494,0
350872.4085,21683.43400000001
351084.2666,0
351332.9403,18083.110400000005
351399.3186,0
351650.6506,16812.214199999988
351766.4007,0
352059.6651,47197.31519999995
352086.1512,16634.20450000005
352118.0628,20407.851740000013
352135.8517,25407.96159999998
352153.7387,18037.767499999958
352165.3443,13691.070200000016
352218.8598,41389.558299999975
352332.6971,0
352349.0523,37826.25429999997
352451.2869,0
352453.8861,20205.13870000001
352841.2264,19450.424499999965
352922.458,35927.5686
352938.6205,0
352949.4431,18201.18729999999
352968.821,17186.65539999999
353109.6425,9767.24900000001
353280.0038,19363.67670000001
353309.1239,10351.374500000034
353377.3182,14663.81409999996
353524.5175,0
353545.392,0
353596.16229999997,0
353625.1192,0
354041.0033,10217.236999999965
354141.8437,21591.58680000005
354147.7169,0
354250.5799,18745.538900000043
354280.6968,19903.37849999999
354365.5002,15650.180099999998
354372.0581,33562.768100000045
354489.3452,42328.76927499997
354609.3081,24056.56540000002
354644.3089,0
354918.1057,16005.935600000026
354977.8868,0
355221.6677,0
355235.818,14083.299600000028
355323.2184,17565.99859999999
355323.6392,13935.631699999969
355514.6187,0
355598.1333,10776.5478
355605.36446666665,0
355717.6939,14058.205100000021
355804.5455,22656.59289999999
355808.9184,0
355926.2427,0
355949.3928,20000.6961
355969.631,18178.41889999999
356080.7294,12360.45286666666
356507.4045,18075.005799999984
356715.8317,0
356730.3049,0
356881.8855,15135.492299999984
357062.5039,29676.726800000004
357416.2899,11455.247699999949
357459.3655,0
357494.3226,28594.45650000003
357698.5297,0
357706.9464,22384.79860000004
357774.6024,26606.993999999948
357882.354,29479.65619999997
357892.5247,17611.12790000002
358033.4314,12941.155399999989
358133.3828,0
358189.5668,14312.493699999992
358308.281,0
358333.3753,22184.3885
358476.06841666665,0
358658.8141,12326.974199999997
358915.9566,11932.165499999945
359047.8024,51426.65849999996
359175.1425,0
359207.3584,17072.1777
359327.4961,23206.9007
359419.7038,34079.85526666668
359469.726,12619.482200000028
359520.1987,0
359704.3525,0
359737.7303,0
359799.1304,0
359963.1668,13854.992700000003
359987.4167,0
360040.74210000003,0
360178.6305,16663.80780000001
360263.5781,16717.906499999983
360316.6873,27844.201899999985
360346.5969,0
360462.1815,18959.069699999993
360650.9662,13128.133600000001
361222.929,18344.80229999998
361309.3804,0
361319.28,13010.18590000004
361329.6327,13242.80058000004
361539.5504,0
361694.2157,0
361819.2445,25965.369299999962
361827.2923,19643.52099999995
361876.4648,0
362087.1529,61383.1262
362133.062,31782.345700000005
362179.1963,36317.72630000004
362395.7791,24902.658999999985
362403.6108,0
362442.8898,0
362630.2376,18128.205599999987
362646.46270000003,0
362729.6985,18518.973500000022
362906.958,17411.195999999996
363019.8096,17694.581599999976
363070.3458,25461.329399999988
363190.5775,27078.759900000005
363338.607,28531.796299999987
363641.2963,15326.541399999987
363737.9140333333,0
363848.2578,15521.53899999999
363936.4943,21758.263000000035
363939.0283,22880.046100000036
363971.3451,0
364083.0324,51213.13270000002
364219.5108,0
364296.6287,18802.1213
364389.252,19835.66889999999
364543.8428,0
364911.3055,0
365108.1591,0
365211.3226,0
365420.3114,0
365425.109,0
365611.0202,0
365653.3325,14703.856000000029
365665.754,16801.67749999999
365867.8973,14801.117200000037
366482.831,0
366501.1004,0
366554.4355,0
366586.0248,23370.8946
366650.7611,28020.804799999984
366770.7086,0
366846.3583,30938.52290000004
366946.1177,24134.053200000024
366998.9842,15502.507900000026
367156.0998,16989.04620000004
367175.2262,18014.431399999943
367182.113,28079.444200000027
367213.3324,24991.35029999999
367250.3968,19366.1238
367333.2559,0
367395.6642,0
367528.4978,19975.212600000028
367546.95889999997,0
367706.2451,21464.188399999985
367818.434,28128.557900000014
367870.3424,15871.541400000046
367991.1361,19580.439799999993
368299.47849999997,0
368454.4726,0
368650.7368,18652.72370000003
368694.9525,19607.620900000038
368804.2235,18614.393700000015
368975.7114,20211.69889999996
369053.7525,18930.160700000008
369102.2499,17098.46220000001
369227.6545,16141.854200000002
369228.7998,0
369238.6839,0
369270.9216,0
369429.4871,0
369457.4072,0
369475.363,17762.269100000034
369598.8153,17966.490700000024
369675.2206,16253.331200000015
369689.0267,16075.243199999968
369711.9245,22595.37850000005
369783.2724,0
369896.1326,15760.78330000001
369935.8226,23104.554500000027
370147.563,0
370181.2112,19616.925300000003
370592.125,15586.154833333334
370827.1655,18325.996800000023
371125.0892,16390.81819999998
371229.5094,18157.8701
371333.2881,0
371512.8506,25173.009499999986
372240.557,16956.949199999974
372253.9689,10841.384900000005
372255.9578,25843.651199999964
372298.6682,0
372349.6861,0
372628.5775,29815.670500000007
372660.9623,20739.655200000037
372772.4811,18139.21239999996
372933.60349999997,0
372982.9515,0
373185.9183,14109.134100000025
373208.76,0
373543.8574,16782.305799999973
373636.3157,26180.59109999996
373675.8667,26431.376600000018
373849.8261,19109.818700000003
374050.122,25161.45809999993
374057.6507,20531.092200000014
374133.9037,0
374259.683,23763.42810000002
374359.7995,0
374367.4534,19534.574066666653
374594.6334,17911.698900000018
374598.9858,0
374617.8838,0
374642.9049,0
374783.5872,19086.58309999999
374974.377,30475.040699999954
375115.0519,18029.778900000034
375803.6486,30240.88300000003
375820.054,0
375867.1551,36940.313999999955
375935.4405,0
376133.5056,0
376162.7877,18053.885299999965
376334.6087,25053.441899999976
376577.8616,18889.602400000033
376672.9485,35877.65909999999
377084.6634,27463.027300000016
377146.8897,19460.776100000017
377197.228,0
377243.0214,31602.638000000035
377348.966,30210.036599999992
377374.8287,0
377475.8453,17363.564199999964
377745.3409,0
378173.87896666664,0
378355.2366,0
378488.51,0
378677.5386,27926.565500000026
379019.2741,19631.003299999982
379082.9354,24935.332400000014
379100.8849,14403.945599999977
379178.5698,24918.55170000001
379542.32,0
379587.1804,1966.8881999999867
379592.2036,0
379611.9859,12851.182400000049
379689.3787,0
379721.9385,20266.68219999998
379823.9351,0
379858.4866,23646.24800000002
379907.6488,0
380032.6184,29293.198599999945
380088.0657,17924.721299999976
380266.7214,0
380499.9683,0
380552.6638,0
380725.2859,0
380891.20149999997,0
380990.2058,25455.574800000002
381195.7063,14026.53660000005
381302.2219,0
381371.6439,21071.263800000015
381428.966,44312.01530000003
381455.6671,30930.007700000016
382900.9178,31514.27409999998
382971.2165,0
383126.40260000003,0
383155.2105,0
383374.2629,21344.667399999977
383394.7502,27761.62400000001
383589.1415,20302.271600000036
383713.0228,0
383895.2406,20445.458600000013
383921.8653,24200.003199999977
383951.0858,16096.949299999978
384094.2484,34358.558699999994
384120.0253,0
384222.38344,0
384502.9052,39385.98039999994
384634.9999,28055.108000000007
384680.9968,0
385101.3088,19443.651300000027
385120.4521,0
385313.1176,0
385686.4904,27590.516700000037
385900.997,46516.869599999976
385930.1142,0
386189.4852,0
386228.1091,17250.156100000022
386238.4168,0
386242.91359999997,0
386316.0954,20354.026000000013
386445.778,27828.744000000006
386486.561,28623.231499999994
386598.83019999997,0
386700.633,23666.035799999954
386956.5146,29320.612100000028
387358.9866,25618.89319999999
387364.9527,0
387402.0118,23464.703600000008
387497.8516,0
387586.6452,24130.981499999994
387639.4676,30488.430599999963
387805.6651,25523.340199999977
388101.0686,0
388140.832,28174.374100000015
388196.0108,19747.149799999956
388288.2835,0
388414.6536,23943.632700000016
388437.0186,30460.76000000001
388764.3943,27218.296499999997
388809.214,28928.506399999955
389015.3494,24267.320699999982
389042.5332,21420.944499999983
389210.3647,0
389236.60860000004,0
389479.6436,23400.127600000007
389537.6331,0
389577.5193,0
389667.0056,29818.70240000001
389715.1229,29854.714000000036
389744.4862,21474.76939999999
389750.8556,25818.395900000003
389953.3235,0
390136.735,0
390205.0652,28114.677800000005
390220.4512,0
390266.3735,1619.504499999981
390337.0688,26255.18359999999
390390.784075,0
390419.8625,0
390578.1997,2071.3502500000177
390774.6968,38672.20405999996
391273.5593,25642.089000000036
391412.7147,0
391567.0291,21901.365639999975
391754.5348,0
391802.0288,20474.28529999999
392080.8974,0
392140.6156,25725.69080000004
392187.1618,22835.081799999985
392455.4069,0
392616.8732,21608.464899999963
392622.5367,22670.622799999954
392732.8242,0
392882.2926,31974.906299999973
393453.3133,22076.540399999998
393461.6397,0
393466.9468,1394.1918999999762
393529.1063,23656.21059999999
393969.6232,37708.10519999999
394061.8346,638.5323799999896
394144.440675,0
394245.4636,0
394400.8738,26981.779099999985
394553.8217,0
394637.6839,38191.0269
394661.2354,0
394744.7488,23985.472899999993
394769.2222,27429.859400000016
395041.2376,25890.423499999975
395194.7222,23367.29640000005
395227.1226,0
395240.9417,0
395246.8858,38199.70379999996
395282.6791,22639.714800000016
395355.2643,31876.80959999998
395413.9742,24805.425099999993
395578.1667,25900.403500000015
395615.3671,21717.50139999995
395723.5748,25656.902000000002
395823.2931,23447.74239999999
395873.7572,24473.700399999972
396247.5754,30893.887799999968
396326.9237,0
396341.9511,32037.789474999998
396352.501,0
396385.7671,31465.040299999993
396479.0756,34126.56819999998
396566.4091,22699.96159999998
396714.1558,20710.943099999975
396747.9475,35556.25530000002
396817.9845,0
397084.1825,28539.437999999966
397192.0407,19644.35380000004
397239.5045,0
397352.03,25691.419000000053
397409.7506,0
397501.4961,0
397528.2806,24604.463899999973
397794.0955,0
397798.8379,31738.193700000003
397881.2337,32159.71179999999
397893.2334,34788.6899
398075.8673,22930.836299999966
398187.0888,28164.594900000026
398209.22849999997,0
398252.9389,0
398281.5319,38162.859200000006
398282.801,0
398312.217,46579.99800000002
398673.6369,23321.297699999996
398740.2185,0
398850.799,28325.14380000002
398931.7438,0
399015.513,29030.823399999994
399018.9039,18176.780099999974
399036.7196,36121.88949999999
399067.5553,21472.33970000001
399198.8306,18695.882199999993
399281.4238,0
399434.1879,20416.895675000036
399717.3686,44775.90109999996
400072.9512,0
400125.0399,0
400801.6446,0
400919.3183,25383.205799999996
400935.07409999997,0
401050.9949,25285.85765999998
401359.6858,0
401391.3082,29465.80500000005
401561.4815,31861.371199999994
401561.6572,27325.333400000003
401645.5304,25553.23689999996
401761.3876,26501.183300000033
401768.0863,25392.413900000043
401789.334,36975.88749999995
401837.6416,20343.800899999973
401925.1377,28206.79370000004
402416.1935,39114.84229999996
402446.2671,23551.310799999977
402482.4868,21442.228899999987
402533.9774,18556.261499999964
402789.3949,0
402931.7118,34915.511499999964
402944.1752,40592.45850000001
402961.8441,22963.27000000002
403075.9064,21945.64909999998
403166.7849,0
403256.9498,37740.51730000001
403297.7438,29551.707600000023
403324.2458,22634.72039999999
403578.3014,37350.36939999997
403677.5841,28043.59539999999
403678.7294,20810.660900000017
403821.6533,25823.781100000022
403986.8986,19590.92670000001
404311.5698,22255.557299999986
404877.5075,23304.117800000007
405217.6861,36936.948399999994
405286.0578,18399.347500000033
405813.2716,26182.80039999995
405868.2675,35281.46470000001
405994.0593,25315.64670000004
406421.5204,29877.320000000007
406616.8715,27110.420900000026
406804.9986,21620.47609999997
406817.5272,0
406960.8447,25821.456200000015
406994.2532,27227.58469999995
407003.4332,28785.15730000002
407104.1376,44613.39170000004
407140.3554,21385.579599999997
407151.5743,31817.9461
407190.956,38635.66009999998
407500.1655,0
407571.2256,39322.80530000001
407829.4598,31839.77309999999
408140.6444,27168.800099999993
408170.3797,0
408362.1798,26184.962899999984
408391.2855,21987.084600000002
408438.5242,0
408464.9554,34565.9632
408633.6246,0
408656.0675,26094.84029999998
408729.0928,33273.71120000002
408740.1168,23729.850800000015
409062.9558,36977.322999999975
409071.5683,0
409229.0617,27039.516899999988
409273.4403,0
409447.6658,0
409600.2875,0
409621.9228,22483.44809999998
409700.9122,0
409793.3451,0
409940.9268,0
409978.8093,27064.48000000004
409990.0488,0
410113.7142,19954.41459999996
410131.8298,26394.373900000006
410284.8818,21701.283399999957
410796.4306,27929.48980000004
410816.4196,23548.608400000026
410845.5586,0
410894.2362,31893.24900000001
410932.2544,35890.381599999964
410968.8056,27064.864500000025
411280.9485,0
411455.7387,24965.090199999977
411840.7716,25053.715599999996
411949.4778,22476.858799999987
412318.4223,37821.54389999999
412373.4876,24187.911299999978
412508.2931,28419.680300000007
412653.3331,30056.333799999964
412692.6509,26045.557719999983
412698.1191,0
412841.4725,26456.951499999966
412964.9674,24069.110400000063
413347.3158,19747.048699999985
413517.6408,26867.44689999998
413537.8248,0
413731.1373,26088.50040000002
413750.3311,36935.09110000002
413858.4729,0
413983.9408,0
414129.1972,0
414239.1765,0
414250.5432,22647.499100000015
414302.7806,0
414897.6817,33862.26620000001
414983.1228,20910.03940000001
415066.2292,27331.35989999998
415080.1121,0
415155.1004,26653.25020000001
415270.2557,30691.133799999952
415524.8198,0
415632.7971,22786.062200000044
415652.1801,32038.541099999973
415891.1602,28395.135499999975
415904.936,34795.797499999986
416237.2407,41915.8897
416253.3971,28365.666499999992
416264.3824,28057.895200000028
416337.2979,22662.283799999976
416591.9443,0
416824.2306,29140.76079999999
416946.2608,28336.253099999973
416962.68570000003,0
417067.9869,20028.16440000001
417224.0679,39010.06170000002
417285.9273,22239.260299999965
417585.4682,22246.497199999983
417594.331,27406.736000000034
417606.5411,0
417857.0269,0
418199.7879,27698.733599999978
418256.8982,0
418704.8485,23410.803400000033
418754.5593,0
418790.7505,31321.45450000005
418840.7541,0
418854.9513,0
419067.907,35130.5343
419156.5252,0
419170.9849,45385.47379999998
419209.8164,33067.494799999986
419238.0212,19583.339299999992
419286.6183,29629.522799999977
419375.1138,0
419397.7692,29218.7561
419595.114,19717.054999999993
419701.0552,0
420166.6454,14583.764800000004
420427.5249,49751.31760000001
420598.3635,27627.252699999954
420690.3327,39947.81130000006
420692.66,0
420754.1917,33559.9633
420766.8619,0
420781.6368,14767.402299999958
420874.6828,30117.49410000001
421063.3841,21142.57930000004
421171.265,25865.20305000001
421473.66240000003,0
421492.2314,35624.273600000015
421745.1544,31894.310400000017
421825.6548,0
421870.2114,2010.5989999999874
421988.9756,47104.27377500001
422058.2687,38395.2353
422075.075,0
422086.8601,14230.25039999996
422157.2906,30309.75330000004
422215.9167,0
422232.0528,46670.21650000004
422443.8741,0
422590.3053,49955.12180000002
422622.2932,19720.7782
422666.9019,15544.25390000001
422799.9128,25483.555999999982
423086.3831,0
423306.0262,37200.585900000005
423533.5684,35902.239500000025
423782.2086,35660.839800000016
423992.495,44882.46059999999
424044.0661,0
424116.8227,0
424220.7376,28887.504799999995
424354.0678,41104.79490000004
424403.2271,0
424470.7668,58194.71999999997
424698.8782,0
424722.6372,15706.905499999993
424922.6926,0
425040.6912,29472.826500000025
425138.1907,27615.541799999948
425284.1938,0
425308.9906,0
425449.9461,0
425586.7341,0
425631.8067,26411.66690000001
425752.4058,27064.24489999999
425804.236,0
425836.1105,18611.525599999994
425958.81,38568.1372
425966.7949,23357.22139999998
425996.9607,24250.718833333347
426209.8875,21061.059999999998
426209.9057,37604.998974999995
426216.5788,28186.185600000026
426448.0612,24422.41259999998
426545.6273,24035.230299999996
426627.73829999997,0
426685.0788,20167.729300000006
426934.696,0
426982.5082,0
427068.333,20086.332599999965
427438.9235,29370.13909999997
427603.4886,19077.15950000001
427629.6907,22052.955199999968
427708.4732,0
427722.2687,0
427812.0255,22688.176399999997
427877.1529,0
427906.1842,0
427983.292,26820.970700000005
428107.9086,0
428140.2625,37421.23080000002
428219.0525,15510.05939999997
428319.9399,0
428369.1648,26097.212800000038
428446.0899,30875.50290000002
428505.4803,0
428729.0725,13556.634900000005
428822.82660000003,0
428870.8896,39718.60889999999
428956.68570000003,0
429086.2446,40654.51699999999
429146.8628,22906.999100000015
429173.6358,33877.888800000015
429338.5953,18745.768699999957
429487.2476,36453.782400000026
429492.94346,0
429523.9667,0
429606.8504,19926.4522
429789.2631,57427.54330000002
429848.4905,24019.08189999999
429912.36089999997,0
430178.1502,46628.851800000004
430288.0046,32363.323399999994
430307.336,29414.7868
430523.8517,19215.380000000005
430544.1664,0
430758.9478,26038.38042
430864.3588,24535.545600000012
430949.0172,0
430958.0477,0
431141.4008,30724.1985
431190.0302,0
431276.4132,0
431324.2354,23780.868399999978
431389.6579,0
431425.5512,22424.314899999998
431628.7009,24345.682900000014
431647.1375,0
431770.7436,18166.224799999967
431809.5124,0
431909.2676,46763.37479999999
431911.90260000003,0
431933.0576,23724.979500000016
431936.9774,0
431954.9754,46275.311999999976
432142.9178,0
432246.2175,23417.431900000025
432256.8,19022.542299999972
432290.9422,22051.986399999994
432462.0924,0
432842.9667,16883.9044
432901.4365,37084.125100000005
432994.8731,26415.030400000047
433016.2946,26155.305200000003
433078.6637,0
433127.0684,27076.105500000005
433254.2204,16574.54920000001
433260.2146,0
433369.7762,17204.695000000007
433398.4744,14876.737000000023
433409.1196,0
433438.881,0
433482.821,49792.220700000005
433494.6235,14752.337200000009
433505.5316,21759.262699999963
433678.4809,24446.43240000005
433689.125,0
433749.1012,19588.6777
433821.7431,29081.399000000034
433909.5185,15826.98609999998
434045.3298,37095.67719999998
434264.8454,40920.751099999994
434308.4416,17405.48860000004
434389.7295,0
434553.7968,21413.2439
434568.0509,17425.2194
434638.8713,26602.91690000001
434664.1135,17334.76879999996
434760.21,0
434815.595,18611.502699999954
435037.758,13305.426599999948
435041.7472,51822.172499999986
435147.5687,15641.475399999996
435211.7472,17806.699199999974
435306.1504,0
435321.9318,0
435532.4537,17536.44510000001
435620.5173,21343.33659999998
435758.077,30514.462699999975
436081.3454,19364.3333
436110.3939,0
436168.9566,16646.634099999967
436185.4966,21557.584900000016
436397.8476,0
436580.8798,16492.399600000004
436665.6522,0
436667.3378,22396.310499999963
436769.2007,0
437150.85,11528.102899999998
437495.7187,19866.12950000004
437529.319,0
437573.588,34010.62170000002
437574.1454,0
437885.2196,20927.96710000001
437984.4513,27166.36910000001
438063.0828,0
438076.8794,0
438090.2995,16700.42790000001
438224.5044,20806.33069999999
438513.1397,50419.259299999976
438795.321,34706.25709999999
439023.63190000004,0
439167.082,16149.488000000012
439184.4328,0
439375.506,17725.25179999997
439477.4244,36008.52760000003
439481.2025,0
439560.001,19420.39069999999
439695.1284,0
439946.0344,15302.331600000034
440036.7106,0
440045.5385,0
440213.7515,0
440298.377,0
440340.6968,18757.725599999947
440501.2817,38593.005199999956
440509.0918,28692.194599999988
440558.5934,0
440601.025,16761.51250000001
440707.1817,29610.83420000004
440835.5348,16849.80700000003
440908.3105,12932.9142
440911.8314,0
441215.6406,0
441295.8171,0
441448.2243,0
441546.9601,63377.59070000006
441599.7403,23375.402000000002
441612.5639,24701.077700000023
441836.5595,23309.74709999998
441865.1555,0
442049.9071,0
442202.599,11060.712100000004
442245.4865,33214.931700000016
442307.47226,0
442452.7005,22167.327299999946
442821.3838,0
442973.1284,0
443054.5627,27154.29859999998
443110.4777,18343.442099999986
443282.7635,0
443379.62,0
443466.0673,0
443655.3313,0
443713.082,0
443760.782,0
443785.2067,22734.081599999976
444044.7923,0
444178.592,21062.277699999977
444293.0534,25996.089199999988
444314.9265,0
444457.3401,28951.434999999998
444539.8725,19109.869799999986
444922.6,0
444923.8635,37818.95199999999
445002.5522,0
445131.75190000003,0
445137.0476,13671.4669
445276.3281,19717.62929999997
445305.6891,14433.335000000021
445339.3777,30103.98670000001
445501.0862,0
445620.7999,0
445757.3354,0
445809.1149,0
445976.4654,21796.851399999985
446451.0995,0
446459.5498,0
446530.9739,0
446587.6923,13333.150699999998
446618.4836,32307.757599999954
446674.54469999997,0
446721.1544,37848.783599999966
446759.6663,0
446816.5464,0
446868.1734,39131.12660000002
447010.0685,0
447141.654,0
447246.3984,28220.40730000002
447342.092,23127.71220000001
447413.89040000003,0
447467.898,14345.070299999963
447594.1524,34885.90110000002
447613.127,37829.746799999964
447646.2763,27493.73450000002
447810.096,26339.875900000043
447909.5654,0
447946.2095,24049.598899999983
447995.0711,0
448132.59750000003,0
448213.3921,17113.193900000013
448266.224,21997.203299999994
448363.3943,0
448434.8208,20641.94649999996
448520.4336,35383.8101
448860.6837,0
448902.3716,22133.954800000007
449058.6362,15383.59600000002
449242.4854,24205.601800000004
449301.1808,0
449484.1709,16020.15830000001
449680.7141,0
449761.7111,0
449902.9075,43592.88779999997
449915.7964,12793.234599999967
450014.3026,16147.99900000001
450104.889,25544.92120000004
450165.1416,23145.2868
450434.0877,21041.317499999946
450442.266,18150.373100000026
450483.387,0
450539.9985,29581.409799999965
450846.9853,15084.24609999999
450865.7995,0
450965.7474,22548.117499999993
451000.7968,24372.171900000016
451113.5286,26982.958200000052
451195.3533,3386.685666666657
451243.7537,22116.085100000026
451302.4875,0
451669.135,0
451940.5786,15982.779299999995
451965.9043,32501.641200000013
452006.7511,0
452104.9085,21707.260899999994
452314.8325,0
452397.6681,25430.17690000002
452503.3807,0
452670.5891,29386.397699999972
453170.9696,0
453271.6107,20638.49920000002
453328.851,18206.405300000042
453339.6985,0
453366.6243,18969.5184
453370.5082,23569.18439999997
453813.8873,26162.37115999998
453849.1694,0
453922.2633,34270.129000000015
453957.4972,21229.829399999988
454173.0954,21495.25099999999
454562.0744,23010.98729999998
454631.3348,24178.827300000004
454806.0275,23246.64750000002
454982.887,0
455086.3102,32433.040600000008
455269.8297,22994.367216666695
455278.835,36354.00842000003
455337.2196,16662.35619999998
455387.9599,25033.617283333326
455471.6454,17031.271899999992
455497.4965,24936.59720000002
455656.0796,28633.87579999998
455797.9447,0
456905.601,23931.656000000017
457008.57409999997,0
457192.2087,34381.2193
457276.4558,0
457410.53130000003,0
457618.2075,23202.474800000025
457651.3308,48890.67440000002
458064.0403,38586.26649999997
458067.7515,19219.786699999997
458213.5929,0
458244.5985,31232.13380000001
458270.9179,2465.9906999999657
458476.6457,31545.732299999974
458571.5749,0
458576.6679,0
458733.65489999996,0
458957.3234,0
459000.8751,35924.53490000003
459099.982,24892.929449999996
459105.9556,0
459470.3908,0
459564.5771,0
459768.7687,56377.54450000002
459788.777,0
459839.779,28293.10679999995
459848.6111,26646.69339999999
459942.5391,0
460004.3004,0
460108.191,23388.02799999999
460581.485,27833.288
460585.7309,3789.27840000001
460733.4361,0
460764.3485,25135.414700000023
460818.7979,0
460823.4242,0
460826.3497,26630.58600000001
460876.92590000003,0
460918.2662,21799.52740000002
460974.4974,0
461013.1232,20726.864099999948
461028.4284,0
461041.5098,26099.049400000018
461792.5799,24274.259100000025
461825.7895,27836.653300000005
461949.6826,23264.88010000001
461984.6591,23490.112599999993
