4795.022169113159
6961.240037918091
4673.189461708069
2735.634756088257
3758.1774237155914
3015.853492498398
3000.8320796489716
5788.6017026901245
4956.794967412949
2872.9221229553223
5506.147212982178
5612.54331612587
5150.164542913437
4522.195164442062
3684.618166446686
3598.6203269958496
2790.6338346004486
2292.521984577179
9152.053526878357
4446.858588933945
5832.646990299225
3768.079756975174
3485.7229549884796
8355.658834695816
8354.209707260132
7489.199149131775
7916.11095905304
8218.66714811325
7507.413900375366
6460.339171171188
