-----Simulation 0-----
172808.678,21482.164700000023
172876.2423,29366.177200000006
173285.7435,4125.996000000014
173337.8237,0
173468.5206,6627.302399999986
173775.7007,23257.73999999999
173835.5531,0
173876.4578,0
174190.9659,25138.34936666669
174400.428,18973.75630000001
174412.48,0
174664.7486,19393.3983
174701.6685,22801.98000000001
174783.5115,19125.978899999987
174824.7542,5519.8652
175066.3721,24139.368099999992
175117.603,22573.433300000004
175333.4113,25607.408200000005
175507.3627,0
175775.617,20205.967800000013
175870.5395,0
175988.6634,19764.15829999998
176012.3453,21379.249899999995
176277.7017,19045.339100000012
176467.1083,6268.412500000006
176549.6425,19876.27059999999
176620.3262,24058.99650000001
176638.0741,18609.004799999995
176886.1637,1785.798999999999
176909.1011,1985.0828000000038
177058.7222,996.1238999999769
177200.9677,8262.16260000001
177203.7516,20881.67319999999
177290.2548,19880.707916666666
177404.1948,22856.944599999988
177553.7603,0
177607.5202,0
177622.0783,20250.752600000007
177993.9522,4241.852599999984
178625.6411,888.5945000000065
178677.5159,0
178754.5713,22325.970900000015
178878.3765,0
179066.554,4279.508100000006
179555.0506,21970.73649999997
179591.7215,21553.85010000001
180019.0135,3225.5936999999976
180058.5238,29939.399200000014
180073.8689,28696.668999999994
180091.5743,21246.621799999994
180372.7053,718.5370999999868
180776.1355,2911.356999999989
180797.961,25069.047300000006
180837.7927,2409.8699999999953
180906.4718,0
181333.1661,1454.748500000016
181412.5716,9687.488400000002
181457.9785,0
181552.2284,4053.0071999999927
181633.4416,22769.64809999999
181745.3491,2241.0239
181893.4817,22507.19510000001
181895.486,3185.8925000000163
182085.0059,24031.322599999985
182112.2423,2075.875400000019
182159.8496,9229.144883333327
182183.7183,22964.865900000004
182196.7514,24405.501099999994
182212.4391,3474.1628999999957
182225.9672,4960.325200000021
182295.594,6110.852100000018
182349.445,23511.491100000014
182441.3622,30444.17670000001
182673.1711,2644.63930000001
182840.941,23571.665299999993
183240.1652,1783.1020999999892
183424.2033,23556.90029999998
183556.3043,6491.712999999989
183831.5918,24101.399600000004
184247.3013,3283.826000000001
184283.7239,1734.4956000000238
184355.2381,25697.17539999998
184500.3588,8566.166899999982
184511.492,24765.18850000002
184531.8878,7771.166300000012
184582.0257,17440.156099999993
184630.5214,25434.222299999994
184657.1879,25985.83779999998
184872.8884,0
184923.5641,30203.155899999983
185497.8383,2956.592399999994
185499.3094,24707.74669999999
185569.8012,30980.638399999996
185583.4038,24847.06150000001
185723.9611,25313.540999999997
185758.4505,3354.2948000000033
186154.3313,5005.215299999982
186249.369,31237.035040000017
186381.7104,8310.5956
186692.8709,7348.989100000006
186750.3669,29273.907799999986
186926.4617,9223.265199999994
186928.8861,11480.219099999988
186995.9133,25206.02562
187001.8323,26391.751149999996
187066.9222,0
187071.9223,27122.978399999993
187126.4872,2823.022900000011
187546.49719999998,0
187736.0089,20950.51119999998
187764.049,26131.59150000001
188340.7677,26671.557
188358.6903,3827.347999999998
188833.6082,4382.942099999986
189004.0856,37641.31639999998
189064.7342,39887.02620000002
189678.4868,26207.13930000001
189719.357,26640.115099999995
189983.4325,29438.33739999999
190056.5536,18332.618800000026
190134.2734,5359.38440000001
190258.0155,0
190259.9747,26166.103899999987
190404.1132,29813.242700000003
190491.9079,7855.837399999989
190549.1742,28509.312000000005
190590.781,7169.039900000003
190651.8448,31962.85149999999
190745.0233,9121.132299999997
190847.3972,26776.165200000018
191091.8443,8661.647200000007
191191.8727,25615.357799999998
191217.4917,28215.112800000003
191463.9658,30127.141600000003
191467.4632,33898.97019999998
191537.3007,31844.1195
191729.8638,28376.029700000014
191768.572,6458.636299999984
191876.3879,7880.893299999996
191965.0974,7480.074800000002
191996.0199,31037.20510000002
192167.2436,27033.24979999999
192541.4009,15826.806400000001
192555.4326,14624.171199999982
192633.5252,24783.887400000007
192809.4238,12513.699200000003
193151.2688,27256.16439999998
193169.4577,8463.070299999992
193238.087,33396.864300000016
193819.0382,35365.359
193933.9454,9823.945899999992
194246.6913,11902.897100000002
194662.6141,27272.378599999996
194870.9679,13900.367199999979
195040.4009,10937.3946
195186.676,10400.985200000025
195236.2599,27414.58130000002
195372.5412,10428.846699999995
195389.2388,20933.2886
195554.6078,30088.13750000001
195805.6455,9863.939800000022
195899.8171,7417.507199999993
196077.5522,28135.4357
196177.2197,4509.54389999999
196255.9882,10495.516399999993
196267.8406,29065.630999999994
196480.2147,37432.379333333345
196519.8088,11612.26939999999
196520.0848,29937.12420000002
196535.3854,26685.222299999994
196551.3989,8664.794399999984
196569.6467,0
196654.9904,26759.247800000012
196824.2481,31246.68159999998
196901.3855,12270.571399999986
196964.496,15710.893700000015
197062.4889,8210.819499999983
197203.2586,28539.5429
197409.1973,10390.021999999997
197560.6731,29494.56818333335
197562.8872,44206.3389
198048.3381,10187.38500000001
198072.8391,14941.939000000013
198203.4353,32417.506700000027
198489.1954,30235.76920000001
198500.5685,11672.18729999999
198626.6121,35414.90210000001
198847.6836,28157.4712
198911.5683,9513.518100000016
199088.2416,13545.059300000023
199359.6973,29210.348200000008
199660.139,29086.65909999999
199798.795,29604.518500000006
199801.4425,29554.278099999996
199866.6718,13109.05800000002
200254.9422,11077.247700000007
200269.3155,29379.18419999999
200524.1954,34600.9583
200576.3052,29866.04620000001
200758.2204,28891.6054
200779.5542,6589.234800000006
200786.3673,9801.584800000011
200826.6823,27734.944499999983
200884.7353,17122.06640000001
200965.5465,0
201061.5029,10397.647599999997
201102.2093,20080.511616666656
201267.8009,11442.76449999999
201454.2994,30315.6863
201950.4396,17458.773600000015
202022.0877,34379.55919999999
202043.5265,14264.972500000003
202212.851,38143.446599999996
202264.6067,29796.589100000012
202321.958,29783.5858
202444.549,38879.615099999995
202574.1925,11687.827300000004
202754.2893,11351.863200000022
202764.8797,35914.60459999999
202792.8296,12864.354900000006
202815.2592,29845.978600000002
202859.3874,30300.127200000017
203008.9937,40993.57909999997
203011.4037,16719.76550000001
203131.3511,11494.285600000003
203154.8059,12071.174900000013
203378.5263,35074.389800000004
203559.7044,34083.3897
203631.8488,10507.600200000015
203859.6877,12677.1434
203928.6738,0
203936.0407,11276.575899999996
203936.311,12422.15519999998
204046.2792,33534.9449
204059.5093,0
204170.3851,16380.938600000023
204242.3388,11239.05409999998
204343.9194,19421.478925000003
204627.0883,14765.191900000005
205054.287,35159.37520000001
205321.3404,34213.5416
205336.6013,19968.667600000015
205426.7356,18710.040500000003
205478.7219,27914.05619999999
205496.7951,29983.190099999978
205663.0596,14537.719799999992
205734.4122,20744.445299999992
205819.1082,36042.94019999998
206003.1088,0
206079.7853,11740.959600000002
206554.8787,21028.8143
206568.689,32583.696000000025
206727.4137,10514.9375
206799.1404,36887.74220000001
206985.6842,31046.052599999995
207260.7804,19399.795899999997
207364.4318,13499.226399999985
207545.0474,31166.52800000002
207583.6593,33861.65460000001
207656.1013,12664.887300000002
207731.416,36678.59940000001
207858.718,13623.454800000007
207896.3464,31872.11540000001
208020.4448,34278.390799999994
208083.8296,34592.3475
208090.6636,33817.836299999995
208290.9449,41129.83660000001
208611.0551,10632.396799999988
208679.8614,18917.454100000003
208748.0606,0
208753.5727,33958.9025
208801.9978,33281.50200000001
208944.0137,16130.231400000019
208959.6021,32414.046399999992
209024.1848,35809.135299999994
209041.8186,17549.282999999996
209739.2854,32673.070599999977
209862.7984,42382.565900000016
209942.9862,10191.458400000003
209943.309,22566.536200000002
210005.2879,38648.832200000004
210063.2871,16660.20709999997
210382.7289,17425.607499999984
210404.313,35306.8977
210521.9281,32149.787500000006
210650.8349,35326.27899999998
210729.614,35043.99239999999
211195.4515,31185.464299999992
211399.577,42596.164499999984
211435.9938,32953.18059999999
211829.6463,19866.589699999982
211888.6338,49361.30590000001
211931.7208,0
212227.541,41660.37779999999
212340.7245,34320.08310000002
212431.7012,17111.74410000001
212572.7982,41002.178400000004
212577.2565,43833.82479999997
212617.0006,33553.6122
212736.9148,14994.358899999992
212840.4101,20254.949700000026
212884.2497,32490.236399999994
213075.2184,31207.82520000002
213114.1366,25981.608600000007
213119.1048,31950.621400000004
213123.4272,33341.7696
213164.5091,30403.548099999985
213234.7638,32049.746399999975
213325.0229,46389.4412
213490.9216,31909.411300000007
213557.7449,13214.62029999998
213562.0646,19627.594100000017
213594.5159,36100.9307
213619.1227,18378.448700000008
213672.2183,16150.724900000001
213677.7186,31501.137599999987
213711.9634,24464.511433333333
213721.9564,36432.846499999985
213895.4939,31415.13990000001
213993.7794,30721.18340000001
214125.7902,27496.335199999972
214198.5432,30146.646500000003
214207.3419,22203.312800000014
214565.2973,41943.461700000014
214641.757,32745.210099999997
214958.2134,14718.129000000015
215174.5249,18403.44869999998
215499.436,39075.97879999998
215548.0172,21608.579300000012
215734.9589,29345.386700000003
215770.67,14375.461299999995
215917.2582,39108.41750000001
216026.0894,42864.4111
216213.9164,30746.95419999998
216276.2185,25423.755199999985
216386.9879,14565.88930000001
216419.6162,29213.503299999982
216422.8188,16305.079700000002
216427.0921,23171.47590000002
216482.6902,32445.063599999994
216641.8873,0
216699.4634,41800.57190000001
216881.8436,31497.021500000003
216925.084,16815.41750000001
216951.5138,37101.31759999998
216969.8057,18124.111999999994
217151.4993,16464.35089999999
217171.0547,48844.93059999999
217283.1649,32624.02900000001
217654.8436,40283.53779999999
217688.6606,44270.69579999999
217874.1729,32215.284400000004
217913.3486,22732.16949999999
218072.7598,18038.335300000006
218098.3833,42895.284400000004
218240.4545,18571.795799999993
218744.3132,44688.504199999996
218758.0892,14786.858499999973
218861.8791,24474.81229999999
218884.527,23338.78840000002
218997.7322,23112.230899999995
219003.0763,21739.5398
219100.2117,14407.150800000032
219132.8003,24772.847299999994
219173.7373,25489.441300000006
219195.6414,31019.992100000003
219264.1491,34734.687000000005
219286.7498,18713.483299999993
219304.9649,45060.229900000006
219316.9274,25351.413499999995
219490.944,34419.263399999996
219669.0729,36549.32250000001
219733.2625,18410.429600000003
220156.8086,37987.7469
220339.8028,18562.346300000005
220463.3024,31037.053199999995
220503.6333,32018.92239999998
220557.5387,18550.678199999995
220594.0293,37182.16279999999
220622.7926,38164.67589999997
220932.5537,22381.930699999997
221011.5094,48900.1452
221103.1256,17114.57739999998
221254.4525,23813.421900000016
221378.2355,31367.235400000005
221413.0518,38827.45959999997
221493.2362,47352.24476
221512.371,15864.987000000023
221520.6172,36271.7549
221551.1753,32753.069599999988
221553.8098,24770.35009999998
221585.2604,25413.0778
221805.7424,44219.616500000004
221956.3292,15544.886399999988
222195.096,28387.03039999999
222474.9708,35660.89030000003
222559.8486,15634.570999999996
222578.8755,23117.90829999998
222847.6968,29310.458200000023
222936.7298,39303.198000000004
223019.7543,22703.238899999997
223070.8099,21034.764599999995
223151.4884,31327.85640000002
223156.7943,24388.08190000002
223280.6597,34652.841400000005
223440.3186,33069.88140000001
223499.8377,33096.345300000015
223590.9844,22150.754999999976
223605.0641,21277.10639999999
223719.8186,33260.664699999994
223794.2413,35686.59700000001
223864.5427,33413.09969999999
223986.7598,18964.136400000018
224014.3309,45735.047699999996
224027.1191,17615.808500000014
224081.5279,24541.07389999999
224179.876,38138.39929999999
224282.6904,43461.826700000005
224329.2342,33077.986399999994
224656.3746,33750.303000000014
224669.1791,31583.39420000001
224890.4384,35145.654300000024
224900.6952,44635.36809999999
225039.2529,40832.173899999994
225154.5171,0
225336.0647,37965.8823
225351.3197,46664.42679999999
225444.0487,23261.422300000006
225465.3567,15789.164799999999
225475.1222,38250.19070000001
225480.3355,38631.02669999999
225634.2389,41573.59779999999
225719.5502,32281.35680000001
225823.8837,18576.764400000015
225957.3068,32460.065700000006
226036.0806,34054.0209
226102.9328,17230.839200000017
226151.8786,43131.17999999999
226380.8234,33968.12909999999
226385.5962,16189.122899999988
226436.0016,41945.91869999998
226530.3528,33172.51569999999
226537.1075,18810.978300000017
226555.9376,25605.054999999993
226589.4806,15818.160900000017
226601.2088,40336.34449999998
226951.128,34976.4057
227027.6408,33264.37179999999
227404.3001,17612.391999999993
227425.6973,51736.10029999999
227588.1856,33940.63519999999
227652.8614,49043.30479999998
227772.8833,26938.343599999993
227780.1059,41326.98929999999
227794.5629,33070.7568
227991.4082,36769.35269999999
228046.9411,47790.30439999999
228076.2259,34739.975199999986
228254.8494,36100.86619999999
228311.7696,42743.68609999999
228649.3167,35329.388799999986
228774.1165,39240.037500000006
228836.0381,23279.34539999999
228991.2801,41607.99730000002
228997.0044,37725.277
229021.365,41013.14729999998
229276.8217,33652.65650000001
229335.8022,41384.981033333344
229370.1194,0
229477.8902,27348.4675
229717.6217,41489.615499999985
229825.5674,21947.161300000007
229942.5979,33007.84229999999
229980.4466,18237.281699999992
230073.6931,34559.326100000006
230435.116,23022.225200000015
230472.0361,36814.932499999995
230724.2413,14013.64162499999
230811.9737,20833.18830000001
231063.7922,23659.39359999998
231138.525,35958.18979999999
231208.5562,33421.513600000006
231213.1626,22379.720300000015
231445.3517,35324.58960000001
231478.4587,21732.7531
231550.5776,0
232014.9721,34647.8493
232061.429,43317.28039999999
232089.2674,26260.130999999994
232167.426,41112.66589999999
232222.5597,35004.698000000004
232282.6783,36522.47140000001
232333.1331,36197.27050000001
232365.0732,32400.080000000016
232402.4011,24119.064500000008
232619.7282,30531.467200000014
232806.8456,34885.20730000001
232822.2472,35402.82920000001
232842.7994,26443.619600000005
232970.4164,21050.253399999987
233020.9388,44403.5944
233123.0598,40933.40219999998
233611.2066,39688.84502500002
233760.0991,37720.28019999998
233767.103,22496.929000000004
233839.7847,20632.11599999998
233982.3061,25314.795599999983
234108.183,46277.82489999998
234263.3859,36131.674
234299.2653,33116.8204
234661.1709,24019.527299999987
235217.9212,22537.4271
235473.9463,37529.719900000026
235512.846,39419.2053
235677.5913,21767.157000000007
235761.5294,34467.8014
235942.9002,33165.12909999999
236035.2447,30315.975800000015
236081.6743,42372.370600000024
236144.2826,38292.66440000001
236280.6242,22368.831600000005
236792.5912,23088.24859999999
236982.5712,50119.980299999996
237011.1858,24280.579600000026
237113.0072,42053.2298
237268.6766,23136.6195
237364.463,23129.654099999985
237513.4083,37585.33170000001
237568.2507,28637.307900000014
237733.5203,25109.394
237847.2317,41796.8714
238437.972,23937.45630000002
238480.7035,25861.077099999995
238829.8882,22503.29979999998
239472.576,42343.57370000001
239536.5082,46632.66090000002
239584.6784,39207.2892
239590.3513,23446.631400000013
239680.1353,24796.69099999999
239982.9014,41574.37340000001
240328.4553,35295.576
240362.622,24113.496000000014
240411.6234,44960.25630000001
240813.2424,31117.516999999993
241164.4982,26002.323700000008
241202.0207,28900.644
241302.6433,24542.305200000003
241427.3015,40589.47690000001
241622.674,25028.3064
241860.3055,26879.214999999997
241952.9913,35962.10069999998
242046.6005,26076.677200000006
242088.9907,185.27489999998943
242345.0184,48521.652
242346.8147,29083.163
242537.1271,46185.82510000002
242794.1158,47084.85829999999
242898.8285,47483.51270000002
242916.3414,25437.284000000014
242938.5896,42577.00220000002
243004.1692,45322.79430000001
243324.9988,38930.8688
243363.9116,28246.0104
243860.7818,41638.946599999996
243910.269,44628.3517
244086.1327,1410.2835999999952
244105.9689,51220.394700000004
244186.6807,26621.363099999988
244476.5446,27608.435599999997
244509.22,26285.012300000002
244760.385,44312.34210000001
244942.8544,42842.528700000024
245471.8128,27179.859200000006
245554.9704,52335.38057499999
245559.934,30791.4651
245740.2686,28946.093300000008
245776.6257,28753.516700000007
245978.1952,42939.269899999985
246000.7335,26484.200199999992
246143.6646,24708.282099999982
246284.4445,37690.81090000001
246309.7669,36769.98319999999
246419.3672,43744.6459
246597.2358,44055.46729999999
246604.3893,44524.85290000003
246763.3726,50064.76510000002
247000.1328,28301.9534
247049.1021,36853.091333333316
247143.183,27988.2592
247339.501,0
247413.045,37699.4945
247476.9244,25876.1342
247734.5169,47237.641199999984
247746.1295,45147.44930000001
247928.3989,33691.60010000001
247968.3641,39603.11250000002
248430.572,37378.81559999997
248577.2107,45224.05050000001
248607.3581,26925.048300000024
249061.3614,66319.00469999999
249266.3558,51234.37639999998
249296.5012,37111.16200000001
249680.3666,54604.951500000025
249691.3602,40769.986600000004
249719.9834,45331.03229999999
250161.0653,48120.6673
250393.1601,33487.80679999999
250425.5724,32120.375300000014
250520.4022,45811.39990000002
250559.2556,59577.55429999999
250783.1499,52443.04329999999
250803.3916,46123.2916
251072.6299,0
251127.1798,27984.6587
251212.7683,28650.469500000007
251285.3087,52318.48920000001
251989.6135,26891.057700000005
252466.0891,48674.52950000003
252554.0924,48979.3714
252612.1705,29077.14420000001
252809.8014,29215.92175000001
252843.048,47504.721100000024
252879.2503,47564.98570000002
253079.4028,49852.485000000015
253157.4851,52286.260099999985
253711.7288,48169.59450000001
253787.0308,30010.84600000002
253904.5553,30840.4124
254066.6287,47653.7843
254189.4541,32812.50038000001
254198.2221,0
254686.219,49153.65530000001
254831.7678,0
254893.8244,51556.696599999996
255373.7707,55341.05040000001
255399.6302,54514.7562
255653.0732,50986.06470000002
255816.5773,33372.38010000001
256009.8366,31509.461900000024
256511.3365,54086.269100000005
256564.1354,35807.35319999998
256676.5455,39459.6856
256694.6332,55287.225400000025
256733.03,34094.65359999999
256788.641,56507.28630000001
256909.0221,53005.7304
257099.1727,39109.419599999994
257347.3586,52268.600800000015
257439.6052,32776.511299999984
257898.8055,49467.40169999999
258197.2998,47968.20850000001
258235.9263,36766.317500000005
258538.4746,33864.52299999999
258684.7592,35073.7806
258814.9268,41633.147800000006
258846.8971,49480.278500000015
259008.3347,33877.28140000001
260355.4788,37231.25590000002
260358.3375,38546.67169999998
260597.8166,43412.23370000001
260642.6842,53778.2102
260770.5576,34690.418399999995
261020.5536,51470.80860000002
261117.8543,39549.902
261491.1794,54344.71799999999
261587.1346,34735.85759999999
261605.2731,43012.6764
261654.6293,35218.54139999999
261812.4347,34771.830400000006
262148.0966,37017.0833
262271.9558,58926.68460000001
262399.8691,35438.72530000002
262869.3261,51702.624840000004
262950.2464,57590.80430000002
263171.4364,35827.7139
263387.3096,38777.36009999999
263462.3127,55704.01940000002
263699.1311,36577.49299999999
263926.0181,35973.538099999976
264035.6558,36845.508499999996
264095.6591,35629.81019999998
264561.2076,59771.83300000001
264747.3229,56638.839000000036
264970.089,57761.11969999998
265322.5744,61021.09869999997
265557.0359,58299.49620000002
265561.7701,54823.143500000006
265645.0343,54982.89120000001
265773.6845,47400.534999999974
265829.4954,57953.49720000001
265902.7008,62793.389399999985
266369.6758,37485.274400000024
266571.6884,42131.60979999998
266662.712,58308.178400000004
266956.688,58747.581800000014
267005.3277,55673.45830000003
267181.3296,54089.6336
267461.8706,59653.35290000003
267496.7317,45188.15890000001
267616.5696,48109.11449999997
267694.1112,42851.94609999997
267779.9312,50358.377275000006
268121.3441,53762.538
268214.1225,53890.62050000002
268260.7981,42243.0257
268603.3962,38828.75940000001
268768.566,55358.86859999999
268785.6493,52398.077099999995
269034.1775,55159.765399999975
269253.0829,56094.98849999998
269263.6485,52543.24730000002
269494.3867,53204.819099999964
269536.1565,41655.03619999997
269684.6815,46707.40710000001
269936.3307,53333.42689999999
270052.0502,0
270495.0172,61961.068
270571.6677,40016.92036666666
270586.9792,59719.6189
271087.0269,39024.351599999995
271114.0917,53147.59599999999
271350.8054,55375.09250000003
271640.3873,54608.884300000005
271704.867,58190.68860000002
271744.8341,57020.384499999986
271851.806,49752.21999999997
271861.4086,57480.54580000002
271944.6241,44453.075500000035
272087.5532,46940.07010000001
272468.0454,41977.81020000001
272681.3035,60283.26039999997
273183.871,56207.90659999999
273235.4212,59798.139599999995
273356.4324,47044.27789999999
273394.3437,38415.637800000026
273426.5595,0
273540.9616,40033.03529999999
273704.318,54820.26040000003
273745.479,49805.086899999995
274136.4796,64873.01760000002
274177.4542,38720.56759999998
274218.3824,23907.00020000001
274471.5804,55354.01249999998
274672.285,68084.6270333333
274742.4832,40814.2133
274797.734,42852.84039999999
274889.7037,41420.451
274920.796,55931.93099999998
275145.8768,56461.08560000002
275506.0285,55834.755400000024
275597.9765,47722.64169999998
275601.5986,54428.45590000003
275656.7604,63589.739900000044
276215.9047,65601.05900000001
276361.2919,34053.80600000001
276570.4878,57288.96460000001
276580.2762,40972.47860000003
276835.9611,56351.74650000001
277102.5856,56000.72749999998
277121.2188,56750.23279999997
277318.1561,53465.44430000003
277380.3009,41257.49509999997
277465.303,49251.46470000001
277565.052,40301.64440000002
277631.0655,45985.594700000016
277678.0123,53636.65603333333
277933.4808,0
277978.1086,49140.46649999998
278129.3194,55798.24339999998
278585.9208,47577.45910000004
278756.2688,39805.81390000001
278925.9664,69635.44179999997
279057.0724,49961.70569999999
279098.431,39820.36779999998
279490.1083,60831.17445000002
279504.9849,53149.69029999999
279538.438,47299.92650000003
279599.5628,0
279617.538,58838.3236
279690.6118,41695.9761
280037.6449,62992.09780000002
280042.3045,40579.20960000003
280134.2782,59154.201899999985
280230.9007,37509.48550000001
280240.5576,56817.288700000005
280258.444,52024.94480000003
280607.561,40883.975599999976
280833.1524,47941.17430000001
280833.5965,39170.951299999986
281039.4557,0
281046.5525,57362.8474
281197.8973,58726.95199999999
281220.8674,68626.72889999999
281235.9386,55491.62709999998
281479.7889,39971.7965
281486.6746,57037.76470000003
281506.411,48024.519100000034
281753.1585,47788.15580000001
281900.1178,72315.9793
281996.2249,59224.91319999995
282026.2534,41107.11539999998
282035.0087,46389.2457
282756.7868,43216.68900000001
282880.9405,57918.97900000002
283023.7201,49292.91299999997
283036.1527,43840.36666666664
283113.3101,64114.39730000001
283151.3842,0
283380.5235,55885.75590000002
283433.0624,58454.8321
283497.7793,56380.8897
283578.4551,38345.889600000024
283691.1185,42007.58389999997
283765.1838,47575.12160000001
283767.9331,40341.59520000001
283869.695,39284.5754
284012.7908,46412.81920000003
284045.3531,56855.5484
284474.1406,53213.54669999998
284480.0267,55751.70939999999
284499.4495,0
284519.4358,39075.20769999997
284624.4378,0
284659.1328,46947.932300000015
284760.2635,58645.00820000001
284760.4228,64420.869200000016
284875.0847,63087.66520000002
284914.5381,73627.23320000002
285021.1455,59249.788699999976
285220.9219,53609.967000000004
285313.3186,40050.53210000001
285432.7395,41729.43340000004
285512.6306,42206.76679999998
285524.8851,57095.794200000004
285616.9193,63313.66040000002
285779.3508,53695.649260000006
285932.39280000003,0
285971.6574,63030.552800000034
286006.2385,59144.082999999984
286172.9985,59455.64239999998
286614.2232,65822.7327
286700.1907,65811.06199999998
286702.6112,53135.090599999996
287136.8088,45344.371199999994
287345.0662,39082.5888
287411.1076,59824.45179999998
287553.2865,51944.66319999998
287566.5593,57666.928000000014
287701.1613,54906.442699999985
287774.5998,53071.53460000001
287913.4291,44572.66570000001
287922.486,45089.64729999998
288275.961,42902.6262
288378.1728,53117.8744
288410.7512,45700.93950000001
288557.9814,53903.57269999999
288605.12,63372.7004
288633.6755,35278.48190000001
288698.781,49928.907600000006
288874.0247,52372.500300000014
289231.3082,74067.37380000003
289233.3676,36234.7083
289420.3439,53527.19999999998
289467.0071,35403.970700000005
289479.8023,57093.96199999997
289586.3597,61290.549499999965
289720.0354,77116.6863
289725.2645,50046.32759999999
289737.5777,37101.893100000016
289798.9444,57311.24589999998
289814.3099,37634.3236
290014.4726,52806.577299999975
290039.5497,62149.46879999997
290043.239,38939.53839999999
290111.1779,45290.859800000006
290119.0271,37179.72320000001
290127.5563,53100.086099999986
290164.1415,41012.979500000016
290188.8572,54477.03390000004
290330.4368,54082.82234000001
290373.8036,42473.7856
290496.3141,36330.23180000001
290568.9081,0
290686.3678,51942.207400000014
290778.5513,45034.90399999998
290845.4787,59194.83249999996
290861.9401,36563.461700000014
290866.6543,50882.5656
290868.6259,53024.82369999998
290872.5719,56625.02349999998
290923.484,40691.8333
291086.0681,50969.607299999974
291244.5736,36160.990699999995
291350.3061,57635.0508
291591.7336,49801.59719999999
291822.9128,33400.38759999999
291836.0038,75035.97020000001
291842.5942,54469.634099999996
291993.779,38214.821799999976
292157.9008,53094.568499999994
292223.453,65098.869799999986
292326.5419,34490.927800000005
292357.7345,34732.48760000002
292412.1595,37102.99370000002
292431.5384,45012.7623
292690.4288,36910.12539999999
292807.0889,50754.799099999975
292810.3684,48655.909399999975
292822.9302,56735.74979999999
292995.6224,59547.601599999995
292998.5366,33482.837699999975
293062.7886,60931.82920000004
293068.7974,45833.29409999997
293103.8375,43481.03620000003
293209.1404,58038.77549999999
293540.5948,51155.399400000024
293567.7738,51140.73240000004
293601.3413,73150.76799999998
293622.8323,37038.52540000001
293686.1278,40565.326900000015
293700.1722,62209.48349999997
293798.18429999996,0
293845.4984,58249.29519999999
293961.4157,0
293991.5411,50649.15249999997
294113.786,65497.52100000001
294208.0977,68081.5354
294367.3533,51299.19470000002
294373.5745,56158.46849999999
294401.0019,33031.95029999997
294703.3515,34052.721499999985
294742.9874,52065.413499999995
295024.4417,43181.93960000004
295146.8419,60741.758
295176.203,35759.98269999999
295373.8796,34799.06629999998
296023.3086,68069.1017
296096.3408,44152.2421
296158.7991,53138.081200000015
296231.2761,50843.4167
296276.7324,53706.476599999995
296287.1964,42928.62480000002
296348.4852,51696.02669999999
296363.5564,34498.80910000001
296371.1502,33100.54519999999
296466.7665,51833.888200000045
296522.3688,48757.0827
296765.0287,57079.68960000001
296831.6777,52013.29209999999
296877.0309,31393.183500000043
296939.92,35571.64009999999
297042.7335,53466.13579999996
297079.6532,51469.2862
297145.7528,49685.630400000024
297166.1388,52950.8046
297435.4047,47311.303000000014
297541.2169,52997.154500000004
297606.7703,45095.79099999997
297608.2075,50072.798100000015
297636.404,51705.87759999998
297853.1036,52119.96259999997
297892.2997,34589.64209999994
297951.6951,53186.11690000002
298026.559,51724.18100000001
298076.0494,37215.27020000003
298094.3578,68301.07819999999
298151.8465,60409.11514999997
298213.9357,36754.024399999966
298310.1272,39760.513600000006
298333.6739,35403.438199999975
298358.9102,57503.4595
298462.7454,35416.34400000004
298633.5104,55659.39170000004
298713.984,37756.49469999998
298765.4978,50912.360200000025
298887.4321,55079.851599999965
298979.3823,59337.417000000016
299014.6287,51643.977599999984
299189.9774,53450.961166666646
299237.0612,45443.366299999994
299312.757,54962.28159999999
299321.8205,49687.85739999998
299371.5275,43566.942900000024
299391.0122,40098.654500000004
299463.5114,33260.23710000003
299476.01,50845.611200000014
299726.9474,51832.35750000001
299778.4382,66178.20379999996
299817.6967,40006.39809999996
299892.1753,49632.48800000001
299936.7077,60066.68870000003
299958.2668,50828.145099999965
