-----Simulation 0-----
173065.3793,0
173415.2504,0
173587.9753,0
173629.3188,0
173855.8194,0
174052.6414,0
174079.4417,0
174203.0148,0
174326.175,0
174407.9943,0
174662.4303,0
174669.9442,0
174860.0181,0
174921.87013333334,0
174964.6711,0
174984.67369999998,0
174999.6183,0
175046.3688,0
175111.34889999998,0
175116.2575,0
175166.9654,0
175195.46360000002,0
175361.9477,0
175415.303,0
175487.109,0
175561.7993,0
175708.6502,0
175794.1832,0
175852.0474,0
176003.52980000002,0
176058.9806,0
176324.6046,0
176335.6577,0
176496.109,0
176560.0676,0
176575.9073,0
176598.5444,0
176646.1601,0
176781.8749,0
176801.7554,0
176833.8219,0
177177.2254,0
177216.3921,0
177296.79009999998,0
177405.4485,0
177409.6559,0
177430.9132,0
177488.7178,0
177492.13809999998,0
177634.4621,0
177681.0491,0
177915.213,0
178032.2641,0
178044.7,0
178070.3295,0
178267.9118,0
178281.7998,0
178335.22228333334,0
178456.72759999998,0
179249.2876,0
179346.1772,0
179432.9417,0
179713.7026,0
179759.065,0
179830.535,0
179895.5681,0
179929.9578,0
179937.44329999998,0
180138.6839,0
180177.3377,0
180903.4382,0
180944.7807,0
181034.6463,0
181301.9162,0
181503.1233,0
181505.0094,0
181718.3091,0
181780.8744,0
181859.709,0
181911.664,0
181977.7438,0
182212.5436,0
182835.171,0
182856.4248,0
182910.85460000002,0
182913.5211,0
183017.0255,0
183051.01870000002,0
183198.4757,0
183276.4377,0
183464.9596,0
183577.24800000002,0
183643.9871,0
183729.663,0
183897.8983,0
184055.3043,0
184083.0125,0
184187.7808,0
184279.7591,0
184280.5271,0
184281.5522,0
184478.9436,0
184602.1722,0
184612.0228,0
184966.9736,0
185069.8427,0
185182.46348333333,0
185209.7523,0
185423.02934,0
185550.0429,0
185678.1514,0
186010.58539999998,0
186081.69569999998,0
186246.5769,0
186275.7792,0
186290.7048,0
186668.1657,0
186680.9898,0
186867.9168,0
186908.3783,0
186978.99349999998,0
186979.4179,0
187259.5057,0
187460.2145,0
187493.9543,0
187564.4026,0
187757.6346,0
187840.5172,0
187896.0142,0
187942.2499,0
188146.08669999999,0
188620.6439,0
188631.7554,0
188633.8622,0
188709.9879,0
188866.6606,0
188872.28960000002,0
188944.8981,0
189063.5335,0
189196.0963,0
189276.6681,0
189310.9357,0
189541.00699999998,0
189779.5095,0
189783.0202,0
189929.2861,0
190365.3605,0
190434.7731,0
190443.0456,0
190467.8621,0
190522.75699999998,0
190541.8926,0
190818.9374,0
190875.1692,0
191134.7948,0
191361.3237,0
191582.3394,0
191618.8976,0
191696.9563,0
191801.801,0
191805.49670000002,0
191866.3593,0
191954.4769,0
192228.9551,0
192251.8911,0
192343.173725,0
192419.539275,0
192527.24599999998,0
192774.7427,0
193071.7935,0
193635.2302,0
193990.6624,0
194009.29450000002,0
194047.8513,0
194080.0562,0
194126.6512,0
194404.9466,0
194408.67609999998,0
194685.0337,0
194837.5194,0
195149.7382,0
195180.0726,0
195203.2441,0
195836.54129999998,0
195855.2035,0
195919.9418,0
196072.4882,0
196292.3033,0
196384.3661,0
196416.7981,0
196444.9821,0
196534.7224,0
196573.7359,0
196604.8475,0
196612.3542,0
196668.7567,0
196777.4841,0
196882.3054,0
197019.4761,0
197136.6203,0
197308.4959,0
197957.728,0
198126.3767,0
198457.8764,0
198465.7677,0
198483.0366,0
198514.8305,0
198624.5316,0
198677.2609,0
198691.0688,0
198892.5962,0
198912.1485,0
199055.8726,0
199068.1757,0
199097.5398,0
199138.8208,0
199157.6797,0
199702.42849999998,0
199741.7603,0
199760.6662,0
199810.54499999998,0
200071.9767,0
200117.31650000002,0
200182.1628,0
200512.2992,0
200515.0031,0
200646.39919999999,0
200846.6178,0
200981.4946,0
201177.7457,0
201261.84100000001,0
201397.74,0
201418.6446,0
201451.1122,0
201577.8406,0
201668.3069,0
201733.97100000002,0
201845.61849999998,0
201870.95130000002,0
202167.1035,0
202171.4891,0
202183.9951,0
202223.136,0
202380.8852,0
202458.9313,0
202515.0659,0
202641.10379999998,0
202729.9732,0
202816.58000000002,0
202920.74959999998,0
202940.9652,0
203094.7484,0
203314.1264,0
203351.9684,0
203592.9668,0
203949.6356,0
204305.1932,0
204627.6329,0
204696.314,0
204714.2744,0
204969.2739,0
205330.33676666667,0
205797.7799,0
206149.5404,0
206255.2634,0
206298.5143,0
206602.2145,0
206968.1823,0
207049.40840000001,0
207054.7273,0
207068.4304,0
207572.5783,0
207584.5652,0
207589.7292,0
207634.9324,0
207745.95620000002,0
207792.9044,0
207930.16,0
208108.7553,0
208140.3238,0
208298.3825,0
208458.0802,0
208627.5452,0
208807.8996,0
208860.370825,0
208891.2071,0
209026.8186,0
209064.2122,0
209202.9092,0
209320.8669,0
209636.08992,0
209741.5496,0
209824.63189999998,0
210359.5365,0
210660.38492,0
211091.8553,0
211306.7458,0
211638.4802,0
212011.6055,0
212310.8582,0
212703.9037,0
212722.63770000002,0
212841.911,0
213023.8486,0
213040.8882,0
213120.8659,0
213123.54450000002,0
213417.278875,0
213809.2876,0
213874.5628,0
213895.8333,0
214307.7503,0
214361.5189,0
214403.68099999998,0
214873.251,0
214873.677,0
214973.80506666668,0
215009.8309,0
215029.0397,0
215189.55359999998,0
215382.0906,0
215428.9828,0
215505.8247,0
215565.6886,0
216014.7546,0
216037.6604,0
216362.424,0
216464.59871666666,0
216490.6458,0
216726.31329999998,0
216781.8622,0
216794.6432,0
216827.08669999999,0
216899.9828,0
216939.7857,0
217151.073,0
217725.31829999998,0
217835.8101,0
217867.9773,0
218295.68910000002,0
218307.2771,0
218945.5301,0
218991.6215,0
218999.23859999998,0
219079.6508,0
219101.189,0
219117.8702,0
219176.0149,0
219346.1273,0
219484.9742,0
219490.064,0
219866.0722,0
219945.6253,0
219946.7556,0
220027.7947,0
220053.7522,0
220137.2828,0
220141.5372,0
220243.1039,0
220377.9632,0
220400.3269,0
220534.2528,0
220545.5065,0
220776.7089,0
220786.6867,0
221173.7998,0
221284.5954,0
221360.6059,0
221464.6961,0
221633.9313,0
221696.3365,0
221744.2112,0
222124.66714,0
222203.4781,0
222343.912,0
222348.2175,0
222421.2133,0
222534.0087,0
222855.8268,0
223080.1353,0
223139.2625,0
223149.6833,0
223430.3556,0
223479.8446,0
223543.7675,0
223638.6017,0
223640.1775,0
223908.66330000001,0
223958.39740000002,0
224858.99300000002,0
224869.8792,0
224876.0305,0
224928.4293,0
224970.6347,0
225297.7124,0
225314.4713,0
225336.8881,0
225771.87829999998,0
225900.2404,0
226657.4319,0
226830.1321,0
227185.1961,0
227364.9924,0
227368.6187,0
227488.96585,0
227583.0443,0
227591.2559,0
228079.7892,0
228106.3038,0
228225.3177,0
228236.1056,0
228371.37295,0
228467.7028,0
228613.7536,0
228661.5129,0
228736.9301,0
228828.7754,0
228929.783,0
228937.6453,0
229081.5632,0
229171.7882,0
229251.2266,0
229470.7278,0
229644.4535,0
229726.4565,0
229845.3083,0
230107.6275,0
230151.9731,0
230155.5633,0
230225.31818,0
230407.02548333333,0
230467.226,0
230488.4456,0
230595.4525,0
230649.25329999998,0
230922.1441,0
230944.14205,0
231084.11672,0
231196.7993,0
231251.9753,0
231407.6426,0
231513.9515,0
231731.0813,0
231822.5521,0
231939.1132,0
232028.3973,0
232154.4128,0
232306.6327,0
232502.87709999998,0
232845.9606,0
232927.45299999998,0
233122.52718333332,0
233193.1227,0
233264.4647,0
233528.8314,0
233826.6431,0
234079.5658,0
234118.8234,0
234173.6076,0
234249.4958,0
234415.125,0
234500.6367,0
234542.4806,0
234717.1946,0
234872.876,0
235010.7051,0
235160.369,0
235177.03373333334,0
235280.3961,0
235740.055,0
236298.302,0
236307.6554,0
236736.692,0
236892.26093333334,0
237214.4476,0
237398.952,0
237460.0869,0
237491.1114,0
237565.4192,0
237734.1246,0
237747.28220000002,0
237778.3835,0
237878.0619,0
237880.6696,0
237948.2065,0
238331.48055,0
238344.3099,0
238360.4044,0
238854.7568,0
238881.7233,0
238917.4784,0
239133.1288,0
239257.8142,0
239401.886,0
239553.16333333333,0
239722.9247,0
240254.5973,0
240339.32919999998,0
240346.1232,0
240536.9846,0
240712.0113,0
240721.2253,0
240830.4945,0
241030.3679,0
241237.0276,0
241410.9917,0
241485.5035,0
241687.6158,0
241712.77289999998,0
241744.5583,0
241899.085,0
242073.8938,0
242087.60080000001,0
242095.8935,0
242348.9572,0
242481.7574,0
242581.5782,0
242624.7564,0
242823.0794,0
242958.8462,0
243192.6301,0
243313.261,0
243347.4906,0
243544.7321,0
243854.0343,0
244111.3057,0
244150.09279999998,0
244204.0732,0
244665.6439,0
244717.0517,0
244869.0761,0
244941.0591,0
244977.3275,0
245321.4295,0
245372.927,0
245391.1196,0
245919.38715,0
246117.3512,0
246140.0881,0
246264.3546,0
246289.5649,0
246299.7328,0
246327.7431,0
246410.2078,0
246621.18156,0
246894.1334,0
247149.91496666666,0
247174.2708,0
247486.65899999999,0
247961.8453,0
248002.1802,0
248471.83980000002,0
248631.97580000001,0
248790.2108,0
248891.2354,0
249265.13270000002,0
249359.3296,0
249374.0558,0
249689.0941,0
249734.1429,0
249837.684,0
250167.7973,0
250324.2977,0
250350.798,0
250665.7032,0
250897.2449,0
250899.0784,0
250913.718,0
250917.5263,0
251073.4859,0
251266.9314,0
251389.6687,0
251499.5712,0
251694.7131,0
251724.7296,0
251861.0431,0
251903.6166,0
252046.6019,0
252083.2812,0
252446.98619999998,0
252497.0595,0
252544.2215,0
252613.7873,0
252630.33490000002,0
252938.53639999998,0
253225.1428,0
253376.1261,0
253411.20010000002,0
253435.57140000002,0
253437.4761,0
253720.6662,0
253722.0975,0
253916.703,0
253917.9421,0
254040.29,0
254098.3518,0
254137.0211,0
254147.0574,0
254148.2377,0
254193.2498,0
254602.5161,0
254634.8184,0
254885.8056,0
254952.3506,0
255016.8105,0
255115.32559999998,0
255125.72220000002,0
255255.3963,0
255439.9006,0
255804.8439,0
255832.5591,0
255932.9378,0
256043.2385,0
256104.1779,0
256191.6778,0
256248.7963,0
256297.98440000002,0
256551.859,0
256868.80359999998,0
257082.8486,0
257202.3822,0
257219.1233,0
257230.3911,0
257259.8961,0
257404.483,0
257459.8819,0
257648.2541,0
257695.72460000002,0
257791.9051,0
257816.5329,0
257890.7278,0
257896.72879999998,0
258040.3046,0
258116.67680000002,0
258143.3562,0
258233.79940000002,0
258597.3242,0
259195.8746,0
259243.8282,0
259347.275,0
259631.64620000002,0
259838.6233,0
260163.7447,0
260467.9417,0
260479.6433,0
260511.8821,0
260520.0327,0
260574.5587,0
260860.7032,0
260929.5002,0
260971.0464,0
260973.508,0
261051.1596,0
261250.6806,0
261303.7762,0
261316.1618,0
261329.1419,0
262084.2529,0
262163.3992,0
262166.1778,0
262350.5512,0
262398.6052,0
262597.7019,0
262623.1773,0
262654.9618,0
262697.6452,0
262750.50789999997,0
262968.4939,0
263137.286,0
263353.1447,0
263368.9909,0
263445.5028,0
263525.6779,0
263591.515,0
263703.0297,0
263837.279,0
263875.2122,0
263973.0255,0
264073.4252,0
264128.956,0
264229.0439,0
264393.2131,0
264399.983,0
264527.3779,0
265077.3353,0
265178.9788,0
265184.47239999997,0
265315.1068,0
265367.7916,0
265569.9819,0
265574.1647,0
265603.5502,0
265771.7671,0
265796.3182,0
265920.06070000003,0
266010.7847,0
266230.5942,0
266432.59750000003,0
266480.995,0
266649.8834,0
266780.1772,0
266788.03,0
266901.4298,0
266917.387,0
267225.547,0
267263.2405,0
267386.876,0
267398.6799,0
267604.8485,0
267670.1215,0
267885.0708,0
267897.30110000004,0
267953.9032,0
267981.096,0
268040.4019,0
268056.2605,0
268260.7119,0
268353.1468,0
268582.0269,0
268729.2386,0
268736.4903,0
268858.4214,0
268924.6156,0
269082.039,0
269106.5143,0
269150.0213,0
269281.9524,0
269553.9401,0
269665.0091,0
269859.5155,0
270404.207,0
270507.048,0
270658.3431,0
270683.3122,0
270745.0955,0
270749.1307,0
270861.3835,0
270964.25560000003,0
271047.4633,0
271558.5941,0
271606.4486,0
271625.728,0
271674.3176,0
271866.0804,0
271866.73230000003,0
271924.0714,0
272113.1758,0
272168.9424,0
272177.63670000003,0
272409.5427,0
272445.0796,0
272511.55700000003,0
272563.8384,0
272668.3921,0
273057.4964,0
273269.8255,0
273289.3351,0
273812.3843,0
274058.65020000003,0
274241.0479,0
274347.6593,0
274354.8687,0
274418.2216,0
274521.9668,0
274563.1619,0
274594.2703,0
274712.8078,0
274809.9782,0
274911.6356,0
275238.8228,0
275353.839,0
275369.4624,0
275467.2502,0
275593.6785,0
275674.9705,0
275735.3816,0
275866.7,0
275957.7897,0
276164.0812,0
276186.8998,0
276266.6946,0
276478.0772,0
276691.4184,0
276780.7769,0
277221.3533,0
277257.034,0
277427.2901,0
277696.1687,0
277858.8892,0
277884.052,0
277995.9503,0
278123.9191,0
278200.3102,0
278325.9382,0
278330.0595,0
278473.552,0
278814.4298,0
278936.5678,0
278944.5559,0
278959.4417,0
279079.0034,0
279267.6659,0
279483.3174,0
279785.5097,0
279848.69,0
280422.1888,0
280438.2823,0
280500.475,0
280658.6111,0
281115.4326,0
281189.1368,0
281236.4675,0
281585.8943,0
281623.80819999997,0
281870.8436,0
282086.6925,0
282185.94180000003,0
282285.1789,0
282553.9051,0
282558.5015,0
283090.05,0
283143.67110000004,0
283257.212,0
283394.8049,0
283685.3843,0
283781.8863,0
283796.292,0
284102.0477,0
284115.5407,0
284198.0107,0
284421.9154,0
284675.1184,0
284737.5083,0
284988.8637,0
285110.9112,0
285776.9988,0
285871.4523,0
286024.317,0
286657.9191,0
286680.0852,0
286786.6935,0
286856.0819,0
286918.17949999997,0
287038.1311,0
287166.2562,0
287206.3028,0
287214.859,0
287371.5157,0
287610.7547,0
287617.6542,0
287834.635,0
287931.4831,0
287989.9425,0
288158.6988,0
288328.274,0
288438.7136,0
288496.8069,0
288836.5986,0
289303.81429999997,0
289428.685,0
289434.8876,0
290318.2928,0
290605.1514,0
291022.9933,0
291073.8841,0
291157.4858,0
291158.9385,0
291160.5866,0
291459.2688,0
291466.9699,0
291584.7259,0
291658.0089,0
291802.471,0
291868.8365,0
292193.405,0
292291.2155,0
292496.8744,0
292636.2719,0
292660.4081,0
292722.0852,0
292814.1915,0
292838.0829,0
293265.8963,0
293403.2443,0
293584.7605,0
293710.9446,0
293787.6621,0
293807.3256,0
293912.6404,0
294011.4288,0
294037.2034,0
294060.3072,0
294357.5978,0
294472.0649,0
294713.1396,0
294868.20519999997,0
294912.8604,0
294999.1751,0
295251.7033333333,0
295407.3955,0
295482.4488,0
295512.6026,0
295551.811,0
295581.0859,0
295582.7524,0
295611.1454,0
295782.6772,0
296190.1982,0
296191.7647,0
296426.6939,0
296477.2103,0
296633.2337,0
296878.4311,0
296968.7977,0
297250.5921,0
297386.0291,0
297532.6622,0
297549.4903,0
297603.9503,0
297727.703,0
297756.5875,0
298303.3898,0
298419.17008,0
298449.525675,0
298573.0655,0
298613.5154,0
298664.07502,0
298725.4526,0
298908.1895,0
298985.8045,0
298992.8081,0
299038.4533,0
299221.505,0
299251.8272,0
299275.8525,0
299373.7369,0
299448.70660000003,0
299649.6919,0
299801.2312,0
299939.859,0
300237.27345,0
300390.3626,0
300961.2403,0
301010.53776,0
301012.0151,0
301029.561,0
301192.8955,0
301581.3203,0
301597.097,0
301618.7902,0
302010.2329,0
302016.3969,0
302133.3488,0
302196.3343,0
302622.4943,0
302720.36100000003,0
303685.5103,0
303921.3295,0
304021.2273,0
304049.0868,0
304079.0048,0
304214.8413,0
304227.979,0
304470.2037,0
304606.7258,0
304611.6247,0
304796.0885,0
304816.9781,0
305017.8244,0
305241.2703,0
305389.5563,0
305406.1389,0
305452.2168,0
305672.9916,0
305736.2437,0
306032.3307,0
306047.0709,0
306075.2469,0
306199.1803,0
306295.1296,0
306610.345,0
306727.1235,0
306938.8395,0
307022.42110000004,0
307049.609,0
307178.0809,0
307322.56543333334,0
308013.2628,0
308101.9313,0
309063.92350000003,0
309385.6117,0
309686.21739999996,0
309780.7711,0
310205.96385,0
310260.7666,0
310447.819,0
310634.0687,0
310642.0192,0
310679.7887,0
311077.0366,0
311183.9107,0
311547.9431,0
311797.0233,0
311927.9257,0
312150.4253,0
312271.2083,0
312395.5392,0
312493.3901,0
312517.2828,0
312700.0407,0
312960.15630000003,0
312967.8887,0
312969.7397,0
312998.0382,0
313106.9029,0
313212.5889,0
313235.2744,0
313494.2999,0
313572.3496,0
313720.0332,0
313728.4581,0
314039.5534,0
314094.3138,0
314098.2341,0
314172.3155,0
314184.8331,0
314205.0648,0
314360.653,0
314399.7404,0
314651.5854,0
314657.5662,0
315000.2244,0
315483.5357,0
315680.2909,0
315698.8795,0
315825.5733,0
316087.3002,0
317072.4648,0
317185.7893,0
317513.859,0
317576.1845,0
317625.9094,0
317805.8466,0
317813.09880000004,0
318028.0433,0
318196.01769999997,0
318557.45403333334,0
318612.7713,0
318700.0612,0
318827.5332,0
318849.0652,0
318861.1307,0
318950.2096,0
318951.01540000003,0
319118.7146,0
319193.0306,0
319279.2515,0
319441.3514,0
319454.3688,0
320033.9946,0
320079.2219,0
320195.6568,0
320212.3221,0
320300.0761,0
320515.9249,0
320781.2567,0
320904.3234,0
320941.7544,0
320975.3779,0
321447.1249,0
321486.7438,0
321523.55292,0
321601.8492,0
321639.8394,0
321660.3185,0
321860.0951,0
321943.7952,0
322004.2172,0
322086.4611,0
322325.5807,0
322631.0186,0
322762.7,0
323155.6584,0
323202.3863,0
323433.4195,0
323482.7722,0
323764.4044,0
324082.6409,0
324099.0888,0
324115.1149,0
324140.4293,0
324446.7761,0
324615.6645,0
324647.2561,0
324832.4544,0
325051.4501,0
325173.5958,0
325232.4702,0
325473.9894,0
325886.8449,0
325950.9177,0
326159.5574,0
326531.9172,0
326869.5556,0
326871.5026,0
326944.4607,0
327263.6645,0
327485.7587,0
327800.213,0
328056.0982,0
328062.4048,0
328269.3162,0
328489.1559,0
328562.0642,0
328843.63300000003,0
328904.2975,0
329050.8688,0
329075.598,0
329289.3011,0
329388.6166,0
329488.1607,0
329530.9305,0
329658.388,0
329740.9767,0
329822.6149,0
329827.4102,0
329969.88535,0
329979.02520000003,0
330098.7351,0
330146.3098,0
330285.43,0
330339.9028,0
330486.89890000003,0
330537.8258,0
330700.6047,0
330844.7195,0
330951.6742,0
331578.9064,0
331658.6386,0
331671.7585,0
331863.7929,0
331878.5847,0
332004.73589999997,0
332294.9696,0
332434.1709,0
332822.9067,0
332941.8293,0
333208.5062,0
333303.4497,0
333423.20945,0
333450.6331,0
333583.6339,0
333658.4047,0
333712.8974,0
333751.6667,0
333771.7157,0
333908.3522,0
334018.64,0
334053.3305,0
334230.3759,0
334299.0866,0
334491.4235166667,0
334494.5089,0
334638.6638,0
334910.4857,0
335060.4523,0
335127.27586,0
335505.0617,0
335608.802,0
335836.4291,0
336382.7265,0
336496.06680000003,0
336771.5335,0
336899.2210833333,0
336987.2303,0
337001.3947,0
337042.0584,0
337077.5473,0
337268.1527,0
337268.3426,0
337520.9913,0
337543.2862,0
337701.1199,0
337826.92220000003,0
337878.2401,0
338020.7161,0
338050.8069,0
338069.4713,0
338077.9669,0
338139.4363,0
338170.6627,0
338404.3904,0
338441.7115,0
338484.0908,0
338839.4611,0
338949.44539999997,0
339129.3373,0
339240.92559999996,0
339278.9996,0
339489.3798,0
339958.9066,0
340031.7574,0
340088.123,0
340173.4828,0
340654.0179,0
340816.3306,0
340933.0845,0
341047.7946,0
341062.3131,0
341128.1419,0
341313.6806,0
341374.9503,0
341760.3847,0
341982.1989,0
342009.8763,0
342024.8936,0
342224.28736666666,0
342540.3777,0
342679.3518,0
342702.5768,0
342824.8488,0
342858.2853,0
342926.8145,0
342969.5563,0
342985.4039,0
343002.2155,0
343248.6292,0
343316.6739,0
343490.8878,0
343651.52760000003,0
343910.255,0
344011.9376,0
344093.36445,0
344349.2917,0
344518.8819,0
344628.3391,0
344653.4449,0
344826.7993,0
344909.8014,0
344930.4941,0
345202.7674,0
345427.9813,0
345895.2687,0
345946.7713,0
346103.1975,0
346125.1028,0
346307.7048,0
346603.1652,0
346607.5736,0
346949.7989,0
346965.9816,0
347076.0278,0
347098.7489,0
347276.0749,0
347521.9501,0
347611.9199,0
347646.4701,0
347695.68176666665,0
347787.856,0
347826.2892,0
348263.1859,0
348435.841,0
348637.7981,0
348710.812,0
348999.4601,0
349040.9436,0
349097.1745,0
349122.8395,0
349256.7689,0
349284.3011,0
349355.1425,0
349588.4713,0
349713.7452,0
349736.2254,0
349854.8941,0
349953.7083,0
349981.22239999997,0
350121.7786,0
350483.3217,0
350562.6209,0
350689.02706,0
350770.4105,0
350823.9591,0
350886.4618,0
350939.9713,0
350964.9255,0
350987.89553333336,0
351046.648,0
351104.1136,0
351323.3387,0
351555.4764,0
351564.3905,0
351595.89410000003,0
351887.7649,0
351976.5353,0
352260.9135,0
352267.8408,0
352309.218,0
352387.2464,0
352525.8546,0
352618.0615,0
352714.2933,0
352730.765,0
352758.5597,0
352783.7452,0
352883.80449999997,0
352936.1079,0
353003.6786,0
353030.721,0
353043.8849,0
353049.8853,0
353160.4702,0
353242.3704,0
353359.4632,0
353461.2763,0
353466.4218,0
353475.5952,0
353678.4843,0
353768.7957,0
353849.5732,0
353935.4411,0
354016.1592,0
354060.1104,0
354272.4282,0
354514.1579,0
354719.5277,0
354730.5958,0
354902.6736,0
354916.9568,0
354923.4176,0
354923.5074,0
354955.70499999996,0
355022.1229,0
355155.1021,0
355236.2071,0
355419.9719,0
355849.27390000003,0
355923.0604,0
356070.8913,0
356249.5074,0
356324.00800000003,0
356452.2329,0
356543.2717,0
356630.3794,0
356661.1171,0
356695.1978,0
356768.6732,0
357089.296,0
357117.3806,0
357260.9459,0
357439.586,0
357486.2586,0
357487.1998,0
357616.5619,0
357622.0154,0
358069.2725,0
358143.3384,0
358155.8328,0
358203.6387,0
358315.6066,0
358594.6621,0
358834.0365,0
358901.4953,0
358969.4097,0
359232.4416,0
359333.274,0
359592.6988,0
359648.8291,0
359649.726,0
359775.6223,0
359787.2549,0
359943.74569999997,0
360009.2279,0
360102.7163,0
360121.0144,0
360133.1637,0
360229.1654,0
360235.1508,0
360284.7931333333,0
360342.4937,0
360589.7342,0
360637.928,0
360663.99820000003,0
360672.8915,0
360695.7054,0
360712.8501,0
360725.2002,0
360911.332,0
360913.0242,0
360937.7063,0
361279.5511,0
361319.7226,0
361342.009,0
361395.9602,0
361592.8087,0
361837.1966,0
361945.8276,0
362133.7612,0
362138.5569,0
362143.5613,0
362325.7563,0
362399.9022,0
362639.34400000004,0
362968.5739,0
363001.8332,0
363189.4146,0
363255.8233,0
363782.0952,0
363879.1606,0
363944.5754,0
363964.7698,0
364059.6089,0
364102.2437,0
364133.4687,0
364246.6374,0
364402.1213,0
364481.787,0
364597.6611,0
364624.3823,0
364695.9447,0
364769.5277,0
364882.5033,0
364957.3,0
364987.4953,0
364990.8963,0
365004.0656,0
365035.25190000003,0
365357.3835,0
365509.0107,0
365586.0944,0
366002.5173,0
366045.94913333334,0
366476.5163,0
366574.1179,0
366616.2982,0
366624.9043,0
366940.5608,0
367018.31669999997,0
367161.9195,0
367272.0589,0
367300.3548,0
367311.9084,0
367376.4045,0
367592.2909,0
367826.9403,0
367871.3807,0
368051.5807,0
368332.3601,0
368824.8555,0
368883.9282,0
369108.9485,0
369142.5792,0
369154.6482,0
369388.4956,0
369453.1729,0
369550.1295,0
369822.409,0
370205.1727,0
370452.7647,0
370468.3932,0
370507.8667,0
370709.3408,0
371046.8823,0
371072.26540000003,0
371175.93669999996,0
371304.0131,0
371319.4734,0
371464.36089999997,0
371492.2232,0
371531.2708,0
371823.5338,0
371932.7636,0
372131.9653,0
372354.6875,0
372388.3811,0
372514.8309,0
372978.032,0
373008.6794,0
373047.528,0
373141.7856,0
373235.316,0
373879.309,0
374009.827,0
374036.6202,0
374345.772,0
374361.6738,0
374737.5713,0
374832.3407,0
374986.1279,0
375198.6752,0
375221.8613,0
375372.0639,0
375414.3483,0
376137.3675,0
376393.3358,0
376818.8895,0
376863.7838,0
377064.3896,0
377111.2119,0
378332.8872,0
378409.5492,0
378458.5458,0
378510.1079,0
378580.7146,0
378787.8984,0
379302.2946,0
379329.1212,0
379803.8778,0
379986.5042,0
380202.8372,0
380413.0733,0
380675.489175,0
380747.1998,0
380980.8846,0
381005.49,0
381035.8247,0
381148.9721,0
381193.4416,0
381903.39405,0
381913.9764,0
381980.9326,0
382023.9915,0
382049.3528,0
382203.6845,0
382461.39932,0
383080.8754,0
383116.6666,0
383179.9185,0
383389.6222,0
383460.3873,0
383636.496,0
383783.823,0
383985.29850000003,0
384294.5963,0
384518.952,0
385054.0354,0
385165.3949,0
385178.1286,0
385358.8444,0
385391.5216,0
385440.3579,0
385519.0584,0
385592.1442,0
385626.3997,0
385762.5208,0
385780.2429,0
385871.8924,0
386377.6187,0
386608.9147,0
386620.6439,0
386679.6909,0
386709.779,0
386833.155,0
386897.8623,0
386901.31460000004,0
387027.2484,0
387077.3179,0
387550.7572,0
387689.5209,0
388043.223,0
388175.3835,0
388246.0654,0
388295.0078,0
388306.9703,0
388342.1461,0
388390.1764,0
388421.7639,0
388918.6547,0
389081.9127,0
389333.8118,0
389522.8418,0
389694.4157,0
389879.2884,0
389991.255,0
390219.9629,0
390497.8971,0
390566.8919,0
390622.8532,0
390772.7308,0
390778.759,0
390816.9574,0
391204.961625,0
391436.9222,0
391467.9987,0
391497.7764,0
391741.6668,0
391760.2583,0
392213.4906,0
392215.2943,0
392248.7052,0
392811.6045,0
393065.6248,0
393068.5599,0
393162.93325,0
393326.05449999997,0
393517.4484,0
393604.3132,0
393606.1852,0
393741.9382,0
393780.644,0
394218.9707,0
394282.7845,0
394334.8183,0
394351.8997,0
394392.2436,0
394417.3491,0
394452.9078,0
394588.26893333334,0
394591.0356,0
394650.0031,0
394797.6373,0
394878.96154,0
395029.9591,0
395195.8925,0
395367.7105,0
395454.85219999996,0
395522.3177,0
395782.2643,0
395948.3775,0
395951.227,0
395960.585,0
396184.5191,0
396344.933,0
396638.40208333335,0
396701.148,0
397052.111875,0
397086.3517,0
397227.7699,0
397257.4219,0
397429.51393333334,0
397463.388,0
397585.6889,0
397592.71,0
397776.6098,0
397857.1986,0
397983.9634,0
398248.0605,0
398502.9042,0
398604.5751,0
398863.0928,0
398893.0172,0
399101.095,0
399194.5507,0
399298.5931,0
399307.7185,0
399562.5237,0
399594.9547,0
399704.2201,0
399714.4891,0
400066.5791,0
400390.2505,0
400549.4319,0
400551.4438,0
400902.1899,0
400936.052,0
401713.3153,0
401761.71166,0
402008.2736,0
402136.0,0
402322.1582,0
402427.3858,0
402441.47829999996,0
402482.1617,0
402539.6916,0
402638.4943,0
402696.786,0
402754.8746,0
402785.2513,0
403132.7983,0
403282.8629,0
403388.2647,0
403481.1327,0
403631.5337,0
403749.0347,0
403880.6993,0
403936.7479,0
404619.4216,0
404772.8275166667,0
404926.2908,0
405024.6984,0
405246.3151,0
405407.7934,0
405466.0739,0
405613.4951,0
405863.6264,0
406364.3579,0
406555.2422,0
406694.2659,0
407014.2996,0
407044.7787,0
407091.9343,0
407435.4315,0
407435.7045,0
407441.4287,0
407540.349,0
407577.3642,0
407636.5889,0
407918.944,0
408157.276,0
408317.2091,0
408325.3558,0
408329.0824,0
408378.0113,0
408486.3519,0
408613.7574,0
408621.8624,0
408738.339,0
408806.1532,0
408868.89029999997,0
409202.6317,0
409747.8384,0
409838.9513,0
409891.6352,0
410007.2007,0
410077.5152,0
410525.417,0
410756.6934,0
410877.8095,0
410907.12788,0
411115.5846,0
411252.5525,0
411373.735,0
411493.4806,0
411757.41021666664,0
412070.8998,0
412202.8799,0
412355.7486,0
412672.1504,0
412698.7613,0
412812.6643,0
412907.5002,0
412979.1064,0
413049.0264,0
413132.9485,0
413271.9947,0
413310.1287,0
413338.4145,0
413397.4205,0
414005.1431,0
414188.4754,0
414444.0197,0
414769.7131,0
415022.8971,0
415251.3521,0
415399.2872,0
415464.4461,0
415647.773,0
416311.9916,0
416741.43330000003,0
416842.4134,0
417036.4997,0
417335.3967,0
417428.9285,0
417497.1329,0
417520.50549999997,0
417649.3488,0
417866.7366,0
418124.1138,0
418262.0412,0
418365.5976,0
418382.0922,0
418426.4593,0
418673.0794,0
419245.6812,0
419333.7912,0
419354.3981,0
419392.04936,0
419800.137,0
419947.89670000004,0
420086.8221,0
420184.1485,0
420273.1281,0
420344.6336,0
420406.6227,0
420495.4406,0
420572.6741,0
420637.4058,0
421032.6975,0
421050.3629,0
421190.6901,0
421342.1066,0
421348.1827,0
421555.1783,0
421683.64029999997,0
421837.9061,0
422091.4072,0
422197.184,0
422271.2402,0
422352.6142,0
422402.44,0
422467.7293,0
422479.7106,0
422491.5815,0
422960.558,0
423042.3209,0
423290.1016,0
423329.4983,0
423333.0794,0
423549.5222,0
423560.7504,0
423879.0205,0
423971.0757,0
424045.8626,0
424092.7159,0
424324.1858,0
424343.4021,0
424532.601,0
424577.579,0
424658.91969999997,0
424672.1146,0
424673.6814,0
424701.9082,0
424902.652275,0
425038.445,0
426014.34160000004,0
426078.7042,0
426168.9139,0
426319.6788,0
426513.7943,0
426697.5651,0
427101.2439,0
427400.9604,0
427407.15020000003,0
427578.5688,0
427730.2177,0
427895.2008,0
428024.8378,0
428091.1819,0
428129.1706,0
428297.4495,0
428428.22510000004,0
428448.3056,0
428533.3159,0
428599.9388,0
428686.2509,0
429437.6819,0
429586.4261,0
429733.0211,0
429773.9333,0
429796.4524,0
429802.2003,0
429926.543,0
430019.9062,0
430040.320475,0
430110.328,0
430343.9338,0
430417.7362,0
430601.978,0
430740.1929,0
430795.4366,0
430880.471,0
430945.0229,0
431044.2835,0
431066.5631,0
431198.9966,0
431253.6881,0
431305.5265,0
431451.8817,0
431501.6773,0
431616.7229,0
431690.0379,0
431735.2609,0
431821.0044,0
431980.989,0
432266.0218,0
432299.0182,0
432335.6299,0
432366.6766,0
432713.8481,0
432791.7597,0
432799.76170000003,0
432803.3004,0
432874.5609,0
432991.8187,0
433059.2352,0
433073.7256,0
433116.6271,0
433255.8386,0
433349.6582,0
433367.3751,0
433597.5212,0
433647.7334,0
433790.4804,0
434456.1163,0
434519.933,0
434582.4064,0
434638.0272,0
434666.3141,0
434771.6279,0
434816.5787,0
434847.5557,0
434856.4429,0
435047.9789,0
435068.8247,0
435124.1447,0
435131.0911,0
435134.7091,0
435392.22239999997,0
435442.21869999997,0
435525.525,0
435713.8784,0
435835.19330000004,0
436334.1172,0
436420.9794,0
436485.6847,0
436550.9204,0
436660.5344,0
436666.9199,0
436746.6625,0
436804.99210000003,0
436853.6979,0
437107.7688,0
437264.5381,0
437420.3979,0
437444.6987,0
437750.9405,0
437912.9658,0
438030.5729,0
438047.5465,0
438064.8838,0
438085.784,0
438216.7894,0
438274.562,0
438356.3547,0
438600.003,0
438611.5834,0
438638.9413,0
438939.1703,0
438943.1176,0
439095.6209,0
439380.2476,0
439387.5856,0
439617.2883,0
439681.684,0
439714.3256,0
439715.736,0
439756.4283,0
439813.250575,0
440116.1767,0
440121.1999,0
440169.8549,0
440366.8005,0
440490.17220000003,0
440501.59589999996,0
440510.7058,0
440514.9547,0
440637.3178,0
440652.6436,0
440665.1336,0
440681.8626,0
440846.8005,0
440946.8375,0
441066.9702,0
441113.0725,0
441342.3767,0
441577.8526,0
441616.6522,0
441618.4568,0
441792.3748,0
441962.36329999997,0
442238.8692,0
442619.8158,0
442631.0831,0
442946.3905,0
443326.047,0
443601.59750000003,0
443680.7102,0
443688.6027,0
443709.77619999996,0
443720.8648,0
443733.4981,0
443738.4845,0
444075.0074,0
444184.2563,0
444202.98230000003,0
444290.64890000003,0
444317.3963,0
444346.6412,0
444521.1943,0
444658.5023,0
444955.3921,0
445340.6041,0
445413.0549,0
445788.2146,0
446096.0337,0
446413.0825,0
446445.1328,0
446506.6826,0
446562.4139,0
446596.165,0
447002.1916,0
447181.2007,0
447288.0496,0
447355.8598,0
447538.4283,0
447593.9326,0
447858.1799,0
448103.253,0
448133.1511,0
448462.9577,0
448601.9935,0
448888.6321,0
448998.8491,0
449099.0973,0
449175.7395,0
449194.5595,0
449269.0013,0
449429.6227,0
449574.6914,0
449588.405,0
449634.1382,0
449704.90009999997,0
449862.9844,0
449934.1498,0
449950.3125,0
449975.5825,0
449982.0844,0
450299.7761,0
450379.8378,0
450742.5277,0
450842.0346,0
451064.7766,0
451225.3063,0
451436.2104,0
451488.8771,0
451655.2234,0
451670.9037,0
451747.2365,0
451760.1683,0
451773.58759999997,0
451855.6446,0
451956.1912,0
452412.392,0
452649.2548,0
452806.4726,0
452817.2902,0
452920.0485,0
452958.659,0
453004.203,0
453038.342,0
453042.19550000003,0
453055.5073,0
453114.1079,0
453115.7796,0
453156.731,0
453228.7223,0
453832.1589,0
453981.1672,0
454367.6206,0
454554.266,0
454652.9409,0
454770.6194,0
454801.6775,0
455129.7614,0
455226.4795,0
455449.8395,0
455611.3894,0
455821.91359999997,0
455876.8808,0
455956.4462,0
456199.1437,0
456276.7328666667,0
456491.766,0
457056.7131,0
457351.7872,0
457365.6535,0
457399.62340000004,0
457672.3214,0
457979.7783,0
458044.5988,0
458082.546,0
458303.6849,0
458538.379,0
458823.3336333333,0
458861.495,0
459086.231,0
459269.5203,0
459339.5638,0
459410.0716,0
459564.4499,0
460644.795,0
460908.2373,0
461066.9812,0
461075.8035,0
461144.3079,0
461270.7866,0
461308.4287,0
461625.9215,0
461655.1092,0
461773.4254,0
461807.0136,0
462211.6182,0
462337.4392,0
462367.4856,0
462387.95290000003,0
462580.5944,0
462588.0702,0
463257.9793,0
463308.2035,0
463502.6307,0
463511.3382,0
463627.1001,0
463774.2526,0
464047.3823,0
464426.5226,0
464582.5357,0
464839.6493,0
465051.3783,0
465117.0842,0
465323.5181,0
465550.2501,0
465670.3419,0
465687.4686,0
465776.852,0
465806.3349,0
466022.1507,0
466080.3465,0
466269.3408,0
466489.2187,0
466684.6115,0
466699.9963,0
466711.8116,0
466733.3564,0
466968.0866,0
467092.1749,0
467531.3466,0
467639.54579999996,0
467775.5973,0
467776.01170000003,0
467957.1013,0
468063.1573,0
468108.4744,0
468371.2077,0
468561.7576,0
468630.4921,0
468740.3292,0
468876.9658,0
468887.6173,0
469127.3685,0
469391.8028,0
469426.4084,0
469485.38705,0
469557.9316,0
469756.0759,0
469823.842,0
469849.366,0
470001.5783,0
470319.8041,0
470334.94920000003,0
470391.7857,0
470531.522,0
470629.7894,0
470702.8028,0
470847.3207,0
470999.4093,0
471114.8841,0
471141.5711,0
471300.871,0
471336.7298,0
471392.9652,0
471897.6604,0
472723.9305,0
472775.5585,0
472790.8294,0
473126.9733,0
473624.7794,0
473818.3876,0
473859.8943,0
473960.05436666665,0
474299.3024,0
474539.9509,0
474643.731,0
474785.1909,0
474993.2709,0
475019.6777,0
475281.9458,0
475335.2933,0
475376.0696,0
475954.3508,0
475964.94816,0
476018.77,0
476035.8056,0
476182.6733,0
476195.51670000004,0
476349.23360000004,0
476449.069,0
476853.7754,0
477016.392,0
477095.3979,0
477193.7513,0
477288.8872,0
477432.3409,0
477501.4997,0
477683.1123,0
477685.2153,0
477720.1372,0
477720.8282,0
477748.66130000004,0
477781.2018,0
477822.1663,0
477841.4264,0
477859.9522,0
477897.85538333334,0
478010.0377,0
478084.7611,0
478088.5161,0
478308.9919,0
478389.2838,0
478459.0563,0
478550.4633,0
478595.9513,0
478632.97849999997,0
478730.1903,0
479137.9582,0
479412.9192,0
479494.0394,0
479577.9433,0
479820.0452,0
480500.7966,0
480584.1761,0
480584.555,0
481021.5425,0
481034.2649,0
481042.1444,0
481103.6914,0
481975.64,0
482030.1283,0
482176.5903,0
482504.0701,0
482542.3232,0
482550.0317,0
482586.8332,0
482598.7854,0
482818.37930000003,0
482978.55576666666,0
483089.0066,0
483156.1052,0
483174.3681,0
483246.6041,0
483442.5525,0
483453.72,0
483515.1647,0
483755.4328,0
484001.6909,0
484025.7526,0
484122.5363,0
484192.1079,0
484206.26376666664,0
484629.8171,0
484664.1259,0
484987.5701,0
485177.7787,0
485362.5721,0
485454.5161,0
485543.1792,0
485636.9677,0
485974.3813,0
486090.0771,0
486489.333,0
486708.1556666667,0
486810.53298333334,0
486811.4891,0
486984.7231,0
487113.566,0
487316.5345,0
487467.3131,0
487559.225,0
487879.92064,0
487897.2606,0
487911.4655,0
487953.3934,0
488071.0737,0
488112.97521666664,0
488592.2816,0
489046.6039,0
489235.8621,0
489266.830125,0
489278.9399,0
489545.8215,0
490002.9682,0
490298.2867,0
490395.3539,0
490772.1422,0
491732.5193,0
491924.3831,0
492009.8543,0
492058.1983,0
492168.3836,0
492424.7599,0
492448.78359999997,0
492522.3182,0
492667.5687,0
493058.1804,0
493170.3306,0
493270.401,0
493301.103,0
493716.3371,0
493749.199,0
493764.6746,0
493768.6173,0
493882.6746,0
493927.8631,0
494081.2592,0
494496.3159,0
494569.2944,0
494737.10329999996,0
494787.1121,0
495068.3051,0
495084.2777,0
495185.9583,0
495268.1623,0
495896.9959,0
496039.046,0
496040.5156666667,0
496169.8049,0
496229.4021,0
496413.55700000003,0
496759.7994,0
497715.1831,0
498221.8514,0
498324.3947,0
498762.7263,0
498771.6179,0
498978.7376,0
498999.7353,0
499138.8162,0
499642.2066,0
500098.75,0
500378.7471,0
500541.86470000003,0
501185.3565,0
501215.2176,0
501229.0783,0
501298.3123,0
501437.6719,0
501511.25419999997,0
501562.5077,0
501621.011375,0
502006.779,0
502076.8685,0
502525.6572,0
503126.6664,0
503386.7564,0
503556.5035,0
503937.7936,0
503947.5997,0
504021.5948,0
504040.2584,0
504107.6246,0
504148.2953,0
504171.7701,0
504181.2685,0
504633.7467,0
504767.9266,0
504891.4937,0
504921.7217,0
505046.67674,0
505261.6831,0
505392.8628,0
505569.2829,0
505665.2797,0
505697.1987,0
506091.1395,0
506279.1025,0
506324.9821,0
506363.4187,0
506473.353,0
506591.1885,0
506647.2441,0
506792.0056,0
506820.1872,0
506974.5986,0
507034.4379,0
507118.97349999996,0
507338.2997,0
507366.7485,0
507396.6561,0
507501.4432,0
507553.953,0
507772.1606,0
507801.6552,0
508020.273,0
508055.9065,0
508078.02416666667,0
508157.94299999997,0
508161.3061,0
508303.8336,0
508342.9291,0
508396.4732,0
508428.28729999997,0
508614.1775,0
508621.8553,0
508790.1183,0
508821.1516,0
508846.371,0
508853.4496,0
508924.31024,0
509222.5328,0
509332.6695,0
509522.5754,0
509804.7614,0
510080.5426,0
510193.3492,0
510257.0241,0
510372.8688,0
510439.9451333333,0
510448.891,0
510715.1939,0
510737.8117,0
511164.2479,0
511303.5526,0
511372.2003,0
511473.9521,0
511555.1152,0
511567.0182,0
511777.5357,0
511988.5066,0
512099.8265,0
512279.7676,0
512349.0926,0
512395.9033,0
513165.525,0
513320.6886,0
513572.4885,0
514083.2961,0
514125.45,0
514331.7509,0
514367.5076,0
514518.2687,0
514765.4643,0
514796.2056,0
514799.70900000003,0
514918.2175,0
514960.6574,0
515179.77390000003,0
515395.5203,0
515514.1217,0
515555.1024,0
515635.4394,0
515777.4781,0
515804.4838,0
515848.6499,0
515864.016,0
516179.3551,0
516186.9912,0
516249.8349,0
516273.2111,0
516358.97849999997,0
516447.1669,0
516490.192,0
516593.8585,0
516649.0211,0
516825.4864,0
516953.96880000003,0
517285.092,0
517317.2623,0
517383.9022,0
517497.97620000003,0
517503.2415,0
517528.10338,0
517628.7062,0
517809.4339,0
517890.6225,0
517924.6683,0
518019.1661,0
518112.1823,0
518253.1963,0
518576.1754,0
518755.6834,0
518793.3429,0
519027.2608666667,0
519046.0693,0
519068.6279,0
519080.391,0
519128.2922,0
519149.143,0
519149.2071,0
519350.0385,0
519393.0084,0
519564.33033333335,0
519602.0037,0
519722.3382,0
519754.8951,0
519890.1699,0
519937.9225,0
520127.7272,0
520330.6277,0
520339.2199,0
520353.5688,0
520366.4786,0
520763.4036,0
520812.4266,0
520829.0568,0
520997.3652,0
521033.2542,0
521166.4673,0
521170.4885,0
521261.1301,0
521371.269,0
521379.6779,0
521485.3083,0
521503.9598,0
521542.3038,0
521593.3389,0
521624.9252,0
521715.189,0
521771.3306,0
521804.30765,0
522117.5475,0
522149.7115,0
522239.95530000003,0
522391.5991,0
522409.6488,0
522422.5354,0
522617.2893,0
522619.5777,0
523260.9602,0
523276.9196,0
523432.8194,0
523467.4743,0
523534.1363,0
523620.6493,0
523665.8646,0
523748.76170000003,0
523873.3513,0
523978.96483333333,0
523996.00430000003,0
524003.2851,0
524018.3571,0
524050.8905,0
524210.1453,0
524217.7024,0
524383.6433,0
524637.8135,0
524695.1166,0
524786.7433,0
524788.2354,0
524964.3346,0
524985.9541,0
524993.1056,0
525217.3223,0
525260.092,0
525290.4141,0
525341.0015,0
525402.2122,0
525469.9598,0
525481.0743,0
525526.8253666667,0
525552.4353,0
525730.1458,0
525813.8948,0
525920.2491,0
525922.871,0
525966.7237,0
525995.4693,0
526083.2671,0
526218.2712,0
526231.7278,0
526388.502,0
526483.052,0
526489.2166,0
526561.1574,0
526649.8188,0
526650.799,0
526661.8346,0
526710.0342,0
526747.8257,0
526830.8827,0
526970.5952,0
527022.0667,0
527049.091,0
527073.3144,0
527126.1407,0
527246.7887,0
527510.3349,0
527606.8998,0
527671.1116,0
527941.9772,0
527954.6855,0
528337.3045,0
528745.4069000001,0
529064.9229,0
529087.2593,0
529356.4983,0
529804.119,0
529811.7291,0
529896.1152,0
529912.1338,0
530156.921,0
530291.1673,0
530390.8724,0
530527.7816,0
530665.2263,0
530792.1466,0
530821.8466,0
531111.7178,0
531627.2837,0
531961.8882,0
531963.2687,0
532023.0802,0
532172.7801,0
532251.8301,0
532270.5674,0
532281.2582,0
532414.4633,0
532606.3324,0
532715.6607,0
532940.8188,0
533712.4053,0
533850.8172,0
534094.5087,0
534143.2469,0
534180.626,0
534233.4115,0
534436.608,0
534457.8367,0
534701.1338,0
534800.0904,0
534824.9723,0
535099.8622,0
535108.9626,0
535121.2842999999,0
535189.8703000001,0
535220.5068,0
535521.6992,0
535527.8401,0
535535.9158,0
535819.7769,0
535831.9979,0
535914.8385,0
535916.7138,0
536011.3315,0
536212.9288999999,0
536256.8987,0
536664.4196,0
536768.0324,0
536795.3668,0
536923.2077,0
537072.4498000001,0
537285.3231,0
537401.0415,0
537505.2517,0
537524.3356999999,0
537589.1168,0
537589.723,0
537637.2820333333,0
537970.0571,0
538022.0961,0
538037.9389,0
538126.7106,0
538204.9962,0
538413.5703,0
538592.5514,0
538681.4761,0
538761.0538,0
538887.0226,0
538901.1591,0
538911.8164,0
539342.7893000001,0
539375.8756,0
539686.3377,0
539848.9805,0
539985.494,0
540320.3693,0
540606.0671,0
540699.4575,0
540742.7755,0
540902.917,0
540955.8571,0
540983.4931,0
541187.2213,0
541396.1574,0
541898.4524,0
542015.6938,0
542034.4623,0
542070.4018,0
542080.8859999999,0
542136.8787,0
542193.1769,0
542521.0178,0
542750.4454,0
542771.3332,0
542826.728,0
543019.733,0
543195.6151,0
543260.4259,0
543357.0255,0
543397.4587,0
543417.6528,0
544116.3478999999,0
544192.1482,0
544450.8839,0
544614.1028,0
544655.4092999999,0
544725.4781,0
544871.2965,0
544991.409,0
545193.9892,0
545494.9526,0
545550.3397,0
545562.4192,0
546108.788,0
546119.9635000001,0
546168.6054,0
546692.472,0
546847.5195,0
546946.5892,0
546968.3517,0
547220.0046,0
547415.4531,0
547826.8694,0
547859.7343,0
547937.4359,0
548172.5331,0
548316.2478,0
548328.2921,0
548328.6166,0
548620.3685,0
548731.8581,0
548936.7406,0
549294.7232,0
549518.9899,0
549698.4398,0
550687.6706,0
550755.1066,0
550759.7949,0
550891.268,0
550995.5895,0
551029.4299,0
551289.6402,0
551608.7091,0
551987.8584,0
552082.0396,0
552139.5586,0
552229.2006,0
552457.509,0
552625.5051,0
552689.8707,0
552786.2466,0
552963.9012,0
553163.2182,0
553173.9657000001,0
553261.1292,0
553337.5011,0
553413.7654,0
553573.1453,0
553770.6812,0
554159.7171,0
554240.3936,0
554567.612,0
554587.9818,0
554843.712,0
554997.339,0
555005.6763,0
555130.8088,0
555135.6146,0
555401.0161,0
555432.0942,0
555743.2855,0
555914.0736,0
556056.8983,0
556305.6034,0
556395.1206,0
556761.9639,0
556850.0072999999,0
557016.0771999999,0
558139.768,0
558327.0402,0
558478.0316999999,0
558556.4214,0
558593.2219,0
558820.2718,0
558870.3746,0
559106.3644,0
559429.1139,0
559732.3852,0
559743.1981,0
559947.2948,0
560208.703,0
560227.4869,0
560286.2814,0
560388.9728,0
560722.9075,0
560871.023,0
560918.3532,0
561119.0337,0
561296.6,0
561443.0885,0
561806.8038,0
562078.777,0
562192.0332,0
562476.3127,0
562668.5133,0
562767.0026,0
562921.8304,0
562956.1717,0
562999.8207,0
563303.8653,0
563326.65264,0
563701.4117,0
563807.2786,0
564043.5265,0
564194.3163,0
564224.3428,0
564234.9879,0
564311.8571,0
564483.645,0
564952.9269,0
565389.4541,0
565468.8792,0
565608.286,0
565941.4045,0
566109.5593,0
566135.8485,0
566156.8786,0
566812.0048,0
567054.7907,0
567142.0023,0
567147.3084,0
567178.6255,0
567373.2799,0
567398.8732,0
567577.163,0
567852.9983,0
567972.0741,0
568009.5562,0
568391.329,0
568401.1178333333,0
568544.9586,0
568638.4188,0
568854.4664,0
568977.7681,0
569335.2044,0
569499.0315,0
569686.2824,0
569846.9651,0
569944.1221,0
569984.2447,0
570167.3441,0
570244.9758333333,0
570323.2163,0
570386.3375,0
571284.0583,0
571642.7627666667,0
571649.682,0
571869.8363,0
571961.6542,0
572035.1223,0
572049.166,0
572088.8674,0
572114.0914,0
572393.8529,0
572641.5196,0
573258.8248,0
573640.5509,0
574127.7102,0
574382.607,0
574401.915,0
574499.343,0
574507.7042,0
574681.3346,0
574685.7841,0
574815.58,0
574884.1045,0
575109.1868,0
575146.3112,0
575181.9691,0
575220.4274,0
575500.7378,0
575522.4552,0
575805.2357,0
575910.2086,0
575917.7524,0
576091.6387,0
576114.624,0
576214.9802,0
576348.2235,0
576575.319,0
576611.0681,0
576672.725,0
576748.3064,0
577318.7676,0
577669.2286,0
577845.3437,0
577895.4322,0
578088.0856,0
578395.8911,0
578412.9363,0
578427.3157,0
578825.5722,0
579027.627,0
579036.0492,0
579220.3755,0
579387.9992,0
580325.3538,0
580497.8001,0
580578.647475,0
580828.8166,0
581169.3772,0
581318.0166,0
581397.7748,0
581408.5441,0
581815.5676,0
581917.441,0
581935.2595,0
581992.35784,0
582163.6977,0
582167.6212166667,0
582212.9523,0
582270.7082,0
582538.4072,0
582609.848,0
582768.2433,0
583425.4038,0
583865.8372,0
583995.9496,0
584152.6738,0
584252.8458,0
584409.3055,0
584731.0026,0
584816.9687,0
584822.4212,0
584849.9106,0
585127.2505,0
585134.4631,0
585475.7093,0
585857.4496,0
585874.6269,0
586007.7398,0
586017.3681,0
586106.641,0
586262.0488,0
586345.7392,0
586400.8307,0
586820.8613,0
586862.5648,0
587185.3235,0
587193.4159,0
587245.162,0
587684.4518,0
587983.5891,0
588308.0285,0
588425.5135,0
588591.6776,0
588642.9455,0
588666.9825,0
588701.8937,0
588778.3163,0
588827.4554,0
588923.185,0
589144.213,0
589492.935575,0
589568.1841,0
589623.7905,0
590069.28934,0
590080.9973,0
590392.6751,0
590594.8814,0
590733.2192,0
590777.663,0
590926.398,0
590928.7874,0
591619.9883,0
591820.2922,0
592098.7834,0
592328.9291000001,0
592359.9478,0
592387.4069000001,0
592577.7496,0
592683.948,0
593032.5700000001,0
593181.0609,0
593250.4877,0
593255.6613,0
593288.8801,0
593311.1109,0
593336.4603,0
593578.0919,0
593761.9453,0
593789.2943,0
593974.2043,0
594089.7928,0
594095.8395,0
594110.9776,0
594144.2389,0
594261.2109,0
594349.2396,0
594588.088,0
594607.1025,0
594702.3401,0
595040.8597,0
595078.833,0
595096.5883,0
595139.2767,0
595291.6531,0
595421.7134666666,0
595450.7155,0
595464.8635,0
595924.1584,0
596200.1052999999,0
596376.9819,0
596420.0594,0
596615.0919,0
596806.7088,0
596862.2604,0
596936.8822999999,0
597088.7617,0
597165.667,0
597201.4539,0
597294.6642,0
597318.1751999999,0
597476.6144,0
597671.2168,0
597698.0979,0
597721.5478000001,0
597853.7166,0
597951.7871,0
598105.5751,0
598126.2037,0
598296.8232,0
598631.9628,0
598709.2131,0
598934.51425,0
599206.2251,0
599223.0142,0
599226.0936,0
599407.2437,0
599505.3695,0
599505.9507,0
599602.0887,0
599886.4594,0
600045.4081,0
600055.9325,0
600100.5676,0
600129.7289,0
600160.9044,0
600226.8298,0
600455.4799,0
600456.3292,0
600500.3981,0
600524.8257,0
600693.5509,0
600720.1608,0
600947.6284,0
600950.8132,0
601050.7351,0
601196.0783,0
601263.22508,0
601366.4779,0
601458.3115,0
601543.6855,0
601550.9727,0
601599.3048,0
601639.0579,0
601762.3576,0
601767.4447999999,0
601862.3947000001,0
602140.7969,0
602203.2549,0
602293.1773,0
602369.4245,0
602396.576,0
602499.3092,0
602567.4787,0
602738.8847,0
602899.5404,0
603043.759,0
603260.819,0
603504.3445,0
603897.9435,0
603953.7972,0
604040.5494,0
604067.2882000001,0
604078.353,0
604361.8732,0
604402.5092,0
604516.7745,0
604517.7284,0
604718.6751999999,0
604749.5069,0
604864.02734,0
604981.2216,0
605016.6977,0
605046.9731000001,0
605418.1478,0
605462.295025,0
605475.5695,0
605479.1749,0
605667.1189,0
605952.6443,0
606050.4971,0
606098.4982,0
606443.1669,0
606637.2999,0
606818.4392,0
607092.0102,0
607340.4351,0
607431.3772,0
607463.9998,0
607631.8502,0
607656.8847,0
607692.1876,0
607697.1477,0
607859.5763,0
607871.4719,0
607904.1807,0
607987.4275,0
607993.1402,0
608070.298,0
608365.7977,0
608529.3196,0
608942.6401,0
609146.9154,0
609162.6116,0
609175.3201,0
609283.5508,0
609290.3171,0
609384.6759,0
610070.1811,0
610189.4411,0
610452.2219,0
610504.211825,0
610619.1441,0
610649.0166,0
610668.3676,0
610857.3804,0
610873.0838,0
611114.6087,0
611273.1481999999,0
611521.7068,0
611531.6465,0
611866.1276,0
612002.5229,0
612045.2555,0
612297.1196,0
612424.9839,0
612435.8953,0
612511.8642,0
612634.1867,0
612692.8738,0
612737.5901,0
612881.1724,0
612994.8604,0
613193.3038999999,0
613312.2646,0
613386.1219,0
613406.3834,0
613727.2532,0
613738.1742,0
613745.6008,0
613808.7269,0
613848.8935,0
614154.2485,0
614338.8364,0
614422.2738,0
614424.5997,0
614431.8431,0
614449.5234000001,0
614451.481,0
614474.2726,0
614515.5878,0
614533.7315,0
614545.2658,0
614546.5398,0
615061.4387,0
615434.8996,0
615495.2332,0
615565.6526,0
615610.5842,0
615611.3644,0
615856.9255,0
615939.7327,0
616135.0571,0
616483.5366,0
616708.0213,0
616794.77,0
617017.1091,0
617115.1421,0
617124.7041,0
617144.155,0
617339.9114,0
617548.6553,0
617738.0162,0
617746.7459,0
617908.6829,0
618091.8293,0
618194.0893,0
618195.9831,0
618264.0762,0
618509.3086,0
618514.5143,0
618642.4917,0
618862.8246,0
618957.0741,0
618993.756,0
619035.1183,0
619201.9246,0
619452.7228,0
619690.7984,0
619779.3506,0
620078.7768999999,0
620177.4369,0
620571.3227,0
620871.2390000001,0
621119.0226,0
621206.1304166666,0
621507.7243,0
621640.7587,0
622231.1423,0
622342.9043,0
622408.1038,0
622408.874,0
622463.8722,0
622468.6758,0
622480.2125,0
622547.2118,0
622714.4881,0
622929.5624,0
623110.8695,0
623249.0115,0
623338.7926,0
623397.5025,0
623784.5443,0
623849.5436,0
623925.9825,0
624090.2619,0
624287.6732,0
624328.4501,0
624360.1271,0
624521.1956,0
624559.9942,0
624666.8007,0
624761.407,0
624857.5644,0
625224.9144,0
625348.0213,0
625425.8075,0
625579.6145,0
625600.5709,0
625698.323,0
625737.4565,0
625799.6305,0
625845.4331,0
626059.7224,0
626110.1609,0
626165.5359,0
626228.2986,0
626445.0948,0
626503.6723,0
626754.849,0
626902.3894,0
626936.5229,0
627303.5916,0
627394.1755,0
627597.7831,0
627694.6134,0
627868.224,0
627912.0965,0
628005.5558,0
628109.6506,0
628276.0953,0
628288.6518,0
628343.0982,0
628509.7815,0
628528.8732,0
628653.5213,0
628723.6971,0
628756.0537,0
628766.878,0
628844.5521,0
628979.1112,0
629255.2508,0
629371.1003,0
629449.0257,0
629460.5584,0
629572.0202,0
629947.0733,0
629954.8265,0
630004.1032,0
630065.8692,0
630166.755,0
630183.1458,0
630220.8151,0
630294.509,0
630487.6038,0
630611.8877,0
630673.6098,0
630786.992,0
630823.8383,0
630928.6205,0
631319.4314,0
631429.4187,0
631525.3781,0
631529.1792,0
631586.6935,0
631705.9339000001,0
631744.5185,0
632105.8233,0
632129.9391,0
632318.6427,0
632520.7624,0
632629.4496,0
632789.6064,0
632809.5882,0
632918.5207,0
633268.5097,0
633397.6876,0
633901.4917,0
634212.3837,0
634406.6947,0
634484.3775,0
634611.9203,0
634926.2421,0
634951.0429,0
635260.8305,0
635320.5923,0
635615.1515,0
635733.4577,0
636152.0447,0
636251.7543,0
636791.1767,0
637056.7997,0
637069.797,0
637259.0436,0
637349.6529,0
637381.414,0
637447.3335,0
637690.4641,0
638685.3837,0
638769.9163,0
638883.9505,0
639154.6913000001,0
639345.0035,0
640009.5629,0
640012.7544,0
640200.954,0
640215.7660000001,0
640244.3274,0
640295.9756,0
640326.166,0
640342.2539,0
640592.0341,0
640672.5609,0
640891.9575,0
640974.2173,0
641095.776,0
641105.5851,0
641127.6662,0
641284.893,0
641403.1553,0
641497.7237,0
641531.7762,0
641829.4041,0
642247.6078,0
642335.6221,0
642497.9209,0
642750.5669,0
643138.6518999999,0
643175.4894,0
643331.9592,0
643449.7535999999,0
643459.5857,0
643705.9018999999,0
643873.677,0
644187.7852,0
644270.0671,0
644278.7927,0
644476.3161,0
644590.1337,0
644603.8889,0
644726.1057,0
644931.0478000001,0
644945.5955,0
645236.8496,0
645390.9124666667,0
645444.7921,0
646098.6194,0
646172.9805,0
646331.350575,0
646371.1927,0
646589.4676,0
646626.0394,0
646643.544,0
646686.1285,0
646755.8541,0
646815.2098,0
646874.5564,0
647303.9446,0
647457.9333,0
647714.0908,0
647719.9255,0
647743.1502333333,0
647866.6757,0
648704.6703666666,0
648738.1056,0
648884.4406,0
649133.4347,0
649152.5499,0
649233.379,0
649674.4091,0
649676.5252,0
649765.4891,0
649826.6008,0
650011.6456,0
650063.0168,0
650068.4326,0
650086.2639,0
650111.5574,0
650200.4226,0
650383.7169,0
650413.0374,0
650422.7305,0
650784.8385,0
650882.3571,0
650938.6034,0
651018.8512,0
651125.7124,0
651135.5523666666,0
651219.3506,0
651299.1551,0
651808.471,0
652034.4468,0
652082.5295,0
652092.853375,0
652250.3069,0
652487.7866,0
652492.1137,0
652538.5353,0
652659.0669,0
653692.0561,0
653712.2453,0
653866.9451,0
653965.9488,0
654148.1831666667,0
654148.8959,0
654260.4897,0
654742.3095,0
654743.753,0
654874.798,0
654971.4241,0
655280.8433,0
655330.3176,0
655376.6812,0
655455.036,0
655605.2909,0
655628.9481,0
655986.4687,0
656007.0586,0
656027.2829,0
656905.0789,0
657108.665,0
657271.3219,0
657650.2514,0
657698.1457,0
657756.5336833333,0
657798.9856,0
657864.2296,0
658148.097,0
658220.9086,0
658475.4732,0
658609.1011,0
658718.0437,0
659085.6018,0
659139.4698,0
659196.6745,0
659231.5494,0
659336.3649,0
659500.1299,0
659526.6207,0
659844.21445,0
660115.9798,0
660574.709,0
660664.9486,0
660734.6382,0
660796.3683,0
661026.0209,0
661205.3752,0
661225.331,0
661349.7109,0
661420.1367,0
662471.5094,0
662743.1009,0
662883.8554,0
662977.0575,0
663032.5334,0
663216.562925,0
663335.4783,0
663420.0397,0
663490.6305,0
663609.7108,0
663935.5522,0
663942.3601,0
664088.4366,0
664126.1508333334,0
664397.953,0
664924.8944,0
665045.3492,0
665161.6838,0
665234.1017,0
665299.9959,0
665612.3455,0
665709.3752,0
666173.2777,0
666262.0152,0
666299.7616,0
666384.5971,0
666833.675,0
667167.196,0
667215.5363,0
667246.8499,0
667644.43796,0
667743.4664,0
667755.6862,0
667962.6039,0
668057.283,0
668173.5313,0
668452.5236,0
668548.0402,0
668594.2894,0
668930.2851,0
669833.7182666666,0
669881.9913999999,0
670641.8325,0
670657.638,0
670661.5994,0
671041.4436,0
671098.7553,0
671302.9271,0
671487.6814,0
671730.0495,0
671763.8112,0
671838.1023,0
671867.64,0
671998.1637,0
672148.2173,0
672220.5939,0
672379.949,0
672418.5245,0
672507.0022,0
672612.0097,0
672792.3628,0
672816.2573,0
672953.8795,0
672985.6469,0
673165.7412,0
673184.4613,0
673438.5914,0
673519.5128,0
673942.9726,0
674140.1705,0
674153.0030833334,0
674399.099,0
674535.9992,0
674604.3533,0
674681.4931,0
674787.3709,0
674822.5067,0
675149.2439,0
675335.2171,0
675466.7997,0
675518.029,0
675730.8469,0
675838.8223,0
675915.7991,0
676142.8543,0
676226.5891,0
676300.7543,0
676484.5765,0
676580.4564,0
676918.4107,0
677289.2772,0
677500.1772,0
677984.5946,0
678239.2616,0
678258.2033333334,0
678854.6883,0
678907.2541,0
679044.7552,0
679474.44,0
679577.6969,0
679578.8362,0
679631.9555,0
680045.1274,0
680072.7082,0
680105.7679,0
680158.2552,0
680177.0327,0
680177.6866,0
680198.3114,0
680399.3996,0
680539.1039,0
680562.0012,0
680583.9923,0
680678.2192,0
680795.2501,0
681233.8395,0
681265.6316,0
681302.7921,0
681442.7841,0
681476.6952,0
681512.765475,0
681525.6766,0
681756.6806,0
681774.7178,0
681799.3187,0
681941.6658,0
682160.5544,0
682230.0156,0
682642.8755,0
682703.3461,0
682989.2973,0
682989.5464999999,0
683010.2442,0
683062.0724,0
683321.6698,0
683462.0828,0
683721.6358,0
683724.4906,0
683732.8053,0
683831.0363,0
683932.9889,0
683980.4779,0
684119.8887,0
684319.0778,0
684450.4321,0
684531.5568,0
684703.4598,0
685012.5941,0
685019.2599,0
685057.5713333334,0
685387.9034,0
685411.2481,0
685492.5067,0
685546.1139,0
685599.9167,0
685678.6943,0
685713.0128,0
685804.6313,0
686142.2061000001,0
686504.5638,0
686528.9252,0
686577.7446,0
686618.0092,0
686911.0581,0
687073.1374,0
687150.1418,0
687157.9229,0
687175.7155,0
687274.488,0
687308.4979,0
687316.7877,0
687445.0076,0
687629.5573,0
687813.2084,0
688434.4466,0
688461.8036,0
688559.9761,0
688711.9633666667,0
688744.2523,0
688879.6713,0
688969.7167,0
689025.8755,0
689124.2157000001,0
689132.7064,0
689243.503,0
689398.3309,0
689617.4882,0
689639.5591,0
689680.4176,0
689796.8592,0
689809.4484999999,0
689826.97,0
689867.4158,0
689973.9685,0
690313.0475,0
690393.7493,0
690586.4822,0
690606.9123,0
690886.4305,0
690913.8102,0
690990.6808,0
691018.1379,0
691119.4779,0
691289.1693,0
691306.6243,0
691457.3782,0
691466.5057,0
691762.1544,0
691773.784,0
691852.328,0
691999.2921,0
692148.7233,0
692286.943,0
692303.555,0
692340.7664,0
692372.7504,0
692508.2097666666,0
692520.2121,0
692838.3215,0
693020.2934,0
693108.9890000001,0
693210.809,0
693341.3106,0
693507.9736,0
693583.5136,0
693607.3718,0
693686.8229,0
693776.4773,0
694121.4256,0
694258.623,0
694370.2983,0
694379.503575,0
694679.0117,0
694903.0616,0
694977.5946,0
694998.9851,0
695121.7472,0
695171.0018,0
695278.9628,0
695330.5131,0
695428.2619,0
695568.3467999999,0
695644.0911,0
696263.8866,0
696285.1613,0
696517.0567,0
696572.6099,0
696614.5308000001,0
696658.2397,0
696854.6869,0
696926.6128,0
697123.2809,0
697222.1801,0
697233.9618,0
697372.0458,0
697571.8859999999,0
697587.9454,0
697656.330475,0
697903.2336,0
698227.3482,0
698628.7158,0
698710.8555,0
698730.6759,0
698995.4791,0
699013.5501999999,0
699045.8944,0
699119.358,0
699140.4322,0
699146.4813,0
699178.4423,0
699383.8126,0
699513.4837,0
699647.4203,0
699697.0263,0
699711.7986,0
699723.3131,0
699809.2944,0
699972.9927000001,0
700007.7538,0
700068.9297833333,0
700096.4605666667,0
700154.7422,0
700191.3173,0
700343.4294,0
700415.8463,0
700852.7029,0
700882.8761,0
700891.2926,0
700905.807,0
700934.2905,0
701030.0706,0
701200.4514,0
701385.5237,0
701395.1304,0
701411.2393,0
701508.1521,0
701705.0163,0
701857.9183,0
701859.6288000001,0
702043.585,0
702384.5524,0
702508.4767,0
702720.2398,0
702720.8962,0
702918.4680999999,0
703020.8806,0
703028.0924,0
703177.3346,0
703292.366,0
703761.8505,0
704059.6578,0
704098.2221,0
704256.0411,0
704314.7679,0
704320.7634,0
704435.4948,0
704491.4953,0
704531.9368,0
704587.686,0
704695.3021,0
704732.6793,0
704857.6249,0
705010.2192,0
705137.8157,0
705219.1098,0
705265.6451,0
705410.6764,0
705496.7006,0
705692.3236,0
705786.8022,0
705867.1883,0
705904.992,0
706056.0171,0
706238.108,0
706251.3515,0
706362.3845,0
706371.112,0
706421.6109,0
706422.4966,0
706599.3606,0
706636.9508,0
706791.7021999999,0
706864.5761,0
706923.869,0
707047.2613,0
707342.1401,0
707420.9153,0
707857.36,0
708257.5545,0
708257.576,0
708316.5743,0
708335.1352,0
708339.1007,0
708429.0816,0
708682.087,0
708889.7913,0
708998.337,0
709046.2866,0
709153.6115,0
709550.6174999999,0
709607.8527,0
709752.3799,0
709863.8605,0
710072.9428,0
710272.7927,0
710411.5121,0
710461.3238,0
710620.8207,0
711242.1594,0
711297.9892,0
711566.3346,0
711752.597,0
711908.8774,0
711931.5072,0
711939.0211,0
711993.4793,0
712007.2419,0
712032.2176,0
712131.2838,0
712543.4827,0
712750.9793,0
712820.5452,0
713974.7392,0
714255.0476,0
714431.4553,0
714486.8766,0
714788.129,0
715558.398,0
715584.9569,0
715606.4054,0
715879.9121,0
716258.5448,0
716266.0353,0
716576.2666,0
716732.0137,0
716823.722,0
716895.6943,0
716938.4805,0
716949.5962,0
717117.4223,0
717409.4134,0
717496.803,0
717523.8729,0
717645.4229,0
717786.6922,0
717956.5886,0
718080.2678,0
718106.7549,0
718706.7586000001,0
719021.5434,0
719620.7915,0
719858.9459,0
720005.534,0
720465.9438,0
720737.7401,0
720762.797,0
721532.6802,0
721606.4608,0
721682.125,0
721920.6461,0
721932.4628,0
722130.7109,0
722365.3037,0
722431.3028,0
723010.029,0
723294.4616,0
723346.3208,0
723979.433,0
724028.6872,0
724199.1517,0
724232.5186,0
724529.8615,0
724639.863,0
724879.7255,0
724966.2236,0
725104.2605,0
725115.1133,0
725128.3904,0
725130.8971,0
725189.7143999999,0
725213.9521,0
725250.0947,0
725545.9663,0
725872.2741,0
726030.5348,0
726286.7853,0
726364.6423,0
726493.4737,0
726646.6991,0
726657.1294,0
726744.8981,0
726840.064,0
727443.2405,0
727449.3045,0
727500.8736,0
727577.6813,0
727821.9993,0
728042.8175,0
728145.9419,0
728363.8381,0
728380.6729,0
728441.798,0
728602.2993000001,0
728625.3704,0
728713.8692,0
728851.9057,0
728898.7596,0
728911.3302,0
729003.5593,0
729116.909,0
729145.8514,0
729335.226,0
729590.8241,0
729676.798,0
729770.2849,0
729875.7832,0
729985.9685,0
730660.2468,0
730826.5246,0
731195.6428,0
731253.3877,0
731435.2319,0
731582.1797,0
731600.2527,0
731736.9118,0
731743.5804,0
731794.147,0
731798.6604,0
731815.4083,0
731839.3234999999,0
731878.9649,0
731938.7121,0
732016.2988,0
732017.289,0
732082.3436,0
732347.0271,0
732583.3967,0
732827.9406,0
732829.5124,0
732972.2319,0
733174.8914,0
733357.8115,0
733602.2805999999,0
733744.6354,0
733838.3177,0
734086.632,0
734167.7893000001,0
734177.3378,0
734209.895,0
734381.6525,0
734442.1507,0
734450.6934,0
734543.7437,0
734694.5717,0
734703.523,0
734704.8218,0
734793.4955,0
734802.4763,0
734866.9394,0
734937.5016,0
735029.3547,0
735208.0405,0
735399.8403,0
735527.7264,0
735838.5297,0
735844.7258,0
735932.5781,0
736107.19828,0
736180.9983,0
736215.4476,0
736234.5923,0
736251.804,0
736312.2658,0
736555.9849,0
736720.9602,0
737182.1478,0
737241.9479,0
737260.7657,0
737289.5742,0
737304.7259,0
737312.5099,0
737313.5909,0
737334.3943,0
737421.1193,0
737637.9507,0
737719.2159,0
738068.5738,0
738256.0963,0
738264.0446,0
738291.8914,0
738478.934,0
738514.888,0
738740.7009,0
738792.013,0
738821.3499,0
738955.0567,0
739315.0647,0
739478.0981000001,0
739678.1809,0
739938.5407,0
740145.8239,0
740166.5961,0
740171.6107,0
740173.6797,0
740221.2832,0
740539.1996,0
740611.9928,0
741011.5187,0
741232.7306,0
741461.9808,0
741480.8206,0
741625.1559,0
741631.4001,0
742071.8496,0
742090.3122,0
742095.546,0
742292.7552,0
742657.6683,0
742718.6942,0
742857.2221,0
742877.0344,0
743068.8932,0
743133.7887,0
743167.8236,0
743169.1067,0
743355.1643,0
743411.4973,0
743772.6947,0
743792.8694,0
743845.2969,0
743881.8197999999,0
743918.9516,0
744293.8408,0
744468.1624,0
745287.7062,0
745583.8499,0
745925.5657,0
746203.742,0
746433.2354,0
746878.5487,0
746936.0806,0
747073.3378,0
747178.0898,0
747619.5173,0
747724.2046,0
748425.4609000001,0
748439.7724,0
748625.4368,0
749104.8161,0
749362.9633,0
749465.2113,0
749570.6347,0
749658.680425,0
749845.7432,0
750401.8047,0
750579.2493,0
750744.7117,0
751120.9711,0
751194.0984,0
751230.5005,0
751436.0705,0
751454.6074,0
751727.3546,0
752059.4228000001,0
752171.0146,0
752551.2534,0
752713.8375,0
752924.0181,0
753108.7313,0
753352.8036,0
753454.536,0
753515.6448,0
754338.1578,0
754382.5087,0
754793.1673,0
755041.6208,0
755142.4922,0
755259.9226,0
755290.4072,0
755375.6875,0
755582.3364,0
755737.4484999999,0
756146.6318,0
756284.1833,0
756547.7189,0
756598.6949,0
756727.2525,0
756863.0603,0
757081.1049,0
757308.9039,0
757618.8318,0
757767.2512,0
757916.4266,0
757960.2119,0
758161.3209,0
758175.45,0
758423.1895,0
758552.7325,0
758710.7057,0
758726.493,0
758849.3877,0
759820.4644,0
760075.8446,0
760273.2525,0
760610.6006,0
760715.1351,0
760892.921,0
760973.10945,0
761071.039,0
761664.1681,0
761776.1214,0
762201.5874,0
762832.1309166667,0
762888.0246,0
763006.4579,0
763113.9695,0
763428.4277,0
763655.0369,0
763809.54,0
763844.0611,0
764054.4314,0
764054.78496,0
764055.9667,0
764119.9363,0
764225.9306,0
764345.7019,0
764403.9026,0
764751.105,0
764866.1742,0
764985.3858,0
765430.4631,0
765534.1347,0
765584.2776,0
765773.6341,0
765837.1674,0
765840.999,0
765937.6598,0
765960.1068,0
766197.2165,0
766231.1355,0
766261.3485,0
766532.0238,0
766615.8337,0
766887.2204,0
766920.8267,0
767015.7355,0
767098.6009,0
767192.8294,0
767384.013,0
767441.1928,0
767472.483,0
767710.9604,0
767714.9197,0
767899.58404,0
768103.4899,0
768638.7143999999,0
768743.1834,0
768759.604,0
769207.9177,0
769924.4916,0
770155.0146,0
770248.8986,0
770422.9347,0
770426.4087,0
770985.563,0
771126.3785999999,0
771259.4147,0
771458.0217,0
771627.5704,0
771695.798,0
771793.8212,0
771816.6155,0
771997.7915,0
772015.4604,0
772031.0387,0
772157.72,0
772170.6453,0
772183.8295,0
772226.1002,0
772372.8195,0
772374.9675,0
772412.5822000001,0
772502.671875,0
772588.7169,0
772660.5906,0
772674.7064,0
772909.2892,0
772933.4104,0
772948.7835,0
772991.5252,0
773013.4408,0
773455.9341,0
773586.6701666666,0
773629.3246,0
773640.4862,0
773784.9913999999,0
773815.7443,0
773817.1092,0
773860.6937333334,0
773881.6014,0
774084.1779,0
774219.3218,0
774798.1416,0
775000.9421999999,0
775288.948,0
775397.2117,0
775662.3485,0
775667.4186,0
775824.44,0
775853.3858,0
775900.6126,0
775958.4956,0
775995.598,0
776038.688,0
776124.2188,0
776240.7768,0
776381.7933,0
776463.8303,0
776489.0104,0
776614.777,0
776667.6902,0
777131.4462,0
777321.6683,0
777421.1152,0
777514.184,0
777539.1618,0
-----Simulation END-----
