-----Simulation 0-----
172935.5973,0
173088.6644,0
173153.3823,0
173218.12170000002,0
173282.3185,0
173385.9614,0
173487.776,0
173561.88689999998,0
173604.610525,0
173617.5954,0
173709.7287,0
173724.9119,0
173832.8231,0
173963.5129,0
173996.354,0
174079.45429999998,0
174082.4398,0
174110.0471,0
174124.7069,0
174168.5942,0
174333.2066,0
174395.7704,0
174578.08763333334,0
174688.6572,2938.13989999998
174719.9545,0
174829.7095,0
174998.0916,0
175049.4616,0
175257.07809999998,0
175403.09960000002,0
175492.9118,0
175506.2228,0
175524.2443,0
175544.9417,0
175591.8887,0
175663.22269999998,0
175840.8228,0
176023.0485,0
176067.8859,0
176254.9896,0
176335.98200000002,0
176337.9081,0
176393.136,0
176430.4883,0
176434.0153,0
176568.2194,0
176579.7434,0
176677.4702,0
176851.3278,0
177000.3569,0
177074.46600000001,0
177165.4181,0
177219.6877,0
177354.7772,0
177357.4104,0
177539.1778,0
177600.8607,0
177649.9402,0
177693.7405,0
177740.8537,0
177789.7733,0
177949.682,0
177995.9895,0
178020.5857,0
178249.3527,0
178470.4431,0
178503.1987,0
178518.326,0
178558.4943,0
178589.9994,0
178618.5471,0
178650.5173,0
178672.6679,0
178717.8617,0
178735.6466,0
178831.3859,0
178994.2921,0
179078.8045,0
179325.7206,0
179408.7506,0
179438.78960000002,0
179472.54450000002,0
179505.142,0
179537.9541,0
179596.2966,0
179751.7193,0
179759.3971,0
179887.3316,0
179943.8842,0
179967.394,0
180010.8527,0
180147.0798,0
180168.5085,0
180187.90720000002,0
180223.1946,0
180274.2948,0
180364.1931,0
180450.4443,0
180538.738,0
180575.1592,0
180630.74349999998,0
180705.6536,0
180713.0276,0
180758.2555,0
180790.522,0
180801.81780000002,0
180879.2613,0
181078.5484,0
181302.6585,0
181385.1702,0
181386.2608,0
181696.2826,0
181921.16700000002,0
181987.9124,0
181990.3157,0
182124.1662,0
182188.3674,0
182393.7147,0
182491.7701,0
182498.1375,0
182664.418,0
182727.1281,0
182735.5003,0
182866.1039,0
183242.3711,0
183319.4853,0
183446.3175,0
183486.592,0
183583.7025,0
183628.0851,0
183696.23330000002,0
183774.3086,0
183866.0339,0
183960.7014,0
184003.0869,0
184018.26380000002,0
184346.7022,0
184382.161,0
184558.7699,0
184618.4277,0
184679.77850000001,0
184683.2403,0
184704.65519999998,0
184895.166,0
184900.386925,0
184937.1354,0
184961.4977,0
185015.5237,0
185129.1203,0
185235.7529,0
185253.6461,0
185303.7789,0
185323.32,0
185364.77610000002,0
185444.0712,0
185609.3543,0
185615.8473,0
185795.4327,0
185919.5165,0
186023.2086,0
186128.0582,0
186157.9835,0
186227.3346,0
186248.5535,0
186435.7042,0
186483.2458,0
186499.9021,0
186543.4509,0
186704.8961,0
186710.4756,0
186997.0848,0
187220.6029,0
187239.1799,0
187248.4481,0
187327.2338,0
187341.7025,0
187353.4616,0
187368.7086,0
187490.7599,0
187513.9973,0
187582.6207,0
187614.7287,0
187652.1003,0
187891.6701,0
187922.2037,0
187946.4529,0
188089.59159999999,0
188160.04326666667,0
188211.9402,0
188233.2468,0
188292.0558,0
188319.0593,0
188331.3411,0
188406.3482,1506.3961000000127
188670.6635,0
188712.8909,0
188759.62709999998,0
189035.46899999998,0
189087.9605,0
189558.0478,0
189744.9199,0
189805.2238,0
189825.01140000002,0
189842.6134,0
189885.7776,0
189967.1914,0
189983.9576,0
189987.72866666666,0
190036.3945,0
190060.8261,0
190149.45990000002,0
190390.46409999998,0
190416.3652,0
190427.2501,0
190479.63199999998,0
190858.7955,0
190979.3497,0
191023.3674,0
191045.6446,0
191092.6264,0
191142.8777,0
191206.73930000002,0
191207.63569999998,0
191276.146,0
191591.0411,0
191688.4657,0
191704.5813,0
191791.45679999999,0
191961.0794,0
192134.85139999999,0
192149.7963,0
192150.7581,0
192301.7807,0
192419.1843,0
192590.9905,0
192627.3824,0
192918.9206,0
193032.9858,0
193084.9546,0
193121.62219999998,0
193485.315,0
193513.849,0
193558.3408,0
193742.7262,0
193975.1016,0
194036.06160000002,0
194132.5132,0
194232.9728,0
194264.2547,5721.41829999999
194341.96779999998,0
194417.8637,0
194495.46,0
194685.3556,0
194748.4092,0
194857.7525,0
194895.8377,0
195369.6693,0
195521.4865,0
195622.7706,0
195662.87949999998,0
195665.7082,0
195834.4926,0
195878.6013,0
195938.2444,0
196117.2861,0
196333.2412,0
196453.8874,0
196546.1344,0
196610.1841,0
196698.0189,0
196894.4811,0
196911.8369,0
197125.4267,0
197131.7108,0
197430.1698,0
197546.6791,0
197680.111,0
197689.5985,0
197714.1002,0
197893.9809,0
198237.0094,0
198293.9706,0
198309.546,0
198534.4292,0
198538.4193,0
198656.8136,0
198666.27360000001,0
198697.40350000001,0
198882.5782,0
199332.9922,0
199424.0847,0
199560.3812,0
199740.3172,0
199844.27850000001,0
199989.24599999998,0
200146.1312,0
200499.2879,0
200539.8159,0
200573.9684,0
200648.0292,0
200826.8732,0
200845.3581,0
200891.188,0
200993.6317,0
201026.78720000002,0
201133.2951,0
201392.7397,0
201460.6898,0
201498.1825,0
201517.247,0
201633.1902,0
201727.877,0
201754.451,0
201988.6645,0
202018.19160000002,0
202123.3818,0
202181.0505,0
202357.2132,0
202612.1423,0
202855.6703,0
202918.9156,0
202927.0417,474.78039999998873
202929.8469,0
202973.8122,0
202992.1999,0
203201.6489,0
203209.1544,0
203293.9216,0
203519.7281,0
203583.9761,0
203673.5681,1058.5650000000023
203702.991,0
203726.86810000002,0
203753.5053,0
203934.3888,0
204147.18469999998,0
204573.396,0
204691.2759,0
204744.5153,0
204746.5514,0
204927.9357,0
205053.1405,0
205106.419,0
205189.88079999998,0
205375.1693,0
205395.3315,0
205479.1516,0
205482.1557,0
205666.1077,0
205715.20919999998,0
205778.7681,0
205817.0208,0
205819.9787,4499.680500000017
205928.5256,0
206049.3829,0
206126.3379,0
206131.1076,0
206349.7632,0
206513.155,0
206662.749,0
206768.1378,2469.0217999999877
206811.42369999998,0
206831.6927,0
206878.435,0
206960.9937,0
207102.7973,0
207134.7842,0
207162.3062,0
207273.1632,0
207537.5774,0
207543.8114,1842.4941500000132
207635.4584,0
207644.3175,0
208048.9507,0
208431.15866666666,0
208447.05359999998,0
208568.2592,0
208803.4842,0
208814.147,0
208979.9563,0
209015.6253,0
209259.3871,0
209372.0546,0
209411.7873,0
209432.7518,0
209673.6679,0
209687.8138,0
209694.5993,0
209744.7359,0
209939.9919,0
209948.20299999998,0
210173.7195,0
210176.6826,0
210272.475,0
210494.59759999998,0
210542.6969,0
210621.4191,0
210633.0048,0
210786.2355,0
211018.7417,0
211025.87290000002,0
211041.0912,0
211212.8703,0
211235.3462,0
211310.6589,0
211344.89919999999,0
211460.5178,0
211545.3034,0
211581.95620000002,0
211620.535,0
211860.2613,10436.828700000013
211889.77240000002,0
211979.6784,0
212029.3638,0
212241.8997,0
212276.9831,408.1877000000095
212284.12050000002,0
212288.1829,0
212299.2699,0
212674.8535,0
212763.6999,0
212957.3186,0
213006.38880000002,0
213097.4093,0
213254.6023,0
213263.2391,0
213294.3478,0
213294.6507,0
214049.6416,0
214111.59720000002,0
214197.55363333333,0
214279.1295,0
214282.529,0
214592.7286,0
214646.9073,0
214652.4356,0
214871.1171,0
214898.5449,0
214909.38189999998,0
214973.9508,1783.0543999999936
215016.6277,0
215033.9064,0
215044.2095,0
215150.2454,0
215196.255,0
215267.9217,0
215273.9548,0
215311.8908,0
215360.1414,0
215480.91879999998,0
215772.4791,0
216003.0164,0
216111.80670000002,0
216182.77909999999,0
216219.0742,0
216269.8927,0
216776.3143,0
217044.0215,0
217051.7125,0
217161.4245,0
217293.8916,0
217316.3864,0
217343.0423,0
217363.9755,0
217548.5453,0
217562.25546666665,0
217719.8224,0
217852.2911,0
217882.2196,0
217930.5005,0
218055.021,0
218307.2944,0
218509.6576,5792.094299999997
218947.3899,0
218957.2221,0
219044.174,0
219066.6349,0
219341.9817,0
219481.4947,0
219616.962,0
219749.3034,0
220005.4277,0
220177.2356,0
220503.1202,0
220584.109,0
220706.1237,0
220839.04989999998,0
220947.7069,0
221035.5991,0
221169.3314,0
221298.1655,0
221490.9116,0
221494.6898,0
221583.5244,0
221651.7007,0
222008.4902,0
222014.9207,0
222111.4477,0
222439.9659,0
222634.1852,0
222743.411,0
222892.3656,0
222968.9233,0
223009.813,0
223247.4564,0
223306.109,0
223758.34159999999,0
224018.5112,0
224086.017,0
224328.4586,0
224408.85425,0
224488.873,0
224575.1669,0
224765.178,0
224907.03116666665,0
225068.8031,0
225104.3753,0
225160.8844,0
225371.8378,0
225445.4843,0
225474.3392,0
225507.0039,0
225599.8078,0
225652.5376,0
225843.6649,0
225947.0789,0
226076.9684,0
226192.7667,0
226605.4387,0
226726.1838,0
226814.9917,0
227124.1546,0
227203.5645,0
227497.2595,0
227561.2952,0
227647.4024,0
228167.2248,6573.150699999998
228360.4548,0
228537.19819999998,0
228610.3075,0
228690.58653333332,0
228710.9453,0
228722.3367,0
228831.2252,0
228981.89248,0
229000.7727,0
229050.2515,0
229113.6838,0
229255.4517,0
229260.173,0
229400.5528,0
229480.3705,0
229496.0545,0
229498.4754,0
229504.496,0
229514.5201,4545.225399999996
229557.94640000002,0
229622.2439,0
229680.7244,0
229687.212,0
229763.7522,0
229895.7802,0
229930.755,0
230033.4301,0
230468.5019,0
230566.5954,0
230589.7956,0
230667.5264,0
230687.5255,0
230848.9521,0
230936.3735,0
230961.59114,0
231153.2762,0
231367.8124,0
231410.4196,0
231523.4669,0
231639.3448,0
231648.0535,0
231731.8017,0
231864.905,0
232158.1118,0
232468.1772,0
232665.7078,0
232690.2076,0
232775.361,0
232846.9311,0
233143.2943,0
233239.7122,0
233318.6552,0
233511.2648,0
233840.7465,0
233895.4644,0
234146.4899,0
234148.1502,0
234222.9202,0
234412.9633,0
234489.3915,0
234503.5624,0
234720.5423,0
235088.2537,0
235115.8696,0
235133.90409999999,0
235163.0252,0
235341.9891,0
235501.5649,0
235518.1255,0
235662.3908,0
235834.4779,0
235897.3233,0
235938.9407,0
236038.0639,0
236084.702,0
236204.875225,0
236271.7343,0
236327.2034,7146.0495999999985
236403.3654,0
236816.2745,0
236896.8045,0
236946.0648,0
237119.6381,0
237134.587,0
237233.5305,0
237474.1746,0
237548.3136,0
237602.686,0
237935.6383,0
238164.9677,0
238175.7463,0
238234.6627,0
238354.3328,0
238358.3059,0
238462.572,0
238474.2652,0
238592.6743,0
238594.4819,0
238630.0398,0
238742.015025,0
238752.5942,0
239018.6585,0
239038.244,1627.433400000009
239128.673,0
239201.2654,4320.24530000001
239376.5552,0
239383.0449,0
239461.8761,0
239808.1559,0
239926.1745,0
239934.7009,0
240287.385,1776.006400000013
240520.7431,0
240654.52986666668,0
240668.162,0
240810.6741,0
240895.90350000001,0
241362.2933,0
241727.3441,0
241968.8177,0
242029.1519,0
242047.6857,0
242055.9712,0
242149.9326,0
242154.2262,0
242165.9236,0
242534.8201,0
242658.495,0
242669.7349,0
242850.4231,0
242853.0682,0
242943.4936,0
242986.5826,0
243019.82760000002,0
243093.1899,0
243216.4215,0
243282.2974,0
243323.1536,0
243528.7228,0
243559.0902,0
243604.2112,0
243919.2095,0
243940.1333,0
244236.3894,0
244462.2159,0
244521.0215,0
244634.2581,0
244806.063,0
244913.0048,0
244945.6212,0
244988.8945,0
244992.6372,0
245364.8551,0
245550.0875,0
245572.8302,0
245690.34159999999,0
245729.6618,0
245897.3383,0
245907.195,0
245908.3022,0
246013.4162,0
246079.88390000002,0
246083.0054,0
246301.3178,0
246437.2012,0
246444.8408,0
246605.56611666665,0
246650.3216,0
246659.0395,0
246732.0098,0
246780.9476,0
246902.2245,0
246919.6597,0
246927.6304,0
246951.39238,0
247007.7142,0
247088.7358,0
247343.56160000002,0
247395.6311,0
247400.4894,0
247632.1533,0
247807.8077,0
247840.6247,0
247885.48810000002,0
248051.5771,0
248114.3253,0
248126.4891,0
248201.8671,0
248451.4062,0
248559.019,0
248625.7083,0
248786.07140000002,0
249020.1711,0
249232.4579,0
249332.5815,0
249341.3478,0
249461.0161,0
249496.22879999998,0
249573.7482,0
249732.9022,0
249844.9504,0
249917.5221,0
249991.7833,0
250043.46850000002,0
250137.1466,0
250272.74599999998,0
250315.8221,0
250385.8101,0
250431.6305,0
250505.9285,2035.3038000000233
250618.55776666666,0
250692.786,0
250814.60156,0
250930.84470000002,0
251002.7497,0
251089.4765,0
251195.9922,0
251216.0292,0
251344.5664,0
251438.6962,0
251535.0966,0
251593.4567,0
251634.3235,0
251665.60139999999,0
251803.9344,0
251842.8087,0
251883.4972,0
251905.5249,0
251919.6785,0
252020.5344,0
252033.4365,0
252100.23376666667,0
252135.33120000002,0
252142.6253,0
252166.77730000002,0
252216.9624,0
252444.5478,0
252540.8187,0
252830.6211,0
252911.8875,0
252930.66879999998,0
253089.2504,0
253157.7089,0
253304.4195,0
253408.9814,0
253648.3001,0
253764.2234,0
253774.9689,0
253820.0762,0
253920.1764,0
254022.1558,0
254082.5967,0
254136.3668,0
254276.6204,0
254305.5725,0
254352.2644,0
254560.7303,0
254628.0682,0
254686.6495,0
255137.5685,0
255168.0194,0
255347.8921,0
255448.0875,0
255524.5678,0
255693.6642,0
255722.6291,0
255790.1255,0
255843.2203,0
255856.3403,0
255912.2465,0
255973.2127,0
256198.59100000001,0
256676.9142,0
256766.6318,0
256842.26506666667,0
256954.0589,0
257052.8223,0
257119.8204,0
257141.3768,0
257188.5495,0
257219.3304,0
257310.0234,0
257348.1578,0
257503.7719,0
257562.4021,0
257768.9429,0
257828.2161,0
258001.4614,0
258137.3308,0
258150.6091,0
258167.7633,0
258175.3146,0
258240.764,0
258333.6567,0
258663.00663333334,0
258686.2962,0
258703.2614,0
258778.9344,0
259031.17489999998,0
259229.6077,0
259323.02931666665,0
259414.6329,0
259440.6305,0
259583.9245,0
259597.00280000002,0
259696.9205,0
259730.0116,0
259835.3524,0
259844.62459999998,0
259852.179,0
259941.3824,0
260126.3825,0
260159.7542,0
260223.1422,0
260255.1925,0
260391.8411,0
260409.421,0
260520.9273,0
260751.8771,0
260838.5888,0
260880.5552,7361.488799999992
260914.07390000002,0
261145.7651,0
261242.8122,0
261578.5444,0
261610.5222,0
261975.7359,0
262325.9322,0
262338.21,0
262355.0843,0
262355.9007,0
262554.5204,0
262699.11710000003,0
262735.0321,0
262836.2467,0
262961.7019,0
263017.1904,0
263039.5709,0
263069.6719,0
263179.8582,0
263276.5001,0
263396.1709,0
263449.0591,0
263484.97490000003,0
263524.9354,0
263700.9054,0
263744.953,0
263818.7699,0
264025.5422,0
264157.4036,0
264267.4512,0
264313.9299,0
264342.7037,0
264377.0556,0
264420.7991,0
264441.2533,0
264481.2553,0
264532.3831,0
264674.3742,0
264719.5497,0
264825.094,0
264986.5737,0
264992.6054,0
265017.5008,0
265028.8414,0
265157.8105,0
265266.9368,0
265489.145,0
265603.9193,0
265697.2023,0
265704.7701,0
265770.1435,0
265841.75419999997,0
266123.4827,0
266306.6284,0
266443.7068,0
266618.0227,0
266647.2788,0
266750.9281,0
266855.5872,0
266972.9093,0
267017.0521,0
267059.2692,0
267064.9147,0
267100.6016,0
267112.7926,0
267322.2402,0
267336.1863,0
267435.2957,0
267546.8495,0
267864.97609999997,0
267866.1517,0
268023.1483,0
268088.6878,0
268092.5318,0
268127.0157,0
268205.0165,0
268399.1884,0
268539.5393,0
268620.1493,0
268772.1495,0
268815.5051,0
269065.4331,0
269069.5593,0
269126.0976,0
269298.5034,0
269387.4656,0
269444.8186,0
269451.2915,0
269470.0168,0
269710.346,0
269775.5061,0
269777.97635,0
269903.6766,0
269951.1032,0
270346.885,0
270412.8206,0
270453.6126,0
270515.2838,0
270583.779,0
270591.7824,0
270606.4569,0
270618.4306,0
270654.6632,0
270672.3439,0
270705.6466,0
270788.2945,0
270899.2978,3542.069599999988
270904.0069,0
270949.5978,0
271126.3322,0
271127.4588,0
271345.2763,0
271381.6929,0
271430.0698,0
271463.9113,0
271532.3723,0
271544.0409,0
271643.4642,0
271804.4663,0
271811.48840000003,0
271868.0765,0
271887.3234,0
271916.8673,0
271923.228,0
272095.58640000003,0
272191.6454,0
272201.9891,0
272308.7609,0
272363.30929999996,0
272402.76540000003,0
272478.0835,0
272484.1369,0
272493.9145,0
272514.1237,0
272541.6703,0
272767.0232,0
272776.1419,0
272795.8582,0
272848.1136,0
272924.70146666665,0
273018.0188,0
273051.5682,0
273054.3018,0
273101.5718,0
273208.3727,0
273220.9004,0
273552.8507,0
273570.2396,0
273656.0654,0
273745.9903,0
273810.2015,0
273832.5253,0
273866.7076,0
273873.5263,0
273916.0518,0
273989.1339,0
274089.3261,0
274134.4766,0
274179.2726,0
274227.64410000003,0
274320.3123,0
274357.8286,0
274372.9991,0
274464.7602,0
274471.5855,0
274673.8203,0
274854.9472,0
274937.9706,8907.203399999999
275263.9474,0
275339.8329,0
275345.7514,0
275448.7549,0
275480.7819,0
275482.77150000003,0
275827.4195833333,0
275836.9436,0
276014.1051,0
276101.8869,0
276103.5873,0
276128.7551,0
276139.3666,0
276153.26139999996,0
276280.2212,0
276500.1001,0
276609.4854,0
276635.0935,0
276761.4817,0
276885.9112,0
277036.218,0
277212.886,0
277421.4183,0
277459.7148,0
277464.2909,0
277720.4265,0
277732.1069,0
277840.7966,0
277868.00549999997,0
278063.4421,0
278068.708,0
278225.1093,0
278251.5745,0
278264.2833,0
278417.9043,0
278476.2027,0
278508.6373,0
278697.8806,0
278759.2611,0
278989.3535,0
279061.19519999996,0
279294.4397,0
279320.2903,0
279438.555,0
279677.7229,0
279726.9257,0
279785.4133,0
279844.1238,0
279859.4585,0
279957.915,0
280219.6122,0
280587.9373,0
280619.93559999997,0
280773.4962,0
281133.5769,0
281465.568975,0
281556.67209999997,0
281593.5903,0
281735.8214,0
281814.945,0
282063.9562,0
282105.9964,0
282127.5331,0
282220.723,0
282241.27410000004,0
282296.8431,0
282297.1017,0
282363.8309,0
282669.5426,0
283135.1454,0
283170.256,0
283222.9799,482.54629999998724
283228.65390000003,0
283315.1872,0
283332.3969,0
283395.6016,9379.978899999987
283508.1794,0
283869.9406,0
283897.94605,0
284239.7662,0
284342.0769,0
284541.2667,0
284928.6269,0
285128.4221,0
285132.2731,0
285166.2855,0
285328.3021,0
285328.3845,0
285697.0716,0
285725.53260000004,0
285775.839,0
286064.4059,0
286111.3525,0
286315.8631,0
286343.64650000003,0
286418.623,0
286689.593,0
286713.53260000004,0
286723.4745,0
286809.9125,6257.133199999982
286959.5458,0
286981.4806,0
287055.9862,3647.246999999974
287101.4413,0
287310.9091,0
287353.4804,0
287372.4448,0
287430.3674,0
287539.72219999996,0
287592.31429999997,0
287608.5517,0
287745.4407,1612.7461999999941
287864.4471,0
287933.2981,0
287950.2398,0
288010.3453,0
288364.5987,0
288365.7467,0
288569.4402,0
288599.8639,0
288907.75049999997,0
288967.202,0
289074.8203,0
289112.7319,0
289140.0147,0
289291.9657,0
289418.9038,0
289425.1387,0
289728.0585,2891.5469999999623
289827.07660000003,0
290014.9658,0
290110.2339,0
290199.68570000003,0
290218.7565,0
290275.6039666667,0
290623.2144,0
290637.151,0
290762.2039,0
290902.7999,0
291188.7006,0
291260.35719999997,0
291595.6519,0
291606.9852,0
292096.5933,0
292190.8314,0
292422.398,0
292437.0783,0
292445.1984,0
292485.2227,0
292490.2971,0
292590.2475,0
292641.3471,0
292848.4701,0
293254.0451,0
293462.8124,0
293702.3752,0
293749.1282,0
293792.5992,1973.4604999999865
293957.1826,3420.380200000014
294019.2604,0
294140.9361,0
294254.4142,0
294296.9805,0
294388.9237,0
294391.378,0
294395.0144,0
294562.7766,0
294657.2282,0
294777.3664,0
294931.4961,0
295034.3592,0
295207.5229,0
295351.9855,0
295546.03729999997,0
295556.81299999997,0
295644.7222,0
295682.78119999997,0
295761.0964,0
295887.73089999997,0
295928.3074,0
295984.4609,1117.751500000013
296106.1121,0
296473.8,0
296620.1933,0
296678.1814,0
296720.8492,0
296833.13060000003,0
296948.9493,0
297093.249,0
297137.4973,0
297264.2364,0
297382.4079,0
297424.3931,0
297498.1921,0
297533.1638,0
297916.4983,0
297967.6253,0
298128.4067,0
298452.1228,0
298583.2915,0
298675.6471,0
298737.5012,0
298771.5944,0
298856.9863,0
298861.0054,0
299158.2692,0
299164.9113,0
299193.9181,0
299430.1357,0
299468.7604,0
299496.2324,0
299631.1334,0
299651.6295,0
299765.1758,0
299793.1751,1964.244699999981
300069.01159999997,0
300163.5693,0
300229.46,0
300245.6031,0
300358.3295,0
300512.06680000003,0
300679.9071,0
301117.6631,0
301179.1681,0
301341.7068,0
301355.4323,0
301401.1705,0
301505.4551,1875.248499999987
301535.1068,0
301546.49210000003,0
301659.3238,0
302048.2,0
302072.8315,0
302401.446,0
302554.5302,0
302578.3237,0
302830.9151,0
302855.8811,0
302880.3172,0
302952.9027,0
302982.6643,0
303108.2635,0
303118.7626,0
303126.6428,0
303167.2054,0
303324.9602,0
303380.3615,0
303557.0300166667,0
303578.3862,0
303634.77760000003,0
303641.6265,0
303996.5858333333,0
304257.0163,0
304382.4668,0
304439.4377,0
304496.9297,0
304511.5811,0
304585.5561,0
304662.9125,0
304705.66980000003,0
304746.2107,0
304768.2133,0
304948.6883,0
305148.0199,0
305284.3974,0
305340.6381,0
305582.6152,0
305752.6089,0
306013.9942,0
306033.4305,0
306073.1357,0
306255.8208,0
306416.7674,0
306439.8195,0
306458.1491,0
306523.61436666665,0
306636.107,0
306865.2313666667,0
306875.0579,0
307123.5101,0
307181.4395,0
307304.3463,0
307352.7896,0
307760.1522,0
307923.3767,0
308031.3545,0
308139.9416,0
308156.6357,0
308280.2446,0
308374.736,0
308450.4245,0
308454.515,0
308469.4584,0
308578.5326,0
308790.5927,0
308899.7474,5784.871199999994
308908.6118,0
308928.89,0
308983.13646,0
309079.2492,0
309206.5771,0
309214.1679,0
309411.2617,0
309477.6543,4901.462899999984
309678.94822,0
309718.2029,0
309824.8819,0
309860.0927,20517.89869999996
309908.8348,0
310041.0428,0
310047.3832,0
310237.3837,0
310294.8235,0
310380.4323,0
310423.8495,0
310424.4795,0
310481.3082,1777.262800000026
310487.2991,0
310488.6408,0
310666.3508,0
310683.9768,0
311432.1307,0
311473.0881,0
311528.1855,0
311533.2576,0
311635.281,0
311702.8559,0
311859.90119999996,0
312015.7664,0
312034.748,0
312260.9805,0
312272.3509,0
312288.1359,0
312478.92934,0
312543.119175,0
312634.111,0
312763.7616,12216.836633333354
312775.6016,0
313046.2212,0
313051.4977,0
313112.0803,0
313180.58160000003,0
313214.8513,0
313270.048,0
313414.8033,0
313501.6977,0
313562.0642,0
313757.3487,0
313811.5672,0
313873.4875,0
314063.1092,0
314083.93220000004,0
314183.1536,0
314190.9052,0
314252.7146,0
314485.8301,0
314569.7865,0
314595.1273,0
314658.2174,0
314689.24183333333,0
314706.4525,0
314997.24569999997,0
315118.5568,0
315199.4547,0
315327.703,0
315396.0286,0
315887.5509,0
316078.3525,0
316545.8883,0
316567.8,0
316585.654,0
316677.8767,0
316711.7153,0
317068.3491,0
317290.0305,0
317346.0052,0
317464.73522,0
317678.5895,0
317680.6475,0
317735.6028,0
317886.0572,0
318073.2237,0
318207.4898,0
318533.3722,0
318539.5913,0
318648.2905,6895.103000000003
318658.3576,0
318675.8027,0
318775.3472,0
318815.4662,0
318891.3051,0
319218.9405,0
319476.386,0
319663.3409,0
320390.2763,0
320601.234,0
320620.4946,0
320817.3055,0
320856.7821,0
320895.3674,0
320962.7319,0
321060.2529,0
321188.0188,0
321269.8568,0
321381.20050000004,0
321781.3495,0
321804.7782,0
321860.8342,0
321866.6629,0
321899.5925,0
321906.2395,0
322221.8121,0
322391.0797,0
322433.6915,0
322560.3584,0
322681.5147,0
322697.5569,0
322723.2635,0
322751.3675,0
322902.0757,0
322961.2825,0
322976.7017,0
323224.0771,0
323249.1682,0
323296.73470000003,0
323342.0046,0
323408.9164,0
323459.3531,0
323468.9728,0
323506.6401,0
324059.6496,0
324142.6647,0
324309.3595,0
324370.0118,0
324488.912,0
324494.3922,0
324585.1341,0
324744.00043333333,0
324974.8106,0
324996.7332,0
325043.7163,0
325056.6256,0
325073.3367,0
325203.7673,0
325420.8782,2870.700199999963
325527.9108,0
325579.8097,0
325891.0513,0
326061.3355,0
326062.1021,0
326099.66229999997,0
326200.0207,0
326289.5946,0
326345.5328,0
326362.8821,0
326400.4273,0
326401.2431,0
326483.1514,0
326553.97664,0
327020.0549,7286.596299999976
327039.4963,0
327151.4109,0
327183.5746,0
327246.996,0
327444.295,0
327485.679,0
327662.3216,0
327863.2637,0
327869.20920000004,0
328050.16980000003,0
328165.1578,0
328180.1111,0
328188.7894,0
328197.3888,0
328263.768,0
328332.0259,0
328470.10719999997,0
328582.2506,0
328655.8796,0
328724.4068,0
328727.9959,0
328814.7581,6523.864399999962
328911.983,0
328929.9476,0
328942.7756,0
329203.4255,0
329218.823,0
329334.7195,0
329405.16785,0
329528.0676,0
329542.7215,0
329975.3341,0
330071.2831,0
330075.0503,0
330101.5426,0
330108.2623,0
330420.7259,0
330534.0065,0
330619.5512,0
330622.4165,0
330637.7822,0
330773.7887,0
330784.1407,0
330812.92949999997,0
330930.6971,0
330950.4032,0
330971.2453,0
330982.22089999996,0
331024.0504,0
331068.1142,0
331245.4303,0
331351.3039,4965.2195000000065
331379.1996,0
331396.6707,0
331455.6335,0
331594.7247,0
331606.4829,0
331634.4556,0
331819.833,0
331838.1007,0
331924.091,0
331978.9926,0
331983.3968,0
332069.9634,0
332540.1732,0
332546.3637,0
332579.0771,0
332695.2025,0
332865.3025,0
332891.4496,0
332897.9313,0
332932.3551,0
332971.5722,0
333018.2704,0
333100.364,0
333135.7658,0
333192.1573,0
333255.0016,0
333467.006,0
333469.8442,0
333534.2744,0
333580.6112,0
333838.3076,0
333932.4813,0
334102.8156,0
334230.8782,0
334252.5517,0
334289.468,0
334301.1352,0
334457.4111,0
334461.7137,0
334478.7675,0
334624.4337,0
334661.64,10665.588400000008
334756.2243,0
334838.9216,0
334907.4786,0
335062.2203,0
335251.9791,0
335310.5827,0
335607.0231,0
335632.1862,0
335645.02890000003,0
335673.5355,0
335722.4139,0
335784.11,0
335894.9834,0
335920.2932,0
335929.4762,0
336108.7237,0
336422.0398,0
336490.2608,0
336588.5925,2166.9453000000212
336644.8568,0
336892.2019,0
336905.1336,0
336945.5735,0
336993.8843,0
337057.3864,0
337081.2582,0
337177.8745,0
337344.4966,0
337345.99809999997,0
337460.1783,0
337473.2108,0
337482.17079999996,0
337489.9606,2747.743199999968
337500.9955,0
337576.8972,0
337660.794,4145.762500000012
337676.2496,0
337687.082,0
337934.73725,0
338002.3678,0
338004.679,0
338074.8067,0
338121.8088,0
338344.1946,0
338425.2295,0
338534.6136,0
338578.5427,0
338809.2792333333,0
338812.2891,0
338856.6267,0
339136.5726,0
339168.3065,0
339630.8592,0
339801.3177,0
339856.2745,0
340008.9777,0
340056.5567,2782.2723000000115
340090.6684,0
340466.7302,0
340467.1937,0
340560.6704,0
340676.937,0
340810.2462,0
340916.3304,0
341023.1022,0
341048.1848,0
341082.28119999997,0
341355.8136,0
341365.0577,0
341472.4765,983.2037000000128
341530.2862,0
341643.5344,0
341648.73,0
341763.5644,0
341917.6784,0
341946.3754,0
341978.1173,0
341995.9599,0
342016.8455,0
342046.0575,0
342199.9077,0
342215.3348,0
342266.8242,0
342273.51529999997,0
342310.7699,0
342397.2192,0
342442.1063,0
342465.5685,0
342610.9801,0
342633.7945,0
342650.3471,0
342743.3887,0
342748.8133,0
342857.2983,0
342900.9858,0
342913.8423,0
342926.4035,0
343050.018,7016.3272
343169.3047,0
343177.94539999997,0
343265.5559,0
343305.0241,0
343372.79469999997,0
343387.4925,0
343398.3406,0
343568.7183,0
343989.0428,0
344077.3332,0
344324.9374,0
344511.4914,0
344700.1985,0
344726.4559,0
345098.5358,0
345263.278,0
345336.8494,0
345354.7112,0
345495.3169,0
345591.4629,0
345621.7391,0
345625.4914,0
345635.6863,0
345699.4489,0
345702.0162,0
345786.8628,0
345825.1478,0
345861.2803,0
345891.6013,0
346133.4189,0
346153.4997,0
346321.5642,0
346354.7763,0
346356.9034,0
346392.6685,0
346393.4137,0
346506.9881,0
346528.4487,0
346686.2331,0
346768.80796,0
346790.7709,0
346804.1197,0
346908.2683,0
346914.551,0
346967.2861,0
347129.4456,0
347141.3534,0
347142.7791,0
347654.8052,0
347925.1777,0
347939.1979,0
348038.0078,27.830900000000838
348155.5688,0
348187.1963,0
348252.4211,1058.3981499999645
348429.3714,0
348616.5433,0
348675.9075,0
348704.372,0
348805.2672,0
348831.7999,0
348865.3209,0
348935.6808,0
349153.23230000003,0
349159.7522,0
349162.569,522.7636000000057
349252.5489,0
349368.7576,0
349424.4731,0
349461.1409,0
349494.9704,0
349574.1091,0
349580.3037,0
349744.131,0
349842.4211,0
349883.42,0
349903.2583,0
350010.7682,0
350039.6678333333,0
350081.2109,0
350252.9657,0
350319.2204,0
350412.8627,0
350420.037,0
350444.7406,0
350474.9835,0
350511.341,0
350537.7976,0
350581.4267,0
350721.6529,0
350731.9674,0
350773.5004,0
350887.3221,0
351152.7647,0
351177.5939,0
351232.4164,0
351257.4918,0
351310.07050000003,0
351314.5415,0
351382.89879999997,0
351409.2622,0
351474.2198,0
351481.4111,0
351616.85730000003,0
351638.0396,0
351675.8388,0
351775.427,0
351852.40644,0
351854.4523,0
351888.1338,0
352219.9698,0
352344.1294,0
352350.0494,0
352413.4284,0
352451.7755,0
352486.9925,0
352492.9003,0
352825.4431,0
352841.3637,0
352921.451,0
352934.8603,0
353031.67949999997,0
353062.5376,0
353146.19299999997,0
353182.3469,0
353324.7094,0
353342.53489999997,0
353389.8683,0
353505.37930000003,0
353507.4518,0
353620.172,0
353635.5393,12821.709399999992
353643.4984,2050.7556999999797
353656.253,0
353784.8056,0
353814.2235,0
353891.5531,0
354130.6512,0
354298.0446,0
354421.1616,0
354600.59979999997,0
354611.027,0
354646.637,0
354656.391,0
354665.3603,0
354772.7021,0
354870.39,0
355369.9698,0
355553.1512,0
355602.1143,0
355691.234,0
355694.6984,0
355797.6358,0
355861.2317,0
355861.2567,0
356026.3062,0
356029.6071,0
356060.6737,0
356166.7808,0
356341.3087,0
356354.8517,0
356498.7866,0
357091.3699,0
357111.723,0
357229.75769999996,0
357332.1537,0
357436.0914,0
357473.3151,0
357521.8722,0
357626.9823,0
357716.6083,0
357759.6327,0
357776.5494,0
357885.1405,0
358079.295,0
358196.2845,0
358264.4128,0
358273.1986,0
358281.6752,0
358435.8176,0
358436.6854,0
358566.0718,0
358611.8515,0
358627.6929,0
358767.6248,0
358855.3389,0
358916.7901,0
358946.6965,0
358962.7278,0
359019.03393333335,0
359034.4506,0
359099.2135,706.9750999999815
359390.3133,0
359430.3494,9675.404900000023
359543.8402,17183.70159999997
359617.4429,6287.347999999998
359693.8406,0
359697.1238,0
359879.4583,0
359952.2581,0
360099.623,0
360198.1591,0
360288.0314,0
360380.6564,0
360394.0422,0
360448.9827,0
360518.6958,0
360584.2994,0
360686.8327,0
360731.6457,0
360823.4266,0
360823.8765,2385.6049999999814
361233.7266,0
361267.6584,0
361328.4987,0
361616.14650000003,0
361655.2533,0
361852.8954,2256.747999999963
362005.1341,0
362173.9422,0
362367.1807,0
362762.6472,0
362813.831,0
362840.4358,0
362992.60638,0
363042.2251,0
363316.87690000003,0
363365.0501,0
363387.7728,0
363417.8153,0
363428.7564,0
363743.0131,0
363835.5967,6671.621400000004
364026.7172,0
364164.2599,0
364490.4653,926.3890999999712
364504.2508,0
364554.2844,1060.1376000000164
364597.588,0
364659.5773,0
364709.8844,0
364753.5488,0
364792.499,0
364877.21640000003,0
365025.7904,0
365104.5891,0
365190.7605,0
365264.5003,320.00090000004275
365270.5219,2911.4274999999907
365328.1127,0
365416.30700000003,0
365417.2176,0
365423.0815,0
365593.0037,77.91969999996945
365654.96030000004,0
365665.9969,842.4430000000284
365833.4362,0
366070.08979999996,0
366079.7602,0
366509.46259999997,0
366786.5583,0
367069.5555,0
367075.8588,0
367122.2348,0
367182.6166,0
367282.7096,0
367286.6995,0
367432.46140000003,0
367578.9632,3753.9928000000073
367616.001,0
367631.7815,0
367678.4538,0
367983.9908,0
368010.9841,0
368020.6548,0
368032.7497,0
368328.7749,0
368546.94550000003,0
368703.0791,0
368843.7529,5843.277700000035
368855.8778,0
369352.9239,0
369505.8164,0
369552.2332,0
369999.8621,0
370121.8002,0
370241.6421,0
370256.3067,0
370311.378,0
370328.2612,0
370343.2729,0
370474.2017,0
370492.5147,0
370519.0745,0
370523.0159,0
370692.53489999997,0
370700.0544,7430.45689999999
370801.5491,0
371124.3513,0
371274.35589999997,0
371350.1348,0
371447.0818,6541.895399999979
371491.546,0
371570.6419,0
371660.6628,4909.583299999998
371699.7448,0
371714.325,0
371778.33019999997,0
371814.9205,10842.747800000012
371903.6375,0
372070.91370000003,0
372134.9893,0
372155.86950000003,0
372230.2898,6137.755300000019
372324.5683,0
372385.0531,0
372449.5886,0
372503.0491,0
372556.276,0
372590.2747,0
372651.2581,0
372870.9066,0
373012.1275,0
373036.1337,727.2265999999945
373058.8824,0
373158.1604,0
373308.6508,0
373557.024,0
373843.5128,0
373901.9558,0
373933.0657,0
373941.9569,2279.6954999999725
374026.4927,0
374295.9116,0
374487.3626,0
374906.8223,0
374967.4328,0
375134.4343,0
375145.6827,0
375215.51410000003,0
375267.2654,0
375552.41229999997,0
375617.729,0
375858.1264,0
376110.7505,0
376213.1843,0
376238.9109,0
376242.0303,0
376396.0452,0
376445.5725,0
376631.7911,6710.858899999992
376641.2008,0
376806.4089,0
376982.494,0
377179.5405,0
377354.0755,0
377466.4586,0
377578.8081,2519.228700000036
377766.9069,0
377889.0639,0
377928.9604,1463.898199999996
378095.5334,0
378260.603925,0
378419.2169,0
378460.40630000003,0
378563.9256,0
378629.7107,0
378861.0441,5493.264599999995
378994.3649,0
379110.6983,0
379217.6601,0
379235.0792,0
379454.8675,0
379502.6346,0
379708.043,6788.339600000007
379787.0148,2179.7783000000054
379956.1381,1705.1056999999564
380226.1986,0
380825.9304,0
380844.7484,0
381029.8975,10309.74489999999
381120.1182,0
381264.8327,0
381296.5871,0
381479.54839999997,0
381584.729,0
381700.7861,0
381866.2802,0
381910.6432,9378.665800000017
382006.9018,0
382206.5718,0
382208.4505,0
382826.1686,0
382941.37930000003,0
383019.3332,0
383089.577,0
383181.8225,0
383400.2283,0
383530.7784,0
383646.4632,0
383714.8387,0
383848.78260000004,0
384201.9067,15226.183900000004
384449.7149,0
384461.3182,0
384588.2417,0
384805.2576,0
384854.4175,0
384865.5602,0
384969.0993,0
384981.4069,3069.3156999999774
385256.7628,0
385335.3607,0
385492.5091,0
385553.40630000003,0
385666.9135,13703.270800000057
385781.555,0
386280.11970000004,0
386304.736,0
386335.4604,0
386452.0097,0
386546.3078,0
386647.3486,0
386720.9562,7790.218200000003
386822.2082,7740.922599999991
386858.2685,0
386883.80059999996,0
386952.4224,0
387067.7327,0
387106.9611,0
387239.4731,0
387391.242,0
387450.03729999997,0
387527.7661,0
387832.7283,0
388285.3148,0
388325.1588,8698.540500000003
388730.9003,0
388765.4374,0
388873.2689,0
388893.2434,0
388906.186,0
388907.4322,1311.7072000000044
389152.2453,0
389231.00789999997,0
389233.60750000004,0
389415.2525,0
389448.9721,9945.472900000052
389469.9342,0
389509.1826,0
389580.0327,0
389677.14249999996,0
389714.6408,0
389908.6321,0
389988.1574,0
390003.1521,0
390087.2355,0
390164.81193333335,0
390509.7954,0
390510.4099,971.9164999999921
390752.4661,0
390782.4622,0
390831.5573,203.16769999999087
390932.6872,0
391108.5227,0
391243.2694,0
391247.67980000004,0
391294.0224,0
391403.1893,8481.673133333388
391444.2807,0
391457.5224,0
391568.5635,7687.737999999954
391738.8646,0
392171.1364,0
392185.2498,0
392188.8781,0
392349.4559,2038.6856999999727
392370.7883,465.680800000031
392379.6842,8439.155000000028
392416.8133,0
392519.345,0
392540.5626,0
392749.7681,806.9574999999604
392856.303,0
392924.2626,0
392976.3237,0
393050.6803,0
393105.1345,0
393184.4403,0
393260.9002,0
393319.1045,0
393492.3334,0
393653.5147,0
393664.3489,0
393778.6378,14306.92630000005
393785.4103,0
393808.9654,1920.173999999999
393848.75481666665,0
394010.6475,633.6949000000604
394191.8656,0
394310.4827,0
394321.6822,7752.181999999972
394450.3705,0
394540.2507,0
394543.8224,0
394712.7781,0
394947.8962,0
394972.1908,0
395071.4767,8678.138800000015
395108.6277,0
395124.6572,0
395162.6426,0
395389.2763,6506.0642000000225
395426.0798,9819.561600000015
395479.3445,0
395564.2854,0
395643.3125,0
395671.8324,0
395695.8515,0
395737.8242,0
395821.13289999997,0
395860.271,0
395922.4174,0
396027.7761,0
396175.5073,0
396221.3268,0
396302.9513,0
396486.8674,0
396501.8756,7223.308300000033
396537.9737,0
396567.5859,0
396573.2081,0
396667.5247,0
396771.7767,0
396934.4911,0
397067.1662,0
397170.0951,0
397234.3689,0
397255.9979,4650.01390000002
397454.5962,0
397570.0769,0
397578.663,20085.896400000027
397717.7894,0
397804.655,0
397824.8401,0
398141.7492,0
398171.3431,0
398628.11264,0
398833.1625,0
398898.9844,0
398977.5099,0
399155.9977,0
399175.8659,4166.04039999994
399347.1725,0
399355.9507,0
399393.576,0
399559.8267,0
399673.915,3102.9191999999457
399681.2281,7127.650000000023
399691.3222,0
399883.6731,0
399970.5613,2768.8402999999817
400166.5011,0
400439.0266,0
400547.7912,0
400743.8228,0
400744.7859,0
400751.311,0
400940.4423,0
401050.6609,0
401112.8479,11094.563399999985
401164.7455,0
401360.2665,0
401376.4456,0
401583.82420000003,0
401633.3475,15778.327899999975
401749.2994,0
401917.1335,0
402229.0779,0
402265.3111,0
402425.5123,0
402490.3754,2883.3456000000006
402575.9759,0
402587.72702,0
402659.5,0
402777.4022,0
402804.0029,0
402863.59609999997,0
403237.4129,0
403278.9325,0
403430.67,0
404138.5727,0
404357.2205,0
404361.6786,0
404832.8749,0
405165.0007,0
405280.365,0
405408.9828,0
405456.5072,0
405524.3797333333,0
405646.2895,0
405670.6418,0
406035.764,12910.703600000008
406270.6333,0
406288.1037,0
406349.9221,0
406466.0074,0
406626.4798,0
406762.9371,0
406934.1983,0
406982.0978,11070.501999999979
407184.3506,0
407193.772,0
407205.2682,0
407313.1342,0
407608.4463,0
407643.9639,0
407678.41240000003,0
407787.9506,11632.90989999997
407975.8627,0
407987.0804,0
408017.3071,0
408439.60219999996,0
408466.9545,0
408530.6663,0
408541.6436,0
408685.1629,0
408802.7157,0
408884.8074,0
409001.5491,0
409049.7712,0
409140.595875,0
409196.9779,0
409283.33759999997,0
409315.566,0
409440.9524,1634.005700000038
409466.0452,0
409523.2026,0
410006.3948,0
410047.98829999997,0
410263.3691,0
410298.9547,0
410526.741,0
410624.3515,0
410795.0949,0
410802.4159,0
410807.3387,10591.670700000017
410914.436,0
410917.6089,0
410949.3601,12826.703299999994
411097.0559,13022.211699999985
411260.7095,0
411452.27918,0
411772.9722,0
412016.3503,0
412234.4816,0
412244.7894,0
412331.2038,0
412399.5495,0
412480.2066166667,0
412624.7279,0
412697.5348,0
412733.10490000003,0
412755.31202,0
412890.4987,0
412966.89879999997,0
413030.2364,0
413036.6536,0
413202.8619,0
413455.1845,1695.0989999999874
413516.6265333333,0
413758.8895,0
413964.4183,0
414028.1126,3520.660199999984
414100.2855,0
414134.2572,0
414135.5919,0
414454.6676,0
414671.8179,0
414710.2408,222.94840000005206
414712.1409,0
414877.967,0
414931.4163,13722.123099999968
414978.0542,7222.797499999986
415013.2685,0
415035.0971,0
415066.3727,0
415140.9297,0
415180.512975,0
415229.1824,0
415255.2301,0
415298.7856,0
415627.1802,0
415748.2335,10977.924999999988
415836.9006,0
415893.9382,0
415905.6593,0
416174.0843,0
416216.5027,0
416294.3538,0
416382.00430000003,0
416406.9754,0
416447.3933,0
416469.8435,0
416505.0709,0
416527.5124,0
416725.8856,0
416753.9641,0
416806.69779999997,0
417146.4166,0
417300.2504,0
417576.7969,14336.909600000014
418159.679,0
418224.7597,0
418250.9437,0
418265.5884,10390.267500000016
418342.8318,0
418347.3231,0
418439.2682,3641.025800000003
418493.4564,0
418529.0186,0
418542.3431,0
418931.8798,8392.177800000005
418977.6859,0
419016.6683,0
419068.4057,0
419106.6238,0
419115.2375,0
419174.84990000003,0
419234.6916,0
419399.4112,9851.29059999995
419581.0126,0
419584.6962,4253.446600000025
419598.1152,812.2973999999813
419609.4593,0
420101.6743,0
420421.4733,0
420465.17590000003,0
420496.87679999997,0
420568.1606,0
420670.9111,0
420679.1214,0
420819.9246,0
420897.9892,0
420906.3254,0
420962.2004,0
421170.2346,0
421235.894,0
421335.52056,0
421505.317,0
421546.421,0
421782.03740000003,0
422002.1051,0
422012.4077,0
422215.4016,0
422337.5514,0
422495.2781,0
422564.83770000003,0
422585.1444,0
422663.3906,0
422704.0382,0
422769.4866,0
422823.0522,0
423020.464,0
423103.8384,0
423176.2494,0
423199.7764,0
423314.60970000003,0
423446.6561,3861.2712000000174
423451.7836,0
423659.0571,0
423686.5465,0
423860.6604,0
423891.3385,0
424180.2051,0
424460.9688,0
424475.8639,0
424483.3345,0
424534.7364,5741.033699999971
424569.5856,0
424678.8079,0
424683.6686,0
424699.9005,0
424745.46900000004,0
424796.9133,0
424854.0158,8083.195999999996
424888.3212,0
424917.7368,0
425038.3127,0
425048.5145,0
425142.9656,0
425170.2554,0
425199.4872,0
425210.5084,0
425449.6333,1522.767899999977
425515.6482,0
425838.1575,0
425903.8461,0
426010.572,0
426018.7049,0
426163.88049999997,0
426175.4807,0
426362.9653,0
426382.6168,2787.20199999999
426421.523,0
426470.8335,0
426492.4452,0
426690.2833,14602.90399999998
426842.3996,0
426978.9538,0
427145.2332,10357.276500000036
427160.9061,0
427184.2861,9471.194900000002
427184.634,0
427248.6132,0
427337.74992,0
427396.2558,0
427654.7891,0
427727.681,0
427801.237,13006.718999999983
427869.2488,6327.38559999998
428041.3461,0
428059.9415,2743.5099000000046
428332.755,0
428360.6307,0
428490.1103,0
428547.0072,0
428552.5716,0
428747.9979,0
428755.4112,0
428950.88,5782.9997999999905
429102.33030000003,0
429121.0894,0
429158.9108,0
429171.5401,0
429193.9317,0
429208.2632,3705.7051999999676
429248.1203,0
429285.328,0
429441.9557,0
429461.8095,7897.874499999976
429480.9369,0
429485.80700000003,0
429500.13060000003,0
429705.4926,0
429715.6142,0
429801.0817,0
429911.2826,0
429937.8148,0
429986.06070000003,0
430242.676,0
430426.0285,0
430537.866,0
430802.1802,0
430829.8983,24415.17499999999
430849.3254,0
431079.0005,0
431178.734,0
431251.0309,0
431282.1733,0
431418.8765,0
431464.8959,0
431533.2175,0
431632.6782,0
431646.3231,0
432025.97829999996,0
432077.986,0
432078.507,0
432186.4609,0
432211.5669,0
432318.7187,0
432336.5093,0
432392.8139,3689.1193000000203
432647.27749999997,0
432701.0227,0
432828.23829999997,0
433081.264,0
433119.7774,0
433383.8649,5913.105299999996
433467.0122,7917.743499999982
433493.0029,0
433601.3109,0
433663.9126,0
433672.1641,0
433699.2731,0
433813.7786,0
433924.1915,0
434015.251,0
434023.1695,0
434314.0721,0
434319.9002,0
434344.0419,0
434365.8611,1795.3511999999755
434478.3252,0
434606.1191,0
434625.8879,0
434700.7896,0
434709.9329,0
434777.5047,1849.3204999999725
434986.8739,0
435197.8742,0
435238.877,0
435341.9812,894.8446000000113
435674.7258,5869.325300000026
435714.2151,0
435821.6392,0
435925.4949,0
436061.9844,0
436127.2464,0
436201.9927,0
436327.838,0
436437.0773,0
436457.1746,0
436494.73089999997,0
436513.0028,0
436531.6523,0
436603.6666,0
436612.2868,7088.12930000003
436861.2236,0
436873.7006,0
437081.6278,0
437173.164,0
437221.1008,10846.507400000002
437417.6302,0
437420.6175,0
437471.6978,0
437478.6368,9872.27489999996
437484.9108,0
437811.1693,0
437906.547,0
437970.5094,0
437982.7831,20837.729500000016
438120.8554,1094.3622999999789
438140.9044,9415.964199999988
438331.60349999997,0
438342.6651,0
438396.2811,0
438460.1953,0
438483.4696,1808.6453000000329
438495.0728,0
438533.40020000003,0
438630.5292,0
438672.6604,0
438735.8405,0
438790.4438,0
438988.5254,997.5562999999966
439223.58,0
439225.1874,804.0513999999966
439269.4228,0
439420.2495,7862.980500000005
439426.5047,0
439457.858,0
439473.9384,34071.984
439544.3824,0
439606.396,0
439659.5863,0
439723.7262,445.9038999999757
440031.3124,0
440298.9903,0
440569.5382,0
440629.5099,17669.51919999998
440815.4344,0
441007.2428,0
441058.0758,0
441093.2793,4948.052299999981
441189.9826,12330.322599999956
441281.4309,189.85599999997066
441387.44169999997,0
441548.9284,0
441866.0358,0
441929.1303,1497.6655166666606
442058.6501,7589.117200000037
442120.5157,0
442167.4415,8062.437800000014
442465.4188,0
442476.7278,0
442587.847,0
442624.1361,2184.2105999999912
442663.6061,0
442688.1034,541.571900000039
442907.6344,0
442968.9991,0
443028.8598,0
443215.2463,0
443396.48840000003,0
443687.2769,0
443691.7658,0
443722.4338,0
443776.1815,0
443854.7806,0
444080.98066666664,0
444303.7898,0
444304.1843,0
444378.8942,16555.05660000001
444481.982,1673.6169000000227
444582.6461,0
444629.6684,0
444691.3742,0
444884.1009,0
445172.9601,0
445177.48230000003,0
445566.6591,0
445714.3402,24460.311199999996
445762.1561,0
445945.1387,0
445953.71140000003,0
446176.5295,0
446344.869,0
446396.5107,348.1440999999759
446428.6538,0
446478.8508,6717.424400000018
446502.4081,0
446523.0898,0
446526.4359,0
446591.6212,0
446652.5786,0
446722.1374,0
447101.3064,0
447180.2331,0
447237.902,0
447379.1687,0
447432.9529,0
447604.6444,0
447622.9274,0
447781.6661,12039.440799999982
447919.8264,0
447999.5039,0
448008.7078,0
448012.3848,0
448032.49,0
448111.5093,0
448225.2891,6779.326699999976
448281.3882,0
448284.9633,2054.1048999999766
448390.2976,0
448398.3369,0
448462.5262,0
448651.4172,0
448693.7373,0
448801.16240000003,0
448927.2912,0
448984.9429,0
449100.0807,0
449164.6164,5815.054200000013
449231.9206,0
449310.4,0
449335.1186,0
449335.2668,0
449555.6673,0
449594.7499,0
449627.21,0
449834.2602,0
449901.8306,0
450130.043,775.5617000000202
450188.7413,11821.518500000006
450330.9879,0
450337.9836,4130.829399999988
450395.6889,0
450397.0038,0
450421.3792,0
450498.4082,0
450637.3125,0
450940.7428,0
451039.4946,1133.1524999999674
451133.0836,2307.998499999987
451158.4753,0
451251.5323,0
451297.8409,9879.429899999988
451312.5818,1742.0207999999984
451319.95889999997,0
451413.8415,0
451439.675,0
451619.908,0
451681.3663,0
451919.1786,0
451923.1766,974.357799999998
451964.599,0
452069.9871,8976.42240000004
452205.2162,0
452409.6603,0
452506.0273,0
452590.4091,0
452618.7122,0
452662.9469,0
452669.5051,0
452844.7975,0
452915.5386,3696.6811000000453
452983.7208,0
453037.2513,0
453150.5801,0
453521.3332,0
453545.7174,0
453793.83759999997,0
454007.0565,4450.281000000017
454101.7085,0
454132.5173,6639.64770000003
454246.3824,7387.49430000002
454449.7044,0
454498.4789,0
454526.40260000003,0
454541.05079999997,0
454572.3983,7088.532499999972
455169.3618,6906.213500000013
455192.5624,772.7873000000254
455218.4122,7984.323000000033
455387.9021,0
455625.105,0
455636.4715,0
455944.1935,18988.403699999966
456074.60380000004,0
456140.8194,0
456417.3238,5800.873900000006
456441.2192,5329.220900000015
456487.9381,0
456608.8926,0
456720.3257,0
456842.7894,4372.992199999979
457003.9582,7404.163100000005
457378.7663,0
457464.2294,0
457497.4829,0
457530.4299,2584.675099999993
457729.05700000003,0
457886.3358,0
458612.7347,23265.491099999985
458727.0837,0
458950.3346,0
458965.49679999996,0
459016.4739,0
459031.5721,3513.967100000009
459050.195,0
459116.1294,154.48519999999553
459215.8142,3413.5583000000333
459237.8187,0
459360.046,6999.679000000004
459643.1563,3962.9806999999564
460212.587,0
460609.1205,13795.507400000002
460656.9098,7882.049100000004
460957.3998,11432.936600000015
461062.1551,1638.9122999999672
461065.8957,8183.5929999999935
461069.4083,2223.543500000029
461109.5332,57.96340000000782
461178.7892,0
461402.1031,1786.3542000000016
461415.4064,0
461528.60970000003,0
461656.2085,1829.035600000003
461693.4405,0
461770.4578,0
461888.4486,0
461997.2817,0
462006.1776,4704.131699999969
462091.3166,0
462282.3119,0
462387.3789,17631.073199999984
462471.991,0
462514.0567,0
462573.8967,1810.2688000000198
462708.52150000003,0
462784.1021,0
462813.0194,0
462860.735,0
463118.4279,0
463189.7513,0
463228.4923,0
463267.46513333335,0
463279.6715,0
463431.1786,7743.1947999999975
463434.4996,0
463479.8206,0
463481.6521,3824.2442000000156
463514.9481,0
463568.2486,1124.0097999999998
463590.9989,16526.80170000001
463836.03260000004,0
463944.7079,3198.758600000001
464022.1252,6433.542400000035
464113.1608,9747.33600000001
464241.1559,0
464613.7274,8418.781099999964
464789.7878,0
464997.4356,5518.223700000031
465153.0428,0
465156.825,10187.947700000019
465200.0137,0
465439.1031,9744.245200000005
465556.38159999996,0
465605.7868,15809.524399999995
465774.729,0
466121.4172,2418.9657000000007
466281.0893,0
466287.185,0
466710.4127,0
466881.2438,0
466900.766,457.3694999999716
467025.4924,0
467182.4552,7114.465000000026
467585.3674,5485.310100000002
467675.8006,17641.77960000001
467849.231,0
467931.0417,0
467951.5402,25144.668000000005
467979.1630666667,0
467988.2608,0
468163.2325,0
468222.4776,286.6037999999826
468381.3117,0
468446.1932,0
468501.1997,9762.391699999978
468695.4311,2713.626099999994
468810.9752,0
468910.513,3814.617799999949
469218.8425,0
469246.9246,10781.977200000023
469251.7971,0
469283.0799,0
469339.7064,5005.820300000021
469357.2319,6250.284900000028
469487.6576,11016.58779999998
469638.823,10619.258499999996
469806.3883,0
469842.15260000003,0
469991.7131,6334.863899999997
469991.9196,6319.577400000009
470081.7839,7656.52899999998
470093.4849,1720.983499999973
470241.936,16365.298899999994
470261.0225,0
470263.1626,7868.6651999999885
470281.4253,9405.328800000018
470316.7231,2735.9902
470319.0978,4927.488599999982
470326.7398,5954.1731000000145
470440.0082,0
470779.5273,0
470812.9808,0
471025.4351,0
471035.8145,17021.460199999972
471126.9967,9779.374100000015
471200.1915,893.1359999999986
471434.2179,8853.363899999997
471748.7085,0
471820.9391,4901.036499999987
471952.0589,639.9332999999751
471999.5462,0
472018.1779,3151.827099999995
472043.6752,0
472208.3462,0
472489.3678,4902.241500000004
472495.9934,0
472642.6794,7872.043000000005
472657.6309,0
472756.209,0
472819.3479,13590.75589999999
472874.7541,0
472928.9381,0
473193.0482,6098.171100000036
473256.588,2508.1818000000203
473319.5253,0
473502.0605,0
473515.10860000004,0
473531.2988,0
473973.09405,0
473979.1378,0
474065.4457,0
474234.3035,0
474482.307,10389.944899999944
474754.3207,0
474810.9329,0
474900.9561,6271.254200000025
474917.5102,13350.49840000004
475069.991,0
475331.6987,0
475354.5048,0
475462.1196,644.6287000000011
476062.3002,0
476537.7892,0
476601.7141,0
476643.9227,0
476754.4242,17348.337899999984
476973.4223,27540.64499999996
476999.387,0
477113.2054,12008.510099999956
477327.417675,0
477362.22576666664,0
477382.1148,0
477437.1091,0
477438.7269,0
477609.5118,0
477683.7895,0
477767.3466,0
477778.4451,0
477797.5767,0
477832.68048,0
477841.7369,2510.8967999999877
477877.579,2022.7214000000386
477942.0796,2239.959199999983
478060.5071,0
478103.7093,10140.965899999952
478233.7446,0
478428.6413,0
478441.7825,7822.195999999996
478606.7156,0
478673.6032,0
478785.8186,0
478819.559,0
478867.2341,0
478956.3385,0
479006.2582,25808.441300000006
479117.4474,0
479183.6668,0
479189.2767,0
479443.49439999997,0
479471.9206,0
479515.683,15733.862100000028
479564.7247,0
479602.5164,1843.8353000000352
479694.2419,14966.81580000004
479804.9089,5038.127900000021
480034.6272,0
480246.2164,0
480302.5573,11782.587499999965
480354.38670000003,0
480362.6618,0
480416.3043,0
480483.9194,16235.09480000002
480602.3758,4815.606299999985
480671.9615,0
480692.3938,11255.131800000032
480782.3429,13172.473300000012
480980.002,13767.720399999991
481181.8265,0
481537.3257666667,0
481567.0158,12048.72729999997
481760.2588,14213.282899999991
481870.4135,1312.6796000000322
481995.6805,9232.419600000023
482123.2006,1629.8533999999636
482241.3931,0
482278.6259,0
482318.9113,0
482393.4268,515.8935000000056
482532.8638,5114.5304999999935
482537.6287,975.0672999999952
482715.5641,0
482820.3463,0
482858.6026,0
483139.3608,1726.4422999999952
483174.8845,7557.106624999957
483194.204,12911.490100000054
483361.0084,11669.91969999997
483533.19,603.8352000000305
483536.6254,894.0445333333337
483689.6003,4807.051700000011
483709.1317,0
484083.035,0
484109.5355,11436.642300000007
484148.34,14135.465800000005
484184.721,0
484448.054,0
484632.01,0
484668.4625,0
484718.4393,3666.0286166666774
484758.59,9259.385400000028
485010.8967,0
485074.0311,7038.132600000012
485199.6625,3278.522799999977
485199.8692,0
485268.8932,5127.91459999996
485280.9474,0
485303.3953,4457.869699999981
485396.5341,0
485435.0346,0
485444.03,0
485589.6765,9117.93359999999
485605.86710000003,0
485879.031,0
485981.426,0
