-----Simulation 0-----
172859.2806,0
173000.4989,0
173087.3971,0
173343.96899999998,0
173390.6155,0
173438.6876,0
173516.6771,0
173830.4968,0
174251.6354,0
174325.005,0
174549.99606666667,0
174560.2892,0
174744.6206,0
174748.2125,0
175088.7284,0
175158.2385,0
175168.2067,0
175215.2355,0
175649.1355,0
175879.9139,0
175898.7632,0
175900.9565,0
175986.9181,0
176157.531,0
176190.1528,0
176317.74109999998,0
176352.4801,0
176352.77289999998,0
176379.7616,0
176410.4985,0
176410.5744,0
176537.1283,0
176551.91580000002,0
176580.83909999998,0
176594.522,0
176595.0248,0
176649.87353333333,0
176772.259,0
176780.2555,0
177038.789,0
177064.4506,0
177325.1758,5372.472474999988
177515.3566,0
177601.0561,0
177647.4387,0
177662.9456,0
177673.1361,0
177884.20130000002,0
178008.0472,0
178089.7044,0
178101.5805,0
178102.5772,0
178126.7433,0
178167.9624,0
178207.46779999998,0
178209.5206,0
178255.74,0
178273.55670000002,0
178400.9313,0
178413.0109,0
178452.5865,0
178486.4198,0
178533.4742,0
178549.5877,0
178757.10129999998,0
178765.1783,0
178798.49839999998,0
178813.09350000002,0
178904.6291,0
179246.3742,0
179519.7576,0
179595.2645,0
179644.3179,0
179739.8152,0
179827.7503,0
180017.7029,0
180067.6233,0
180069.8274,0
180176.0552,0
180313.3298,0
180419.5982,0
180597.8461,0
180600.9485,0
180982.6735,0
181005.3938,0
181193.7256,0
181272.0362,0
181367.4638,0
181416.1831,0
181621.3726,0
181691.7415,0
181880.846,0
181924.07679999998,0
182003.3774,0
182133.4338,0
182150.3034,0
182183.53753333332,0
182199.2084,0
182355.1999,0
182419.8989,0
182516.5262,0
182549.297,0
182613.6524,0
182731.16629999998,0
182760.4895,0
182815.30550000002,0
182869.4221,0
183091.08980000002,0
183150.3831,0
183214.8895,0
183247.2676,0
183291.6592,0
183547.7188,0
183649.3444,0
183682.1449,0
183790.26559999998,0
183797.2173,0
183942.2263,0
183947.3039,0
183989.1232,0
184010.1606,0
184075.92979999998,0
184150.678175,0
184192.2184,0
184260.8474,0
184280.1562,0
184327.077,0
184425.2561,0
184478.8279,0
184555.8352,0
184817.71480000002,0
184886.3413,0
185133.22,0
185159.1751,0
185166.9805,0
185379.1727,0
185447.4774,0
185498.5859,0
185573.7328,0
185648.10950000002,0
185732.2317,0
185741.4939,0
185742.0579,0
185818.7541,0
185886.4855,0
185917.1515,0
185962.7727,0
185962.8749,0
186028.48383333333,0
186162.1734,0
186166.3895,0
186325.6754,0
186479.912,0
186650.422,0
186654.0979,0
186743.9132,0
186965.4655,0
187194.1435,0
187230.4296,0
187267.8984,0
187278.3592,0
187304.5488,0
187349.8639,0
187380.91710000002,0
187515.6457,0
187982.1011,0
187984.851,0
188135.1705,0
188281.95130000002,0
188441.5909,0
188489.98249999998,0
188601.6716,0
188656.39049999998,0
188803.9303,0
188841.5165,0
189122.1361,0
189276.7094,0
189390.2151,0
189411.0354,0
189545.3858,0
189738.8056,0
189945.84649999999,0
190006.3862,0
190044.1467,0
190209.2537,0
190252.4875,0
190293.3797,0
190459.45309999998,0
190475.9412,0
190477.2559,0
190552.7618,0
190617.2433,0
190693.337,0
190826.0367,0
190907.1135,0
191000.4334,0
191031.8994,0
191036.7256,0
191042.5117,0
191201.4777,0
191211.3176,0
191309.4236,0
191320.1773,0
191423.7116,0
191643.9328,0
191809.8468,0
191832.913,0
191895.5844,0
191939.0459,0
192022.0329,0
192180.3369,0
192216.8084,0
192231.1348,0
192315.5924,0
192536.492,0
192645.7495,0
193019.53230000002,0
193055.3499,0
193172.4105,0
193260.8701,0
193361.1713,0
193390.6162,0
193430.6431,0
193485.8094,0
193490.3243,0
193540.408,0
193626.4969,0
193693.59159999999,0
193715.8272,0
193770.2879,0
193845.3233,0
193949.4737,0
194030.5914,0
194101.481,0
194101.7551,0
194146.7284,0
194271.1398,0
194348.0577,0
194437.1101,0
194513.5329,0
194559.9001,0
194563.7224,0
194581.74719999998,0
194685.897,0
194813.7048,0
194817.6951,0
194832.2383,0
194880.9134,0
194899.7559,0
194951.6179,0
195108.4546,0
195117.08000000002,0
195128.1359,0
195381.2106,0
195410.3719,0
195724.3775,0
195762.8666,0
195806.38880000002,0
195927.1464,0
195977.2222,0
196197.4987,0
196250.1671,0
196390.5614,0
196416.4064,0
196427.94185,0
196458.3613,0
196489.8757,0
196493.4108,0
196496.4581,0
196600.8395,0
196633.20380000002,0
196638.5235,0
196920.1785,0
197017.0412,0
197054.358,0
197223.4843,0
197253.0329,0
197271.1195,0
197326.4948,0
197360.6106,0
197476.5282,0
197533.1231,0
197687.7816,0
197727.274,0
197886.1977,0
198118.9363,0
198121.4481,0
198191.9556,0
198222.8911,0
198311.3679,0
198367.56900000002,0
198397.3306,0
198519.5608,0
198613.7946,0
198646.5908,0
198663.1176,0
198846.9586,0
199060.4739,0
199245.1198,0
199299.8271,0
199538.3294,0
199640.3483,0
199661.2936,0
199693.1077,0
200018.7634,0
200081.605,0
200086.342,0
200104.0165,0
200225.8032,0
200321.3162,0
200374.8257,0
200484.8588,0
200797.5368,0
200920.0502,0
200965.6893,0
201015.0262,0
201124.1713,0
201299.6313,0
201372.3847,0
201402.4175,0
201434.6814,0
201555.9459,0
201694.4028,0
201923.6902,0
201955.8369,0
201979.14278333334,0
202047.3001,0
202134.5091,0
202208.5392,0
202250.5642,0
202664.39179999998,0
202948.6144,0
202956.3665,0
202996.0873,0
202998.41460000002,0
203017.5908,0
203022.2597,0
203083.9052,0
203140.2808,0
203514.0982,0
203563.7237,0
203613.5123,0
203715.1048,0
203850.3991,0
204142.3383,0
204335.5575,0
204459.048,0
204539.7615,0
204713.9919,0
204758.9193,0
204762.6655,0
205118.5491,0
205198.3055,0
205358.7014,0
205373.03590000002,0
205384.8187,0
205494.8748,0
205521.0437,0
205590.0465,0
205884.1264,0
206214.7021,0
206409.94986666666,0
206689.7727,0
206785.2183,0
206905.7199,0
207143.0117,0
207394.7978,0
207489.0265,0
207492.9103,0
207600.2179,0
207826.48619999998,0
207904.5789,0
208010.2304,0
208015.3854,0
208040.4872,0
208502.77531666667,0
208622.03590000002,0
208663.9362,0
208778.5746,0
208806.3923,0
208884.0067,0
209324.3423,0
209333.433,0
209469.70679999999,0
209574.0956,0
210334.693,0
210359.40655,0
210484.9386,0
210540.56530000002,0
210591.08909999998,0
210699.2241,0
210827.3596,0
210898.6534,0
211089.7669,0
211246.9883,0
211253.6812,0
211258.8306,0
211427.7973,0
211492.80416666667,0
211773.7817,0
211887.3063,0
211991.7623,0
212317.8231,0
212331.6162,0
212382.9958,0
212388.6583,0
212396.5844,0
212810.6921,0
212908.1141,0
212915.37829999998,0
213007.8963,0
213195.1362,0
213204.8534,0
213531.7099,0
213565.5775,0
213679.0024,0
213796.62164,0
213871.2266,0
213877.9945,0
214011.9164,0
214363.6048,0
214420.7741,0
214468.0816,0
214478.2831,0
214495.4246,0
214509.4401,0
214559.04200000002,0
214632.2303,0
214634.6197,0
214945.67105,0
215099.108,0
215222.2673,0
215391.0311,0
215500.60080000001,0
215527.3193,0
215787.9866,0
216046.01929999999,0
216080.1408,0
216200.8326,0
216353.63150000002,0
216635.2192,0
216725.8909,0
216848.893,0
217224.8062,0
217614.457,0
217646.1534,0
217652.3398,0
217976.3197,0
218397.42964,0
218434.9761,0
218797.9813,0
218982.1347,0
219015.7329,0
219102.7417,0
219113.6971,0
219251.0278,0
219253.1184,0
219279.4826,0
219302.79080000002,0
219376.3221,0
219520.9798,0
220137.1427,0
220145.0387,0
220148.2069,0
220266.3719,0
220402.22590000002,0
220441.4693,0
220445.21279999998,0
220470.4677,0
220644.1358,0
220654.1722,0
220766.39669999998,0
221281.8094,0
221344.4646,0
221505.6422,0
221538.0373,0
221772.7888,0
221994.0183,0
222211.329,0
222409.3971,0
222759.9457,0
222834.46409999998,0
222837.60619999998,0
223063.6703,0
223259.0952,0
223346.0098,0
223470.81290000002,0
223611.3371,0
223827.6074,0
224079.1914,0
225250.7172,0
225381.9164,0
225441.58299999998,0
225828.9216,0
225933.7456,0
225933.9042,0
225945.94939999998,0
226154.1052,0
226638.1594,0
226727.3713,0
226741.0358,0
226758.6577,0
227060.5474,0
227252.78590000002,0
227858.2253,0
227944.9287,0
227964.8223,0
227992.5282,0
228116.4612,0
228310.64549999998,0
228595.0858,0
228635.66186666666,0
228685.8853,0
228686.4357,0
228704.9671,0
228839.7864,0
228899.17680000002,0
228955.3037,0
228982.1111,0
229400.4125,0
229407.9746,0
229628.8172,0
229679.29820000002,0
229789.143,0
229919.2602,0
230110.3042,0
230147.02591666667,0
230197.08490000002,0
230201.678,0
230318.7091,0
230574.89179999998,0
230661.06829999998,0
230664.9369,0
230706.8821,0
230873.4275,0
231039.506,0
231050.9374,0
231111.20043333335,0
231142.1765,0
231399.3157,0
231554.89,0
231590.9694,0
231893.3236,0
231934.8435,0
232130.2231,0
232193.1941,0
232242.1877,0
232490.4908,0
232781.2146,0
232807.9462,0
232845.412,0
233468.7359,0
233499.7453,0
233735.6461,0
233847.9699,0
234152.73369999998,0
234457.4588,0
234851.9541,0
234874.3658,0
235040.8976,0
235076.9757,0
235404.1283,0
235507.4491,0
235511.0366,0
235884.8885,0
235978.9024,0
235989.7074,0
236113.879,0
236161.7911,0
236472.9379,0
236612.51196666667,0
236633.70683333333,0
236645.5914,0
236709.2275,0
237138.23343333334,0
237188.4573,0
237489.5363,0
237690.551,0
237749.5847,0
237875.8817,0
237980.5716,0
238048.4013,0
238294.9174,0
238318.5566,0
238384.90529999998,0
238627.0628,0
239003.07760000002,0
239047.043,0
239201.3385,0
239201.4762,0
239435.5327,0
239579.8994,0
239790.8261,0
239913.8081,0
240058.9071,0
240228.8127,0
240412.5551,0
240712.36609999998,0
240752.8441,0
240768.3851,0
240773.24065,0
240774.2184,0
240782.5709,0
240816.8221,0
240835.32288333334,0
240837.5284,0
240910.0263,0
241056.59715,0
241092.5887,0
241299.8389,0
241344.4655,0
241388.2684,0
241636.73619999998,0
241642.2789,0
241644.1493,0
241808.9822,0
241960.3761,0
242079.7644,0
242409.4558,0
242614.8371,0
242720.5964,0
242826.1175,0
242878.7118,0
243018.6831,0
243274.6439,0
243720.8608,0
243812.91013333332,0
243851.5654,0
243874.3162,0
243954.169,0
243998.2653,0
244007.21480000002,0
244218.702,0
244381.23070000001,0
244442.64789999998,0
244446.3909,0
244486.15730000002,0
244493.3785,0
244569.4022,0
244710.6019,0
244739.33542,0
244783.7409,0
244818.4639,0
244917.9919,0
244929.9347,0
244995.4187,0
245199.8729,0
245268.8053,0
245450.8345,0
245508.1606,0
245547.8375,0
245559.8229,0
245715.1395,0
245793.1848,0
245981.8267,0
246134.9402,0
246171.71360000002,0
246280.0005,0
246585.7879,0
246700.0581,0
246715.9698,0
246717.0582,0
247069.317,0
247163.46659999999,0
247181.8245,0
247387.95679999999,0
247424.2659,0
247467.6335,0
247797.0869,0
247830.9499,0
247885.13880000002,0
248052.7557,0
248073.3223,0
248105.04570000002,0
248137.7641,0
248197.1923,0
248470.8551,0
248533.3127,0
248585.6591,0
248730.5766,0
248775.3442,0
248888.2353,0
249381.3728,0
249407.378375,0
249649.4593,0
249806.7477,0
249877.7741,0
249957.561,0
249990.1256,0
250008.9623,0
250043.1868,0
250505.1042,0
250543.1401,0
250579.3026,0
250684.764,0
250897.7733,0
250900.0723,0
250903.8394,0
250921.88880000002,0
251040.1645,0
251042.2268,0
251045.1677,0
251174.7639,0
251360.3677,0
251389.8851,0
251404.84840000002,0
251534.1958,0
251566.9078,0
251701.9006,0
251832.4027,0
251849.0099,0
252188.6261,0
252333.9525,0
252409.0191,0
252430.8551,0
252498.8693,0
252712.3724,0
252748.96480000002,0
253288.9695,0
253349.0552,0
253398.36190000002,0
253409.1187,0
253619.4304,0
253620.3423,0
253767.8625,0
253821.8834,0
253841.7525,0
254001.3788,0
254180.2725,0
255197.9847,0
255221.9498,0
255228.2809,0
255273.657,0
255277.2076,0
255302.48208333334,0
255428.5412,0
255505.4056,0
255547.6576,0
255548.7697,0
255569.0569,0
255669.6715,0
255767.2924,0
255871.84,0
256068.4757,0
256082.91508,0
256101.09840000002,0
256203.5216,0
256337.34,0
256403.9216,0
256487.2367,0
256562.5537,0
256598.4509,0
256632.3448,0
256675.5882,0
256693.1907,0
256746.3892,0
256792.5199,0
256977.6659,0
257029.2955,0
257153.1139,0
257238.2673,0
257254.2302,0
257374.7014,0
257389.96110000001,0
257451.7095,0
257469.6647,0
257517.9448,0
257681.7576,0
257917.17859999998,0
257942.4296,0
257963.0017,0
258074.9868,0
258191.6325,0
258201.7652,0
258319.5403,0
258512.8209,0
258520.4436,0
258592.3057,0
258681.6845,0
258709.2359,0
258711.3064,0
258724.9526,0
258785.9922,0
258963.9741,0
259079.58980000002,0
259080.7172,0
259101.3676,0
259266.1574,0
259287.6824,0
259324.8765,0
259409.776,0
259591.8697,0
259607.8823,0
259746.4103,0
259775.5412,0
259780.67859999998,0
259839.3764,0
259907.9509,0
260098.7918,0
260145.8579,0
260147.8188,0
260182.9068,0
260641.4639,0
260740.1552,0
260926.595,0
260946.7837,0
261119.6544,0
261123.1214,0
261237.6768,0
261249.5364,0
261250.15885,0
261257.1578,0
261430.646,0
261444.3565,0
261475.3898,0
261490.7469,0
261508.0377,0
261521.8825,0
261570.2244,0
261736.2941,0
261741.8436,0
261847.5611,0
261850.5057,0
261894.9922,0
261953.6213,0
261972.2899,0
261996.8603,0
262009.39263333334,0
262310.073,0
262378.034,0
262613.3715,0
262636.0857,0
262650.6703,0
262958.346,0
263264.5715,0
263318.1723,0
263358.4667,0
263377.8167,0
263423.251,0
263437.9246166667,0
263461.94180000003,0
263482.8587,0
263567.4909,0
263636.2132,0
263741.7697,0
263996.647,0
264110.4632,0
264220.8947,0
264299.3375,0
264374.8739,0
264448.6684,0
264484.7061,0
264659.7943,0
264756.29,0
264782.50179999997,0
264897.8936,0
264977.4764,0
265096.621,0
265276.31,0
265307.43924,0
265319.9004,0
265327.1433,0
265365.5446,0
265407.0678,0
265473.7328,0
265556.4852,0
265690.4954,0
265823.264,0
265879.2436,0
265991.6186,0
266044.0664,0
266052.6364,0
266071.0142,0
266099.94180000003,0
266118.3779,0
266259.159,0
266306.8002,0
266359.28119999997,0
266520.4043,0
266592.6903,0
266623.1977,0
266882.7852,0
266912.1188,0
266922.4097,0
266961.3619,0
266985.962,0
267009.2313,0
267386.5277,0
267393.8162,0
267398.8571,0
267447.1929,0
267482.7242,0
267506.546,0
267563.4358,0
267595.9848,0
267684.6781,0
267826.5499,0
267917.2025,0
268644.9928,0
268667.4248,0
268675.795,0
268748.6895,0
268920.0677,0
268921.8804,0
268967.1258,0
268976.337,0
269014.447,0
269035.6474,0
269054.7259,0
269083.711,0
269130.30449999997,0
269153.4703,0
269384.6668,0
269398.7241,0
269677.1422,0
269779.6246,0
269892.402,0
269900.7012,0
269912.3001,0
269943.5051,0
269943.9409,0
270000.3223,0
270152.8516,0
270399.1508,0
270416.602,0
270471.1399,0
270889.3568,0
271086.7408,0
271119.3112,0
271223.2048,0
271261.8948,0
271320.4839,0
271394.1354,0
271454.865,0
271466.9676,0
271643.27760000003,0
272213.5554,0
272270.8221,0
272351.5203,0
272383.0482,0
272429.131,0
272491.5539,0
272595.7413,0
272707.1047,0
272750.3489,0
272911.4885,0
272921.0461,0
273051.0465,0
273158.666,0
273216.9666,0
273230.3211,0
273271.4174,0
273407.1621,0
273481.0124,0
273688.126,0
273826.5218,0
273939.9672,0
274035.399,0
274331.0873,0
274446.1871,0
274484.0152,0
274491.191,0
274511.7662,0
274744.26066666667,0
274916.0007,0
274980.4931,0
275269.478,0
275551.1666,0
275565.7596,0
275698.8756,0
275734.35738,0
276048.7988,0
276114.505,0
276204.3392,0
276299.5291,0
276460.8881,0
276607.64859999996,0
276610.0723,0
276824.8325,0
276940.23470000003,0
277012.719,0
277195.0722,0
277450.96510000003,0
277473.1808,0
277620.0636,0
277900.847,0
277966.3235,0
278000.0695,0
278283.5695,0
278325.1827,0
278408.6921,0
278423.8847,0
278493.6949,0
278554.3061,0
278580.6824,0
278614.98470000003,0
278639.7878,0
278712.4005,0
278801.653,0
278830.4255,0
278910.3958,0
278921.3698,0
278921.83019999997,0
278961.6587,0
279010.5863,0
279152.9243,0
279188.68559999997,0
279442.21400000004,0
279502.2015,0
279734.97609999997,0
279978.4649,0
280097.5536,0
280146.7741,0
280414.1089,0
280434.2778,0
280454.0746,0
280716.4952,0
280759.515,0
280869.6271,0
280945.022,0
281057.2271,0
281301.8005,0
281314.6554,0
281315.1597,0
281433.7152,0
281466.2414,0
281480.8271,0
281515.408,0
281515.8789,0
281561.8219,0
281670.2936,0
281725.07409999997,0
281992.1297,0
281993.7104,0
282049.3097,0
282185.144,0
282340.8414,0
282462.78500000003,0
282731.6117,0
282733.27509999997,0
282738.0516,0
283032.1077,0
283163.27540000004,0
283291.5788,0
283594.833,0
283644.9985,0
283834.3832,0
283879.6258,0
283976.951,0
284071.7696,0
284209.3227,0
284261.0744,0
284392.9831,0
284493.7674,0
284518.1706,0
284537.41969999997,0
284596.4718,0
284847.81680000003,0
284905.2109,0
285082.5075,0
285617.3999,0
285671.2326,0
285683.3277,0
285686.8858,0
285855.139,0
286014.1588,0
286073.1351,0
286077.9319,0
286085.6596,0
286154.2708,0
286323.2045,0
286367.0945,0
286419.5696,0
286503.3235,0
286522.2682,0
287081.5649,0
287086.9866,0
287209.7584,0
287210.1374,0
287230.9109,0
287339.5288,0
287347.5189,0
287354.6894,0
287455.6252,0
287482.9838,0
287591.4023,0
287799.4221,0
287916.0176,0
287989.6775,0
288282.0395,0
288385.1899,0
288414.8015,0
288579.6725,0
288694.3915,0
288712.6921,0
288771.9608,0
288910.4497,0
288918.81830000004,0
289045.0102,0
289147.7442,0
289197.64269999997,0
289219.9425,0
289512.5009,0
289545.262,0
289586.689,0
289690.1223,0
289803.4728,0
289867.5748,0
289936.2186,0
290035.1338,0
290097.6648,0
290182.4903,0
290243.8787,0
290269.9802,0
290303.6709,0
290424.2908,0
290455.1724,0
290469.3827,0
290515.6519,0
290563.3966,0
290609.72,0
290721.5083,0
290763.0636,0
290820.0342,0
290841.70149999997,0
290972.018,0
291151.8467,0
291186.2313,0
291264.8804,0
291467.8101,0
291694.0666,0
291723.9443,0
291761.8558,0
291777.2119,0
291816.0957,0
291857.5669,0
292021.2981,0
292127.168,0
292402.80090000003,0
292447.2563,0
292496.14410000003,0
292590.8741,0
292678.0674,0
292738.4504,0
293270.3421,0
293299.957,0
293338.5835,0
293412.3846,0
293422.8348,0
293558.3925,0
294108.7537,0
294272.299,0
294312.1577,0
294438.5494,0
294457.56039999996,0
294481.3916,0
294606.9907,0
294615.15088,0
294742.3697,0
294790.6546,0
294909.1455,0
295019.6044,0
295066.7307,0
295141.7332,0
295143.0882,0
295341.9977,0
295383.7998,0
295411.3077,0
295487.2686,0
295515.8383,0
295645.28260000004,0
295850.746,0
295865.7424,0
295964.4477,0
296222.232,0
296276.60120000003,0
296658.527,0
296668.7343,0
296930.7871,0
296980.9195,0
297011.0048,0
297189.2893,0
297281.9666,0
297453.14890000003,0
297467.1044,0
297865.4271,0
298031.04845,0
298081.8389,0
298455.1071,0
298461.7674,0
298762.1261,0
298776.8199,0
299058.2612,0
299089.23,0
299161.4409,0
299175.7529,0
299192.2298,0
299382.216,0
299490.3086,0
299572.49076666665,0
299689.552,0
299719.9692,0
299766.7236,0
299849.91969999997,0
299853.7341666667,0
299907.294,0
300056.9425,0
300932.1249,0
300985.9771,0
301022.88659999997,0
301305.7292,0
301508.8424,0
301570.9816,0
301735.6225,0
301913.7953,0
302188.7429,0
302246.561,0
302509.2281,0
302605.4924,0
302633.8017,0
303000.9099,0
303146.105,0
303211.2325,0
303325.4325,0
303375.6204,0
303569.0748,0
303700.6988,0
304043.0683,0
304160.6453,0
304394.10719999997,0
304516.672,0
304553.5464,0
304559.45290000003,0
304676.7213,0
304747.9924,0
304754.8713,0
304845.7608,0
305097.60329999996,0
305159.0273,0
305458.2311,0
305861.80350000004,0
305909.1364,0
306108.5563,0
306176.6227,0
306204.7675,0
306357.7329,0
306445.1339,0
306445.9806,0
306502.8835,0
306543.0269,0
306673.8233,0
306807.4717,0
306827.6619,0
306854.7054,0
306923.2645,0
307041.412,0
307230.4935,0
307265.6142,0
307400.0127,0
307418.47490000003,0
307440.66099999996,0
307568.8033,0
307573.3906,0
307764.5213,0
307929.0946,0
307969.8337,0
308010.5733,0
308048.26780000003,0
308058.46880000003,0
308202.37930000003,0
308270.3148,0
308321.2821,0
308426.3176,0
308624.8872,0
308767.3006,0
309151.5421,0
309175.1078,0
309247.1598,0
309369.64029999997,0
309405.68570000003,0
309679.8443,0
309713.9797,0
309791.9188,0
309799.2991,0
309834.6288,0
310132.2389,0
310247.24706666666,0
310251.3249,0
310283.1357,0
310288.4903,0
310446.0227,0
310535.7956,0
310846.58678,0
310980.2803,0
310984.4064,0
311065.0403,0
311165.4904,0
311222.3319,0
311446.1314,0
311452.5734,0
311524.99809999997,0
311736.6677,0
311741.9555,0
311769.7206,0
312155.8915,0
312474.767,0
312731.0526,0
313115.4352,0
313556.2515,0
313638.0084,0
313848.5132,0
313932.1749,0
314037.5395,0
314238.74,0
314662.3845,0
314816.5077,0
314824.6976,0
315584.0677,0
315717.62679999997,0
315948.3031,0
316444.2291,0
316491.8926,0
316558.8758,0
316563.7066,0
316725.3885,0
316781.006,0
316903.7811,0
316934.2737,0
317109.9707,0
317150.4692,0
317154.3267,0
317753.9375,0
317781.7958,0
317866.4073,0
317877.9311666667,0
318107.2928,0
318457.9339,0
318550.2814,0
318644.9601,0
318705.0255,0
318766.1627,0
318862.6381,0
319156.0273,0
319240.8777,0
319279.42151666665,0
319800.64879999997,0
319870.3675,0
320439.7714,0
320579.5481,0
320691.9155,0
320754.7997,0
320765.71400000004,0
320768.7581,0
320871.8086,0
320916.0325,0
321099.731,0
321207.8125,0
321540.3248,0
321605.7867,0
321736.9181,0
321803.5926,0
321891.7228,0
322010.56,0
322053.8203,0
322077.9789,0
322090.5475,0
322144.8354,0
322477.8098,0
322599.1407,0
322604.5634,0
322693.6185,0
322993.0047,0
323092.6909,0
323264.0518,0
323302.5519,0
323462.9971,0
323660.5599,0
323690.2058,0
323942.80689999997,0
324062.6205,0
324079.7401,0
324155.3864,0
324649.4013,0
324655.7707666667,0
324685.2927,0
324791.7,0
324850.6363,0
324883.1022,0
324921.5531,0
325128.0362,0
325236.0953,0
325281.487,0
325341.6404,0
325592.4459,0
325605.1625,0
325605.2546,0
325740.0618,4271.658000000054
325744.4442,0
325880.98455,0
326013.0579,0
326055.2487,0
326226.8242,0
326254.231,0
326475.0245,0
326500.4403,0
326692.2031,0
326704.70063333336,0
326712.9101,0
326779.9499,0
326873.6297,0
326886.6442,0
326932.364,0
327092.7416,0
327136.7409,0
327480.02421666664,0
327495.4587,0
327528.5984,0
327572.4964,0
327649.4178,0
327698.938,0
327800.31799999997,0
328104.587,0
328153.95180000004,0
328165.1398,0
328342.0476,0
328456.1668,0
328606.78928,0
328625.3976,0
328629.051,0
328739.9752,0
328924.39040000003,0
329224.7075,0
329281.4581,0
329321.4452,0
329329.36,0
329401.9686,0
329479.06059999997,0
329561.2472,0
329643.8473,0
329806.5568,0
330016.6942,402.1478000000352
330180.137,0
330210.4174,0
330351.5273,0
330467.0597,0
330483.9368,0
330555.2456,0
330563.0566,0
330665.8064,0
330778.73219999997,0
330844.025175,0
330865.5473,0
331008.4687,0
331070.0461,0
331272.0949,0
331340.8838,0
331496.5828,0
331549.0782,0
331630.7847,0
331696.2521,0
331876.5123,0
331971.49450000003,0
331982.7421,0
332105.2399,0
332213.232,0
332299.3745,0
332383.93,0
332508.0176,0
332820.5844,8938.539416666667
332844.4228,0
332914.1791,0
332937.3331,0
332943.8949,0
332954.1521,0
333084.1916,0
333331.2957,0
333431.2734,0
333615.0049,0
333682.1529,0
333775.0369,0
333777.9035,0
333881.6296,0
333971.7872,0
334038.66370000003,0
334103.0215,0
334230.047,0
334350.9783,0
334432.15020000003,0
334475.14,0
334509.4437,0
334528.1142,0
334622.0422,0
334624.0097,0
334646.9974,0
335149.17185,0
335733.0273,0
335749.777,0
335776.9297,0
335987.278775,0
336245.6689,0
336252.685,0
336281.7912,0
336334.2315,0
336427.6954,0
336428.3101,0
336475.091225,0
336589.68200000003,0
336639.2706,0
337149.5904,0
337163.2806,0
337256.7694,0
337494.3635,0
337595.355,0
337718.6791,0
337775.13300000003,0
337785.8031,0
337792.5595,0
337802.0584,0
337823.2596,0
338111.0654,0
338133.2537,0
338340.5749,0
338342.1453,0
338386.7388,0
338536.9368,0
338554.3041,0
338755.6785,0
338787.27509999997,0
338839.4176,0
338873.496,0
338972.4439,0
339019.8938,0
339079.0743,0
339093.3243,0
339141.8361,0
339213.2954,0
339278.3514,0
339297.9398,0
339419.3563,0
339455.9169,0
339590.3054,0
339810.1139,0
339824.5344,0
339900.5355,0
339912.8332,0
340134.2843,0
340151.8907,0
340227.4666,0
340591.3711,0
340599.8907,0
340622.5401,0
340676.1449,0
340711.4926,0
340828.7398,0
340971.8018,0
341034.6683,0
341109.8748,0
341154.9376,0
341271.2066,0
341466.998,0
341545.836,0
341562.919,0
341682.6828,0
341786.8944,0
341788.1749,0
341848.6252,0
341880.1252,0
342240.1251,0
342332.6909,0
342381.99450000003,0
342491.6877,0
342509.7827,0
342637.8884,0
342639.3406,0
342763.9257,0
342820.0029,0
342820.9521,0
342863.210275,0
342889.2561,0
343087.3368,0
343170.947,0
343241.7289,0
343333.6278,0
343547.9864,0
343658.4559,0
343856.4581,0
343864.0602,0
343915.7379,0
344028.1529,0
344110.089,0
344161.8674,0
344191.6079,0
344394.1782,0
344417.3485,0
344528.9256,0
344568.4671,0
344621.4183,0
344718.1605,0
344806.8851,0
344900.4448,0
344945.9929,0
345105.7935,0
345184.5006,0
345210.1343,0
345223.7094,0
345277.3979,0
345294.1337,0
345401.58906666667,0
345451.2061,0
345520.0562,0
345556.7802,0
345724.359,0
345810.1668,0
345890.5068,0
346035.036,0
346123.9908,0
346303.94328,0
346312.755975,0
346384.8342,0
346407.2455,0
346421.163,0
346465.213,0
346615.5799,0
346624.8892,0
346863.0617,0
346892.92960000003,0
346987.5019,0
347192.048,0
347210.5442,0
347216.6889,0
347263.5708,0
347295.1972,0
347335.8187666667,0
347336.4253,0
347541.5174,0
347555.6101,0
347621.0429,0
347659.7786,0
347866.1186,0
348030.3741,0
348047.050725,0
348181.1611,0
348240.11710000003,0
348248.6914,0
348383.7262,0
348385.3689,0
348386.9146,0
348492.4632,0
348532.6045,0
348595.3646,0
348723.5706,0
348984.07050000003,0
349039.6471,0
349052.7965,0
349228.8887,0
349313.5387,0
349448.11710000003,0
349841.0188,0
349870.5412,0
350077.4115,0
350221.7809,0
350597.9091,0
350598.45889999997,0
350690.49820000003,0
350699.1794,0
350736.7944,0
350945.1001,0
351005.8264,0
351023.0681,0
351030.9661,0
351060.8959,0
351186.9619,0
351209.3398,0
351233.7098,0
351269.79130000004,0
351315.0816,0
351319.403,0
351398.305,0
351447.5142,0
351488.944,0
351530.388,0
351623.0916,0
351624.1812,0
351773.6507,0
351909.6261,0
352024.8627,0
352086.2594,0
352230.2827,0
352233.8324,0
352298.714,0
352351.9743,0
352590.2877,0
352608.8884,0
352637.08759999997,0
352659.4789,0
352726.8606,0
352745.4814,0
352795.8055,0
352946.2195,0
353095.5425,0
353130.0468,0
353389.5084,0
353470.6362,0
353719.2933,0
353878.3855,0
353945.8238,0
354210.8005,0
354476.1024,0
354502.0311,0
354566.5227,0
354584.3138,0
354741.992225,0
354893.7708,0
354905.0862,0
354924.4968,0
354930.8964,0
354957.4878,0
354985.0579,0
354990.468,0
355069.2891,0
355074.53500000003,0
355112.2323,0
355144.1658,0
355301.61199999996,0
355330.76159999997,0
355382.2467,0
355418.8034,0
355430.5327,0
355488.1523,0
355587.1831,0
355673.0806,0
355766.99820000003,0
355784.006,0
355863.8338,0
355954.18443333334,0
356016.3532,0
356053.90630000003,0
356127.411,0
356241.5624333333,0
356274.5932,0
356356.3489,0
356380.4169,0
356657.39256666665,0
356759.7483,0
356811.89890000003,0
356900.0108,0
356948.9429,0
357006.6764,0
357049.3175,0
357064.8133,0
357152.1643,0
357203.0269,0
357220.2936,0
357262.1625,0
357439.9267,0
357511.621,0
357516.7649,0
357700.4071,0
357972.0148,0
357987.3217,0
358000.4202,0
358175.1453,0
358201.8293,0
358248.0959,0
358404.4898,0
358481.412,0
358504.8036,0
358544.1342,0
358609.6136,0
358634.7808,0
358776.2337,0
359077.1302,0
359122.1262,0
359171.82889999996,0
359357.9702,0
359394.9439,0
359552.913,0
359651.3653,0
359690.1777,0
359715.7039,0
359749.8115,0
359772.89269999997,0
359810.66359999997,0
359860.6258,0
359894.3351,0
359953.9754,0
359988.2746,0
360009.8157,0
360037.288,0
360065.9218,0
360150.6408,0
360432.8112,0
360620.101,0
360686.6115,0
360708.8319,0
360745.25190000003,0
361192.4798,0
361265.89,0
361337.5001,0
361613.8884,0
361650.3448,0
361753.0672,0
361846.01,0
361947.5664,0
361993.2634,0
361997.3325,0
362265.0916,0
362327.0777,0
362375.7721,0
362376.2221,0
362530.3616,0
362644.2338,0
362653.0089,0
362752.58640000003,0
363244.5889,0
363257.4757,0
363265.1492,0
363357.23600000003,0
363413.2335,0
363723.7513,0
363894.005,0
363936.4374,0
363957.8924,0
364088.3215,0
364128.376,0
364143.0953,0
364196.7954,0
364202.8922,0
364335.6595,0
364348.5909,0
364496.2611,0
364498.6608,0
364507.8315,0
364790.1979,0
364837.1412,0
364859.7726,0
364914.4972,0
364976.1335,0
365116.1192,0
365144.6041,0
365242.2488,0
365242.7839,0
365247.4043,0
365283.8405,0
365287.74,0
365315.7831,0
365376.5199,0
365492.3606,0
365586.3784,0
365687.7928,0
365712.0525,0
365753.445,0
365827.8722,0
365834.6699,0
365865.6583,0
365879.5537,0
365964.1527,0
365982.0759,0
366001.4015,0
366004.1899,0
366020.5121,0
366027.8222,0
366360.4916,0
366400.3834,0
366633.1288,0
366780.0132,0
367081.7783,0
367415.5274,0
367642.5684,0
367751.04709999997,0
367810.4862,0
368001.5769,0
368629.6791,0
368633.3132,0
368671.36710000003,0
368734.6457,0
368791.4069,0
368960.0381,0
369192.319,0
369243.5567,0
369256.6554,0
369529.7583,0
369563.3422,0
369669.4979,0
369730.7563,0
370040.1942,0
370045.8457,0
370128.6679,0
370304.7142,0
370393.7513,0
370837.6655,0
370948.0033,0
371011.6538,0
371016.0765,0
371143.873,0
371169.1971,0
371232.14639999997,0
371461.4315,0
371531.3696,0
371768.1063,0
371802.7314,0
371931.4288,0
371972.3385,0
372121.5477,0
372128.3787,0
372165.8335,0
372284.6645,0
372397.1672,0
372446.5963,0
372637.0074,0
372799.2339,0
372978.6317,0
372979.4607,0
372991.7091,0
373009.5795,0
373146.649,0
373262.464,0
373325.0377,0
373491.3089,0
373597.3226,0
373680.4880333333,0
373796.22490000003,0
373882.924,0
374031.1288,0
374231.1258,0
374231.196,0
374367.3462,0
374552.8371,0
374658.393,0
375238.5799,0
375262.27760000003,0
375350.76159999997,0
375425.60719999997,0
375433.3883,0
375454.1105,0
375508.0212,0
375739.8299,0
375745.38146666664,0
376135.6519,0
376210.45519999997,0
376571.7949,0
376582.1931,0
376688.7086,0
376748.850925,0
376751.51376,0
377126.0081,0
377178.63300000003,0
377187.7174,0
377240.6926,0
377485.1288,0
377544.4866,0
378142.9855,0
378242.7708,0
378447.3701,0
378525.5673,0
378638.0725,0
378802.6466,0
378814.61939999997,0
378822.7928,0
378935.1131,0
378963.48600000003,0
378967.4952,0
379005.94758333336,0
379136.206,0
379250.9153,0
379381.8672,0
379504.5903,0
379593.45889999997,0
379661.1816,0
379784.2577,0
379985.2779,0
380183.2638,0
380315.738,0
380334.6374,0
380559.7615,0
380571.9507,0
380611.00055,0
380779.7443,0
381138.30066666665,0
381158.9958,0
381265.65263333335,0
381311.6754,0
381388.9717,0
381416.0887,0
381887.1061,0
382175.8276,0
382239.45,0
382376.8963,0
382436.5503,0
382463.19575,0
382785.2021,0
382903.5147,0
382947.2951,0
383158.6627,0
383284.9314,0
383484.7679,0
383812.4191,0
383859.3593,0
383882.75190000003,0
383993.1901,0
384410.1252,0
384432.6797,0
384459.7132,0
384637.2812,0
384859.1578,0
384960.50789999997,0
385325.1098,0
385831.1924,0
385839.449,0
385861.75066,0
385873.0682,0
385880.3155,0
385884.0656,0
385944.0121,0
386387.184,0
386506.2171,0
386586.4374,0
386587.6223,0
386642.0822,0
386646.67590000003,0
386667.0833,0
386696.2846,0
386818.7246,0
386819.3754,0
387228.9814,0
387251.7447,0
387297.9299,0
387347.5002,0
387352.1756,0
387357.6246,0
387916.8623,0
388005.8982,0
388061.9819,0
388070.3262,0
388206.9609,0
388298.5585,0
388355.7611,0
388450.7844,0
388637.9801,0
388767.1123,0
388854.2469,0
389216.2063,0
389243.44909999997,0
389276.16359999997,0
389465.9967,0
389647.0518,0
389837.2634,0
389928.3203,0
390016.8504,0
390032.4547,0
390232.9035,0
390397.7976,0
390487.3916,0
390748.3172,0
390823.7228,0
390829.4636,0
390842.28013333335,0
390862.0981,0
391209.1963,0
391241.2357,0
391289.115,0
391413.8973,0
391685.488,0
391965.1666,0
391976.8314,0
392042.4527,0
392061.7367,0
392158.9268,0
392266.2879,0
392330.97,0
392576.2281,0
392579.6732,0
392659.1786,0
392859.0499,0
392866.2141,0
392899.1262,0
392937.9952,0
393036.3065,0
393229.105,0
393347.17339999997,0
393545.2884,0
393916.1159,0
394132.5857,0
394765.4715,0
394947.4151,0
395046.6831,0
395314.287,0
395364.6555,0
395385.901,0
395555.3151,0
395583.3527,0
395854.935,0
395867.09844,0
395941.9929,0
395957.1669,0
396098.9131,0
396168.3029,0
396194.2535,0
396226.2397,0
396487.9069,0
396501.9484,0
396577.0151,0
396602.19070000004,0
396733.09010000003,0
396753.2065,0
397001.8294,0
397201.1327,0
397270.3351,0
397675.2121,0
397680.7526,0
397693.4982,0
397707.7528,0
397764.0571,0
397804.3136,0
397854.8907,0
398148.3395,0
398410.5002,0
398616.1518,0
398652.5793,0
398784.2273,0
398894.8852,0
398936.9702,0
399037.2316,0
399078.90009999997,0
399100.4419,0
399128.2446,0
399246.0385833333,0
399278.9329,0
399286.6234,0
399360.93429999996,0
399439.66000000003,0
399445.4147,0
399503.2815,0
399531.8413,0
399646.0731,0
399765.93570000003,0
399845.4471,0
399859.1615,0
399931.3366,0
400260.4495,0
400262.6774,0
400321.1941,0
400800.2703,0
401207.357,0
401366.7571,0
401517.8868,0
401533.2927,0
401732.592,0
402007.6236,0
402202.1249,0
402310.3222,0
402453.0389,0
402517.4252,0
402534.6188,0
402578.4342,0
402657.9074,0
402704.55124,0
402958.62,0
403572.8203,0
403739.239,0
403829.9277,0
403842.6553,0
403881.5305,0
403935.03489999997,0
403964.0273,0
403968.9665,0
404150.9033,0
404223.3596,0
404331.2879,0
404757.9993,0
405016.21880000003,0
405594.7676,0
405961.79720000003,0
406206.81169999996,0
406224.1528,0
406282.3575,0
406370.56576,0
406409.571,0
407155.6373,0
407171.4862,0
407177.9021,0
407188.4529,0
407208.5085,0
407229.9914,0
407313.6826,0
407444.2578,0
407584.179975,0
407883.7494,0
408005.8584,0
408070.7992,0
408166.6965,0
408474.4517,0
408906.75789999997,0
409158.4426,0
409336.895,0
409367.2636,0
409431.69920000003,0
409475.4004,0
409481.4486,0
409789.2915,0
409818.0051,0
410157.5952,0
410273.7909,0
410567.3802,0
410687.5797,0
410957.5307,0
411019.7696,0
411345.7416,0
411398.4688,0
412177.59270000004,0
412349.95279999997,0
412365.2362,0
412576.1687,0
412617.4748,0
412925.1854,0
412975.7955,0
413016.6096,0
413026.4937,0
413159.3677,0
413319.9683,0
413635.00549999997,0
413664.8913,0
413846.3331,0
413934.0905,0
414091.2083,0
414292.6702,0
414364.5456,0
414649.6287,0
414672.76,0
414783.9328,0
415022.2257,0
415158.4422,0
415185.4639,0
415532.4227,0
415568.5548,0
415593.3969,0
415851.6019,0
415984.6688,0
415989.5457,0
416131.9546,0
416150.4127,0
416171.72849999997,0
416295.9725,0
416327.1518,0
416378.1576,0
416458.9334,0
416469.0881,0
416594.6301,0
416715.698,0
416776.4604,0
416853.665,0
416882.987,0
417117.8836,0
417217.6653,0
417369.87100000004,0
417607.3796,0
417703.7348,0
417707.6334,0
417738.8367,0
417893.6576,0
417919.9915,0
418130.5852,0
418139.727,0
418296.21880000003,0
418317.5345,0
418653.7538,0
418671.7651,0
418748.3842,0
419028.2839,0
419079.399325,0
419269.0015,0
419323.0858,0
419555.6462833333,0
419792.028,0
419824.8888,0
419840.4213,0
419846.2707,0
419939.8274,0
419968.9268,0
419994.0101,0
420114.726,0
420171.6101,0
420219.6801,0
420398.2921,0
420414.8992,0
420501.9462,0
420555.1085,0
420658.4305,0
420798.252,0
420822.451,0
420828.1874333333,0
420849.4023,0
420893.7047,0
420948.6471,0
420984.9104,0
421078.7106,0
421282.8094,0
421501.0826,0
421583.2079,0
421612.8687,0
421648.228,0
421687.6651,0
421719.5917,0
421935.4251,0
422083.0168,0
422163.8935,0
422404.3895,0
422495.051,0
422549.6089,0
422634.2354,0
422649.2694,0
422670.1716,0
422697.0972,0
422697.6743,0
422879.2511,0
422956.017,0
423125.1488,0
423185.0408,0
423264.0045,0
423606.7041,0
423721.5504,0
423731.8821,0
423883.0222,0
423891.4052,0
423924.5568,0
423965.0001,0
423978.3334,0
424026.163,0
424045.21140000003,0
424053.6155,0
424088.042,0
424132.1064,0
424250.6191,0
424265.6049,0
424281.9871,0
424290.1773,0
424332.503,0
424337.2834,0
424384.603,0
424522.6423,0
424528.4776,0
424621.8392,0
424786.4867,0
424889.9837,0
425003.4046,0
425206.8907,0
425208.8101,0
425332.7233,0
425649.536,0
425784.2772,0
425900.4911,0
425911.6878,0
425949.2918,0
426263.2043,0
426298.9146,0
426458.4476,0
426489.5064,0
426552.9738,0
426640.1477,0
426831.0473,0
426858.5707,0
426910.0268,0
427146.5147,0
427283.9756,0
427353.8055,0
427355.5637,0
427361.2764,0
427423.5532,0
427442.3822,0
427830.1472,0
427866.4827,0
427919.2888,0
427960.0862,0
427979.0695,0
428073.4309,0
428124.3784,0
428221.3981,0
428245.6789,0
428258.5688,0
428372.3751,0
428433.3433,0
428492.9433,0
428540.7358,0
428597.8909,0
428633.208,0
428653.0868,0
428664.2442,0
428740.2577,0
428753.862,0
428875.8151,0
428964.3502,0
429005.57660000003,0
429293.6935,0
429352.3946,0
429589.9774,0
429750.2192,0
429762.79709999997,0
429763.1061,0
429831.4255,0
429836.5677,0
429850.6057,0
430019.4069,0
430073.1246,0
430183.7933,0
430184.2176,0
430467.4096,0
430725.0213,0
430777.37288,0
430866.1729,0
431102.0443,0
431154.3485,0
431166.587,0
431345.6709,0
431366.2472,0
431415.1282,0
431459.7928,0
431564.3686,0
431665.3497,0
431729.0523,0
431832.9488,0
431940.2266,0
431954.7039,0
432195.1561,0
432343.6158,0
432606.4625,0
432920.9147,0
432968.5625,0
432970.2155,0
433135.3574,0
433189.3588,0
433249.3612,0
433354.0979,0
433636.7585,0
433782.2974,0
433837.1628,0
434068.3986,0
434250.95231666666,0
434370.2408,0
434374.3844,0
434510.7967,0
434695.6042,0
434715.3279,0
434760.2414,0
434820.5222,0
434964.4738,0
435083.3571,0
435084.1091,0
435111.4385,0
435251.9293,0
435331.5034,0
435382.0688,0
435416.7943,0
435589.1848,0
435613.9049,0
435772.2955,0
435879.1964,0
436249.6598,0
436282.2567,0
436399.10120000003,0
436471.2833,0
436594.68319999997,0
436607.20279999997,0
436670.161,0
436759.3138,0
436970.2785,0
437116.7533,0
437124.2117,0
437200.5011,0
437288.0451,0
437343.4471,0
437371.3089,0
437469.4848,0
437485.915,0
437572.8002,0
437578.504,0
437636.2522,0
437881.9365,0
437920.1178,0
438093.7002,0
438157.4018,0
438180.5661,0
438308.1617,0
438346.25152499997,0
438472.4122,0
438519.6591,0
438538.66000000003,0
438568.0376,0
438716.83530000004,0
438722.8861,0
438747.9363,0
438809.8324,0
439321.5506,0
439588.1028,0
439608.5758,0
439747.4095,0
439754.0454,0
439780.7902,0
439980.9031,0
440248.5887,0
440250.3085,0
440375.7354,0
440438.5911,0
440535.7352,0
440648.6061,0
440776.7698,0
441136.8272,0
441247.2372,0
441565.4608,0
441614.65,0
441720.224,0
441777.1304,0
441782.0146666667,0
441782.7108,0
441789.439,0
441932.6475,0
442124.1022,0
442196.5707,0
442254.2487,0
442542.6989,0
442599.0002,0
442695.2604,0
442796.7763,0
442875.76769999997,0
443035.6122,0
443216.9461,0
443376.46880000003,0
443444.36329999997,0
443474.6277,0
443514.3441,0
443556.8585,0
443670.4744,0
443766.0396,0
443914.5257,0
444040.4263,0
444063.772,0
444191.6801,0
444377.9196,0
444382.1404,0
444487.1806,0
444539.8795,0
444546.0236,0
444731.505,0
444739.7796,0
444826.2746,0
445056.5159,0
445162.5399,0
445211.4174,0
445272.0571,0
445355.9595,0
445386.612,0
445448.3287,0
445506.2642,0
445593.2196,0
445804.9129,0
446154.2339,0
446247.2758,0
446381.5034,0
446427.923,0
446454.726,0
446507.8663,0
446508.0396,0
446662.0403,0
446796.5488,0
446814.8748,0
446893.449,0
446913.8896,0
447018.0421,0
447246.4545,0
447329.9137,0
447362.6043,0
447427.0146,0
447481.9134,0
447482.698,0
447541.6162,0
447612.898,0
447764.39269999997,0
447765.0222,0
447935.281,0
448219.7594,0
448283.3193,0
448291.1746,0
448333.82420000003,0
448958.5233,0
449053.13300000003,0
449181.4571,0
449223.3245,0
449242.8193,0
449309.42220000003,0
449326.5415,0
449485.3138,0
449847.5591,0
449855.87679999997,0
450309.8714,0
450322.8531,0
450471.0665,0
450526.8191,0
450589.8229,0
450695.8646,0
450764.5109,0
450811.4265,0
450852.5777,0
450885.2706,0
450969.2405,0
451321.1105,0
451394.98459999997,0
451456.4745,0
451463.4105,0
451682.0253,0
451692.8047,0
451725.8532,0
451733.1869,0
452328.3219,0
452355.6369,0
452432.80700000003,0
452482.0229,0
452582.8513,0
452814.97849999997,0
452854.3504,0
452991.2381,0
453043.591,0
453118.3563,0
453201.0404,0
453305.3207,0
453375.4175,0
453648.53260000004,0
453938.3533,0
454029.8025,0
454030.7896,0
454263.7574,0
454279.333,0
454482.01780000003,0
454491.011,0
454510.7204,0
454579.2615,0
454791.6212,0
454882.4243,0
454924.8233,0
454943.4035,0
455218.8413,0
455222.2727,0
455261.5159,0
455372.6968,0
455385.9844,0
455465.9211,0
455942.4399,0
456101.3753,0
456178.1711,0
456196.8733,0
456213.8123,0
456358.2354,0
456557.1307,0
456575.56,0
456985.7589,0
456993.8298,0
457399.7643,0
457408.4821,0
457454.8557,0
457582.5512,0
457640.1682,0
457718.0071,0
457791.653,0
457837.8192,0
457902.2357,0
457950.9729,0
458263.88899999997,0
458274.2181,0
458287.7067,0
458444.2089,0
458521.0724,0
458571.5931,0
458646.085,0
458735.8706,0
458739.9795,0
458823.5038,0
458946.33160000003,0
458975.26300000004,0
459143.4299,0
459474.4336,0
459741.7808,0
460350.8691,0
460459.814,0
460463.6747,0
460475.4616,0
460622.1899,0
460635.75,0
460727.6285,0
460769.0827,0
460814.2466,0
460926.2836,0
460937.27379999997,0
460942.3114,0
461115.3317,0
461391.9985,0
461412.6041,0
461519.2729,0
461571.8773,0
461760.6275,0
462004.8841,0
462267.3679,0
462338.4036,0
462408.97490000003,0
462454.582,0
462548.1229,0
462606.7355,0
462707.9145,0
462729.7083,0
462746.1327,0
462762.29579999996,0
462885.3088,0
462963.6225,0
463035.91610000003,0
463076.12309999997,0
463118.3423,0
463274.4894,0
463300.2669,0
463337.2294,0
463394.7827,0
463590.8175,0
463652.3617,0
463737.7152,0
463856.2825,0
463916.3141,0
463926.8958,0
463992.2416,0
464005.3199,0
464156.3323,0
464225.7297,0
464634.0888,0
464650.1447,0
464978.2371,0
465159.994,0
465185.0861,0
465229.3994,0
465250.471,0
465501.2944,0
465747.1727,0
465929.576,0
466035.8959,0
466190.8503,0
466296.2549,0
466300.06680000003,0
466310.6524,0
466521.20050000004,0
466531.5431,0
466847.3676,0
466955.2111,0
466978.3362,0
467461.6411,0
467570.8325,0
467577.0896,0
467586.9972,0
467661.6878,0
467678.9303,0
467795.72849999997,0
467895.3229,0
467993.957,0
468061.941,0
468088.0739,0
468321.66610000003,0
468362.4058,0
468378.7564,0
468480.1682,0
468482.5034,0
468658.2202,0
468840.2855,0
469351.7365,0
469362.2673,0
469511.7681,0
469654.822,0
469728.9056,0
469784.0435,0
469807.5327,0
469811.1794,0
469920.5795,0
469977.657,0
470354.3146,0
470397.5094,0
470506.897275,0
470630.3184,0
470838.0897,0
471008.9538,0
471277.0356,0
471412.25426666666,0
471428.6396,0
471561.1135,0
471630.2659,0
471749.8817,0
471811.2586,0
472094.5069,0
472191.5599,0
472215.3691,0
472261.5248,0
472304.3453,0
472411.7872,0
472664.8837,0
472686.0833,0
472771.2958,0
472788.9526,0
472895.57050000003,0
472913.0438,0
472988.9543,0
473259.6431,0
473274.2643,0
473356.3272,0
473382.7171,0
473402.5259,0
473405.293,0
473434.6714,0
473497.93319999997,0
473521.5759,0
473647.6155,0
473672.8269,0
473898.25789999997,0
474051.704,0
474066.8724,0
474098.6554,0
474201.1923,0
474208.1807,0
474282.8575,0
474344.3658,0
474353.4353,0
474395.76529999997,0
474453.0187,0
474593.0914,0
474849.1996,0
475140.1538,0
475212.51529999997,0
475336.3176,0
475367.96869999997,0
475418.3198,0
475671.8736,0
476083.1185,0
476215.8131,0
476361.7759,0
476430.1383,0
476476.9209,0
476512.5935,0
476532.5309,0
476746.56779999996,0
476756.4795,0
476793.2755,0
476817.8211,0
476864.0109,0
476880.4861,0
476894.769,0
477024.0446,0
477132.9087,0
477369.4355,0
477491.8792,0
477553.4348,0
477583.5436,0
477596.9821,0
477801.86100000003,0
477816.5797,0
478175.2608,0
478215.9735,0
478343.9976,0
478359.7287,0
478371.8831,0
478373.92220000003,0
478515.23219999997,0
478625.0821,0
478749.2012,0
478775.1112,0
478788.6356,0
478840.346,0
478942.7773,0
478971.6053,0
479421.4717,0
479482.8404,0
479519.8672,0
479576.6337,0
479583.3162,0
479595.88800000004,0
479668.8337,0
479678.2847,0
479765.569,0
479923.4132,0
480041.0489,0
480201.7918,0
480641.6748,0
480784.6882,0
480851.4263,0
481031.1801,0
481031.8787,0
481177.1837,0
481178.8546,0
481317.7624,0
481656.071,0
481671.374,0
481717.3957,0
481767.6367,0
481825.2779,0
481937.3229,0
482141.1776,0
482431.493,0
482798.3324,0
482990.8878,0
483105.5837,0
483631.13616,0
483694.1449,0
483728.14280000003,0
483729.4742,0
483918.7741,0
483996.0334,0
484000.2455,0
484180.8568,0
484674.5814,0
484835.1953,0
485024.3734,0
485108.2309,0
485254.3053,0
485463.6872,0
485520.6148833333,0
485530.3114,0
485619.7755,0
485745.2307,0
485839.9387,0
486471.9692,0
486474.927,0
486539.3882,0
486784.60970000003,0
486977.7211,0
487147.9175,0
487214.392475,0
487514.08,0
487561.0168,0
487606.3921,0
487771.2119,0
487840.0716,0
488183.083,0
488274.0711,0
488308.74124,0
488727.5451,0
488821.0085,0
488860.0654,0
488860.8552,0
488903.9619,0
488954.5621,0
488974.6222,0
489009.0379,0
489071.0581,0
489255.6077,0
489469.3764,0
489648.9791,0
489660.5848,0
489762.3976,0
489769.5289,0
489924.7631,0
490064.1968,0
490084.6814,0
490204.3764,0
490205.3415,0
490264.9988,0
490386.1814333333,0
490428.7466,0
490537.0077,0
490717.7904,0
490838.3255,0
490864.4031,0
490935.6498,0
491054.3456,0
491303.484,0
491583.3709,0
491586.9382,0
491600.5244,0
491649.6781,0
491707.2351,0
491899.0915,0
491984.2475,0
491996.6228,0
492091.2596,0
492250.8223,0
492427.6822,0
492493.5172,0
492617.6063,0
492873.312,0
493068.0861,0
493258.7976,0
493333.7096,0
493340.6118,0
493425.7539,0
493524.1374,0
493805.5653,0
493811.6154,0
493866.8369333333,0
494130.5918,0
494275.3938,0
494280.0808,0
494468.1501,0
494472.0237,0
494717.9565,0
494840.3613,0
494857.7204,0
494913.9889,0
495057.2558,0
495146.7103,0
495406.4642,0
495677.9375,0
495683.82453333336,0
495830.6856,0
495914.9413,0
495943.1624,0
496144.5253,0
496255.0543,0
496269.9263,0
496315.6014,0
496339.3558,0
496628.3281,0
497013.7128,0
497037.76159999997,0
497193.71753333334,0
497297.6484,0
497314.2505,0
497316.86386,0
497458.3067,0
497605.0154,0
497713.6897,0
497934.7383,0
497997.4815,0
498086.6357,0
498673.0458,0
498773.4739,0
498924.4733,0
499110.3358,0
499146.1044,0
499154.202975,0
499599.7173,0
499617.9921,0
499705.3543,0
499910.9905,0
499943.2197,0
499953.34010000003,0
500203.1939,0
500204.5286,0
500233.4982,0
500293.8544,0
500392.2464,0
500443.5857,0
500466.876,0
500545.6936,0
500587.2109,0
500593.0943,0
500689.152,0
500815.9846,0
501001.328,0
501379.363,0
501506.4018,0
501574.9581,0
501666.4434,0
501826.379,0
502002.7665,0
502097.4869,0
502099.1773,0
502216.0925,0
502872.3157,0
503049.267,0
503173.5738,0
503220.28983333334,0
503296.1616,0
503348.4453,0
503384.5338,0
503616.5294,0
503772.939,0
503874.0132,0
504151.5423,0
504152.08609999996,0
504273.3863,0
504282.3015,0
504420.979,0
504609.4638,0
505162.8938,0
505214.3384,0
505215.9504,0
505254.5187,0
505366.8653,0
505515.1385,0
505564.12919999997,0
505610.5326,0
505663.6944,0
505833.8002,0
505839.3452,0
505856.0281,0
505929.3469,0
506359.6875,0
506394.7654,0
506492.6199,0
506601.5522,0
506759.7469,0
506813.0659,0
506827.4023,0
506940.5896,0
507011.3786,0
507025.9027,0
507091.8735,0
507105.2234,0
507128.2087,0
507218.994,0
507291.3319,0
507292.9675,0
507299.2815,0
507354.84010000003,0
507397.84,0
507402.0754,0
507423.5418,0
507511.3362,0
507565.0175,0
507590.8101,0
507757.1137,0
507909.90558333334,0
507977.89269999997,0
508112.6402,0
508413.5035,0
508423.2904,0
508460.601,0
508489.4462,0
508513.7733,0
508693.0412,0
508802.1555,0
508834.1358,0
508892.419,0
509280.6937,0
509364.5337,0
509448.83389999997,0
509521.5099,0
509521.6445,0
509551.5762,0
509587.9828,0
509650.9754,0
509867.6911,0
510023.6301,0
510196.4408,0
510243.8017,0
510372.74210000003,0
510386.8389,0
510408.9966,0
510479.8909,0
510556.5972,0
510887.4885,0
510986.0513,0
511060.1812,0
511101.6681,0
511126.7334,0
511272.8072,0
511369.7264,0
511375.1611,0
511532.7483,0
511585.766,0
511610.6256,0
511737.8179,0
511758.8034,0
511775.8577,0
511838.8162,0
511859.0403,0
511914.9769,0
511953.9321,0
512129.7852,0
512352.82203333336,0
512437.9786,0
512537.8268,0
512706.9094,0
512964.298,0
513006.5546,0
513148.7092,0
513292.1092,0
513463.038,0
513491.7929,0
513512.2905,0
513680.18929999997,0
513820.482075,0
513834.6408,0
513929.6928,0
513952.925,0
514045.6348,0
514077.0923,0
514412.6783,0
514485.6824,0
514599.858,0
514648.7746,0
514700.2078,0
514771.1045,0
514826.80683333334,0
514927.2311,0
515097.2542,0
515485.8357,0
515498.3785,0
515752.5064,0
515813.512,0
515891.0663,0
516125.6175,0
516259.8494,0
516295.1373,0
516370.8002,0
516476.3814,0
516566.6496,0
516622.0292,0
516798.3437,0
517011.2583,0
517075.0102,0
517105.62690000003,0
517121.9621,0
517240.896,0
517347.8049,0
517401.7281,0
517436.0956,0
517441.1899,0
517604.5421,0
517605.4476,0
517693.6128,0
517750.9138,0
518044.6716,0
518082.3188,0
518333.6052,0
518472.9046,0
518515.853,0
518677.143,0
518739.4116,0
518747.9047,0
519234.3028,0
519251.1031,0
519359.49569999997,0
519359.7615,0
519487.1747,0
519544.7146,0
519837.116,0
519873.3936,0
519881.413,0
519999.1236,0
520007.0569,0
520294.1523,0
520308.4983,0
520470.91610000003,0
520532.9072,0
520625.7134,0
520659.78489999997,0
520689.1315,0
520889.892,0
521015.5157,0
521071.6064,0
521093.354,0
521424.424,0
521734.9402,0
521870.7495,0
522552.5586,0
522791.19550000003,0
522921.1996,0
522951.02150000003,0
523063.2316,0
523065.29110000003,0
523125.1967,0
523126.7631,0
523133.9429,0
523206.55449999997,0
523392.4591,0
523640.6242,0
523645.01410000003,0
523743.5872,0
523749.3352,0
523811.6185,0
523876.594,0
523913.0821,0
524070.7004,0
524091.6634,0
524113.6125,0
524127.32440000004,0
524147.8015,0
524441.0231999999,0
524464.8517,0
524566.1411,0
524596.9661,0
524671.81464,0
524843.9343,0
524893.063,0
525005.809,0
525127.7023,0
525157.5067,0
525160.3163,0
525172.4685,0
525197.9813,0
525250.7844,0
525285.3027,0
525382.7373,0
525459.8712,0
525525.9890000001,0
525534.593,0
525535.6314,0
525606.59538,0
525741.3867,0
525922.0386,0
525954.3646,0
526058.7623,0
526239.0582,0
526347.2908,0
526353.8857,0
526539.1104,0
526646.2209,0
526674.5318,0
526676.0846,0
526820.2648,0
526885.3243,0
527148.4866,0
527432.9885,0
527497.3777,0
527498.69,0
527550.8905,0
527578.8239,0
527616.4983,0
527634.4796,0
527652.9617,0
527705.0797,0
527735.763,0
527769.7084,0
527915.4091,0
528043.911,0
528312.6854,0
528572.3953,0
528594.6460833333,0
528649.8564,0
528702.4833,0
528706.9343,0
528744.9487,0
528901.5852,0
529003.4655,0
529139.3715,0
529151.3171,0
529370.5067,0
529468.6374,0
529608.6083,0
529819.9784,0
529849.3816,0
530078.9152,0
530094.8094,0
530140.1147,0
530169.3921,0
530176.3878,0
530276.1351,0
530324.3229,0
530462.2481,0
530517.0871,0
530641.6722,0
530686.9091,0
530750.4547,0
530814.4014,0
530964.8524,0
530980.2236,0
531063.7557,0
531253.0608,0
531288.164,0
531304.1524,0
531408.4094,0
531449.571,0
531463.1552,0
531620.0794,0
531736.9484999999,0
531801.7979,0
531956.4761,0
532040.7909,0
532177.4878,0
532177.9361,0
532192.7831,0
532308.8006,0
532411.4404,0
532438.0603,0
532479.6907,0
532511.1922,0
532595.3832,0
532758.9867,0
532881.1663,0
532892.0494,0
532899.3128,0
532924.7916,0
533128.3608,0
533371.7405,0
533386.2514,0
533517.5074,0
533694.2531,0
533743.5864,0
533797.6073,0
533890.4815,0
534344.5638,0
534353.4890000001,0
534353.7947,0
534512.2594999999,0
534523.6825,0
534693.9717999999,0
534725.9814,0
534741.7824,0
534786.627,0
534909.3384,0
534983.7082,0
535273.5781,0
535370.9559,0
535416.1125,0
535536.6776,0
535542.0161,0
535736.6738,0
535830.1674,0
535868.9665,0
536538.2134,0
536543.9597,0
536628.5632,0
536642.0385,0
536675.4138,0
536714.7368,0
536985.5928,0
537000.501,0
537043.7287,0
537044.2401,0
537103.8209,0
537197.5705,0
537208.5567,0
537331.0826,0
537371.9852,0
537372.0044,0
537376.107,0
537376.8319999999,0
537478.1359,0
537507.0904,0
537512.9743,0
537530.9755,0
537662.0786,0
537743.2261,0
537832.6069,0
537890.8725,0
537974.9012,0
538007.3813,0
538182.7728,0
538187.9103,0
538225.049,0
538241.4437,0
538246.5009999999,0
538330.5636,0
538349.4416,0
538358.8305,0
538398.5501,0
538674.7955,0
538932.667,0
538941.3348000001,0
538957.3534,0
538964.9351,0
538985.4016,0
539007.6851,0
539033.9655,0
539110.7103,0
539150.7987,0
539165.2116,0
539264.1816,0
539314.88,0
539366.6092,0
539392.8255,0
539493.9392,0
539550.9765999999,0
539553.471,0
539697.4993,0
539776.0604,0
539880.0252,0
539965.5828,0
540037.5627,0
540132.2578,0
540245.2137,0
540313.0586,0
540571.9698,0
540572.7369,0
540586.3005,0
541013.4185,0
541022.3275,0
541068.7716,0
541086.1813,0
541253.4428,0
541272.0185,0
541486.3853,0
541588.0798,0
541588.663,0
541792.1799999999,0
541827.95,0
541933.8785,0
541957.1322999999,0
541962.8628,0
542020.4261,0
542150.1904,0
542202.3527,0
542357.7619,0
542452.3352,0
542511.7378,0
542654.4123,0
542849.7184,0
542885.4493,0
542913.2662,0
542928.7894,0
542931.9733,0
542979.7881,0
543064.6195,0
543102.11,0
543180.254,0
543229.9253,0
543354.7424999999,0
543391.644,0
543538.5691,0
543674.2244,0
543838.7272,0
543850.3451,0
543882.9463,0
543887.3896,0
544037.3068,0
544149.2191,0
544162.3648,0
544186.1726,0
544221.6685,0
544415.8684,0
544448.7719,0
544629.0622,0
544734.3367,0
544829.7439,0
545143.0518,0
545328.1447,0
545358.5829,0
545487.8505,0
545553.3388,0
545618.2786,0
545620.6384,0
545621.4545,0
545915.3728,0
545979.9674,0
546236.9851,0
546250.9147,0
546300.3018,0
546376.7016,0
546577.2759,0
546601.0456,7304.1232999999775
546645.6584,0
546771.3841,0
546787.3743,0
546937.3398,0
547027.4406,0
547103.8788000001,0
547187.972,0
547369.6122,0
547540.1621,0
547594.2709,0
547757.9598000001,0
547975.7162,0
548039.9841,0
548052.6174,0
548099.3153,0
548508.7678,0
548568.4735,0
548641.2367,0
548815.0318,0
548854.2752,0
548943.046,0
549052.2882,0
549230.7997,0
549283.28748,0
549377.9259,0
549485.0562,0
549599.2137,0
549763.4017,0
549953.5499,0
550259.1874,0
550322.4942,0
550395.4278,0
550404.4618,0
550404.722,0
550467.1994,0
550487.3215,0
550526.3667,0
550632.7244,10702.12659999996
550657.5327999999,0
550671.7673,0
550775.4655,0
551061.4539,0
551293.7545,0
551519.8058,0
551523.7976,0
551846.69,0
552060.285,0
552168.7738,0
552176.7907,0
552206.9788,0
552243.8552999999,0
552270.2077,0
552281.9972,0
552381.443,0
552403.2787,0
552447.268,0
552472.2814,0
552649.9094,0
552684.5226,0
552727.0288,0
552859.8475,0
552941.2078,0
553168.5279999999,0
553291.2376999999,0
553367.4333,0
553630.3687,0
553635.3399,0
554081.0095,0
554115.8771,0
554270.8051,0
554569.4404,0
554681.3771,0
554719.8818,0
554724.4371,0
554774.312,0
554824.9323,0
554849.8625,0
554879.4466,0
554901.4767,0
555120.5285,0
555142.0835,0
555313.2671,0
555401.8007,0
555479.4573,0
555651.1117,0
555851.327,0
555852.4111,0
555904.2884,4331.708099999931
556095.6251,0
556099.9481,0
556463.4146,3053.767200000002
556517.1106,0
556553.1508,0
556660.1039,0
556787.2032999999,0
556802.2135,0
556872.6198,0
556910.0749,0
556980.6379,0
557335.525,0
557578.7285,0
557693.813,0
557822.6267,0
557973.2643,0
557995.8056,0
558065.1811,0
558072.6793,0
558091.6691,0
558094.4107,0
558116.7733,0
558715.2077833334,0
558842.6396,0
559275.2773,0
559322.7888,0
559351.3814,0
559352.2278,0
559361.2435,0
559515.7494,0
559754.8481000001,0
559824.2024,0
559884.0401,0
560094.2933,0
560297.5532,0
560343.8832,0
560352.6735,0
560416.1384,0
560424.7053,11676.472300000023
560434.1437,0
560450.7217999999,0
560581.9652,0
560651.2748,0
560653.0594,0
560784.237,0
560841.1558,0
560920.6855,0
561167.192,0
561422.4696,0
561432.152,0
561488.3488,0
561668.1962,0
561880.8629000001,0
562021.0482,0
562179.037,0
563339.9969,0
563439.0424,0
563509.4262,0
563670.2596,0
563987.1555999999,0
564083.7221,0
564323.9884,0
564424.7197,0
564444.4786,0
564485.4593,0
564523.0905,11674.403900000034
564757.4863,0
565059.3643,0
565225.6968,0
565336.3541,0
565337.8522,0
565683.6769,0
565684.8512,0
565693.2778,0
565710.0579,0
565908.3191,0
566058.0087,0
566117.2357,0
566338.1104,0
566476.4140999999,0
566690.2304,0
566781.3517,0
566866.1015999999,0
566866.905,0
566997.7434,0
567002.7058,0
567063.3466,0
567224.0134,0
567336.724,0
567381.0434,0
567394.309,0
567438.8752,0
567741.4792,0
568271.134,0
568631.961,0
568708.4032000001,0
568971.9318,0
569113.2798,0
569186.4515,0
569319.9258,0
569337.7529,0
569340.8651,0
569715.4933,0
570160.6861,0
570345.5849,0
570352.4516,0
570389.4882,0
570399.4626,0
571289.7119,0
571315.2109000001,0
571607.2944,0
571645.6821,0
571679.5141,0
571858.8653,0
571945.8625,0
572103.0578,0
572265.2297,0
572561.4316,0
572575.1435,0
573203.1687,0
573479.6418,0
573591.0612,0
573615.8724,0
573690.1711,0
573879.5574,0
574364.1491,0
574721.0648,0
574950.7969,0
575210.4951,0
575211.4807,0
575357.6297,0
575613.832,0
575659.2338,0
575669.6056,0
576235.2051,0
576508.6374,0
576633.5758,0
577125.507,0
577259.1414,0
577293.0921,0
577308.853,0
577421.3555000001,0
577514.0769,0
577540.3809,0
577652.1152,0
577786.2801,0
578029.0999,0
578134.263,0
578538.3529,0
578566.3544,0
578583.0189,0
578590.9948,0
578619.8455,0
578786.08,0
578841.1876,0
578885.9383,0
579141.9759,0
579180.2774,0
579260.5317,0
579588.459,0
580073.28862,0
580083.0042,0
580325.8154,0
580353.7075,0
580543.8721,0
580625.1265,0
580690.3682,0
580768.9442,0
581027.5101,0
581385.6506,0
581462.0856,0
581474.0254,0
581502.5072,0
581657.3256,0
581838.8597,0
581872.917,0
581962.0607,0
582384.1254,0
582654.6847,0
582662.6087,0
582690.5008,0
582783.1878,0
582848.1336000001,0
582862.5627,0
583039.0468,0
583045.3421,0
583120.2758,0
583129.9702,0
583141.9065,0
583178.0517,0
583181.0515000001,0
583275.9708,0
583340.7338,0
583389.2943,0
584077.0728,0
584205.1843,0
584279.7021,0
584473.6852,0
584549.8214,0
584771.531,0
585024.0799,0
585043.9709,0
585269.8736,0
585471.817,0
585505.85198,0
585596.3819,0
585619.3829,0
585652.8412,0
585891.2928,0
586162.996,0
586354.2845,0
586363.99205,0
586566.3494,0
586766.5948,0
586772.5706,0
586829.4640333334,0
586972.97,0
587078.18025,0
587095.6839,0
587243.8309,0
587248.0188,0
587732.7641166666,0
588004.2265,0
588032.4353,0
588120.5362,0
588216.9506,0
588267.2509,0
588354.4592,0
588454.0225,0
588640.9187,0
588892.8239,0
589211.189,0
589657.3589,0
589723.3657,0
589738.7305,0
589779.5307,0
589794.2607,0
589914.5718,0
589982.9026,0
590126.7759,0
590225.0381,0
590371.5611,0
590583.9496,0
590715.6577,0
590728.488,0
590792.3894,0
590949.8658,0
590957.2471,0
591210.1871,0
591276.8454,0
591317.0274,0
591339.1898,0
591780.6527,0
592041.1559,0
592218.999,0
592303.926625,0
592332.5759,0
592337.9484,0
592514.8799,0
592524.8732333333,0
592532.4546,0
592712.1199,0
592714.2812,0
592972.253,0
592997.3397,0
592997.6044,0
593145.7742,0
593189.1999,0
593262.9271,0
593711.6015,0
593723.0828333333,0
593866.8564,0
593891.6803,0
593943.0575,0
593948.0845,0
594267.26445,0
594319.742,0
594343.1603,0
594455.9222,0
594612.3693,0
594617.5803,0
594662.3263,0
594923.2697,0
595091.3392,0
595099.7025,0
595150.0315,0
595434.4993,0
595454.0321,0
595586.6505,0
595779.4082,0
595821.9922,0
595966.5156,0
595996.021,0
596161.1964,0
596220.0296,0
596251.4744,0
596319.5122,0
596352.9335,0
596471.2106,0
596602.8739,0
596695.1901,0
596696.7008,0
596988.5676,0
597199.1777,0
597285.3937,0
597795.8561,0
597839.8675,0
597943.7196,0
598003.5672,0
598024.5129,0
598098.7356,0
598164.222,0
598370.1714,0
598473.8276,0
598495.7733,0
598551.606,0
598575.2477,0
598679.6722,0
598816.1937,0
598843.8931,0
599020.6786,0
599154.387,0
599235.4776,0
599275.0778,0
599454.9917,0
599566.4224,0
599616.9359,0
599639.2389,0
599770.5251,0
599864.0337,0
599864.6814,0
599991.3671,0
600139.8184,0
600153.1026,0
600238.9675,0
600292.2689,0
600334.1427,0
600417.253925,0
600436.3336,0
600464.5048,0
600798.762,0
600992.6186,0
601180.993,0
601364.3752,0
601399.8471,0
601412.1829,0
601546.5399,0
601614.5245,0
601784.1359,0
601805.0039,0
601858.0943,0
602055.3009,0
602061.5805,0
602061.7645,0
602259.7343,0
602395.6745,0
602414.2677,0
602583.6423,0
602604.4815,0
602617.0036,0
602716.3079,0
602734.594,0
602743.5711000001,0
602974.2031,0
603012.7768,0
603446.06676,0
603475.5777,0
603503.0219,0
603503.7283,0
603547.3755,0
603649.8199,0
603716.5164,0
603773.236,0
603781.7109,0
603813.3648,0
603886.2289,0
604073.3007,0
604158.8207,0
604189.3376,0
604279.8654,0
604467.0155,0
604766.4398,0
604794.8327,0
604806.8601,0
604885.3318,0
604890.7855,0
604958.7298,0
605402.2878,0
605497.3910000001,0
605595.8574,0
605722.925,0
605911.3416,0
605921.1817,0
605994.2133,0
606057.3886,0
606066.0061,0
606196.5631,0
606343.8082,0
606376.1808,0
606382.6151,0
606421.4041,0
606785.6778,0
606882.8894,0
606983.7575,0
607017.2225,0
607060.2613,0
607399.1605,0
607652.4713,0
607668.9932,0
607712.3798,0
607718.1766,0
607892.3311,0
608200.2418,0
608200.5134,0
608214.078,0
608230.7024,0
608335.0823,0
608415.8013,0
608475.3616,0
608476.0841,0
608739.3667,0
608746.5674,0
608754.0326,0
608797.8986,0
608879.5024,0
609031.0777,0
609129.2472,0
609193.0127,0
609276.9464,0
609282.5085,0
609341.1203,0
609588.8838,0
609590.3382666666,0
609814.6345,0
610163.2581,0
610249.264,0
610304.9383,0
610309.9131,0
610458.0395,1056.8340999999782
610619.5862,0
610843.0821,0
610880.0896,0
610917.3363,0
610983.8551,0
611099.4654,0
611105.5083,0
611120.8444000001,0
611185.2583,0
611392.5246,0
611418.1862,0
611504.6126,0
611513.0759,0
611605.9205,0
611897.3983,0
611987.174,0
612023.1648,0
612057.6823,0
612394.0059,0
612473.5716,0
612484.0884,0
612870.1831,0
613042.3196,0
613292.5285,4522.98609999998
613316.2808,0
613349.5548,4530.084400000051
613573.8445,5165.944200000027
613788.5929,0
613806.3201,0
613854.0586,0
613994.9638,0
614036.5132,0
614113.424,0
614128.4720000001,0
614145.947,0
614156.6533,0
614192.0389,0
614205.3834,0
614297.045,0
614342.5341,5615.321400000015
614385.8513,0
614467.4967,0
614532.8947,0
614611.686,0
614618.7866,0
614780.6214,0
614837.3422,0
614947.5571,0
615053.2868,0
615107.3475,0
615177.787,0
615336.701,0
615341.0679,0
615345.7689,0
615719.297,0
615742.7988,0
615825.7644,0
615832.1677,5106.863200000022
615986.8865,0
615991.7299,0
616073.6654,0
616338.0689,0
616513.1229,0
616527.0329,0
616689.6853,0
616725.6122,0
616727.9566,0
616805.7791,0
616885.9602,0
616960.4779,0
617045.5393,5442.2976999999955
617103.7985,0
617265.9629,0
617271.4504,0
617288.1765000001,0
617372.6714,0
617649.4575,0
617658.7032,0
617848.6115,0
617874.196,0
617995.0102,0
618021.3127,0
618121.5193,5214.736200000043
618122.2076,0
618307.1472,0
618332.3499,0
618490.1567,0
618792.3055,0
618806.3438,0
618832.9,0
618940.7459,0
618992.8806,0
619061.2558,0
619213.8761,0
619277.8756666667,0
619297.9724,0
619326.1266,0
619595.0194,0
619924.3371,0
620009.7591,0
620017.818,0
620034.0741,0
620085.9207,0
620106.3059,0
620428.8605,0
620488.1592999999,0
620503.6928,0
620601.9794000001,0
620651.3012,0
620750.4921,0
620851.3152,0
620858.7572,0
620864.9201,0
620902.2594,0
620903.0439,0
620959.466,0
621018.3027,0
621153.4078,0
621231.73,0
621364.2552,0
621392.2987,0
621400.0297,0
621428.7554,0
621463.6466,0
621648.8835,0
621715.1155,0
621786.7352,0
621796.7279,0
621814.3882,0
621828.5493,0
621939.3492,0
622117.1132,0
622211.8375,0
622605.3937,0
622779.7477,0
622830.3556,0
623187.8035,0
623206.7563,0
623236.6592999999,0
623244.211,0
623329.2248,0
623538.8007,228.95850000006612
623829.5318,0
623882.5218,0
623886.2853,0
623969.458,0
623993.9911,0
623994.6678,0
624017.8966,0
624018.0907000001,0
624058.1676,0
624070.3006,0
624373.2504,0
624375.9838,0
624413.0487,0
624490.6169,0
624573.527,0
624704.1843,0
624766.7172,0
624801.452,0
624836.5303,0
625036.3574,0
625118.1419,0
625177.6332,0
625331.4455,0
625383.6827,0
625432.6811,0
625495.0925,7937.399300000048
625508.4613,7456.641799999983
625578.7141,0
625627.6425,0
625675.7422,0
626060.3934,0
626103.9586,0
626168.4315,0
626434.0699,0
626609.2072,8677.909399999888
626634.6984999999,0
626682.4367,0
626782.4992,0
626923.0722,0
627305.4419,0
627743.6717,0
627772.4488,0
627839.9291,0
627964.5188,0
628132.2705,0
628144.2101,7780.557900000014
628177.1967,0
628230.3358,0
628287.5473,0
628674.777,0
628918.2136,0
629094.4254,0
629173.9266,0
629261.4163,0
629349.8373,0
629371.2998,0
629410.7834,0
629465.2077,0
629509.516525,0
629613.7832,0
629619.1512,0
629653.6551,8378.637699999963
629741.7738,0
629782.9622,0
630047.3295,0
630101.9564,0
630452.5379,0
630664.8481000001,0
630711.3502,0
630750.0636,0
630757.1597,0
630821.1234,0
630928.3832,0
630930.7081,0
631050.4201,0
631113.4683,0
631168.4457,0
631212.8174,0
631780.2529,0
631886.698,0
631967.8935,0
632142.1115,0
632241.1246,0
632305.5778,0
632347.2282,0
632686.5433,0
632705.5318,0
632947.4131,0
632958.7204,0
633100.3348,0
633115.0505,0
633231.0614,9002.36089999997
633299.8594,0
633317.8695,0
633329.7169,0
633329.7717,0
633423.763,0
633521.2771,0
633554.7754,0
633610.1628,0
633658.1684,0
634076.6365,0
634201.4151,0
634293.1514,0
634413.1254,0
634422.7353000001,0
634563.3625,0
634570.8119,0
634622.7132,11831.579799999949
635213.6748,10951.229700000025
635235.6424,0
635323.5608,0
635731.5588,0
636221.4913999999,0
636467.7206,0
636756.7630666667,0
636784.3181,0
636791.8014,0
636974.43,0
637046.336,0
637097.1935,0
637233.1085,0
637595.472,0
637699.3901,0
637721.9896,0
637736.9622,0
638224.3083,0
638263.7429,0
638300.90548,0
638585.2342000001,0
638617.7329,0
638769.285,0
638995.7285,0
639007.4554,0
639080.5962,0
639216.0487,0
639287.4382,0
639460.9441,0
639472.0015,0
639533.4748,0
639674.6603,0
639735.8633,0
639892.0208,0
640151.9204,0
640311.5384,0
640363.727,0
640394.4564,0
640636.4314,0
640789.319,0
640806.0966,0
640996.9427,0
641027.3719,0
641183.6657,0
641214.4999,0
641266.1527,0
641456.881525,0
641461.8821,9138.972400000086
641488.8666,0
641601.5596,0
642090.7746,0
642197.4013,0
642388.2296,0
642471.5488,0
642618.4573,0
642682.4555,0
642706.4887,0
642756.4548,0
642949.6203,0
642970.7488,0
643110.5021,0
643260.8662,0
643275.204,0
643332.3072,0
643481.8724,0
643705.8858,0
643894.1154,0
643902.4347,8380.7169
643991.3838,0
643992.6572,0
644269.9134,0
644355.1693,0
644393.8846,0
644539.2327,0
644543.2182,0
644603.5832,0
644634.777,0
645079.2654,0
645208.1949,0
645271.5447,0
645433.1577,0
645464.2739,0
645533.7891,0
645804.4829,0
645860.0623999999,0
645990.0882,0
646068.4545,0
646256.37178,0
646296.339,0
646374.1254,0
646458.1162,0
646769.5413,9120.856200000038
646805.025,0
646894.8964,0
646913.3867,0
646952.734,0
646982.7795,0
647154.9174,0
647195.3452,0
647388.8092,0
647420.5529,0
647675.7056,0
647954.993,0
648183.1869,0
648254.0043,0
648635.4231,2728.3257999999914
648638.3007,0
648744.9727,0
648769.708,0
648789.403,0
648836.585,0
648851.4057,0
649169.9007,0
649181.98,0
649214.9789,0
649277.7957,4545.003900000011
649324.7412,0
649501.2183,0
649773.9229,0
649789.1370999999,0
649822.0562333333,0
649886.5027,0
650140.1052,0
650235.0777,0
650329.626,10950.810700000031
650434.1169,0
650473.981,0
650480.2386,0
650598.4511,0
650670.8973000001,0
650786.87284,0
650826.1768,0
650902.6628,0
651047.8686,0
651282.832,0
651289.4219,0
651297.6149,0
651336.65975,0
651432.1121,0
651659.4965,0
651768.7869,0
651822.2136,0
651962.8734,0
652034.7737,0
652055.8572,0
652080.1986,0
652196.5118,0
652276.2683,0
652418.2715,0
652456.3899,0
652592.1135,0
652726.6325000001,0
653050.9513,9118.310100000002
653100.5397,0
653104.5408,0
653107.6065,0
653262.7387,0
653332.3009,0
653392.7847,0
653536.4553,0
653644.8356,0
653711.4159,0
653743.2535,0
653824.5429,0
653904.5932,0
654070.4351,0
654099.56336,0
654576.8162,0
655010.8896666666,0
655118.7186,0
655176.5926,0
655192.9857,0
655359.846,0
655427.986,0
655470.3119,0
655742.8844,0
655846.4717,0
655860.9614,0
655877.7591,0
655964.3232,0
656040.1272,0
656120.5314,0
656208.5084,0
656218.7764,0
656343.7474,0
656348.0864,0
656380.2994,0
656431.6062,0
656534.7914,0
656624.4271,0
656653.7468,0
656924.2589,0
656924.4458,0
657108.8628,0
657111.6907,0
657136.4956,0
657146.2558,0
657240.1683,0
657258.8316,0
657738.8951,0
657739.1091,0
657887.3977,0
657945.9255,0
658041.0276,0
658047.3562,0
658141.0146,0
658261.8825000001,0
658412.5705,0
658444.2298,901.9185000000289
658536.3123999999,0
658676.7657,0
658710.2722,0
658833.8879,0
658866.4861,0
658883.1332,0
659019.671,0
659141.9439,0
659393.554,0
659406.9414,0
659496.5186,0
659535.4140999999,0
659931.0507,0
659976.103,0
660353.4252,0
660398.3242,0
660497.5604,0
660526.0748000001,0
660748.18106,0
660810.4298,0
660837.1069,0
660887.0703,0
661321.4163,0
661339.8128,0
661784.3297,0
661785.6732,0
661920.4403,0
662089.4427,0
662120.104,0
662470.1925,0
662540.4596,0
662567.5436,0
662583.9974,0
662772.2219,0
662872.7932,0
662978.16564,0
663215.7349,0
663230.839,0
663523.9918,0
663878.899,0
664131.2476,0
664137.0882,0
664155.8186,0
664192.6318,0
664306.1549,0
665065.1608,0
665130.4479,0
665202.787,0
665992.646,0
666054.1214000001,0
666130.6228,0
666511.5118,0
666730.3643,0
667004.0222,0
667014.6354,0
667232.0347,0
667239.9258,0
667517.5329,0
667525.0937,0
667689.9063,0
668050.3695,0
668138.9334,0
668674.2781,0
668831.754,0
668832.7233,0
668943.3397,0
668959.8008,0
669038.1523,0
669046.2667,0
669054.3195,0
669060.1501,0
669283.5271000001,0
669510.4006,0
669521.6757,0
669712.3662,0
670115.3957,0
670206.8694,0
670381.6653,0
670701.7174,0
670787.6672,0
670789.8023,0
670798.618,0
670817.6974,0
670948.5298,0
670952.9497,0
670997.8635,0
671283.6425,0
671327.0419,0
671371.0865166667,0
671372.1973,0
671459.6618,0
671485.6969,0
671608.9288999999,0
671628.8309,0
671679.1711,0
671798.9818,0
671968.2219,0
671996.5589,0
672049.6216,0
672075.6733,0
672081.0237,0
672147.2904,0
672162.1994,0
672171.1172,0
672335.5089,0
672383.78952,0
672434.7054,0
672501.6965,0
672606.08994,0
672829.0709,0
673051.1124,0
673202.2187,0
673401.0518,0
673408.9434,0
673496.5571,0
673582.1077,0
673604.689,0
673626.9616,0
673680.0115,0
673727.3754,0
673846.7224,0
674364.7747,0
674591.5681,0
674709.3045,0
674751.4685,0
674877.447,0
674937.2735,0
675042.3184,0
675347.7004,0
675366.9329,0
675384.8712,0
675519.2754,0
675596.6367,0
675623.1056,0
675757.5508,0
675797.2574,0
675802.164,0
675805.1084,0
675999.0964,0
676117.4871,0
676119.5775,0
676135.9313,0
676195.9067,0
676792.6751999999,0
676824.0537,0
676884.6247,0
677145.11868,0
677163.2387,0
677302.224,0
677326.6663,0
677329.3764,0
677344.0684,0
677377.9518,0
677544.5957,0
677707.5807,0
677872.7895,0
678012.3342,0
678021.9399,0
678102.358,0
678109.5864,0
678199.2354,0
678363.7427000001,0
678620.428,0
678721.4637,0
678785.4838,0
678803.9234,0
678848.6918,0
678895.6475,0
678983.4172,0
678987.2229,0
679025.981,0
679322.0367,0
679520.9848,0
679593.86,0
679615.0465,0
679666.2732,0
679856.6658,0
679893.98844,0
679907.5258,0
679927.6817,0
680040.8663999999,0
680227.14658,0
680386.1056,0
680415.8347,0
680461.9297,0
680480.7504,0
680690.3491,0
680720.7116333334,0
680816.583,0
680882.705,0
681171.5991,0
681245.5388,0
681683.5805,0
681755.3833,0
681870.7645,0
681884.5408,0
682032.4235,0
682042.9269,0
682078.3451,0
682172.0922,0
682281.7681,0
682339.8767,0
682358.3439,0
682415.7458,0
682488.5685,0
682659.5197,0
683198.00496,0
683491.3882,0
683516.7801,0
683534.9821,0
683626.7568,0
683671.3367,0
683970.8163,0
684020.3847,0
684021.7624,0
684042.3119,0
684203.4257,0
684434.1585,0
684488.3722,0
684558.2795,0
684652.0985,0
684746.3653,0
684774.513,0
684801.5305999999,0
684933.3366,0
685002.053,0
685217.7971,0
685455.5115,0
685587.5198,0
685603.1999,0
685746.713,0
685864.2806,0
685903.5836,0
685967.9482,0
686077.5492,0
686088.2238,0
686206.9439,0
686406.4371,0
686670.7412,0
686702.8839,0
686744.1285999999,0
686836.3813,0
687116.4874,0
687150.8034,0
687153.1141,0
687193.4425,0
687220.4467,0
687500.9747,0
687565.0543,0
687615.8415,0
687732.9707,0
687852.4481,0
687873.9917,0
687930.4371,0
688476.39225,0
688572.3234,0
688592.1229,0
688694.2396,0
688719.1347666667,0
688749.1198,0
688754.4424,0
688772.9311,0
688870.2502,0
688949.5684,0
689016.9186,0
689024.7134,0
689031.819,0
689107.2212,0
689217.9638,0
689479.2355,0
689499.7124,0
689589.1816,0
689703.681,0
690150.792,0
690167.6845,0
690362.8953,0
690535.2205,0
690543.76,0
690677.7522,0
690798.3792,0
690897.7835,0
691060.0621,0
691176.6353,0
691190.1797,0
691319.7096,0
691418.4503,0
691490.3315,0
691570.4964000001,0
691903.3007,0
691940.8011,0
692039.5508,0
692069.2996,0
692225.8287,0
692372.9025,0
692433.0007,0
692453.9339,0
692465.6919,0
692555.5125,0
692572.1737,0
692582.5967999999,0
692888.9372,0
692902.7729,0
692996.6978,0
693129.7648,0
693149.294,0
693210.9106000001,0
693214.5998,0
693243.0552000001,0
693347.9972,0
693538.6242,0
693554.987,0
693948.0161,0
694009.4353,0
694048.937,0
694319.0127,0
694368.5308,0
694384.7064,0
694421.7711,0
694522.8425,0
694564.8218,0
694675.1523,0
694893.0221,0
694929.4032000001,0
694962.8112,0
694965.2831,0
695228.7304,0
695300.2867,0
695640.8386,0
695692.3124,0
695697.4548,0
695744.2462,0
695821.9124,0
695862.2837,0
695906.5886,0
695989.5611,0
696131.313,0
696203.5329,0
696226.8799,0
696288.8678,0
696514.6946,0
696613.257,0
696618.5366,0
696692.3608,0
696723.954,0
696727.0952,0
696901.695,0
697014.7353000001,0
697084.7074,0
697100.9904,0
697139.2073,0
697282.698,0
697335.1557,0
697349.2447,0
697433.6296,0
697523.2887,0
697542.4425,0
697696.6392,0
697703.8021,0
697751.3629,0
697753.6021,0
697760.2649,0
697909.7765,0
697964.7364,0
698172.0294,0
698527.6661,0
698783.5219,0
699074.0556,0
699108.5495,0
699234.4619,0
699246.3822,0
699634.0854,0
699801.9328,0
699818.7332,0
699853.3711,0
700160.6518999999,0
700237.535,0
700246.3374,0
700329.3907,3631.9046999999555
700447.3052000001,0
700550.594,0
700760.47,0
700762.6205,0
700768.6942,0
700919.4318,0
701097.5564,0
701226.1812,0
701409.83,0
701451.3802,0
701528.4695,0
701805.5116,0
701893.8435,0
701988.1958,0
701990.5605,0
702065.5378,0
702317.9529,0
702355.3923,0
702549.4285,0
702660.5934,0
702792.1693,0
702879.8478999999,0
703172.3285000001,0
703218.1935,0
703377.9257,0
703431.0952,0
703468.8923,0
703537.0683,0
703564.008,0
703564.2101,0
703643.00166,0
703724.1874,0
703877.2184,0
703973.0555,0
703976.778,0
703980.0882,0
704166.0186,0
704184.9493,0
704260.1123,0
704324.6485,0
704361.3992,0
704382.0428,0
704386.5271,0
704442.7017,0
704459.0059,0
704481.2956,0
704502.9844,0
704793.4357,0
704796.3023,0
704860.6499,0
704997.4405,0
705003.25,0
705112.3397,0
705136.0077,0
705142.4481,0
705168.8506,0
705398.3602,0
705411.9577,0
705585.6487,0
706061.5187,0
706089.192,0
706138.3822999999,0
706248.0071,0
706373.558,0
706422.3404,0
706631.3652,0
706743.2084,0
706764.3506,0
706768.004,0
706854.6913,0
706889.6177,0
706897.1956,0
706927.948,0
706943.6107,0
706957.09,0
707067.3209,0
707088.5359,0
707241.1505,0
707262.8296,0
707268.53,0
707390.9081,0
707395.8599,0
707473.1946,0
707574.8438,0
707615.08,0
707743.8065,0
707791.7032,0
707804.1388,0
708134.3267,0
708219.7397,0
708237.5555,0
708266.3819,0
708341.2689,0
708505.8914,0
708534.8672,0
708536.1814,0
708795.3445,0
708802.8305,0
708941.8870999999,0
709038.4792,0
709133.8953,0
709284.7747,0
709455.5418,0
709465.7275,0
709526.4131,0
709674.7201,0
709816.9472,0
709994.8097,0
710041.786,0
710063.2708,0
710254.4784,0
710263.3566,0
710394.0933,0
710521.0764,0
710552.3482,0
710574.2193,0
710586.5699,0
710597.7661,0
710615.2699,0
710706.9363,0
710714.9708,0
710739.1497,0
710766.4959,0
710885.9113,0
711308.1839,0
711423.6760333333,0
711423.7244,0
711528.0935,0
711557.0117,0
711625.8439,0
711750.6642,0
711947.9442,0
712252.7143,0
712326.2488,0
712392.407,0
712504.7363,0
712609.0233,0
712657.9185,0
712785.459,0
712802.3882,0
712844.2369,0
712851.3184,0
712938.916,0
713088.6557,0
713102.9183,0
713167.5671,0
713433.0325,0
713690.7257,0
713816.8325,0
714021.9283,0
714107.1748,0
714298.7874,0
714344.6163,0
714621.2493,0
714822.0586,0
715166.6217,0
715232.1824,0
715252.1299,0
715581.8804,2158.640000000014
715743.0875,0
715857.9963,0
715906.4507,0
715954.5192,0
716073.1423,0
716336.2309,0
716347.4789,0
716352.9236,0
716383.8408,0
716385.0324,0
716385.7659,0
716462.6241,0
716513.5309,0
716590.8049999999,0
716693.0749,0
716829.1232,0
717180.0108,0
717299.6274,0
717321.0254,0
717335.7544,0
717372.2401,0
717468.1802000001,0
717539.5689,0
717579.5354,0
717580.9517,0
717795.332,1297.360400000005
717857.8926,0
717993.613,0
718207.8194,0
718388.9076,0
718495.1134,0
718557.2498999999,0
718671.2454,0
718716.5262,0
718736.6671,0
718773.6856,0
718900.1909,0
719148.9016,0
719214.017,0
719222.9081,0
719443.5809,0
719460.2375,0
719498.1763,0
719551.0035,0
719607.794,0
719830.5582,0
719853.5734999999,0
719887.5538999999,0
719932.8623,0
720091.4873,0
720246.6384,0
720264.9234,0
720348.9163,0
720497.6477,0
720524.0291,0
720525.0687,0
720529.0573,0
720570.2507,0
720674.3251,0
720804.0992,0
720897.814,0
720942.2171,0
720971.8312,0
721004.5002,0
721005.0522,0
721086.0537,0
721103.9803,0
721142.2063,0
721255.7046,0
721314.6285999999,0
721381.6837666667,0
721494.3523,0
721614.2538000001,0
721616.8738,0
721802.7791,0
721849.4865,0
721854.8658,0
722182.6916,0
722196.1856,0
722296.2359,0
722588.4233,0
722596.0322,0
722692.548,0
722786.4939,0
722819.6458,0
723150.7047,0
723211.164,0
723214.4555,0
723494.4039,0
723561.1116,0
723609.5573,0
723618.7342000001,0
723672.3532,0
723817.382,0
723890.0948,0
724044.5176,1791.7560000000522
724204.3788000001,0
724334.52,0
724380.0088,0
724382.2028,0
724509.4998,0
724564.4702,0
724703.0634,0
724750.421,0
724792.8514,0
724897.1543,0
724978.3662,0
725004.1853,0
725126.884,0
725295.2716,0
725382.8271,0
725393.1737,0
725447.9134,0
725504.1964,0
725736.6588,0
725804.593,0
725808.177,0
725855.8095,0
725877.4761,0
725975.1119,0
726036.6544,0
726038.0948,0
726065.5551,0
726200.7398,0
726303.3831,0
726361.4276,0
726539.8837,0
726540.2657,0
726588.73256,0
726816.5327,0
726979.3072,0
727098.5072999999,0
727165.7711,0
727378.5535,0
727513.801,0
727724.1799,0
727811.2660000001,0
727847.4998,0
728227.5677,0
728256.6505,0
728412.4571,0
728464.1326,0
728509.2162,0
728533.6308,0
728717.7694,0
728752.2538000001,0
728753.197,0
728772.2641,0
728839.687,0
728900.0887,0
728927.1366,0
729342.0786,0
729459.6318,0
729491.4897,0
729626.694,0
729692.6163999999,0
729825.3358,0
729851.4182,0
730032.6707,0
730069.55,0
730259.5797,0
730730.8762,0
730733.5542,0
730778.6396999999,0
730855.5946,0
730961.862,0
730993.5442,0
731028.8342,0
731108.7012,0
731127.8295,0
731161.0786,0
731185.2988,0
731279.8585,0
731601.3589,0
731788.9878,0
731845.0496,0
731953.6832,0
732223.8676,0
732271.0061,0
732620.3906,0
732637.7428,0
732797.7455,0
733024.2986,0
733056.4945,0
733113.1201,0
733354.1415,0
733440.1846,0
733498.7014,0
733580.8756,0
733632.825,0
733636.0485,0
733642.2765,0
733969.052,0
734019.3971,0
734063.5022,0
734077.6410000001,0
734490.856,0
734711.4026,0
734746.6641,0
734974.9936,0
735100.7027,0
735177.7575,0
735203.4835,0
735372.2932,0
735628.1432,0
735723.8724,0
736105.91886,0
736352.5068,0
736467.7445,0
736494.7429,0
736694.7436,0
736721.264,0
736860.8931,0
736920.5935,0
737324.4561000001,0
737358.4254,0
737373.4224,0
737608.3314,0
737859.5526,0
738242.3183,0
738370.9549,0
738558.6705,0
738642.0689,0
739032.579,0
739064.815,0
739085.6974,0
739086.6205,0
739087.0484,0
739439.8987,0
739574.0888,0
739731.7585,0
739972.4751,0
740674.9248,0
740768.8145,0
740897.6171,0
741289.5516,0
741623.7344,0
741698.8404,0
741762.6609,0
742048.3044,0
742369.6126999999,0
742407.7805999999,0
742550.9737,0
742598.9467,0
742688.066,0
742984.6724,0
743139.0447,0
743177.8694,0
743393.2085,0
743474.1796,0
743502.5572,0
743717.1122,0
743804.6292,0
743863.9008,0
743890.4622,0
744117.90576,0
744163.0831,0
744236.6972,0
744281.964,0
744388.2654,0
744408.8294166666,0
744449.6867,0
744542.4818,0
744544.2851,0
744628.0126,0
745181.5251,0
745222.5857,0
745365.5785000001,0
745450.7182,0
745580.134,0
745680.0627,0
745974.5564,0
746085.0773,0
746194.4664,0
746284.1493,0
746675.431,0
746774.9550666667,0
747305.3043,0
747306.001,0
747332.561,0
747345.2483,0
747383.7358,0
747430.8728,0
747461.9973,0
747672.0339,0
747796.7751,0
747879.6262,0
748044.9731000001,0
748222.8179,0
748638.6299,0
748816.6692,0
748977.4033,0
749066.2001,0
749295.6315,0
749459.0633,0
749827.3257,0
749833.0467,0
749837.7536,0
749856.0367,0
749941.6575,0
750016.2878,0
750430.6509,0
750648.6251,0
750798.1265,0
750914.3133,0
751378.1336,0
751593.27965,0
751637.3516,0
751722.5444,0
751987.8501,0
752185.3881,0
752270.8818,0
752298.9221,0
752373.4901,0
752579.3069,0
752608.1476,0
752633.5522,0
753066.0739,0
753111.7776,0
753464.0744,0
753658.0989,0
753900.0406,0
754018.9755,0
754076.3419,0
754182.6539,0
754318.26804,0
755077.89,0
755269.0803,0
755518.6333,0
755694.8776,0
755736.4413,0
755770.995,0
755796.5504,0
755831.0915,0
755963.0327,0
756448.7014,0
756724.4579333334,0
756725.4762166666,0
756889.9719,0
757037.7091,0
757077.8302,0
757229.2465,0
757240.1557,0
757343.5526,0
757369.5448,0
757428.4087,0
757495.5524,0
757621.8213,0
757799.3716,0
757986.0213,0
758054.1439,0
758154.4989,0
758165.0688,0
758325.9034,0
758380.9016,0
758443.2499,0
758469.6057,0
758488.5719,0
758621.4488,0
758716.8437,0
758760.5967999999,0
758883.3214,0
758888.5582,0
758903.9592,0
758983.5923,0
759330.7832,0
759436.0693,0
759477.2857,0
759593.1087,0
759652.1765000001,0
759841.4234,0
759860.283,0
759978.6927,0
760093.23022,0
760223.1244,0
760243.9757,0
760255.9595,0
760329.6877,0
760501.745,0
760515.7051,0
760552.5165,0
760900.945,0
760979.5679,0
761030.8561,0
761046.5674,0
761051.4178,0
761081.053,0
761138.8488,0
761296.6542,0
761368.4984,0
761507.4182,0
761605.2163,0
761706.0743,0
761821.6234,0
761856.627,0
761949.2758,0
761996.4889,0
762017.2517666667,0
762034.1854,0
762222.1423,0
762278.717,0
762513.1836,0
762675.9782,0
762728.3719,0
762990.9068,0
763261.8032,0
763337.5828,0
763377.5531,0
763379.0946,0
763449.3717,0
763461.4683,0
763462.4625,0
763498.7312,0
763631.3873,0
763701.7923,0
763747.7893,0
764020.5875,0
764088.7394,0
764373.5398,0
764503.1846,0
764545.5689,0
764762.0471,0
764766.0868,0
764959.0058,0
764977.0545,0
765013.9423,0
765024.5721,0
765125.4931,0
765165.1612,0
765187.0045,0
765383.3317,0
765386.3077,0
765714.4039,0
765770.8264,0
765804.2881,0
765805.8136,0
765814.3946,0
765826.7008,0
765881.8634,0
766114.38485,0
766129.5548,0
766140.6797,0
766442.8586,0
766521.3032,0
766543.5804,0
766605.2384,0
766750.3408,0
767033.6488,0
767148.5012,0
767181.7779,0
767236.1415,0
767271.6533,0
767363.7521,0
767588.8252,0
767639.4997,0
767779.9786,0
767855.4804,0
768098.4997,0
768100.07,0
768145.1937,0
768186.8408,0
768208.8682,0
768235.7001,0
768265.4148,0
768346.3364166666,0
768394.8516,0
768452.3715,0
768481.424,0
768502.9076,0
768513.9231333333,0
768535.5497,0
768592.2304,0
768731.7477,0
768878.7367,0
768893.783,0
769028.853,0
769281.076,0
769370.2599,0
769377.9131,0
769380.3933,0
769392.7044,0
769532.8991,0
769631.3568,0
769883.128,0
770063.19,0
770308.8148,0
770340.7023,0
770424.6001,0
770461.6622,0
770488.1628,0
770495.3,0
770610.2239,0
770796.91505,0
770936.3666,0
771138.7009,0
771340.5535,0
771426.5616,0
771465.3628,0
771542.557,0
771763.7464,0
771949.1233,0
772010.6817,0
772183.1389,0
772221.3059,0
772311.8502,0
772417.1162,0
772439.5556166667,0
772578.5076,0
772609.868,0
772658.3133,0
772702.2735,0
772726.5109,0
772963.7263,0
773296.291,0
773376.4563,0
773450.6392,0
773645.2038,0
773772.3958,0
773783.87436,0
773855.0819,0
773870.3547,0
773972.9038,0
774072.9031,0
774173.0836,0
774323.7126,0
774409.7131,0
774800.2025,0
774906.7482,0
774906.8692,0
775187.4203333333,0
775209.7904,0
775238.1172,0
775329.2151,0
775341.7838,0
775362.8692,0
775443.4724,0
775565.529,0
775623.499,0
775861.6757,0
775897.606,0
776090.7656,0
776111.0726,0
776192.4822666667,0
776208.4901,0
776222.2134,0
776268.8445,0
776337.5387,0
776401.1704,0
776416.1356,0
776682.7081,0
776958.3961,0
777022.0538,0
777114.5744,0
777443.1535,0
777458.453,0
-----Simulation END-----
