-----Simulation 0-----
172876.6852,0
172900.3311,0
172957.0338,0
172999.33299999998,0
173282.039,0
173342.5778,0
173509.1574,0
173554.9524,0
173620.6537,0
173861.9241,0
173968.5945,0
174087.1794,0
174147.72759999998,0
174229.2292,0
174279.3178,0
174385.6465,0
174543.9468,0
174564.9446,0
174600.4229,0
174784.6347,0
174792.2874,0
174916.0495,0
175459.6189,0
175611.3516,0
175612.17016666668,0
175616.6051,0
175733.80849999998,0
176016.22948,0
176111.2416,0
176130.8421,0
176319.1054,0
176571.3472,0
176630.55430000002,0
176737.8038,0
176815.7547,0
176939.3607,0
177016.5649,0
177066.9751,0
177214.9483,0
177221.753,0
177235.62219999998,0
177305.1417,0
177350.15409999999,0
177406.2559,0
177416.4365,0
177561.3952,0
177613.2527,0
177905.2291,0
178020.896,0
178163.1219,0
178285.41700000002,0
178371.2326,0
178678.6669,0
178797.8968,0
178926.393,0
178951.922,0
179088.1092,0
179142.09769999998,0
179321.9348,0
179362.0321,0
179555.6189,0
179702.4373,0
179724.7977,0
179840.3856,0
179852.3193,0
179950.6162,0
180039.6416,0
180269.84769999998,0
180282.6404,0
180511.55430000002,0
180601.1661,0
180605.01799999998,0
180661.7304,0
180784.058,0
180858.9458,0
180942.5852,0
181025.7865,0
181187.1246,0
181321.3647,0
181334.8292,0
181340.946875,0
181432.76,0
181493.1705,0
181517.85934999998,0
181593.3026,0
181855.9119,0
181858.23820000002,0
181899.99420000002,0
181924.1286,0
182005.3402,0
182135.6799,0
182201.983,0
182360.3499,0
182382.6715,0
182546.88348,0
182633.5782,0
182658.936,0
182677.0418,0
182710.9542,0
182990.8979,0
183061.59,0
183065.8294,0
183118.8432,0
183222.4248,0
183384.5819,0
183460.3185,0
183814.2658,0
183835.7609,0
183884.7289,0
183917.2751,0
183927.5436,0
183989.1987,0
184136.3614,0
184253.9993,0
184314.7841,0
184357.3422,0
184605.4192,0
184705.98739999998,0
185049.5894,0
185141.006,0
185490.4761,0
185592.16879999998,0
185865.8572,0
185899.5447,0
185909.717,0
186350.649,0
186756.6764,0
186879.23369999998,0
187036.3185,0
187044.0901,0
187174.13270000002,0
187310.9572,0
187374.85116666666,0
187462.2919,0
187521.90720000002,0
187597.2182,0
187706.2831,0
187861.79200000002,0
187881.69030000002,0
187922.0354,0
188020.2431,0
188031.9434,0
188182.5519,0
188190.7749,0
188445.0143,0
188446.58980000002,0
188581.5129,0
188636.5656,0
188668.3213,0
188793.8399,0
188802.9683,0
188879.4429,0
189077.1667,0
189094.766,0
189170.4912,0
189198.8473,0
189259.4098,0
189418.2798,0
189481.7668,0
189527.5991,0
189579.49180000002,0
189697.8456,0
189749.171,0
189886.247,0
190041.3953,0
190104.1844,0
190140.33120000002,0
190403.4108,0
190408.1198,0
190408.20870000002,0
190411.2427,0
190574.0649,0
190609.6605,0
190760.0945,0
191098.7993,0
191235.4306,0
191304.14789999998,0
191385.6166,0
191530.9877,0
191544.0905,0
191566.4659,0
191573.53960000002,0
191601.39860000001,0
191604.3735,0
191616.301,0
191764.2339,0
191872.8556,0
191985.9898,0
192002.8474,0
192037.2008,0
192243.5157,0
192282.3663,0
192338.0165,0
192380.5752,0
192406.7054,0
192421.9986,0
192660.9826,0
192685.5369,0
192749.22090000001,0
192833.1489,0
193003.9372,0
193011.3191,0
193129.2824,0
193333.11,0
193376.23450000002,0
193446.142,0
193476.04080000002,0
193570.38640000002,0
193585.9367,0
193618.9021,0
193829.31040000002,0
193940.9684,0
194010.2268,0
194079.7439,0
194303.5677,0
194493.26189999998,0
194505.049,0
194881.7,0
194906.6408,0
194931.07809999998,0
194960.3536,0
194990.6529,0
194993.81339999998,0
195244.6101,0
195353.6746,0
195751.8181,0
195906.5868,0
195978.5237,0
196071.6635,0
196175.4915,0
196647.2591,0
196776.9896,0
196793.7466,0
196823.672,0
196871.6041,0
196982.1146,0
197146.3658,0
197178.4702,0
197208.494,0
197573.3996,0
197611.3542,0
197900.142,0
197932.2327,0
197935.5185,0
198041.9176,0
198643.6934,0
198683.5918,0
198757.4872,0
198787.4619,0
198900.8765,0
199016.8069,0
199020.5858,0
199149.6654,0
199186.4659,0
199213.9857,0
199229.9766,0
199249.9858,0
199434.0603,0
199502.06900000002,0
199518.2004,0
199559.5537,0
199840.9799,0
199879.7055,0
200007.272,0
200023.7879,0
200272.85,0
200305.72090000001,0
200400.3316,0
200509.61729999998,0
200665.8227,0
200668.245,0
200764.58789999998,0
200816.9253,0
201061.6307,0
201078.1592,0
201153.31579999998,0
201245.7193,0
201313.4546,0
201706.5723,0
202222.2988,0
202331.7252,0
202402.6569,0
202563.4786,0
202618.911,0
202677.1361,0
202730.7898,0
202938.6056,0
203169.16646,0
203186.24839999998,0
203307.9471,0
203500.8895,0
203623.2829,0
203659.12,0
203716.3971,0
203737.1401,0
203938.7724,0
204179.4883,0
204646.47536666668,0
204815.4345,0
204900.1591,0
204914.799,0
205026.2196,0
205108.6791,0
205329.60820000002,0
205349.69400000002,0
205405.7434,0
205427.0889,0
205464.67560000002,0
205469.3569,0
205638.1203,0
205665.9656,0
205911.50040000002,0
205923.7022,0
205953.3546,0
206079.6966,0
206100.3374,0
206223.00400000002,0
206290.67810000002,0
206332.9736,0
206439.7499,0
206647.3369,0
206723.8877,0
206847.5356,0
207045.67859999998,0
207148.5601,0
207280.739,0
207356.3086,0
207708.426,0
207876.8561,0
208021.39049999998,0
208061.8961,0
208070.166,0
208197.3074,0
208298.1929,0
208367.887,0
208369.6026,0
208572.7648,0
208639.30180000002,0
208799.12339999998,0
208997.86466,0
209146.32630000002,0
209183.8332,0
209248.1672,0
209380.5105,0
209499.1415,0
209688.4245,0
209777.149,0
209798.4865,0
209828.0386,0
210125.81780000002,0
210180.5461,0
210204.4537,0
210260.20429999998,0
210336.9268,0
210360.6011,0
210376.3819,0
210789.6067,0
210800.991,0
211174.3652,0
211281.1147,0
211455.8135,0
211457.449,0
211538.48619999998,0
211837.1061,0
212032.13150000002,0
212044.6583,0
212076.1187,0
212117.5887,0
212277.474,0
212531.8515,0
212541.5321,0
212556.289,0
212558.4738,0
212573.80670000002,0
212602.6637,0
212704.583,0
212734.646,0
212816.404,0
212824.1516,0
212836.7526,0
213090.1666,0
213286.6076,0
213321.5384,0
213348.06579999998,0
213407.8702,0
213423.0943,0
213501.351,0
213580.4239,0
213805.3379,0
213824.2018,0
213932.2104,0
214130.9546,0
214199.2144,0
214358.5914,0
214479.0082,0
214521.4964,0
214578.5875,0
214666.698,0
214859.7321,0
214927.5713,0
215037.7563,0
215064.4885,0
215161.3082,0
215220.4327,0
215663.9356,0
215721.7581,0
215757.65649999998,0
215875.7368,0
215877.35869999998,0
215913.9832,0
215999.3979,0
216094.7086,0
216177.6409,0
216332.5841,0
216415.4287,0
216417.6103,0
216445.9176,0
216467.6325,0
216617.875,0
216666.0519,0
216669.8578,0
216937.317,0
217134.1783,0
217134.68060000002,0
217308.501,0
217334.5386,0
217479.0932,0
217754.0189,0
217761.0781,0
217830.2017,0
218085.3252,0
218112.3959,0
218268.2601,0
218412.9272,0
218638.4847,0
218639.9108,0
218814.2163,0
218820.886,0
218961.9111,0
219233.4984,0
219260.4141,0
219261.5933,0
219318.9962,0
219465.8503,0
219863.6827,0
219888.6491,0
220167.5214,0
220894.111,0
221194.8739,0
221445.3642,0
221663.8025,0
221708.9985,0
221947.935,0
222027.3172,0
222064.7825,0
222131.1184,0
222155.3401,0
222236.309,0
222423.25400000002,0
222507.4791,0
222642.6196,0
223436.8049,0
223566.7569,0
223597.1902,0
223634.877,0
223642.0031,0
223695.9132,0
223803.0326,0
223962.13880000002,0
224142.4113,0
224173.5004,0
224329.5414,0
224491.2034,0
224495.9161,0
224683.8816,0
224746.5787,0
224756.87949999998,0
225067.1084,0
225134.4169,0
225199.6832,0
225370.2913,0
225729.1062,0
225751.2515,0
225972.2911,0
226110.5713,0
226123.0211,0
226180.1968,0
226253.536,0
226359.3189,0
226414.2118,0
226643.8352,0
226741.75,0
226784.8973,0
226823.00400000002,0
226878.9034,0
227014.9227,0
227220.822,0
227281.3745,0
227296.3744,0
227494.43660000002,0
227743.5696,0
227960.3314,0
227998.52730000002,0
228152.3352,0
228239.7481,0
228403.2371,0
228635.8076,0
228639.3982,0
228676.72580000001,0
228977.34590000001,0
229092.985,0
229147.6676,0
229147.702,0
229302.0049,0
229478.109,0
229646.72063333335,0
229691.5036,0
230166.8461,0
230373.4995,0
230402.4341,0
231003.5806,0
231104.8347,0
231205.5357,0
231232.6958,0
231308.777,0
231510.9407,0
231536.87290000002,0
231601.8822,0
231702.1201,0
231893.1942,0
231950.20299999998,0
232260.41820000001,0
232294.7518,0
232537.4114,0
232664.0105,0
232744.9482,0
232834.94586,0
232865.8697,0
232926.4191,0
232965.7527,0
233028.3138,0
233135.2946,0
233137.4175,0
233266.9138,0
233321.0679,0
233387.86119999998,0
233485.4356,0
233495.8294,0
233498.0373,0
233558.8017,0
233685.0048,0
233768.5508,0
233995.687,0
234155.6574,0
234173.28,0
234182.9468,0
234207.3697,0
234227.8916,0
234264.4618,0
234376.8887,0
234440.4798,0
234441.0176,0
234648.3264,0
234803.2374,0
234859.4661,0
234937.652,0
234998.508,0
235043.9062,0
235108.3372,0
235124.60330000002,0
235173.1475,0
235333.1826,0
235423.52539999998,0
235556.0971,0
235571.5539,0
235604.4349,2373.92319999999
235894.2289,0
236102.387,0
236215.9199,0
236293.5075,0
236320.0757,0
236325.3478,0
236398.6717,0
236585.3504,0
236710.7512,0
236767.5925,0
236883.9948,0
236920.6614,0
236957.76951666665,0
236965.8635,0
237199.2434,0
237276.4688,0
237438.1292,0
237676.6922,0
237678.5259,0
237687.4245,0
237910.0744,0
238036.2091,0
238198.4918,0
238221.8191,0
238459.6037,0
238598.6421,0
238599.9713,0
238669.3404,0
238701.8703,0
238791.38189999998,0
238881.9222,0
239100.9368,0
239105.1471,0
239141.055,0
239253.3722,0
239354.3586,0
239381.4456,0
239398.4481,0
239646.051,0
239754.2238,0
239987.2604,0
240019.7125,0
240152.75579999998,0
240279.1669,0
240373.2827,0
240379.0411,0
240481.4997,0
240623.478,0
240720.767,0
240815.584,0
240929.85820000002,0
240983.69040000002,0
241194.9902,0
241602.1173,0
241902.7862,0
242558.28639999998,0
242599.6422,0
242670.7364,0
242753.1511,0
242790.905,0
242882.24,0
243036.8725,0
243487.2512,0
243840.4319,0
243877.2966,0
243891.4933,0
243965.4197,0
243976.267,0
244121.896,0
244162.285,0
244193.845,0
244251.5842,0
244328.93170000002,0
244426.6766,0
244618.52850000001,0
244670.4264,0
244747.2119,0
244905.8076,0
244943.16,0
245025.13569999998,0
245360.6808,0
245466.0031,0
245477.2066,0
246064.3185,0
246207.5144,0
246235.2885,0
246244.9453,0
246301.06900000002,0
246315.2372,0
246498.7271,0
246798.6187,0
247468.2228,0
247884.14276666666,0
247962.0439,0
248022.7337,0
248050.7632,0
248176.40350000001,0
248254.6042,0
248499.9439,0
248559.55109999998,0
248689.6828,0
248849.06829999998,0
248907.0962,0
248964.136,0
248964.8442,0
249338.2471,0
249339.2194,0
249404.2108,0
249488.8632,0
249579.6773,0
249784.6028,0
249857.6351,0
249932.2016,0
249943.4934,0
249950.7772,0
250098.6181,0
250144.2076,0
250265.15866666666,0
250298.8429,0
250367.2533,0
250392.6121,0
250514.6655,0
250653.9973,0
251005.6841,0
251012.85588,0
251032.82048333334,0
251258.326,0
251266.9528,0
251321.4933,0
251766.6998,0
252138.05969999998,0
252172.0767,0
252179.9829,0
252238.0421,0
252308.9639,0
252354.2966,0
252559.1775,0
252625.35330000002,0
252638.21289999998,0
252710.5311,0
252717.348,0
253324.9092,0
253336.0805,0
253366.5336,0
253368.2826,0
253397.2793,0
253455.58018333334,0
253472.7221,0
253693.816,0
253783.5157,0
253907.1424,0
254017.9389,0
254038.8665,0
254046.35366666666,0
254063.6999,0
254181.04379999998,0
254276.1608,0
254365.0841,0
254473.95059999998,0
254518.1597,0
254729.1312,0
254735.4843,0
254758.6105,0
254892.8314,0
254946.5478,0
255001.14860000001,0
255104.0045,0
255233.1194,0
255256.4125,0
255564.8951,0
255596.2613,0
255614.592725,0
255700.0252,0
255795.1812,0
255822.6367,0
256077.6207,0
256158.7652,0
256284.6158,0
256357.5365,0
256451.8909,0
256454.4996,0
256803.0026,0
256862.2403,0
257108.2684,0
257118.3399,0
257144.323,0
257189.564,0
257421.5828,0
257441.714,0
257455.6951,0
257514.1914,0
257665.0742,0
257922.8855,0
257966.71480000002,0
258079.48903333335,0
258118.5577,0
258178.989,0
258202.9099,0
258261.3224,0
258296.3911,0
258342.60878,0
258373.7875,0
258526.5735,0
258595.428,0
258772.6635,0
258782.34769999998,0
258809.5997,0
258897.0228,0
259080.8638,0
259185.4012,0
259452.0022,0
259824.3724,0
259845.2734,0
260047.5018,0
260588.7557,0
260684.7053,0
260702.2037,0
260720.7946,0
260745.743,0
260765.13079999998,0
260771.2805,0
260853.94079999998,0
260910.9718,0
260927.6999,0
261008.7116,0
261085.2238,0
261135.7913,0
261282.1001,0
261324.962,0
261341.7474,0
261449.1559,0
261566.45549999998,0
261589.5297,0
261611.75160000002,0
261655.6506,0
262011.6309,0
262027.568,0
262118.2015,0
262405.099,0
262421.4251,0
262434.1309,0
262444.0216,0
262489.4876,0
262513.6642,0
262526.3182,0
262577.7473,0
262580.9275,0
262638.9972,0
262780.0733,0
262845.31799999997,0
263067.3392,0
263641.7826,0
263679.2525,0
263734.6724,0
263866.0847,0
264092.5163,0
264294.4599,0
264350.7095,0
264475.9233,0
264583.4165,0
264684.6645,0
264751.697,0
264753.5189,0
264794.7656,0
264844.6347,0
264850.1048,0
264859.3489,0
265093.1121,0
265166.2778,0
265297.2644,0
265347.4184,0
265559.5436,0
265581.8208,0
265678.1995,0
265797.5845,0
265879.1003,0
266043.7412,0
266208.22719999996,0
266334.17,0
266347.81059999997,0
266351.3894,0
266557.1829,0
266576.6518,0
266620.0544,0
266636.7506,0
266750.2047,0
266796.479,0
266812.2026,0
266852.9458,0
266878.5559,0
267044.4943,0
267044.5272,0
267061.8136,0
267233.9056,0
267263.7419,0
267344.2464,0
267362.1461,0
267383.5595,0
267451.8189,0
267518.892,0
267660.7981,0
267709.03116666665,0
267800.3849,0
267856.79839999997,0
267996.5488,0
268006.7122,0
268077.5249,0
268253.588,0
268331.2314,0
268550.6181,0
268722.0955,0
268744.2922,0
268968.246,0
269318.07409999997,0
269336.2443,0
269360.2142,0
269461.0958,0
269557.8914,0
269681.0271,0
269740.2646,0
269801.9116,0
269911.612,0
269928.3501,0
269957.5375,0
269972.6197,0
270039.3456,0
270073.1693,0
270123.072,0
270157.6509,0
270225.0749,0
270271.0216,0
270299.3016,0
270304.5469,0
270434.2198,0
270449.4024,0
270498.3043,0
270524.8845,0
270538.4319,0
270543.07955,0
270654.9096,0
270927.6336,0
271365.5532,0
271430.8936,0
271491.9922,0
271688.3887,0
271699.525,0
271880.2409,0
272052.0505,0
272064.9039,0
272417.05449999997,0
272417.8752,0
272424.2439,0
272459.5899,0
272638.5009,0
272695.2634,0
272789.1736,0
272811.1741,0
272820.7091,0
272873.4949,0
273066.0762,0
273162.9689,0
273232.438,0
273441.63430000003,0
273477.89248,0
273658.0544,0
273814.3886,0
273916.2341,0
274354.4145,0
274496.2246,0
274497.1149,0
274519.103,0
274531.3188,0
274550.1854,0
274576.7557,0
274880.7762,0
274915.9849,0
274954.73503333336,0
274984.97490000003,0
275230.2835,0
275297.0225,0
275379.1615,0
275477.03520000004,0
275508.486,0
275577.1751,0
275843.8054,0
275876.8149,0
275974.8849,0
275986.51529999997,0
276027.7388,0
276057.7794,0
276086.4771,0
276143.4311,0
276411.0973,0
276456.4388,0
276506.94299999997,0
276544.2758,0
276596.3315,0
276622.6033,0
276706.03489999997,0
276836.2593,0
276903.1847,0
276921.6998,0
277006.6021,0
277072.6279,0
277182.4779,0
277200.3296,0
277478.7727,0
277522.5423,0
277600.5733,0
277704.974,0
277842.7135,0
278143.9891,0
278146.0978,0
278257.4947,0
278325.7134,0
278362.9998,0
278468.8662,0
278624.6929,0
278661.8637,0
278886.702,0
279031.9085,0
279050.6622,0
279465.9496,0
279697.138,0
279870.7007,0
279891.5143,0
279936.587,0
280012.35589999997,0
280141.4946,0
280220.2606,0
280360.5093,0
280427.0493,0
280591.9577,0
280684.9341,0
280696.9563,0
280926.3521,0
280970.8737,0
280985.6503,0
281148.3323,0
281150.7177,0
281194.4388,0
281260.4496,0
281310.2993,0
281354.2592,0
281595.0848,0
281668.0046,0
282047.9888,0
282103.4089,0
282251.5717,0
282385.4256,0
282558.113,0
282576.657,0
282617.2013,0
282712.8762,0
282749.9436,0
282781.6612,0
282822.9301,0
282976.1212,0
283027.4288,0
283077.0166,0
283157.1325,0
283227.2464,0
283436.9623,0
283626.8575,0
283668.7265,0
283901.8081,0
283903.1414,0
283968.5719,0
284360.9042,0
284399.3415,0
284598.7839,0
284615.975,0
284641.7724,0
285022.9112,0
285023.0492,0
285056.85349999997,0
285161.4216,0
285428.7487,0
285508.5627,0
285567.039,0
285655.0682,0
285747.3888,0
285898.667,0
285902.9704,0
285973.7966,0
286583.9037,0
286658.9116,0
286720.1982,0
286762.68590000004,0
287186.939,0
287221.8791,0
287339.6091,0
287411.5449,0
287454.67350000003,0
287481.7538,0
287534.8318,0
287608.063,0
287610.5169,0
287643.1379,0
287711.31,0
288181.5719,0
288278.8416,0
288439.7623,0
288462.6618,0
288725.2736,0
288994.0769,0
289307.3605,0
289307.6174,0
289578.4779,0
289669.5978,0
289809.7142,0
289895.5026,0
290048.8916,0
290084.0335,0
290298.8133,0
290370.8195,0
290392.3763,1006.6362000000081
290438.2563,0
290468.9631,170.23449999996228
290474.435,0
290609.8077,0
290635.7941,0
290661.1889,0
290667.7376,0
290727.24425,0
290804.7681,0
291016.2662,0
291120.0097,0
291175.3576,0
291375.3687,0
291412.06570000004,0
291588.8249,0
291595.4239,0
291716.9514,0
292040.4947,0
292044.1938,0
292160.2183,0
292211.4856,0
292263.0161,0
292331.3314,0
292366.7604,0
292445.6824,0
292692.08019999997,0
292768.4277,0
292809.322,0
292828.8063,0
292865.5244,0
292976.8108,0
293028.8587,0
293402.8483,0
293409.62679999997,0
293453.3921,0
293472.23600000003,0
293591.2469,0
293850.4365,0
293872.1481,0
294027.0895,0
294157.2959,0
294191.8848,0
294210.5701,0
294231.5112,0
294259.5658,0
294433.7085,0
294494.5994,0
294901.194,0
294996.8136,0
295402.8604,0
295407.9457,0
295470.879,0
295536.408,0
295797.24069999997,0
295916.4506,0
295926.0858,0
296351.4048,0
296359.6728,0
296816.7851,0
296924.82790000003,0
297001.9595,0
297075.3477,0
297184.4054,0
297265.9705,0
297341.8025666667,0
297342.1847,0
297539.6456,0
297593.8562,0
297759.9866,0
297760.4134,0
297883.7939,0
298103.5574,0
298128.9327,0
298243.9348,0
298400.3026,0
298530.2966,0
298891.30449999997,0
299421.0057,0
299435.4233,0
299489.3194,0
299567.6318,0
299756.0589,0
299807.05350000004,0
299939.4817,0
300036.4809,0
300211.5072,0
300404.9127,0
300456.6244,0
300861.871,0
301346.4829,0
301448.4467,0
301498.2245,0
301501.231,0
301552.2951,0
301620.84380000003,0
301659.6408,0
301823.2515,0
301878.6838,0
301989.4517,0
302278.977,0
302294.2723,0
302351.8426,0
302372.677,0
302461.7894,0
302623.3439,0
302857.0367,0
303018.91359999997,0
303073.103,0
303117.3417,0
303212.2076,0
303307.0851,0
303569.27410000004,0
303838.1789,0
303948.2353,0
304003.5146,0
304015.1118,0
304291.6933,0
304301.2449,0
304318.6291,10278.052540000004
304351.4195,0
304358.3016,0
304400.66469999996,0
304480.1315,0
304490.4689,0
304533.1714,0
304587.9764,0
304673.3666,0
304749.8582,0
304862.9541,0
304923.82420000003,0
304940.29110000003,0
305091.5396,0
305149.0351,0
305285.128,0
305382.9311,0
305636.04720000003,0
305976.9254,0
306062.4586,0
306422.7441,0
306428.63752,0
306553.1559,0
306622.1898,0
306705.0706,0
306843.4007,0
307009.65009999997,0
307392.6158,0
307441.8169,0
307761.1864,0
307821.2963,0
308215.9376,0
308830.5532,0
308833.81539999996,0
309007.6264,0
309307.7362,0
309516.8011,0
309739.8274,0
309834.999,0
310235.6846,0
310387.4896,0
310446.7574,0
310646.0091,0
310666.97609999997,0
310757.0072,0
310890.6878,0
311184.2652,0
311252.7257,0
311328.2906,0
311450.9019,0
311945.4569,0
312041.8397,0
312091.31909999996,0
312346.5751,0
312577.843,0
312578.3812,0
312710.3001,0
312724.8754,0
312734.4364,0
312757.4099,0
312804.6547,0
312855.8099,0
313164.2019,0
313240.2637,0
313414.9712,0
313462.7212,0
313721.1141,0
313739.0902,0
314128.681,0
314197.4607,0
314252.4187,0
314449.5682,0
314513.6078,0
314613.48840000003,0
314808.6769,0
314985.4337,0
314988.26509999996,0
315098.1219,0
315187.8769,0
315212.1333,0
315343.6703,0
315349.0183,0
315384.6797,0
315431.2494,0
315490.1104,0
315650.1136,0
315683.9192,0
315876.9006,0
316253.0647,0
316267.1299,0
316276.848,0
316513.843325,0
316672.15630000003,0
317031.8705,0
317037.0369,0
317039.3784,0
317139.0904,0
317247.5115,0
317251.5409,0
317583.0934,0
317640.2688,0
317690.517,0
317750.6436,0
317836.7597,0
317864.605,0
318048.745,0
318095.3774,0
318690.2271,0
319097.3528,0
319605.4043,0
319628.1245,0
319677.70984,0
319787.1921,0
319907.5958,0
319944.9022,0
320210.0101,0
320223.8057,0
320267.9561,0
320358.1466,0
320360.9915,0
320644.1493,0
320888.3304,0
321040.4128,0
321090.8696,0
321096.6099,0
321151.1475,0
321167.8021,0
321411.8673,0
321646.9522,0
321694.5648,0
321789.50954,0
321799.0449,0
322176.2218,0
322486.93559999997,0
322732.6542,0
322799.2331,0
322944.7069,0
323044.1086,0
323056.6962,0
323084.2051,0
323402.8177,0
323453.5335,0
323523.6545,0
323638.5658,0
323683.6962,0
323791.4423,0
324042.9783,0
324070.1876,0
324229.8954,0
324271.8085,0
324535.3585,0
324570.9262,0
324580.4704,0
324706.0742,0
324841.163,0
324905.31,0
325013.346,0
325119.358,0
325199.8236,0
325258.1533,0
325296.891,0
325348.2966,0
325442.0272,0
325527.9179,0
325592.3881,0
325617.3985,0
325759.857075,0
325939.6291,0
325996.6484,0
326089.1087,0
326257.3554,0
326305.8625,0
326409.591,0
326435.32779999997,0
326551.74179999996,0
326644.3668,0
326817.3569,0
326865.1121,0
327045.1045,0
327072.4515,0
327082.9988,0
327227.9745,0
327295.3722,0
327569.5533,0
327572.1103,0
327636.4913,0
327650.34455,0
327726.3825,0
327758.9653,0
327898.6028,0
327979.9916,0
328031.747,0
328068.6056,0
328202.1074,0
328305.1457,0
328355.0961,0
328527.53260000004,0
328729.9146,0
328798.4984,0
329041.3724,0
329176.49566666665,0
329261.8441,0
329389.63592,0
329459.9171,0
329461.9886,0
329548.0981,0
329776.5744,0
330046.6143,0
330051.9986,0
330098.1426,0
330293.3929,0
330873.01196,0
330967.0497,0
331051.115225,0
331369.7651,0
331374.38910000003,0
331642.9476,0
331797.8454,0
331862.3595,0
331886.2917,0
332193.73589999997,0
332354.6251,0
332476.0609,0
332508.5631,0
332698.5172,0
333060.8986,0
333102.3462,0
333411.7194,0
333447.7814,0
333485.3418,0
333491.776,0
333793.5681,0
333849.6032,0
333875.7568,0
333958.2049333333,0
334018.2123,0
334057.0659,0
334219.5452,0
334384.18429999996,0
334592.48762,0
334874.9777,0
334887.6958,0
334912.379,0
334935.89086,0
335127.1564,0
335131.3648,0
335182.3453,0
335228.0208,0
335438.3651,0
335497.3586,0
335713.4462,0
335781.9467,0
335784.8087,0
335830.2063,0
335916.2533,0
336054.7766,0
336149.7097,0
336318.4928,0
336343.4827,0
336345.96140000003,0
336363.7215,0
336398.025,0
336405.4542,0
336433.232,0
336916.6897,0
336960.1966,0
337196.0521,0
337273.2635,0
337352.7679,0
337375.8122,0
337424.4725,0
337451.0968,0
337757.926,0
337980.7092,0
338087.1726,0
338161.9046,0
338293.1579,0
338452.7847,0
338524.3555,0
338655.104,0
338825.2212,0
338848.8479,0
338857.0762,0
338872.1961,0
338890.3109,0
338923.6771,0
338939.029,0
339075.751,0
339099.609,0
339146.8053,0
339306.92370000004,0
339342.2381,0
339361.6292,0
339657.287,0
339663.8186,0
339686.8141,0
339979.6342,0
340047.739,0
340134.5035,0
340168.1132,0
340224.0498,0
340329.0407,0
340485.2201,0
340691.4964,0
340797.737,0
340849.3439,0
340947.3727,0
341010.4331,0
341158.86973333335,0
341194.1796,0
341230.0345,0
341252.8095,0
341457.4841,0
341503.5051,0
341519.3225,0
341526.0859,0
341537.4582,0
341539.5012,0
341621.518,0
341736.07779999997,0
341780.2652,0
341975.9857,0
342012.2395,0
342258.9723,0
342337.6186,0
342457.2542,0
342561.976,0
342609.1432,0
342736.9549,0
342751.0168,0
342772.218,0
342787.9937,0
342842.1334,0
342889.9113,0
342935.1266,0
343030.8784,0
343074.4999,0
343178.995,0
343233.7412,0
343286.7107,0
343288.0507,0
343348.9249666667,0
343442.873,0
343548.9066,0
343574.6159,0
343597.6087,0
343650.9212,0
343651.2736,0
343689.4016,0
343995.8673,0
344079.9775,0
344093.0915,0
344267.5338,0
344486.5782,0
344526.9145,0
344648.8637,0
345192.1928,0
345227.0585,0
345309.5651,0
345323.9444,0
345332.2354,0
345350.1429,0
345355.0442,0
345364.8334,0
345471.7756,0
345552.6224,0
345639.8556,0
345689.3316,0
345832.1797,0
345838.1607,0
345847.4477,0
346066.0518,0
346121.2604,0
346141.8232,0
346387.9207,0
346482.4363,0
346546.006,0
346624.2815,0
346859.8405,0
347071.8966,0
347150.4181,0
347479.06649999996,0
347687.7992,0
347700.2175,0
347726.9408,0
348077.00549999997,0
348122.0338,0
348155.5954,0
348167.2309,0
348199.75080000004,0
348276.8629,0
348495.664,0
349042.652,0
349217.9642,0
349234.9959,0
349318.3761,0
349407.4914,0
349576.3131,0
349889.3577,0
349983.6782,0
350019.41005,0
350035.4834,0
350055.7148,0
350119.1142,0
350255.5776,0
350286.8167,0
350388.5733,0
350396.8779,0
350444.1768,0
350659.762,0
350693.679,0
350770.2598,0
350977.5863,0
351154.2958,0
351195.7043,0
351233.0962,0
351339.2744,0
351737.7796,0
351849.6902,0
352051.2903,0
352098.8771,0
352155.0661,0
352211.3109,0
352244.9441,0
352449.027,0
352496.5169,0
352811.3595,0
352932.3394,0
352936.0444,0
352939.2843,0
352965.1016,0
352978.6676,0
352980.95149999997,0
353157.9337,0
353229.273,0
353305.3662,0
353487.2446,0
353531.1872,0
353623.7392,0
353633.3365,0
353750.7256,0
353763.4806,0
353908.3718,0
354153.0624,0
354318.1205,0
354369.2564,0
354415.9805,0
354446.8969,0
354636.5613,0
354739.0807,0
354799.7831,0
354902.6875,0
355088.2378,0
355127.976,0
355143.1987,0
355295.6482,0
355338.1454,0
355351.1674,0
355561.119,0
355648.1068,0
355691.7745,0
355803.1601,0
355808.3101,0
355926.1415,0
355934.14639999997,0
356071.6708,0
356074.67676666664,0
356088.9281,0
356289.0069,0
356315.6932,0
356330.9396,0
356475.4581,0
356579.6818,0
356613.6094,0
356689.8402,0
356790.9828,0
356872.5056,0
357049.1101,0
357273.8536,0
357336.7332,0
357345.1646,0
357391.28504,0
357420.7993,0
357466.67933333333,0
357477.4411,0
357508.2838,0
357527.7917,0
357531.9806,0
357561.1821,0
357683.1079,0
357767.31429999997,0
357785.4642,0
357800.0105,0
357820.9659,0
357842.7234,0
357868.8752,0
357903.6591,0
358014.490225,0
358274.0523,23.12559999997029
358437.02623333334,0
358580.12690000003,0
358610.75549999997,0
358618.1771,0
358698.9086,0
358708.3216,0
358752.76399999997,0
358853.6166,0
358892.1084,0
358924.7216,0
359353.5479,0
359380.7372,0
359978.3889,0
360073.6262,0
360097.7467,0
360326.4926,0
360402.0818,0
360505.6369,0
360522.0586,0
360592.006,0
360626.649,0
360762.3019,0
360855.3581,0
360972.7115,0
360984.5277,0
360986.3639,0
361100.8592,0
361183.8963,0
361424.8833,0
361433.0959,0
361510.9733,0
361544.0012,0
361677.8417,0
361686.6028,0
361723.8359,0
361865.5387,0
361883.5996,0
361910.6752,0
361976.5175,0
362050.792,0
362088.649,0
362127.9287,0
362174.8449,0
362274.5912,0
362412.75659999996,0
362456.7092,0
362475.7289,0
362655.4755,0
362972.2766,0
363000.3424,0
363032.2582,3040.9990999999573
363122.688,0
363156.9862,0
363179.7006,0
363428.2566,0
363493.4905,0
363507.2071,0
363551.0275,0
363557.924,0
363835.8527,0
364035.3682,0
364459.3618,0
364751.6646,0
364766.9917,0
364894.0973,0
365001.69440000004,0
365139.9815,0
365159.9728,0
365164.4221,0
365434.0471,1506.9382750000223
365450.1147,5234.357699999993
365469.45160000003,0
365537.5418,0
365640.72,0
365702.0982,0
365769.9717,0
365774.4391,0
366103.0726,0
366478.6441,0
366501.6457,0
366527.7173,0
366580.6871,0
366673.1506,0
366713.015,0
366775.6748,0
366790.7097,0
366902.14280000003,0
366931.46109999996,0
366982.58979999996,0
367006.13060000003,0
367162.29480000003,0
367262.8381,13572.217600000033
367336.9819,0
367471.0764,0
367889.2068,0
367930.8391,0
367986.9531,0
368149.4855,0
368159.1643,0
368223.2159,0
368230.5213,0
368243.2147,0
368356.518,3198.0139999999665
368374.48459999997,0
368394.1914,0
368436.1649,0
368474.8095,0
368498.8762,0
368503.9017,0
368598.7814,0
368657.6952,0
368844.5003,0
368926.8262,0
368942.7454,0
369028.8917,0
369082.873,0
369339.4353,0
369339.9973,0
369366.9228,0
369465.636,0
369539.09415,0
369618.0348,0
369691.3243,0
369791.4999,0
369859.1967,0
369994.8658,0
370132.8668,0
370214.6272,0
370272.2132,0
370276.6803,0
370451.9277,0
370612.0319,0
371260.0282,0
371330.5022,0
371369.1234,0
371450.16240000003,0
371469.1475,0
371498.67949999997,0
371543.54449999996,0
371576.5569,0
371600.3778,0
372193.8832,0
372201.17579999997,0
372340.62,0
372747.5214,0
372785.6645,0
372874.0659,0
372926.4961,0
373053.9151,0
373135.49820000003,0
373181.4471,0
373469.3995,0
373505.0493,0
373693.51529999997,0
373733.1665,0
373751.8123,0
373796.1092,0
373798.4477,0
374036.49569999997,0
374102.3394,0
374106.3959,0
374122.4068,0
374732.1325,0
374831.7858,0
374925.8435,0
374994.3063,0
375060.5752,0
375291.853,0
375383.1167,0
375448.0371,0
375452.4968,0
375488.4689,2359.0101999999606
375716.0161,0
375851.2276,0
376209.7625,0
376262.14421666664,0
376263.5629,0
376317.1647,0
376349.9361,0
376353.87320000003,0
376356.3041,0
376372.0854,0
376483.7962,0
376621.6178,0
376627.5365,0
376732.2814,0
376977.8314,0
377156.7515,0
377192.1044,0
377213.3469,0
377222.8146,0
377260.8845,0
377283.8673,0
377287.4994,0
377484.5364,0
377489.01410000003,0
377501.5157,0
377661.1193,0
378109.1104,0
378208.5091,0
378391.4563,0
378430.8791,0
378706.14780000004,0
378844.5559,0
379066.7083,0
379177.16863333335,0
379207.0806,0
379250.0144,0
379346.7707,0
379425.25320000004,0
379578.0618,0
379749.1841,0
379995.2132,0
380157.7909,0
380335.4807,0
380355.4299666667,0
380467.1584,0
380545.2921,0
380914.8542,0
381042.3736,0
381058.1291,0
381075.1077,0
381721.4569,0
381761.887,0
382065.8235,0
382073.9929,0
382167.85719999997,0
382526.669,0
382626.9007,0
382678.6608,0
382747.8293,0
382861.0622,0
382943.9315,0
383151.6295,0
383225.5571,0
383323.961,0
383678.2941,0
383910.546,0
384097.2679,0
384117.7663,0
384144.2152,0
384582.4534,0
384609.2324,0
384649.85860000004,0
384658.16130000004,0
384704.6776,0
384718.6783,0
384721.4781,0
384749.6574,0
384758.6532,0
384861.4692,0
385004.5643,0
385015.12679999997,0
385211.7851,0
385225.145,0
385233.5425,0
385716.33640000003,0
385753.5098,0
385778.9838,0
385898.9662,0
385954.4108,0
386046.9404,0
386121.22609999997,0
386292.8152,0
386386.75769999996,0
386619.40150000004,0
386638.8643,0
386642.0888,0
386804.7058,0
387165.5109,0
387240.5553,0
387240.8285,0
387364.87320000003,0
387374.3193,0
387468.6102,0
387507.4206,0
387532.8378,0
387543.526,0
387571.08900000004,0
387871.8206,0
388025.335,0
388290.3642666667,0
388315.7559,0
388379.1267,0
388383.1001,0
388763.4104,0
388880.3576,0
388922.6118,0
388934.3792,0
388977.091,0
389079.7039,0
389093.1654,0
389694.7701,0
389736.1127,0
389761.5395,0
389851.4892,0
389890.6063,0
389945.5944,0
390089.4317,0
390163.4307,0
390359.3131,0
390381.2634,0
390434.9113,0
390469.2841,0
390505.7061,0
390507.9769,0
390609.8869,0
390705.7215,0
391134.9436,0
391154.1758,0
391356.5859,0
391462.2915,0
391490.3919,0
391696.5487,0
391790.243,0
391832.4039,0
391965.0463,0
392025.9194,0
392087.8324,0
392097.4841,0
392157.6743,0
392293.66359999997,0
392315.9049,0
392479.5152,0
392649.1898,0
392829.19018,0
392914.89879999997,0
393041.06680000003,0
393130.8825,0
393281.75659999996,0
393572.9227,0
393654.3049,0
394013.6121,0
394239.0305,0
394244.93700000003,0
394430.2975,0
394622.9346833333,0
394717.9071,0
394802.6337,0
394970.7858,0
395222.79469999997,0
395269.4195,0
395322.1365,0
395402.9181,0
395899.8059,0
395902.3172,0
395929.14139999996,0
395930.42590000003,0
395969.8191,0
396123.2176,0
396231.0865,0
396239.1242,0
396606.2446,0
396755.98589999997,0
396834.088,0
396866.6428,0
396991.2869,0
397073.01325,0
397105.3108,0
397242.43,0
397288.884,0
397540.069,0
397666.3367,0
397968.7237166667,0
398073.0465,0
398109.8751,0
398127.9409,0
398574.0504,0
398655.7411,0
398751.18669999996,0
398780.22218,0
399000.2199,0
399028.8209,0
399117.2473,0
399143.5822,0
399224.98470000003,0
399270.6152,0
399319.9212,0
399330.9027,0
399368.2567,0
399383.5798,0
399433.8301,0
399741.8094,0
399756.8052,0
399914.2689,0
400052.4345,0
400151.2646,0
400229.3087,0
400251.3824,0
400274.40322,0
400375.1569,0
400444.75430000003,0
400464.0286,0
400627.418,0
400825.5271,0
400847.2617,0
400959.8056,0
401141.6825,0
401221.0963,0
401265.045,0
401419.4074,0
401560.3218,0
401634.2677,0
401781.6977,0
402125.645,0
402178.9873,0
402216.3508,0
402694.6968,0
402701.85908,0
402727.6887,0
402735.61436666665,0
402837.17590000003,0
403022.3832,0
403048.7049,0
403059.2313666667,0
403103.8418,0
403106.09402,0
403146.1266,0
403167.6493,0
403217.8383,0
403254.5359,0
403554.9805,0
403593.5162,0
403694.9244,0
403843.3158,0
403852.5725,0
403923.9893,0
403991.0674,0
404074.9681,0
404448.3076,0
404505.2402,0
404581.4003,0
404589.1357,0
404715.53740000003,0
404756.736,0
404805.2528,2920.500800000038
405169.1807,0
405228.2334,0
405286.045,0
405375.6518,0
405420.8967666667,0
405429.1092,0
405759.84025,0
405793.1273,0
406153.6655,0
406182.0511,0
406325.7879,0
406504.2955,0
406521.364,0
406524.378,0
406681.7223,0
406688.8244,0
406856.3566,0
406963.6888,0
406985.1567,0
407156.5496,0
407304.1827,0
407688.5609,0
407797.7327,0
407943.5327,0
407954.5065,0
407971.8859,0
408138.8859,0
408143.2508,0
408149.8311,0
408417.24569999997,0
408476.7145,0
408510.2068,0
408521.6099,0
408784.801,0
408823.5846,0
408919.51313333336,0
409033.657,0
409258.2922,0
409327.9144,0
409446.7881,0
409484.0667,0
409503.0803,0
409604.9739,0
409935.6573,0
409999.5008,0
410213.5672,0
410862.8514,0
410871.6668,0
411145.7526,0
411383.629,0
411579.6475,0
411695.714,0
411700.4898,0
411702.5692,0
412099.1213,0
412180.4607,0
412371.2235,0
412373.7846,0
412594.17220000003,0
412599.8844,0
412726.2883,0
412801.8621,0
412911.27512,0
413251.3798,0
413256.3491,0
413321.9876,0
413340.0819,0
413363.46400000004,0
413370.6629,0
413435.3058,0
413480.4896,0
413502.0272,0
413542.3654,0
413636.8477,0
413894.1086,0
414082.7782,0
414105.4109,0
414121.2613,0
414214.4088,0
414565.0188,0
414643.2792,0
414691.7408,0
414704.2619,0
414740.1497,0
414797.0883,0
414868.0945,0
414892.8027,0
415113.9159,0
415120.0233,0
415203.3925,0
415408.5817,0
415707.6915,0
415796.32550000004,0
415800.40263333335,0
415894.0126,0
416098.6773,0
416127.75591666665,0
416191.8763,0
416419.0811,0
416633.4391,0
416720.7382,0
416751.5348,0
416915.8743,0
417246.1979,0
417820.8821,0
417848.3367,0
417972.7722,0
418091.7811,0
418204.9312,0
418210.1443,0
418251.1575,0
418281.0365,0
418311.2891,0
418358.3853,0
418682.3,0
418683.4185,0
418766.3584,0
418890.6254,0
418896.152,0
418903.0041,0
419056.99845,0
419274.5978,0
419374.2829,0
419389.2889,0
419421.6054,0
419491.3355,0
419587.2868,0
419804.8986,0
419875.567,0
419909.4337,0
420037.5626,0
420172.6063,0
420290.9583,0
420292.4825,0
420456.9476,0
420555.255,0
420578.1906,0
420604.8467,0
420645.7542,0
420683.08770000003,0
420691.0639,0
420712.3959,0
420978.5094,0
421052.0013,0
421074.7255,0
421258.01632,0
421325.9363,0
421751.9108,0
422105.3801,0
422246.6559,0
422451.4182,0
422601.2431,0
422610.6163,0
422624.7809,0
422674.5946,0
423017.7421,0
423398.6491,0
423420.9586,0
423493.7619,0
423517.6099,0
423553.8746,0
423570.4793,0
423590.3815,0
423743.11699999997,0
423745.1414,0
423865.3216,0
423965.4714,0
424034.3313,0
424132.258,0
424191.5722,0
424216.0654,0
424237.0631,0
424342.3439,0
424458.4477,0
424495.5304,0
424535.4854,0
424572.1683,0
424654.278,0
424701.04480000003,0
424709.7225,0
424835.3224,0
424855.36710000003,0
424863.1851,0
424901.09373333334,0
424945.6479,0
424962.1344,0
425431.68799999997,0
425491.8663,0
425514.634,0
425551.38320000004,0
425719.0676,0
425721.9282,0
425739.0278,0
425797.7277,0
425879.8513,0
425944.006,0
426022.9189,0
426069.2022,0
426316.8885,0
426348.6963,0
426484.72239999997,0
426487.0498,0
426616.9207,0
426620.741,0
426638.7002,0
426750.1264,0
426811.1393,0
426931.1262,0
426950.0231,0
427145.7887,0
427270.0735,0
427313.3039,0
427445.101325,0
427478.5792,0
427598.8097,0
427639.7945,0
427757.402,0
427812.9502,0
427863.7285,0
427903.3399,0
428016.95160000003,0
428240.87,0
428283.2243,0
428330.0929,0
428498.7925,0
428633.72250000003,0
428640.8326,0
428642.8176,0
428952.8206,0
429164.898,0
429178.9874,0
429216.2019,0
429339.3551,0
429366.28229999996,0
429448.7365,0
429478.61,0
429490.9918,0
429516.2932,0
429654.0016,0
429705.7076,0
429747.043,0
429765.6658,0
429802.9986,0
429813.133,0
429837.9911,0
429859.9694,0
429869.953275,0
429996.0514,0
430084.8887,0
430269.1463,0
430296.4813,0
430466.3705,0
430575.1946,0
430594.1263,0
430612.73725,0
430614.3883,0
430628.9529,0
430640.4703,0
430694.6958,0
430757.0848,0
430860.8327,0
430877.6589,0
431020.8783,0
431025.94,0
431246.8724,0
431550.1648,0
431609.339025,0
431665.3917,0
431759.6691,0
431831.649,0
431896.9135,0
431976.9194,0
432093.5029,0
432278.419,0
432437.4721,0
432574.1727,0
432624.6276,0
432742.1023,0
432763.9659,0
433101.4463,0
433385.6255,0
433467.5514,0
433501.8844,0
433511.524,0
433534.3949,0
433566.1822,0
433592.3875,0
433615.7642,0
433648.9611,0
433684.3192,0
433776.4886,0
433944.726,0
433952.9152,0
433975.7536,0
433978.78969999996,0
434052.3739,0
434152.3784,0
434251.7302,0
434349.1022,0
434426.11340000003,0
434500.6811,0
434542.9405,0
434587.94539999997,0
434622.73699999996,0
434772.0464,0
434948.9123,0
434950.4644,0
434999.51529999997,0
435155.7361,0
435360.2493,0
435363.2464,0
435395.9192,0
435477.7699,0
435520.4478,0
435616.921175,0
435698.9121,0
435826.6685,0
435931.9495,0
436080.5352,0
436266.29106666666,0
436360.8969,0
436388.63049999997,0
436535.1655,0
436548.8423,0
436580.4922,0
436610.07660000003,0
436892.3366,0
436894.1026,0
436949.7495,0
437044.0017,0
437051.3328,263.3075999999419
437073.6016,0
437083.6238,0
437268.8628,0
437392.7326,0
437454.0985,0
437493.183,0
437571.8455,0
437600.3496,0
437731.67960000003,0
437782.3121,0
437796.5248,0
437854.0599,0
438021.2592,0
438034.8403,0
438043.1116,0
438137.1267,0
438318.9878,0
438405.9308,0
438428.9382,0
438497.4208,0
438526.7283,0
438628.0162,0
438669.41986666666,0
438755.9,0
438768.2954,0
438830.2017,0
438950.1665,0
438978.26,0
439143.6475,0
439418.1499,0
439447.1112,0
439553.4613,0
439640.5559,0
439872.8861,0
439882.983,0
439933.5845,0
439988.2638,0
440032.6066,0
440122.8049,0
440224.9241,0
440279.241,0
440365.205,0
440367.6766,0
440423.1859,0
440469.4579,0
440510.8427,0
440630.1398,0
440721.56440000003,0
440770.8608,0
440784.912,0
440819.4521,0
440861.853,0
440944.7304,0
441014.326,0
441083.25565,0
441109.7856,0
441442.3209,0
441655.6259,0
441793.5296,0
441821.3443,0
442335.177,0
442468.6114,0
442672.7687,0
442941.69550000003,0
443031.9872,0
443156.1091,0
443209.1197,0
443283.9853,0
443547.1004,0
443626.16000000003,0
443633.8139,0
443702.5469,0
443710.5435,0
443919.1931,0
444150.3187,0
444166.9244,0
444175.4378,0
444194.6631,0
444264.2819,0
444346.2104,0
444386.4638,0
444418.1588,0
444477.6755,0
444487.3995,0
444526.1982,0
444614.9273,0
444657.4458,0
444933.0711,2223.9490000000224
444940.1914,0
445172.8108,1315.752600000007
445356.0405,0
445400.7411,0
445414.17350000003,0
445466.7201,0
445496.9828,0
445497.9538,0
445507.1354,0
445536.8281,0
445608.2744,0
445733.8953,0
445770.91209999996,0
445792.2717,0
445911.4804,0
446025.1146,0
446199.2602,0
446315.3678,0
446556.1172,0
446682.8753,0
446845.4471,0
446847.1163,0
446868.0945,0
446912.39540000004,0
446940.6026,0
447003.9977,0
447104.6386,0
447104.7589,0
447242.9657,0
447345.9378,0
447459.10349999997,0
447496.39,0
447678.4111,0
447783.8562,0
447803.5791,0
447886.3603,0
447982.0847,0
448008.5453,0
448032.0396,0
448063.8388,0
448138.9896,0
448338.2829,0
448374.7532,0
448448.3062,0
448463.9168,0
448537.1119,0
448570.3428,0
448606.0612,0
448613.5755,0
448622.7583,0
448761.4284,0
448780.9756,0
448889.60791666666,0
448892.4271,0
448931.83640000003,0
448935.1311,0
449183.6063,0
449477.8346,0
449501.6088,0
449644.4469,0
449675.3685,0
449707.652,0
449810.2317,0
449878.4959,0
450055.44180000003,0
450121.5304,0
450172.4009,0
450221.884,0
450333.8694,0
450408.7329,0
450534.4059,0
450542.2169,0
450650.1217,0
450654.069,0
450666.51170000003,0
450703.0114,0
450878.0015,0
451080.3553,0
451143.4362,0
451224.1728,0
451237.0905,0
451328.0739,0
451518.0616,0
451610.2416,0
451755.3172,0
452031.2128,0
452065.1801,0
452148.7324,0
452159.9334,0
452216.7724,0
452526.515,0
452596.2578,0
452596.7258,0
452644.11230000004,0
452783.4874,0
452927.6521,0
453057.1943,0
453117.7377,0
453137.2938,0
453185.293,0
453185.4947,0
453223.4909,0
453249.5423,0
453383.9025,0
453647.4816,0
453661.2642,0
453751.1742,0
453970.4479,0
454059.3899,0
454198.8567,0
454280.8348,0
454396.0587,0
454434.691575,0
454455.0914,0
454508.9788,0
454542.3245,0
454733.6602,0
454817.3006,0
454861.3629,0
454903.0388,0
455203.54,0
455510.8903,1330.9808000000194
455516.3366,0
455644.892,0
455687.7716,0
455692.3482,0
455841.4814,0
455914.9881,0
456202.5083,0
456283.8949,0
456558.5647,0
456582.7043,0
456807.0592,0
456869.0352,0
456901.5942,0
456966.9317,0
457080.4368,0
457124.4794,0
457250.1543,0
457333.2417,0
457345.1937,0
457468.564,0
457492.6616,0
457575.48,0
457632.2004,0
457690.7527,0
457763.9134,0
457827.8902,0
458077.6885,0
458210.9458,0
458374.8563,0
458503.667,0
458635.8851,0
458799.7536,0
459100.23829999997,0
459266.0746,0
459468.4362,0
459471.9914,0
459593.0059,0
459620.8715,0
459642.2952,0
459745.2485,0
460177.0855,0
460493.9702,0
460496.2008,0
460695.3464,0
460747.7815,0
460886.1773,0
460952.8173,0
461055.3476,0
461136.1593,0
461283.7112,0
461361.0339,0
461842.1228,0
462030.0159,0
462664.7738,0
462710.0812,0
462813.6962,0
462951.5318,0
462958.7117,0
463118.2351,0
463169.7978,0
463527.1756,0
463649.8533,0
463970.9216,0
464105.1739,0
464262.4224,0
464505.4571,0
464534.9327,0
464542.9193,0
464695.588875,0
464875.6689,0
464880.6594,0
465237.1266,0
465257.7989,0
465500.5877,0
465713.9305,0
465868.1768,0
465990.7034,0
466078.981,0
466151.5683,0
466268.375,0
466533.93570000003,0
466688.9896,0
466996.7195,0
467051.7821,0
467890.3755,0
468035.048,0
468058.33999999997,0
468164.0941,0
468264.9458,0
468285.7575,0
468331.28119999997,0
468342.6117,0
468431.9655,0
468433.9418,0
468446.0266,0
468546.2237,0
468690.076,0
468809.4295,0
468892.1182,0
469028.154,0
469226.4958,0
469239.9066,0
469365.1493,0
469376.6053333333,0
469465.1575,0
469474.3155,0
469484.4228,0
469647.0454,0
469680.3214,0
469782.1875,0
469916.5357,0
470171.1843,0
470243.6444,0
470407.7929,0
470466.9378,0
470631.1989,0
470644.5143,0
470858.1498,0
471070.8084,0
471175.8486,0
471326.1125,0
471534.9092,0
471714.5414,0
471747.938,0
471869.6143,0
471882.4899,0
471925.0425,838.8207999999868
471928.127,0
472134.1383,0
472207.9163,0
472264.2108,0
472521.059,0
472559.8029,0
472953.12320000003,0
473036.0982,0
473159.0222,0
473200.11970000004,0
473363.0187,0
473524.2709,0
473675.8098,0
473710.4133,0
473869.996,0
473879.3129833333,0
473892.8336,0
473941.6884,6951.044099999999
474010.2355,0
474054.2146,0
474135.9079,0
474177.8415,0
474495.4732,0
474642.8185,0
475037.8291,0
475288.4803,0
475332.4773,0
475529.9648,0
475675.6605,0
475780.5915,0
475845.48470000003,0
476175.0765,0
476585.3405,0
476718.1917,0
476968.53229999996,0
477103.2108,10018.089000000036
477267.2845,0
477291.4338,0
477348.328,0
477372.70420000004,0
477382.3325,0
477753.3781,0
477938.9547,0
478069.6398,0
478467.2135,0
478589.6989,0
478627.83400000003,0
478923.0353,0
478983.662,0
479032.3047,0
479272.566,0
479460.8779,0
479694.3881,0
479708.8598,0
479720.8033,0
479963.716,0
480029.0362,0
480072.7672,0
480151.1643,0
480424.4278,0
480705.3703,0
480749.8434,0
480809.1423,0
480913.5348,0
480959.811,0
480974.8072,0
481044.9807,97.22163333336357
481084.1474,0
481164.203,0
481305.1185,0
481404.9613,0
481425.7416,0
481534.253,0
481730.1142,0
481912.4064,0
482019.1093,0
482027.778,0
482187.5047,7728.747999999963
482426.3435,0
482494.702,0
482742.4325,0
482758.9077,0
482760.5288,0
482792.19920000003,0
482826.4466,0
482861.8052,0
483013.2785,0
483131.715,0
483158.4969,0
483342.6068,0
483440.5502,0
483636.6029,0
483873.0321,0
483921.0192,0
484145.2983,0
484412.0085,0
484417.4098,0
484518.6324,0
484591.0079,0
484746.4482,0
484785.131,0
484853.3978,0
484899.5422,0
484963.2853,0
485070.145,0
485250.5963,0
485270.8661,0
485648.5054,0
485695.89879999997,0
485698.2546,0
486130.0193,0
486337.0729,0
486354.1574,0
486790.6578,0
486972.5939,0
487324.3067,0
487333.1757,0
487437.77652,0
487770.67209999997,0
488137.8357,0
488180.8248,0
488612.6702,0
488713.0234,0
488790.7582,0
488838.8403,0
488856.8056,0
489020.4828,0
489044.688,0
489105.1092,0
489187.7093,0
489228.8075,0
489585.2091,0
489593.45,0
489602.4843,3189.241700000013
489661.0325,0
489833.9928,0
489951.4315,0
490024.7992,0
490029.0176,0
490090.1925,0
490262.3599,0
490281.5962,0
490313.9888,0
490515.46499999997,0
490578.9683,0
490701.4629,0
490732.3515,0
490749.8023,0
490837.232,0
490985.2684,0
491059.2745,0
491148.4501,0
491198.8654,0
491205.4568,0
491249.1116,0
491517.5919,0
491563.3023,0
491582.9278,0
491665.9594,0
491851.0154,0
492076.63910000003,0
492077.0785,0
492095.99580000003,0
492699.747,0
492787.67339999997,0
493170.5568,0
493208.719075,0
493240.28206,0
493401.7005,0
493438.1731,0
493483.5753,0
493530.663,0
493559.0224,0
493709.6399,0
493825.3876,0
493835.3529,0
493914.0905,0
493929.1813,0
494349.03393333335,0
494436.9442,0
494504.7925,0
494731.5354,0
494953.2853,0
495079.518,0
495227.4627,0
495260.6013,0
495320.4097,0
495481.1359,0
495680.2787,0
495823.2403,0
495910.8003,0
496066.6498,0
496088.6564,0
496727.95530000003,0
496790.8528,0
497047.333,0
497210.0677,0
497420.5741,0
497445.1749,1324.3436999999685
497538.1761,0
497667.0137,0
497674.8366,0
497720.4558,0
497734.22295,0
497885.065,0
497968.64139999996,0
498549.87679999997,0
498562.7728,0
498835.8158,0
498844.7521,0
499227.066675,0
499270.30090000003,0
499292.8844,0
499315.1238,0
499339.8133,0
499557.41106666665,0
499652.4862,0
499752.3133,0
499923.0311,0
500049.5515,0
500121.9342,0
500201.3727,0
500219.51800000004,0
500825.2399,0
500831.4994,0
501157.92350000003,0
501194.1091,0
501229.2764,0
501232.2567,0
501251.74683333334,0
501252.18799999997,0
501280.7816,0
501326.1866,0
501567.2576,0
501589.6965,0
501626.1255,0
501668.9343,0
501743.5201,0
501944.7628,0
502028.525,0
502454.7258,0
502647.7327,0
502738.9003,0
502746.7661,0
502780.8887,0
502788.2573,0
502872.67220000003,0
503182.51896666666,0
503558.1341,0
503760.9422,0
504128.30079999997,0
504133.2176,0
504167.3495,0
504389.8788,0
504442.4739,0
504612.9605,0
504615.0677,0
504687.1056,0
504764.08030000003,0
504775.1396,0
504883.599,0
504917.71,0
504969.7914,0
505015.9702,0
505024.7876,0
505117.1178,0
505229.9731,0
505250.021,0
505304.9239,0
505375.2599,0
505384.2625,0
505436.6435,0
505583.2689,0
505654.7215,0
505690.186,0
506570.1411,0
506722.9202,0
506724.1521,0
506731.9631,0
506885.2766,0
507074.2578,0
507096.0119,0
507131.5377,0
507191.1522,0
507208.6475,0
507252.7906,0
507323.1155,0
507441.3085,0
507535.7851,0
507563.542,0
507652.2722,0
507666.6055,0
507751.9448,0
507768.2236,0
507793.4692,0
507844.8922,0
507968.0628,0
508017.0491,0
508084.5391,0
508404.2335,0
508452.8646,0
508513.1,0
508586.511,0
508678.1075,0
508783.805,0
508826.2179,0
509008.4423,0
509116.9606,0
509133.7976,0
509512.451,0
509772.5632,0
509778.1731,0
509831.4377,0
509834.2573,0
510127.0887,0
510207.7041,0
510227.3334,0
510255.5667,0
510332.6666,0
510437.5324,0
510653.4557,0
510771.7509,0
510825.5088,0
511069.6602,0
511110.5091,0
511225.4178,0
511234.99580000003,0
511387.3136,0
511416.886,0
511434.7492,0
511473.7719,0
511507.6125,0
511862.9737,0
511958.3529,0
511999.7498,0
512051.957,0
512435.4672,0
512495.8242,0
512722.31059999997,0
512753.13300000003,0
512901.9885,0
512911.02805,0
512928.321,0
512970.8341,0
513041.0755,0
513459.7675,0
513537.9623,0
513629.2529,0
513748.1823,0
513824.442,0
514041.145,0
514194.7426,0
514428.9249,0
514473.9089,0
514481.9376,0
514755.5099,0
514797.0089,0
514823.3469,0
514863.83160000003,0
514996.2033,0
515219.8325,0
515318.0007,0
515369.6731,0
515384.8675,0
515509.9828,0
515695.6167,0
515790.9622,0
515859.5725,0
515918.3171,0
515950.5952,0
515962.4976,0
515969.1279,0
515978.8301,0
516042.2372,0
516453.7143,0
516516.6592,0
516773.8188,0
516867.8224,0
516879.8652,0
516920.8307,0
517118.46900000004,0
517165.2802,0
517232.9902,0
517259.4723,0
517489.5072,0
517531.1772,0
517862.80485,0
518009.3602,0
518098.2665,0
518349.4043,0
518363.2941,0
518372.5078,0
518438.9339,0
518484.158,0
518557.7165,0
518570.7767,0
518871.4158,0
519148.8897,0
519197.8642,0
519383.2632,0
519434.5823,0
519449.2744,0
519591.8383,0
519610.0888,0
519700.5872,0
519815.66240000003,0
519834.0452,0
519846.5697,0
520042.844,0
520345.3385,0
520387.75179999997,0
520468.096,0
520504.7896,0
520575.5871,0
520665.1982,0
520827.9017,0
520949.7861,0
520959.1023,0
521026.8174,0
521218.65595,0
521243.5091,0
521265.275,0
521268.0714,0
521580.52175,0
521788.571,0
521856.1941,0
521946.01681666664,0
522072.1744,0
522245.145,0
522306.6481,0
522370.7358,0
522399.9388,0
522450.458,0
522473.8113,0
522826.7944,0
522843.8833,0
522920.0679,0
522938.83290000004,0
522941.3234,0
522965.8855,0
523004.7931,0
523072.3031,0
523093.8721,0
523096.2916,0
523100.4167,0
523228.6816,0
523278.1345,0
523362.118,0
523430.7926,0
523522.947,0
523665.4726,0
523749.7591166667,0
523910.8967,0
523927.20279999997,0
524008.8248,0
524085.4358,0
524101.1342,0
524154.97829999996,0
524159.7034,0
524182.6265333333,0
524222.09979999997,0
524229.3537,0
524265.6659,0
524289.8895,0
524405.31202,0
524426.8074,0
524449.9753,0
524549.033,0
524618.3789,0
524637.2694,0
524651.0163,0
524663.006,0
524730.5809,0
524738.5454,0
524853.4518,0
524880.7836,0
525197.9545,0
525310.1298,0
525345.8462,0
525356.7178,0
525699.8287,0
525847.999,0
525926.3284,0
526003.7435,0
526013.6669,0
526018.3723,0
526112.0297,0
526381.9871,5109.742399999988
526400.2626,0
526481.103,0
526614.2917,0
526710.2889,0
526764.4759,0
526767.1077,0
526804.512975,0
526822.3045,0
526937.5798,0
526964.3691,0
527031.7493,0
527221.5298,0
527231.5224,0
527350.531,0
527409.7894,0
527480.1499,0
527554.4159,0
527571.838,0
527595.9771,0
527813.7309,0
527849.9994,0
527890.3816,0
527989.706,0
528136.9295,0
528318.9963,0
528334.2364,0
528342.1922,2777.144800000009
528422.2838,0
528450.3594,0
528507.6423,0
528546.0125,0
528656.9641,0
528852.8697,0
529147.9304,0
529152.7283,0
529159.2525,0
529223.5268999999,0
529374.2376,0
529439.0199,0
529859.8136,0
530018.4135,0
530247.0352,0
530247.8024,0
530388.348,0
530389.4946,0
530557.5227,0
530593.6592999999,0
530603.5041,0
530625.807,0
530639.0563,0
530689.6145,0
530767.072,0
530982.05,0
531049.186,0
531134.0444,0
531135.9555,0
531229.6824,0
531264.2924,0
531266.4348,0
531472.9567,0
531513.9817,0
531597.7333,0
531618.3735,0
531737.2685,0
531883.5322,0
531973.1824,0
532128.7552,0
532314.2764,0
532330.1599,586.9163000000408
532505.0962,0
532517.159,0
532606.9006,0
532641.5048,0
532694.1386,0
532952.9939,0
532985.446,0
533019.2838,0
533102.8452,0
533252.1393,0
533273.7766,0
533304.7833,0
533372.8297,0
533478.6974,0
533523.053,0
533572.0201,0
533582.9755,0
533740.9064,0
533750.3835,0
533834.9635,0
533968.491,0
534056.5899,0
534092.9769,0
534238.8796,0
534349.9708,0
534594.6885,0
534643.0529,0
534713.7707,0
534823.9793,0
534834.1566,0
534847.1131,0
534863.6743,0
534943.5863,0
534998.1051,0
534998.3116,0
535020.5179,0
535142.6905,0
535379.2373,0
535407.5958,0
535440.7027,0
535448.7643,0
535869.9573,0
535875.1759,0
535895.0329,0
535929.9365,0
535964.507,0
536223.7263,0
536269.3057,0
536437.1214000001,0
536591.3445,0
536620.4452,0
536714.3602,0
536803.6929,0
537058.4698,0
537141.1444,0
537203.9764,0
537234.645,0
537389.9373,0
537517.2939,0
537686.4118,0
537710.2004,0
537766.6611,0
537897.629,0
537938.9152,0
538033.0618,0
538074.8649,0
538156.0453,0
538256.0522,0
538278.6458,0
538320.4576,0
538369.7274,0
538387.3906,0
538538.721,0
538613.4798,0
538707.2399,0
538939.1103000001,0
539218.8377,0
539350.3430999999,0
539529.8045,0
539553.1672,0
539968.0817,0
540035.8768,0
540092.0770666667,0
540114.9468,0
540144.2307,0
540350.9977,0
540382.941,0
540407.6934,0
540504.4417,0
540546.838,0
540549.0221,0
540704.5874,0
540738.4112,0
540861.2051,0
540901.2899,905.5135000000009
540977.9692,0
540990.3331,0
541160.8724,0
541210.3577,0
541213.9808,0
541307.8938,0
541382.8079,0
541392.4421,0
541588.3632,0
541621.7404,0
541635.3114,0
541657.2516,0
541757.673,0
541894.468,0
541934.9656,0
541966.3359,0
542017.2858,0
542348.5961,0
542396.8751000001,0
542539.9061,0
542670.1842,0
542688.2596,0
542700.3879,0
542857.8805,0
542859.4627,0
542911.0173,0
542924.6662,0
543047.2558,0
543111.5659,0
543183.408,0
543359.2057,0
543663.7187,0
543768.4814,0
543780.7777,0
543952.587,0
544004.1941,0
544065.9526,0
544158.4772,0
544195.5329,0
544243.4068,0
544346.7396,0
544363.7072,0
544429.2272,0
544445.8959,0
544511.5124,0
544829.4687,0
544951.9886,0
544973.9228000001,0
545107.9169,0
545145.1061,0
545198.4466,0
545283.5727,0
545355.3418,0
545385.8046,0
545441.6103000001,0
545451.9283,0
545569.9811,0
545627.5178,0
545724.8859,0
545773.6409,0
545837.3678,0
545935.0213,0
545937.4798,0
546175.7378,0
546231.1575,0
546246.8647,0
546250.3332,0
546416.7815,0
546444.5726,0
546519.2609,0
546582.6359999999,0
546723.102,0
546931.2231000001,0
547030.2078,0
547161.6864,0
547166.8642,0
547453.354,0
547596.6392,0
547811.9108,0
547860.0005,0
547914.9253,0
548159.8765,0
548258.9991,0
548362.0419,0
548470.2696,11383.216999999946
548485.6246,0
548536.2399,0
548663.1343,0
548686.1146,0
548709.5047,0
548802.8030000001,0
549089.6294,0
549124.7402,0
549273.6577,0
549326.9779,0
549350.3263,0
549413.2890999999,0
549645.3629,0
549668.86,0
549877.7451,0
550048.0274,8123.758800000069
550259.0029,0
550334.7278,0
550642.1206,0
551058.2026,0
551257.8619,0
551356.2865,0
551692.7224,0
551693.2729,0
551724.5083,0
551883.2248,0
551998.3719,0
552005.2765,0
552040.9786,0
552218.7864,0
552513.9339000001,0
552582.37,0
552587.9987,0
552769.7898,0
552820.7964333333,0
552900.227,0
552913.6999,0
553022.2038,0
553130.7312,0
553184.5592,0
553300.6651,0
553326.4263,0
553401.7532,0
553435.8283,0
553594.8803,0
553604.6984999999,0
553679.2908,0
553882.3889,0
553980.6604,0
553987.7416,0
554020.6035,0
554114.4021,0
554273.0575,0
554554.8918,0
554578.6129,0
554719.6782,0
554914.3654,0
554926.0845,0
554961.3698,0
555033.7971,0
555039.1704,0
555180.2998,0
555261.6358,0
555445.4666,0
555487.4438,0
555673.5858,0
555698.1092,0
555757.2519,0
555881.553,0
556276.6396999999,0
556487.0709,0
556673.4823,0
557016.0681,0
557040.8587,0
557044.5411,0
557225.9778,0
557316.4934,0
557422.7941,0
557436.0684,0
557439.9373,0
557460.2201,0
557698.2428,0
557862.4076,0
558058.1542,0
558515.8264,0
558650.6561,0
558689.9335,0
558774.0474,0
558776.5262,0
559187.334,0
559409.5712,0
559419.8382,0
559454.8069,0
559552.9786,0
559653.4197,0
559818.7985,0
559878.9892,0
559970.8901,0
560086.9574,0
560096.3666,0
560295.2508,0
560501.6381,0
560583.3528,0
560622.5998,0
560625.7773,0
560964.4369,0
561250.9575,0
561341.3742,0
561355.1682,0
561582.3421,0
561615.8658,0
561617.4299,0
561728.949,0
561811.6355,0
562087.6793,2085.530999999959
562105.2791,0
562111.908,0
562396.4377,0
562419.5051,0
562649.8188,0
562749.9717999999,0
562817.2162,0
562943.8226,0
562976.2872,0
563077.1949,0
563090.4595,0
563178.2819,0
563212.4397,0
563264.5071,0
563316.6297,0
563326.4986,0
563591.7808,0
563603.6988,0
563778.3064,0
563873.1508,0
564132.3271999999,0
564259.7581,17262.666699999943
564649.7853,0
564682.3027,0
564935.4777,0
565178.5826,0
565398.5777,0
565432.6248,0
565626.8416,0
565824.6234,0
565836.8183,0
565862.3439,0
566302.31,0
566439.0646,0
566532.6952,0
566598.2597,0
566669.4421,0
566939.6758,0
567105.583575,0
567122.3359000001,0
567229.0426,0
567255.599,0
567261.2392,0
567689.0231,0
568015.432525,0
568085.4606,0
568485.7669,0
568563.0164,0
568614.2746,0
568629.6098,0
568677.9758,0
568688.6082333333,0
568790.9561,0
568796.4298,0
568919.396,0
568944.7936,0
569165.8393999999,0
569345.7122,0
569410.7618,0
569568.3491,0
569703.7489,0
569953.4101,0
570073.1792,6812.916800000006
570112.8757,0
570123.3669,0
570201.1343,0
570232.676,0
570357.251,0
570381.0041,0
570470.8888,0
570753.0183,0
570821.6368,0
570853.6864,0
570940.6029,0
571060.9863,0
571129.2001,0
571281.6186333334,0
571303.1608,0
571495.0639,0
571716.8223,0
571803.041,0
572145.3765,0
572257.8689,0
572310.5629,0
572332.6402,0
572480.802,0
572605.1459,0
572941.4756,0
573044.8922,0
573151.9971,0
573186.3217,0
573275.2622,0
573493.0551,0
573501.8473,0
573767.059,0
573954.0669,0
574101.0459,0
574234.0375,8306.371500000008
574297.9272,0
574357.0472,0
574511.7222,0
574517.8507000001,0
574584.8123,0
574666.5691,0
574762.0034,0
574785.2958,0
574820.36,0
575014.8099,0
575014.9469,0
575891.2821,0
575950.0511,0
576261.4016,0
576466.676,0
576483.7674,0
576653.9026,0
576669.9836,0
576696.2681,0
576734.2219,0
576848.842,0
576851.8631,0
576873.6335,0
577109.573,0
577149.2856000001,0
577173.6054,0
577365.2127,0
577534.3647,0
577696.8824,0
577699.2667,0
577747.161,0
577821.5122,0
577955.2955,0
578036.18104,0
578246.8473,0
578288.3698,0
578296.7923,0
578414.9183,0
578448.9512,0
578499.6971,0
578530.6496,0
578621.6286,0
578752.5485,0
578785.8195,0
578844.1951,0
579011.2093,0
579427.4925,0
579470.2629,0
579551.0937,0
579578.8297,0
579891.0726,0
579907.7655,0
579988.5628,0
580051.7019,0
580079.4002,0
580592.8589,0
580783.1456,0
581008.1928,0
581254.1964,0
581378.47,0
581423.8057,0
581437.6518999999,0
581927.9763,0
581988.2474,0
582102.8248000001,0
582218.1439,0
582302.5329,0
582535.6171,0
582804.6554,0
582870.5822,0
582954.0508,0
583120.6201,0
583440.9135,0
583597.0207,0
583828.8538,0
583954.7915,0
584089.9997666667,0
584153.5111,0
584360.9821,0
584364.4365,0
584413.1633,0
584539.96965,0
584554.0092,0
584665.0332,0
585062.8477,0
585274.66725,0
585344.56892,0
585802.2036,0
585918.6606,0
586043.6188,0
586045.256,0
586100.5559,0
586125.2254,0
586200.2958,0
586642.3099,0
586840.4389,0
586909.0575,0
586979.9176,0
586993.9912,0
587041.0060666667,0
587568.2337,0
587785.9619,0
587913.4489,0
588038.841,0
588287.1817,0
588330.6521,0
588423.4515,0
588474.9734,0
588599.4669,0
588613.8586,0
588618.9875,0
588701.5377,0
588786.518,0
588790.9698,0
588911.2138,0
589210.0619,0
589403.3783,0
589440.2726,0
589719.5714,0
590048.6732,0
590154.6279,0
590270.34075,0
590390.2207,0
590395.26552,0
590538.8588,0
590756.4592,0
590826.2531,0
590950.979,0
590994.1507,0
591070.4116,0
591423.2931,0
591485.1585,0
591642.6782,0
591680.9898,0
591931.7411,0
592212.1,0
592275.9019,0
592378.0997,0
592554.2988,0
592568.583,0
592734.1198,0
592809.9692,0
592837.0478000001,0
592884.0099,0
592887.7716,0
592935.3003,0
592975.4232,0
593070.3963,0
593339.8429,0
593388.5342,0
593412.1858,0
593508.3368,0
593613.9651,0
593695.1115,0
593724.4171,0
593849.0741,0
593923.4228000001,0
594127.3089000001,0
594175.9793,0
594232.191,0
594364.889,0
594424.6548,0
594499.0466,0
594562.6595,0
594751.8412,0
594856.3398,0
595104.0146,0
595299.0059,0
595361.9425,0
595455.9747,0
595500.9892,0
595534.7609999999,0
595587.4643999999,0
595589.8762,0
595727.0546,0
595780.857,0
595863.3747,0
595886.8467999999,0
595914.0906,0
596058.367,0
596435.9328,0
596500.6344,0
597008.2622,0
597104.8354,0
597125.0365,0
597199.150925,0
597317.1188,0
597426.6498,0
597584.9578,0
597672.18,0
597718.1946,0
597837.7712,0
597882.0617,0
597908.0586,0
598155.3688,0
598170.4756,0
598234.3946,0
598331.1455,0
598730.8423,0
598736.5836,0
598857.7704,0
598887.0449,0
598919.6832,0
599027.4564,0
599244.5863,0
599329.3959,0
599367.8951,0
599443.0189,0
599558.4985,0
599651.0499,0
599661.1410000001,0
599741.3466,0
600158.5966,0
600195.5324,0
600245.592,0
600289.4308,0
600614.9663,0
600640.0781,0
600693.6021,0
600813.1372,0
600982.9023,0
601009.714,0
601027.6091,0
601201.4638,0
601296.6896,0
601597.1459,0
601879.1343,0
601930.2805,0
602033.3942,0
602151.5098,0
602166.6521,0
602319.209,0
602338.871,0
602396.9069000001,0
602699.3665,0
602719.9847,0
602803.024,0
602849.8417,0
602974.8017,0
603067.2993,0
603099.0605,0
603234.2653,0
603342.0606,0
603471.5537,0
603552.4271,0
603625.799,0
603689.944,0
603786.6609,0
603815.8378,0
603832.5183,0
603870.5503,0
604148.2481,0
604396.5136,0
604506.3509,0
604686.2493,0
604716.7485,0
604796.7884,0
604837.065,0
604874.0322,0
605053.6631,0
605171.3404,0
605333.7841,0
605342.8284,0
605451.5916,0
605672.2786,0
605692.3679,0
605957.8467999999,0
606047.9373,0
606092.7112,0
606100.1198,0
606116.213,0
606412.7141,0
606459.7429,0
606708.0649,0
606803.3556,0
606811.1404,0
606815.885,0
606832.3288,0
606939.0855,0
607042.4708,0
607044.7126,0
607226.8559,0
607294.4488,0
607352.7767,0
607460.0507,0
607483.5948,0
607582.263,0
607930.0818,0
607945.648,0
608021.2516,0
608026.3329,0
608072.4632,0
608076.7442,0
608108.7643,0
608266.6008,0
608293.2422,0
608549.977,0
608590.0771999999,0
608615.6605,0
608704.4172,0
608726.8097,0
608729.26,0
608810.6104,0
608905.5159,0
609110.1182,0
609199.6594,0
609253.5882,0
609308.7247,0
609500.781,0
609670.5794,0
609698.6053,0
610094.7671,0
610124.5221,0
610199.2777,0
610265.3582,0
610355.9823,0
610501.8744,0
610503.6604,0
610591.746,0
610594.5327,0
610792.0296,0
610866.7708,0
610946.8274,0
610950.7773,0
611256.979,0
611271.5046,0
611346.4542,0
611659.4294,0
611795.2108,0
611828.0805,0
611974.9918,0
612013.4085,0
612056.0542,0
612079.3543,0
612104.6119,0
612111.863,0
612137.1767,0
612468.7318,0
612597.94,0
612672.3393999999,0
612993.6148,0
613048.6022,0
613353.7594,0
613467.0373,0
613580.1788,0
613866.8016,0
613956.7911,0
614080.8933,0
614102.4373,0
614121.1557,0
614225.3275,0
614289.2353000001,0
614514.7044,0
614537.064,0
614679.8063,0
614785.3417,0
614882.7431,0
614977.8837,0
615007.0721,0
615055.3472,0
615060.0869,0
615100.3822,0
615204.5633,0
615354.5152,0
615360.4888,0
615551.3028,0
615554.9474,0
615733.8747,0
615912.6491,0
615995.4596,0
616100.097,0
616100.2159,0
616216.8609,0
616321.0077,0
616404.6948,0
616575.7951,0
616843.674,0
616853.0881,0
616859.8876,0
616886.192,0
617197.6543,0
617266.0515000001,0
617458.0445,0
617485.84,0
617748.3931,0
617777.647,0
617988.2325,0
618174.7892,0
618236.5885,0
618631.2558,0
618680.7896,0
618795.972,0
619020.361975,0
619064.8465,0
619226.1692,0
619287.3092,0
619431.5493,0
619616.693,0
619662.327,0
619784.8813,0
619962.2681,0
620116.21,0
620129.3203,0
620180.2436,0
620187.6564,0
620198.7648,0
620262.6597,0
620328.9886,0
620519.4161,0
620602.3697,0
620606.4852,0
620749.8301,0
620906.5213,0
620934.1493,0
620966.0778,0
621061.7445,0
621105.2253,0
621135.9133,0
621150.2079,0
621316.9401,0
621359.4403,0
621489.6897,0
621514.2977,0
621586.5826,0
621665.6443,0
621968.8221,0
621987.2817,0
622021.2313,0
622144.5215,0
622183.6732,0
622251.8963,0
622354.7851,0
622363.0233,0
622406.153,0
622524.7286,0
622560.5388,0
622580.664,0
622739.5886,0
622786.9508,0
622814.9326,0
622864.6043,0
622895.0936,0
623124.1505,0
623148.3243,0
623202.3828,0
623205.4147,0
623339.4437,0
623360.4239,0
623399.0011,0
623496.4433,0
623657.7282,0
623716.9408,0
623829.9272,0
623839.9498000001,0
623847.4423,0
623918.0124,0
623968.7729,0
624328.8017,0
624437.0922,0
624469.9793,0
624492.7763,0
624577.4413,0
624648.9837,0
624708.8546,0
624719.5943,0
624803.2984,0
624984.7801,0
625090.4781,0
625098.5782,0
625118.4963,0
625344.2115,0
625671.3438,0
625677.5353,0
625728.8048,0
625755.4008,0
625860.2692,0
625893.3728,0
625897.4136,0
625904.4125,0
625910.2944,0
626040.199,0
626085.2011,0
626153.543,0
626174.0951,0
626202.4778,0
626217.7926,0
626229.5736,0
626530.5359,0
626712.2565,0
626786.578,0
626870.6287,0
626899.6597,0
627089.8575,0
627128.9773,0
627273.7476,0
627481.5814,0
627529.0869,0
627535.0708,0
627561.9028,0
627650.584,0
627668.7324,0
627723.8681,0
627849.2372,0
627928.3481000001,0
628181.0035,0
628536.1952,0
628693.7991,0
628750.7188,0
628763.1138,0
628928.8617,0
629074.3857,0
629136.2839,0
629230.023,0
629376.5906,0
629411.1793,0
629413.5462,0
629426.3297,0
629661.7986,0
629719.3452,0
629777.0726000001,0
629819.6259,0
629877.2609,0
629904.8194,0
629916.3812,0
629948.6309,0
630038.9903,0
630040.4823,0
630073.2134,0
630119.9866,0
630219.8593,0
630333.6496,0
630467.8831,0
630499.5523,0
630581.8809,0
630589.0035,0
630737.7852,0
630862.6257,0
631288.3711,0
631608.555,0
631626.2180999999,0
631646.9285,0
631670.0006,0
631702.1256,0
631718.2815,0
631722.2204,0
631764.4441,0
631865.0559,0
631880.0284,0
631943.0887,0
631947.1818,0
632014.8656,0
632142.8896,0
632540.9565,0
632595.9845,0
632627.9399,0
632681.2403,0
632683.1175,0
632797.7143,0
632801.0154,0
632882.8065,0
632943.8932,0
632975.9853000001,0
633019.9886,0
633110.9391,0
633148.6285999999,0
633254.1743000001,0
633367.0873,0
633421.9906,0
633532.5926,0
633824.7533,0
633987.8854,0
634185.019,0
634303.0878,0
634315.232,0
634817.6785,0
634848.543,0
634896.7156,0
634953.0491,0
634964.4355,0
635369.7572,0
635450.8077,0
635464.6766,0
635727.0795,0
635762.9955,0
635865.8898,0
635916.6303,0
636099.0289,0
636276.5999,0
636523.8454,0
636720.6331,0
636954.1116,0
636969.719,0
637372.0344,0
637486.3214,0
637547.2688,0
637679.5292,0
637700.4421,0
637835.6969,0
637996.2405,0
638115.2657,0
638140.6391,0
638267.0461,0
638330.308,0
638623.7424999999,0
638777.8796,0
638803.5495,0
638901.2991,0
638941.8133,0
639217.7195,0
639395.4722,0
639459.4777,0
639592.7549,0
639716.0734999999,0
639744.1225,0
639895.275,0
639936.8904,0
639984.0953,0
640094.098,0
640101.4106833333,0
640152.8727,0
640230.4904,0
640259.8638,0
640264.3447,0
640331.7063,0
640402.1908,0
640418.05808,0
640667.9394,0
640810.9879000001,0
640931.4455,0
640966.0885,0
641067.1032,0
641146.4375,0
641256.9903,0
641378.0976,0
641382.5163,0
641425.8227,0
641664.2798,0
641683.1048333333,0
641690.6343,0
641740.5264,0
642068.8384,0
642116.8921,0
642236.3733,0
642411.6421,0
642859.8184,0
642908.6463,0
642909.7796,0
643047.2486,0
643067.9091,0
643188.0284,0
643198.4889,0
643323.0434,0
643413.2473,0
643649.5581,0
643862.8484,0
643862.8899000001,0
643952.1297,0
644046.8967,0
644115.9194,0
644132.5078,0
644290.3942,0
644331.5933,0
644355.205,0
644449.0346,0
644543.5032,0
644585.8828,0
644610.6216,0
644620.2518,0
644697.846,0
644703.9141,0
644771.9281,0
644850.1274,0
645219.7396,0
645464.7137,0
645763.6765000001,0
645819.2822,0
646175.4339000001,0
646211.0485,0
646397.5205,0
646487.0665,0
646755.5644,0
646775.4228000001,0
646799.2888,0
646881.4286,0
647054.782,0
647127.0626000001,0
647431.6881,0
647887.7707,0
648172.9799,0
648192.8694,0
648255.0775,0
648309.0288,0
648482.2296,0
648733.47,0
648956.8707,0
648984.4727,0
649353.9011,0
649587.9763,0
649592.161,0
649595.3766,0
649614.5181,0
649685.3072,0
649761.2146000001,0
649821.9129,0
649959.741,0
650098.9864,0
650115.1735,0
650237.6936,0
650299.6192,0
650350.5334,0
650405.6396999999,0
650466.5515000001,0
650523.522,0
650591.9454,0
650748.772,0
650780.9329,0
650913.817,0
650963.5545,0
651050.2193,0
651059.3122,0
651236.6196,0
651357.8363,0
651401.8822,0
651422.0206,0
651548.7867,0
651702.5338,0
651870.9894,0
651966.5089,0
651970.4895,0
652119.5284,0
652123.2346,0
652126.9151,0
652374.2603666667,0
652429.1886,0
652655.0775,0
652798.122,0
652840.5898,0
652956.9905,0
653478.4444,0
653658.7259,0
653712.9797,0
653749.3557,0
653876.9280000001,0
653913.0677,0
654193.83,0
654338.6632,0
654561.3135,0
654918.2538,0
655060.1954,0
655089.9313,0
655108.41,0
655276.6767,0
655398.3269,0
655645.7777,0
656032.4273,0
656139.7638,0
656314.9858,0
656342.5936,0
656353.5313,0
656589.6997,0
656643.7961,0
656664.7001,0
656681.6734,0
656782.8318,0
656795.0654,0
656801.2782000001,0
656808.8113833333,0
656825.6544,0
656872.063225,0
656874.2216,0
656961.272,0
657241.0963,0
657261.861,0
657291.8336666666,0
657304.2569,0
657378.7037,0
657401.7149,0
657526.0473,0
657544.9591,0
657607.1319,0
657646.888,0
657746.869,0
657855.4566,0
657889.3546,0
658095.09285,0
658231.8755,0
658320.966,0
658539.3203,0
658780.5436,0
659127.0863,0
659164.1099,0
659355.7551,0
659374.0142,0
659424.1824,0
659519.2405,0
659785.4579,0
659806.366,0
660294.5102,0
660331.0174,0
660348.2818,0
660796.0874,0
661106.6853,0
661534.5671999999,0
661541.845,0
661792.8627,0
661863.641775,0
661874.3383,0
661904.2335,0
661939.6872,0
662036.2413999999,0
662059.4995,0
662321.4214,0
662369.1111,0
662420.2329,0
662452.4259,0
662508.9599,0
662574.2945,0
662717.9023,0
662779.4275,0
662818.1248999999,0
662820.0033,0
662937.2808,0
662956.4562,0
662960.5894,0
663128.7958,0
663198.3700666666,0
663564.2168,0
663726.9715,0
663926.0799,0
664045.1773,0
664060.9177999999,0
664081.0031,0
664133.34774,0
664320.4649,0
664438.4619,0
664505.9359,0
664540.4339,0
664587.2563,0
664771.4838,0
665351.3858,0
665392.6414,0
665585.0591,0
665892.7997,0
666003.75342,0
666218.3464,0
666230.17,0
666306.0208,0
666306.3756,0
666427.9252,0
666491.2454,0
666510.796,0
666759.7111,0
667275.9123,0
667292.9454,0
667331.596,0
667425.2593,0
667614.7818333333,0
667686.6396999999,0
667689.1846,0
667997.1929,0
668145.3125,0
668155.4383,0
668211.1394,0
668412.6313,0
668468.0782,0
668674.0909,0
668684.0557,0
668766.9043,0
668838.823,0
668867.8504,0
668980.5825,0
669292.3269,0
669405.1182,0
669547.2799,0
669603.7968,0
669771.8121,0
669864.6283,0
670015.0651,0
670034.5098,0
670253.0577,0
670352.2043,0
670493.4927,0
670496.0153,0
670618.2603,0
670800.7209,0
670809.1371,0
670862.1865,0
670866.3192,0
670936.9916,0
671302.9838,0
671331.098425,0
671351.9307,0
671391.3295,0
671563.9741,0
671677.746,0
671750.3905,0
671809.9559,0
671956.4478,0
671973.6148,0
672348.5444,0
672799.6262,0
672904.34,0
672987.589,0
673017.7814,0
673049.5552,0
673238.3307,0
673435.9103,0
673573.2847,0
673603.1489,0
673699.1434,0
673858.4326,0
674012.9137,0
674160.4263,0
674239.7926,0
674328.3672,0
674329.9335,0
674414.2847833333,0
674571.3642,0
674628.662,0
675428.689,0
675644.0452,0
675765.3181,0
675873.1484,0
675962.0473,0
676079.3832,0
676149.2883,0
676492.6285,0
676545.9951833333,0
676617.0811,0
676866.9963,0
677307.4809,0
677434.8739,0
677731.4113,0
677902.8915,0
677916.1662,0
678011.125,0
678059.141925,0
678072.086,0
678104.0612,0
678123.0359,0
678155.3565,0
678172.2001,0
678174.9599,0
678277.0017,0
678377.8869,0
678537.9256,0
678625.5406,0
678744.9575,0
678943.2063,0
679017.158,0
679048.9153,0
679122.1732,0
679160.1023,0
679180.3424,0
679465.6849,0
679662.1898,0
679669.81775,0
679680.1816,0
679695.2662833333,0
679775.036,0
679881.1577,0
680271.6057,0
680404.6769,0
680448.1292,0
680533.1359999999,0
680642.9918,0
680668.6967,0
680812.0738,0
680821.18,0
680947.0859,0
680993.573,0
681014.9173,0
681157.3767,0
681409.4064,0
681443.6411,0
681667.291,0
681674.8733,0
682194.6381,0
682347.0656,0
682437.9048,0
682501.1767,0
682596.8243,0
682688.7901,0
682693.7163,0
683087.6039,0
683134.0718,0
683228.2967,0
683338.2656,0
683340.9446,0
683460.4464,0
683513.4852,0
683550.1337,0
683696.9508,0
683840.9371,0
684012.9817,0
684066.2575,0
684267.1426,0
684490.212,0
684582.3202,0
684592.2924,0
684720.774,0
684863.8337,0
685403.0089,0
685819.8847,0
686000.2505,0
686091.3307,0
686461.0761,0
686499.4366333333,0
686609.6816,0
686753.0511,0
686778.9214,0
686894.1297,0
687126.7743,0
687155.2862,0
687208.0099,0
687280.8681,0
687320.0405,0
687519.962,0
687608.3186,0
687647.0017,0
687652.7499,0
687654.3346,0
687728.117,0
687757.1648,0
687778.2628,0
687814.7837,0
687931.6362,0
688025.6388,0
688056.55,0
688270.6191,0
688315.1264,0
688528.3507,0
688554.4616,0
688732.37404,0
688853.0131,0
688859.2522,0
689007.4449,0
689298.6883,0
689394.1564,0
689630.42,0
690050.5509,0
690131.219,0
690174.1052,0
690327.6793,0
690344.9171,0
690351.215,0
690416.3875,0
690472.76,0
690606.11175,0
690721.7484,0
690833.1809,0
690967.4639,0
691050.5441,0
691116.797,0
691122.1325,0
691136.9979,0
691158.6432,0
691171.2268,0
691235.8992,0
691499.6602,0
691500.3287,0
691526.2922,0
691580.9907,0
691588.852,0
691823.789,0
691824.7752,0
691854.5221,0
691880.1708,0
691968.8403,0
692036.2902,0
692052.3572,0
692259.9394,0
692263.7321,0
692323.1964,0
692341.9548,0
692602.7928,0
692633.1004,0
692737.6246,0
692775.505,0
692845.6619,0
692874.6638,0
692928.6462,0
693020.5737,0
693031.5132,0
693259.7233,5939.089899999904
693445.25,0
693510.6068,0
693656.9187,0
693669.3666,0
693824.9236,0
693964.3566,0
694164.5681,0
694285.3234,0
694420.427,0
694499.6702,0
694503.7156,0
694622.4562,0
694706.1001,0
694729.6695,0
694820.2576,0
694928.0814,0
695270.3962,0
695291.1571,0
695341.9711,0
695383.7224,0
695391.0082,0
695421.8512,0
695516.1058,0
695549.9255,0
695555.1105,0
695645.7499,0
695720.8168,0
695744.7858,0
695855.5662,0
695862.8847,0
696059.7032,0
696182.6074,0
696214.1374,0
696367.0715,0
696379.1068,0
696404.0804,0
696550.8575,0
696597.5493,0
696805.1263,0
696809.4096,0
697164.8186,0
697168.4697,0
697220.3761,0
697229.8385,0
697292.169,0
697411.9384,0
697448.0832,0
697487.8315,0
697652.0097,0
697717.1818,0
697832.6573,0
697851.8482,0
697916.5926,0
698023.1721,0
698066.8226,0
698123.6546,0
698196.0035,0
698326.8709,0
698615.0631,0
698725.9601,0
698790.0825,0
698891.8581,0
698987.1377,0
699004.6202,0
699068.7872,0
699125.1606000001,0
699244.7966,0
699276.9118,0
699291.1041,0
699362.4657000001,0
699747.5337,0
699775.9885,0
699833.0847,0
699886.0101,0
699896.6995,0
699978.379,0
700169.2989,0
700206.3109,0
700302.602,0
700307.7759,0
700327.4868,0
700395.303,0
700530.3896,0
700538.8124,0
700565.3387,0
700705.5261,0
700771.5393,0
701046.7609999999,0
701073.138,0
701102.0674,0
701305.054,0
701360.8163,0
701402.4742,0
701418.4044,0
701559.3147,0
701911.8688,0
702032.3355,0
702118.683,0
702149.203,0
702327.1377,0
702431.6499,0
702617.0405,0
702739.7842,0
702832.1305,0
703073.1303,0
703309.7134,0
703318.2498,0
703391.9856,0
703452.8799,0
703462.4479,0
703611.0091,0
703746.5016,0
703772.8827,0
704087.381,0
704190.09734,0
704211.8129,0
704321.4313,0
704613.942,0
704795.4833,0
704908.9596,0
704922.4965,0
705055.7605,0
705315.6316,0
705381.4414,0
705536.6032,0
705537.35,0
705708.7343,0
705736.6947,0
705752.3047,0
705911.4661,0
705921.13,0
705924.3254,0
706114.3573,0
706322.605,0
706404.5266,0
706471.1468,0
706670.723,0
706673.2583,0
706792.8023,0
706821.1613,0
706851.2278,0
707014.2797000001,0
707058.4662,0
707198.0916,0
707279.2062,0
707739.0047,0
707806.3641,0
707807.8845,0
707841.2276,0
707931.286,0
707983.429,0
708227.7167,0
708241.871,0
708505.3805,0
708549.8523,0
708562.0079,0
708610.9265,0
708622.9812,0
708648.2151,0
708762.7604,0
708775.1947,0
708890.3337,0
709093.5208,0
709309.1241,0
709323.93,0
709538.117,0
709554.0093,0
709567.3353,0
709673.6526,0
709693.771,0
709895.7594,0
710041.3317,0
710071.3663999999,0
710267.3045,0
710291.1873,0
710327.7008,0
710376.4941,0
710482.6072,0
710629.7327,0
710667.7749,0
710762.6691,0
710797.9733,0
710924.0175,0
711004.1163999999,0
711006.7276,0
711055.675,0
711102.321,0
711220.1369,0
711300.5653,0
711369.2648,0
711485.4306,0
711495.8421,0
711524.6186,0
711699.7542,0
712029.2937,0
712161.5398,0
712241.3242,0
712471.4467,0
712582.4724,0
712672.1016,0
712774.9203,0
712823.3163,0
712887.8031,0
713036.721,0
713038.9983,0
713078.0174,0
713241.4764,0
713450.2499,0
713542.7008,0
713861.5056,0
713873.2863,0
713885.9144,0
714031.6915,0
714041.0472,0
714232.313,0
714236.3308,0
714513.9944,0
714813.84755,0
714866.6298,0
714867.9891,0
715097.3704,2306.420400000061
715161.4066,0
715195.7526,0
715201.2317,0
715515.9607,0
715574.6211333333,0
715604.8302,0
715666.8183,0
715709.7156,0
715727.4904,0
715736.4947,0
715887.8415,0
716014.4613,568.9970999999205
716051.0733,0
716072.2417,0
716113.6004,0
716198.2974,0
716204.0337,0
716267.8846,0
716320.7363,0
716589.718,0
716764.0141,0
716811.7857,0
716833.8286,0
716999.5464999999,0
717167.4707,0
717251.7625,0
717285.5423,0
717366.753,0
717534.3273,0
717544.0838,0
717564.1505,0
717698.291,0
717699.7708,0
717989.9512,0
718229.5875,0
718274.578,0
718315.9148,0
718446.6115,0
718446.6745,0
718516.1606000001,0
718571.1859,0
718704.1711,0
718811.5842,0
718896.5742,0
719056.8552,0
719147.3318,0
719415.4497,0
719580.7626,0
719689.8539,0
719729.2812,0
719740.7471,0
719832.5458,0
719861.8249,0
719896.8734,0
719924.284,0
720012.0564,0
720025.9055999999,0
720037.8008,0
720080.5755,0
720123.8268,0
720183.9089,0
720244.2795,0
720406.2736,0
720420.1148,0
720555.3527,0
720591.3511,0
720699.0307,0
720796.7757,0
720805.2833,0
720870.3917,0
721239.0935,0
721242.878,0
721256.5512,0
721291.4198,0
721413.8415,0
721591.2185,0
721672.1298,0
721675.8223,0
721766.5435,0
721792.4825,0
721798.0799,0
721848.8708,0
722055.8721,0
722105.0941,0
722174.5471,0
722333.5071,0
722407.892,817.3459749999456
722418.6348,0
722457.6099,0
722459.7898,0
722508.3846,0
722621.8249,0
723036.0545,0
723221.5044,0
723236.7243,0
723244.5227,0
723275.258,0
723602.2531,0
723676.7543,0
723866.7601000001,0
723910.0418,0
724029.4811,0
724211.4871,0
724225.6829,0
724311.5866,0
724341.7027,0
724379.2583,0
724763.6749,0
724958.2473,0
724988.6215,0
725030.982,0
725154.5277,0
725197.7599333334,0
725358.176,0
725434.9375,0
725457.1288,0
725503.2882,0
725510.6198,0
725522.0518,0
725528.0268,0
725543.0714,0
725620.7211,0
725815.0691,0
725967.3689,0
726019.9889,0
726238.4316,0
726451.5018,0
726550.6947,0
726623.4613,0
726689.3179,0
726714.7845,0
726774.117,0
726933.1886,0
727315.4838,0
727433.9109,0
727624.5191,0
727776.2284,0
727895.3511,0
727968.351,0
728011.7698,0
728305.895,0
728446.6158,0
728457.5145,0
728563.3752,0
728624.4089,0
728966.9261,0
728987.5722,0
729065.9769,0
729230.4362,0
729274.8910000001,0
729295.5689,0
729370.3305,0
729396.7767,0
729494.5255,0
729737.16,0
729748.0291,0
729816.867,0
729902.718,0
729990.0429,0
730019.7074,0
730172.7396,0
730366.4855,0
730491.5763,0
730543.0126,0
730622.1959,0
730723.8452,0
731122.2781,0
731195.2653,0
731353.9403,0
731372.2972,0
731552.9871,0
731655.6706,0
731694.8527,0
731848.2166,0
731873.7494,0
732008.8663999999,0
732121.5872,0
732298.2676,0
732305.373,0
732311.4195,0
732481.3732,0
732549.9396,0
732550.5841,0
732566.6706,0
732668.8713,0
732712.6519,0
732962.5881,0
732980.5397,0
733104.3953,0
733113.5155,0
733210.6195,0
733492.7906,0
733552.2364,0
733557.3718,0
733789.7453,0
733952.3899,0
733995.336,0
734034.4159,0
734042.5146,0
734113.5294,0
734159.4073,0
734238.4768,0
734253.5117,0
734272.5519,0
734324.0322,0
734394.3567,0
734528.6764,0
734584.4680999999,0
734663.1476,0
734711.0893,0
734719.0834,0
734806.1851,0
734812.3686,0
735215.9533,0
735555.3018666666,0
735654.0842,0
735786.6082,0
735961.0977,0
735982.7494,0
736210.4137,0
736338.5185,0
736463.0716,0
736547.3758,0
736712.1405,0
736752.2814,0
736813.7779,0
736912.9558,0
737001.0912,0
737038.8968,0
737042.7474,0
737067.1311,0
737083.6361,0
737382.154,0
737442.9092,0
737566.3606,0
737741.3682,0
737873.0482,0
737900.7755,0
738048.7132,0
738202.2933,0
738204.4711,0
738231.1569000001,0
738244.6086,0
738339.5487,0
738366.571,0
738465.5629,0
738482.7738,0
738493.8872,0
738588.10398,0
738842.2625,0
738931.008,0
739066.7523,0
739201.1563,0
739237.5598,0
739288.623,0
739493.7582,0
739534.942,0
739601.4015,0
739699.3383,0
739748.1217,0
740510.9028,0
740539.8634,0
740674.2515,0
740692.9741,0
740989.779,0
740992.7785,0
741284.0126,0
741289.374,0
741384.2359,0
741442.9647,0
741546.4508,0
741670.0751,0
741689.5474,0
741765.5463,0
741794.0666,0
741825.1952,0
741834.4188,0
742044.1285999999,0
742194.2099,0
742317.1485,0
742820.1253,0
742861.0273,0
743045.9741,0
743206.8975,0
743249.0472,0
743896.0831,0
743909.6141,0
744024.9473,0
744143.1026,0
744194.8611,0
744456.599,0
744482.0055,0
744682.6436,0
744872.4204,0
745715.1949,0
745733.0722,0
746222.52964,0
746436.7866,0
746469.6434,0
746627.5771,0
746833.7093,0
746959.7432,0
747090.8905,0
747118.1013,0
747223.5553,0
747300.1401,0
747317.355,0
747466.3085,0
747668.2648,0
748159.7274,0
748182.8499,0
748241.5261,0
748283.0868,0
748385.3896,0
748691.3739,0
748800.9393,0
748821.033775,0
748869.4083,0
749056.9275,0
749084.2286,0
749114.5854,0
749129.3705,0
749286.5536,0
749451.0979,0
749510.9168,0
749751.8377,0
749768.2653,0
749976.352,0
750011.9042,0
750014.9928,0
750071.9306,0
750208.7839,0
750252.4922,0
750286.8387,9535.50020000001
750307.716,0
750320.7424,0
750926.1188,0
750940.4307,0
750958.3649,0
751145.5057,0
751162.4709,0
751271.6658,0
751298.7015,0
751567.9317,0
751833.10048,0
752157.694075,0
752166.8596,0
752318.2975,0
752505.7309,0
752505.7646,0
752515.6409,0
752731.335,0
753001.4545,0
753138.1692,0
753230.4949,0
753354.2837,0
753364.9259,0
753440.4065,0
753600.6464,0
753740.9604,0
753917.6248999999,0
754025.2892,0
754067.2609,0
754648.7993,0
754649.1086,0
754727.3258,0
754843.6477,0
754851.9629,0
754889.5624,0
754891.5757,0
754944.4605,0
755092.6374,0
755128.5315,0
755271.6791,0
755373.1783,0
755389.9022,0
755396.2787,0
755420.1275,0
755644.5961,0
755706.5945,0
755904.9424,0
755930.3448,0
756019.1539,0
756200.2194000001,0
757110.7686,0
757117.7522,0
757351.177,0
757614.8121,0
757690.4003,0
757801.2626,0
757813.9302000001,0
757821.4537,0
757888.9676,0
757917.3001,0
757934.9297,0
758002.0455,0
758042.6595666667,0
758100.3095,0
758179.696,0
758204.2189,0
758257.7651,0
758371.3302,0
758410.5445,0
758751.4482,0
758968.8191,0
758979.2494,0
758990.3181,0
759041.0711000001,0
759135.7384,0
759243.5021,0
759257.0795,0
759313.5559,0
759377.5481,0
759507.3529,0
759603.8406,0
759609.6797,0
760209.9765,0
760269.1188,0
760340.4693,0
760391.2932,0
760451.028,0
760776.7946,0
760789.212,0
760799.625,0
761082.9569,0
761160.9191,0
761166.7829,0
761222.8118666667,0
761329.7328,0
761551.0057,0
761636.8739,0
761760.812,0
761790.6459,0
761814.32,0
762016.1619,0
762040.9733,0
762194.9995,0
762315.2304,0
762392.7939,0
762393.2884,0
762873.8992,0
762967.6834,0
763035.9244333333,0
763046.7714,0
763169.0266,0
763199.2659,0
763508.2202,0
763655.0448666667,0
763988.0572,0
764223.715,0
764252.1195,0
764256.1738,0
764283.2404,0
764379.5762,0
764569.5741,0
764673.0487,0
765603.1967,0
765973.1453,0
766081.0911,0
766121.702,0
766158.4472,0
766221.3777,0
766272.6473,0
766609.5119,0
766679.4871,0
766916.3462,0
767397.0722,0
767418.0293,0
767431.5955,0
767491.8363,0
767528.6813,0
767540.7808,0
767587.7819000001,0
767646.8739,0
767671.4728,0
767956.2542,0
767996.1483,0
768041.4668,0
768190.873,0
768329.3156,0
768356.5971,0
768464.8123,0
768465.6535,0
768556.3499,0
768629.5921,0
768650.6987,0
768711.2904,0
768863.0153,0
769186.2583,0
769193.4325,0
769303.8966,0
769430.3947,0
769557.8018,0
769590.1582,0
769652.1017,0
769664.1029,0
769764.3397,0
769894.2299,0
769987.9272,0
770107.2732,0
770112.3976,0
770130.338,0
770141.5903,0
770151.6358,0
770191.553,0
770295.5687,0
770363.1549,0
770435.1945,0
770472.1224,0
770501.7382,0
770613.9143,0
770659.6267,0
770667.9154,0
770866.13044,0
770926.7376999999,0
770931.7671,0
771014.3246,0
771019.7388,0
771034.9496,0
771037.0442,0
771093.9499,0
771430.4092999999,0
771480.4042,0
771834.8742,0
771856.687,0
771924.3197,0
771934.3326,0
772023.713,0
772172.5581,0
772180.7832,0
772202.8442,0
772210.7055,0
772342.2512,0
772411.9871,0
772886.6509,0
772957.5177,0
772994.8444000001,0
773158.3274,0
773162.6394,0
773219.0381,0
773293.6242,0
773353.3784,0
773457.447,0
773569.5363,0
773651.1856,0
773849.2121,0
773903.6736,0
773917.7859,0
774001.057,0
774105.5011,0
774166.1655,0
774293.7361,0
774730.2317,0
774821.6116,0
774872.357,0
774895.4954,0
775001.2105,0
775156.1900666667,0
775236.9479,0
775345.0828,0
775358.9048,0
775406.0645,0
775424.0478000001,0
775731.8132,0
775911.3259,0
776229.2921,0
776255.9913,0
776802.4835,0
776876.904,0
776892.9852,0
776907.1063,0
777149.97962,0
777176.1348,0
777280.1161,0
777408.94542,0
777410.4314,0
777424.7602,0
777458.6048,0
777464.9069000001,0
777518.5138,0
777527.4685,0
777589.0015,0
-----Simulation END-----
