-----Simulation 0-----
172859.2806,0
173000.4989,0
173087.3971,0
173343.96899999998,0
173390.6155,0
173438.6876,0
173830.4968,0
174251.6354,0
174325.005,0
174408.9882,0
174549.99606666667,0
174560.2892,0
174744.6206,0
174748.2125,0
175158.2385,0
175168.2067,0
175649.1355,0
175879.9139,0
175898.7632,0
175900.9565,0
175986.9181,0
176190.1528,0
176352.4801,0
176352.77289999998,0
176379.7616,0
176410.4985,0
176551.91580000002,0
176580.83909999998,0
176594.522,0
176772.259,0
176780.2555,0
177038.789,0
177064.4506,0
177115.4144,0
177515.3566,0
177673.1361,0
177836.6469,0
177884.20130000002,0
178008.0472,0
178089.7044,0
178101.5805,0
178102.5772,0
178126.7433,0
178167.9624,0
178207.46779999998,0
178255.74,0
178400.9313,0
178413.0109,0
178486.4198,0
178533.4742,0
178757.10129999998,0
178765.1783,0
178798.49839999998,0
178813.09350000002,0
178904.6291,0
179519.7576,0
179644.3179,0
179739.8152,0
179827.7503,0
180069.8274,0
180166.281,0
180176.0552,0
180419.5982,0
180597.8461,0
180600.9485,0
180617.7998,0
180900.0633,0
181005.3938,0
181136.9808,0
181193.7256,0
181203.7861,0
181272.0362,0
181367.4638,0
181416.1831,0
181621.3726,0
181691.7415,0
182003.3774,0
182133.4338,0
182183.53753333332,0
182419.8989,0
182516.5262,0
182549.297,0
182613.6524,0
182731.16629999998,0
182760.4895,0
183150.3831,0
183214.8895,0
183247.2676,0
183291.6592,0
183797.2173,0
183947.3039,0
183989.1232,0
184075.92979999998,0
184150.678175,0
184192.2184,0
184261.778,0
184280.1562,0
184817.71480000002,0
184886.3413,0
185133.22,0
185166.9805,0
185379.1727,0
185498.5859,0
185573.7328,0
185648.10950000002,0
185732.2317,0
185741.4939,0
185742.0579,0
185886.4855,0
185917.1515,0
185962.7727,0
185962.8749,0
186162.1734,0
186166.3895,0
186325.6754,0
186654.0979,0
186743.9132,0
186965.4655,0
187194.1435,0
187230.4296,0
187251.2252,0
187267.8984,0
187278.3592,0
187304.5488,0
187308.3331,0
187349.8639,0
187380.91710000002,0
187982.1011,0
187984.851,0
188135.1705,0
188281.95130000002,0
188441.5909,0
188489.98249999998,0
188656.39049999998,0
189390.2151,0
189535.6115,694.0950000000012
189545.3858,0
189637.71899999998,0
189945.84649999999,0
190006.3862,0
190209.2537,0
190252.4875,0
190314.6535,575.8478999999934
190316.0204,0
191016.3434,972.1967000000004
191157.9707,464.6337000000058
191423.7116,0
191643.9328,0
191666.3093,665.8758999999845
191809.8468,0
191832.5948,795.8691999999864
191939.0459,0
192003.1446,1177.1079000000027
192122.2636,1079.751900000003
192180.3369,0
192242.1166,1030.798999999999
192315.5924,0
192321.5167,1120.0390000000189
192500.5942,1191.170599999983
192645.7495,0
192896.2733,874.2404000000097
193019.53230000002,0
193260.8701,0
193478.7041,1261.8956999999937
193567.1668,176.55060000001686
193845.3233,0
194086.9795,807.2005999999819
194101.7551,0
194146.7284,0
194150.1353,719.4922000000079
194271.1398,0
194303.0976,817.28820000001
194356.037,623.7890999999945
194513.5329,0
194641.4961,1469.0855999999912
194832.2383,0
194899.7559,0
195128.1359,0
195635.6291,1043.7802000000083
195762.8666,0
195806.452,1458.3942999999854
195842.9966,1025.3015000000014
195876.5268,995.613400000002
195927.1464,0
196028.955,1465.2325999999885
196240.3785,1963.4427999999898
196267.9051,1316.2871999999916
196496.4581,0
196595.7566,2035.8564999999944
197215.8773,1315.7531999999774
197255.7249,1058.2262000000046
197271.1195,0
197506.8716,1048.5103000000236
197778.0172,1128.6140000000014
197989.6026,1573.1962000000058
198086.273,937.1233999999822
198125.8365,1635.9608000000007
198339.8553,1116.3709999999846
198834.4181,1473.8074999999953
198870.4089,2490.006000000023
198885.5423,1346.0253000000084
199060.4739,0
199082.7705,1394.9889000000258
199101.7041,1508.9206000000122
199130.47149999999,0
199258.3204,2203.9623999999894
199299.8271,0
199693.1077,0
199704.4114,2171.2883000000147
199993.8875,1682.5195999999996
200028.7293,1805.8381999999983
200081.605,0
200273.9474,1754.386599999998
200321.3162,0
200374.8257,0
200383.9406,2497.742900000012
200462.6782,2343.7418999999936
201180.8002,1889.0417000000016
201357.1421,2743.3475000000035
201396.7383,2549.7796999999846
201553.1,1912.7516999999934
202249.9527,2163.61069999999
202539.3782,0
202542.7359,2057.8771000000124
202640.9018,2064.133199999982
202664.39179999998,0
202716.52,2063.893299999996
202948.6144,0
203074.3978,2108.708500000008
203143.406,2128.379799999995
203463.6766,2164.045299999998
203692.5961,2194.239600000001
203715.1048,0
204142.3383,0
204173.5239,2217.6870000000054
204294.0589,2246.7588000000105
204335.5575,0
204368.7096,2234.2005000000063
204489.7745,2239.210300000006
204735.5124,2526.9732000000076
205226.1103,2269.7437999999966
205243.2258,2247.138499999972
205338.5616,2254.656399999978
205383.6153,2243.334499999997
205463.7044,2465.2897999999695
205773.1285,2755.537699999986
205827.7089,2263.9851999999955
205855.6638,2242.151500000007
206334.6588,2353.146299999993
206612.4421,728.3156999999774
206689.7727,0
206711.739,2252.6909999999916
206773.8279,0
206781.2888,2241.527300000016
206964.726,2250.7341000000015
207195.497,2244.3055999999924
207207.8914,2249.7339999999967
207445.3736,2247.068100000004
207624.5276,1214.577733333339
207788.9856,2267.9419000000053
207837.1862,2247.1396999999997
208134.578,739.7802000000083
208166.3145,566.096600000019
208474.7202,2260.0181000000157
208502.77531666667,0
209043.7252,2258.5068999999785
209152.0585,2246.3386000000173
209211.6938,327.6871000000101
209358.3628,694.4266000000061
209448.9428,124.60050000000047
209574.0956,0
209653.5577,2164.5311999999976
209737.4634,2244.553100000019
209929.2633,0
210265.8226,2255.5922000000137
210270.5727,2255.1872999999905
210495.2198,135.81324999997742
210505.7733,2601.1944000000076
210717.2321,382.5390999999945
210835.4297,350.49110000001383
211089.7669,0
211385.6669,138.67860000001383
211450.6088,751.3846999999951
211991.7623,0
212331.6162,0
212387.4707,0
212446.6757,559.369399999996
212551.4752,162.81689999997616
212636.8438,144.57540000000154
212648.1519,2261.794599999994
212680.4001,104.97380000000703
212853.9864,2262.8973000000115
212951.3767,140.68460000000778
213018.3693,110.25519999998505
213142.194,2243.5405999999784
213204.8534,0
213394.9478,387.0515000000014
213427.9571,184.81579999998212
213680.5077,148.79780000000028
213690.5903,125.01279999999679
213961.5767,766.440499999997
214017.9971,2244.2154000000155
214171.9057,159.98930000001565
214363.6048,0
214468.0816,0
214509.4401,0
214555.5391,134.76499999998487
214625.2816,2242.2857999999833
214654.8594,2258.274999999994
214834.4803,1155.477899999998
215069.698,124.02694999999949
215099.108,0
215159.7761,2244.397800000006
215224.9581,729.5334999999905
215391.0311,0
215643.4216,142.82079999998678
215979.1597,2247.06779999999
216121.4831,161.6195000000298
216148.2256,2270.2311000000045
216346.6231,145.7905000000028
216725.8909,0
216793.9106,2245.9770000000135
216809.5752,2250.533199999976
216926.3641,2294.1338000000105
217224.8062,0
217652.3398,0
218434.9761,0
218497.5303,100.10066000002553
218596.8697,2243.2381999999925
218758.4503,209.85980000000563
218797.9813,0
219102.7417,0
219113.6971,0
219251.0278,0
219279.4826,0
219400.599,384.8660999999847
219448.0297,145.23889999999665
219459.0026,0
219520.9798,0
219705.867,0
220145.0387,0
220240.5998,2264.2801000000036
220266.3719,0
220441.4693,0
220470.4677,0
220644.1358,0
220654.1722,0
220766.39669999998,0
221281.8094,0
221344.4646,0
221505.6422,0
221772.7888,0
222004.1665,1045.7406999999948
222141.9369,147.91860000000452
222409.3971,0
222759.9457,0
222834.46409999998,0
223063.6703,0
223259.0952,0
223470.81290000002,0
223509.7655,163.7557000000088
223611.3371,0
223683.73810000002,0
223827.6074,0
225250.7172,0
225344.6538,0
225381.9164,0
225441.58299999998,0
225828.9216,0
225933.7456,0
225933.9042,0
226154.1052,0
226638.1594,0
226727.3713,0
226741.0358,0
226758.6577,0
226796.93,2607.802399999986
227252.78590000002,0
227858.2253,0
227964.8223,0
227992.5282,0
228310.64549999998,0
228595.0858,0
228685.8853,0
228686.4357,0
228704.9671,0
228899.17680000002,0
228982.1111,0
229400.4125,0
229407.9746,0
229628.8172,0
229789.143,0
229919.2602,0
230067.7281,0
230110.3042,0
230197.08490000002,0
230201.678,0
230318.7091,0
230661.06829999998,0
230664.9369,0
230873.4275,0
231039.506,0
231111.20043333335,0
231142.1765,0
231590.2195,0
231590.9694,0
231701.3772,146.4871999999741
231893.3236,0
231934.8435,0
232114.3597,0
232130.2231,0
232490.4908,0
232586.0359,161.55949999997392
232807.9462,0
232845.412,0
233468.7359,0
233735.6461,0
233847.9699,0
234152.73369999998,0
234457.4588,0
234851.9541,0
235040.8976,0
235076.9757,0
235404.1283,0
235507.4491,0
235978.9024,0
235989.7074,0
236113.879,0
236161.7911,0
236472.9379,0
236633.70683333333,0
236645.5914,0
237188.4573,0
237489.5363,0
237690.551,0
237980.5716,0
238048.4013,0
238144.4848,0
238218.3998,108.39300000001094
238318.5566,0
238361.1779,0
238384.90529999998,0
238627.0628,0
238855.419,2242.907033333322
239003.07760000002,0
239201.4762,0
239435.5327,0
239579.8994,0
239790.8261,0
239913.8081,0
240058.9071,0
240228.8127,0
240712.36609999998,0
240768.3851,0
240774.2184,0
240816.8221,0
240835.32288333334,0
240910.0263,0
241092.5887,0
241299.8389,0
241344.4655,0
241388.2684,0
241644.1493,0
241808.9822,0
241960.3761,0
242079.7644,0
242409.4558,0
242581.5255,0
242614.8371,0
242843.6659,0
243018.6831,0
243720.8608,0
243812.91013333332,0
243851.5654,0
243874.3162,0
244007.21480000002,0
244218.702,0
244381.23070000001,0
244446.3909,0
244486.15730000002,0
244710.6019,0
244783.7409,0
244818.4639,0
244917.9919,0
244995.4187,0
245199.8729,0
245450.8345,0
245508.1606,0
245547.8375,0
245559.8229,0
245715.1395,0
245793.1848,0
246171.71360000002,0
246280.0005,0
246516.6829,0
246585.7879,0
246700.0581,0
246715.9698,0
247069.317,0
247163.46659999999,0
247181.8245,0
247780.8109,0
247797.0869,0
247830.9499,0
247885.13880000002,0
248052.7557,0
248105.04570000002,0
248137.7641,0
248197.1923,0
248470.8551,0
248533.3127,0
248585.6591,0
248730.5766,0
248888.2353,0
249649.4593,0
249877.7741,0
249957.561,0
249990.1256,0
250043.1868,0
250194.9742,0
250505.1042,0
250543.1401,0
250684.764,0
250903.8394,0
251040.1645,0
251045.1677,0
251174.7639,0
251360.3677,0
251404.84840000002,0
251534.1958,0
251701.9006,0
251717.0103,0
251832.4027,0
251849.0099,0
252188.6261,0
252333.9525,0
252382.7033,0
252409.0191,0
252430.8551,0
252498.8693,0
253288.9695,0
253349.0552,0
253398.36190000002,0
253409.1187,0
253619.4304,0
253620.3423,0
253767.8625,0
253841.7525,0
254001.3788,0
254180.2725,0
254553.7552,0
255197.9847,0
255221.9498,0
255228.2809,0
255273.657,0
255428.5412,0
255505.4056,0
255569.0569,0
255669.6715,0
255767.2924,0
255871.84,0
256068.4757,0
256337.34,0
256403.9216,0
256487.2367,0
256598.4509,0
256632.3448,0
256675.5882,0
256693.1907,0
256746.3892,0
256792.5199,0
256953.6411,0
256962.62126666665,0
256977.6659,0
257029.2955,0
257153.1139,0
257326.2173,0
257374.7014,0
257389.96110000001,0
257451.7095,0
257469.6647,0
257589.5765,0
257681.7576,0
257917.17859999998,0
257942.4296,0
257963.0017,0
258074.9868,0
258201.7652,0
258363.3062,0
258413.34578,0
258512.8209,0
258520.4436,0
258592.3057,0
258709.2359,0
258711.3064,0
258963.9741,0
259079.58980000002,0
259080.7172,0
259097.6917,0
259101.3676,0
259266.1574,0
259324.8765,0
259409.776,0
259775.5412,0
259780.67859999998,0
259882.9478,0
260098.7918,0
260145.8579,0
260182.9068,0
260641.4639,0
260740.1552,0
261119.6544,0
261123.1214,0
261249.5364,0
261250.15885,0
261257.1578,0
261430.646,0
261444.3565,0
261475.3898,0
261490.7469,0
261521.8825,0
261570.2244,0
261741.8436,0
261847.5611,0
261894.9922,0
261972.2899,0
261996.8603,0
262009.39263333334,0
262378.034,0
262636.0857,0
262650.6703,0
262958.346,0
263264.5715,0
263318.1723,0
263358.4667,0
263377.8167,0
263423.251,0
263461.94180000003,0
263567.4909,0
263636.2132,0
264110.4632,0
264220.8947,0
264299.3375,0
264374.8739,0
264659.7943,0
264782.50179999997,0
264897.8936,0
264977.4764,0
265319.9004,0
265365.5446,0
265407.0678,0
265473.7328,0
265556.4852,0
265690.4954,0
265823.264,0
265879.2436,0
265991.6186,0
266044.0664,0
266118.3779,0
266306.8002,0
266520.4043,0
266647.46506,0
266912.1188,0
266922.4097,0
267393.8162,0
267398.8571,0
267447.1929,0
267460.8524,1201.6933999999892
267482.7242,0
267595.9848,0
267684.6781,0
267742.0705,0
267826.5499,0
268063.6714,1470.9810999999754
268194.9668,277.7642999999807
268217.9094,2890.766100000008
268644.9928,0
268667.4248,0
268748.6895,0
268920.0677,0
268967.1258,0
269056.1159,0
269130.30449999997,0
269357.4965,2734.2987999999896
269398.7241,0
269539.559,525.1120000000228
269642.9729,0
269677.1422,0
269943.5051,0
269943.9409,0
270045.0333,0
270152.8516,0
270284.3065,0
270399.1508,0
270463.4998,0
270889.3568,0
271261.8948,0
271292.1792,1399.7772000000114
271320.4839,0
271394.1354,0
271643.27760000003,0
272351.5203,0
272383.0482,0
272385.9148,931.0498000000371
272429.131,0
272593.3625,2692.661299999978
272707.1047,0
272858.4171,262.67580000002636
273051.0465,0
273158.666,0
273216.9666,0
273271.4174,0
273407.1621,0
273688.126,0
274035.399,0
274207.2126,1993.657200000016
274331.0873,0
274439.2494,0
274511.7662,0
274713.30700000003,0
275269.478,0
275551.1666,0
275565.7596,0
275734.35738,0
276048.7988,0
276204.3392,0
276299.5291,0
276460.8881,0
277152.445,5685.4774000000325
277303.2374,7523.612800000003
277338.1812,0
277900.847,0
277966.3235,0
278000.0695,0
278065.0847,1240.252199999988
278283.5695,0
278325.1827,0
278423.8847,0
278554.3061,0
278639.7878,0
278648.1438,0
278921.83019999997,0
278961.6587,0
279010.5863,0
279152.9243,0
279248.8262,2853.4032000000007
279460.2932,0
280097.5536,0
280141.5524,3531.480099999986
280146.7741,0
280414.1089,0
280454.0746,0
280869.6271,0
280945.022,0
281314.6554,0
281315.1597,0
281750.4997,8520.178599999985
281993.7104,0
282185.144,0
282340.8414,0
282514.25800000003,0
282590.0927,3877.6921999999904
282690.1705,8206.155299999984
282733.27509999997,0
282738.0516,0
282780.541,1299.7139000000316
283291.5788,0
283594.833,0
284071.7696,0
284198.0733,9751.886200000008
284252.6512,2203.3415000000386
284756.9548,7561.882600000012
284847.81680000003,0
284895.3517,6064.926199999987
284905.2109,0
284985.354,0
285082.5075,0
285213.9008,0
285608.0811,0
285614.3811,8601.662100000016
285671.2326,0
285674.5857,2642.478000000003
285683.3277,0
286014.1588,0
286073.1351,0
286085.6596,0
286154.2708,0
286317.4966,0
286522.2682,0
286652.2282,285.1337000000058
287209.7584,0
287210.1374,0
287347.5189,0
287354.6894,0
287455.6252,0
287489.2754,0
287739.4236,0
287989.6775,0
288240.4199,6515.34580000001
288414.8015,0
288712.6921,0
288724.8282,3107.4282999999705
288771.9608,0
288987.7608,2568.191200000001
289045.0102,0
289139.3453,0
289147.7442,0
289219.9425,0
290097.6648,0
290108.9124,563.6503999999841
290262.2159,0
290319.7598,0
290455.1724,0
290469.3827,0
290515.6519,0
290521.2194,21.69049999996787
290629.5098,13156.329000000027
290699.1747,14584.66969999997
290752.1888,948.7160000000149
290820.0342,0
290841.70149999997,0
290972.018,0
291077.4044,0
291151.8467,0
291214.7405,3415.318399999989
291694.0666,0
291771.9585,751.1193000000203
291880.1326,10318.310700000031
291922.2712,198.32690000004368
291933.3313,6078.192299999995
291998.4042,14378.340599999996
292021.2981,0
292127.168,0
292273.7304,0
292461.4313,1851.7113000000245
292631.0035,2940.8812000000034
292678.0674,0
292757.3343,4177.661800000002
293083.6403,9106.689300000027
293235.9586,1378.3917000000365
293422.8348,0
293512.083,14069.868999999948
294438.5494,0
294481.3916,0
294606.9907,0
294615.15088,0
294682.6696,7491.069400000037
294742.3697,0
295019.6044,0
295066.7307,0
295141.7332,0
295143.0882,0
295341.9977,0
295487.2686,0
295515.5123,8428.525699999998
296222.232,0
296980.9195,0
297011.0048,0
297453.14890000003,0
298031.04845,0
298081.8389,0
298168.7616,3856.6039000000455
298262.841,8750.34010000003
298455.1071,0
298547.0808,681.6537000000244
298566.1432,4108.582800000033
298818.6205,6322.476399999985
299161.4409,0
299192.2298,0
299250.5402,17948.739699999976
299465.2497,0
299561.5447,6970.670600000012
299572.49076666665,0
299787.9804,2506.013800000015
299853.7341666667,0
299858.285,4387.777999999991
300480.9557,0
300611.7159,7513.691099999996
300899.7584,9729.506799999974
301115.155,2353.028900000034
301181.6341,12487.242599999998
301321.25800000003,0
301339.1746,5522.288600000029
301735.6225,0
301934.7343,5970.286599999992
301939.042,12386.483000000007
302213.2406,155.64040000003297
302223.7423,34.9993999999715
302246.561,0
302509.2281,0
302605.4924,0
302633.8017,0
303000.9099,0
303569.0748,0
303700.6988,0
304113.1728,9322.518199999991
304279.527,0
304520.0433,125.93610000004992
304559.45290000003,0
304676.7213,0
304695.7143,2781.9189999999944
304773.517,0
304795.57420000003,0
304845.7608,0
305237.4716,0
305458.2311,0
306189.5394,14414.326300000015
306204.7675,0
306207.2173,2881.784800000023
306445.1339,0
306445.9806,0
306694.8591,7136.371199999994
306705.9574,844.1538999999757
306807.4717,0
306827.6619,0
306854.7054,0
306923.2645,0
307041.412,0
307230.4935,0
307289.7852,5934.7347999999765
307400.0127,0
307418.4154,1821.3323000000091
307518.4721,975.4452000000165
307929.0946,0
308202.37930000003,0
308229.7384,8847.522399999958
308240.5952,6934.86599999998
308250.5447,2073.9220000000205
308426.3176,0
308624.8872,0
308910.1244,16171.673999999999
309066.5794,3938.611199999985
309104.471,3945.4437000000034
309247.1598,0
309279.478,22048.567099999986
309407.7506,2142.1364000000176
309546.1497,394.60759999998845
309799.2991,0
309841.5272,5743.463300000003
309851.7334,17.104600000020582
310132.2389,0
310196.8462,8158.761700000032
310251.3249,0
310288.4903,0
310361.6152,17914.358899999992
310535.7956,0
310984.4064,0
311032.4446,13565.340199999977
311065.0403,0
311093.8356,113.55530000000726
311165.4904,0
311172.2862,325.6994199999608
311303.1945,14041.460299999977
311390.018,20203.786699999997
311440.9488,0
311741.9555,0
311769.7206,0
312425.1896,4856.386299999955
312501.2432,12651.323500000057
312971.9546,2088.270599999989
313012.3502,2566.327500000014
313115.4352,0
313234.2781,12248.300999999978
313345.0902,5149.215899999952
314027.4055,5706.123399999982
314037.5395,0
314238.74,0
314430.2447,581.7314999999944
314455.4967,9938.824699999997
314607.1504,5201.464699999953
314748.6664,1061.2890999999945
314816.5077,0
314864.5141,15374.205499999982
315037.1082,11825.875700000033
315197.5335,346.890699999989
315440.2672,615.569599999988
315763.0215,19486.42029999994
315831.4257,15774.483200000017
315880.5897,11837.521400000027
315948.3031,0
316323.6645,4167.7729999999865
316558.8758,0
316563.7066,0
316684.0658,5461.733899999992
316903.7811,0
316916.4515,2254.067000000039
316934.2737,0
317005.8371,7291.857399999979
317546.9206,1102.6915000000154
317781.7958,0
317885.7046,0
317939.7143,5208.661699999997
318107.2928,0
318410.7269,544.319599999988
318457.9339,0
318550.2814,0
318705.0255,0
318818.3587,5180.350299999991
318862.6381,0
319240.8777,0
319279.42151666665,0
319469.7877,0
319625.8884,4041.820699999982
319924.5881,8648.137099999993
320175.1805,0
320498.8912,628.5237000000197
320691.9155,0
320744.4698,9007.80210000003
320754.7997,0
320765.71400000004,0
320768.7581,0
320797.7709,14123.947600000014
321402.1724,486.1399000000092
321831.693,10646.696100000001
321835.1248,5343.232199999969
322010.56,0
322053.8203,0
322090.5475,0
322141.3189,13871.00410000002
322144.8354,0
322477.8098,0
322570.7507,0
322604.5634,0
322743.2029,144.06219999998575
322814.4398,120.82130000001052
323264.0518,0
323427.8978,5487.6318999999785
323462.9971,0
323690.2058,0
323882.0449833333,0
323942.80689999997,0
323996.9206,0
324079.7401,0
324184.9622,2448.044099999999
324186.3309,14433.161900000006
324439.6827,16469.848999999987
324543.6713,7389.344600000011
324649.4013,0
324685.2927,0
324791.7,0
324802.3637,3930.5550999999978
324883.1022,0
325509.3002,6743.137500000012
325732.0414,17721.4681
325744.4442,0
325880.98455,0
326254.231,0
326395.5344333333,0
326500.4403,0
326576.509,10858.882200000051
326585.1961,15060.198000000033
326668.2376333333,0
326692.2031,0
326873.6297,0
326932.364,0
327089.4329,8444.472799999989
327092.7416,0
327495.4587,0
327528.5984,0
327572.4964,0
327678.3386,18503.23080000002
327698.938,0
327784.3582,2179.1036000000313
327950.00325,0
328739.9752,0
328924.39040000003,0
329281.4581,0
329321.4452,0
329329.36,0
329351.0882,4500.4518999999855
329401.3153,1751.897500000021
329479.06059999997,0
329614.5464,0
329643.6909,6341.1389999999665
329643.8473,0
329692.3127,0
330047.0323,6477.886800000037
330180.137,0
330210.4174,0
330229.4865,4624.324000000022
330351.5273,0
330467.0597,0
330487.367725,0
330563.0566,0
330665.8064,0
330822.9411,7730.2502000000095
330865.5473,0
331206.824,4320.179800000042
331225.5212,9685.196400000015
331340.8838,0
331618.0953,548.0492000000086
331694.3917,18922.093300000008
331696.2521,0
331971.49450000003,0
332011.224,2449.976800000004
332086.2131,26177.076699999976
332105.2399,0
332299.3745,0
332664.8812,2180.9443999999785
332844.4228,0
332914.1791,0
332928.8431,0
332937.3331,0
332943.8949,0
333458.5499,5002.383099999977
333584.9084,9924.348500000022
333615.0049,0
333881.6296,0
333978.0822,5349.031200000027
334250.2323,568.0793999999878
334350.9783,0
334432.15020000003,0
334475.14,0
334528.1142,0
334676.2576,0
334754.519,976.6154999999562
335050.6012,4271.869000000006
335066.6304,963.6089000000502
335290.1155,8153.374600000039
335617.9784,23143.21140000003
335749.777,0
336049.7806,11394.009833333315
336427.6954,0
336428.3101,0
336475.091225,0
336659.6894,2012.691999999981
337163.2806,0
337339.7153,5356.973200000008
337432.2357,3460.4484999999986
337434.3156,11379.066899999976
337718.6791,0
337736.378,4782.2259000000195
337785.8031,0
337792.5595,0
337802.0584,0
338103.7004,4672.426999999967
338133.2537,0
338342.1453,0
338536.9368,0
338554.3041,0
338755.6785,0
338787.27509999997,0
338839.4176,0
338873.496,0
338972.4439,0
339257.7131,4748.26939999999
339455.9169,0
339590.3054,0
339595.5994,0
339630.4653,9823.908499999961
339912.8332,0
340090.1192,28637.54580000002
340111.2328,5487.223100000003
340417.7701,0
340526.2085,1247.857100000023
340591.3711,0
340657.498,2316.9231000000145
340676.1449,0
340711.4926,0
340753.0401,0
340828.7398,0
341034.6683,0
341109.8748,0
341466.998,0
341545.836,0
341562.919,0
341585.1948,5852.167499999981
341622.1551,2202.7987999999896
341945.2222,8861.030599999998
342044.7278,4449.372800000012
342240.1251,0
342509.7827,0
342578.517,0
342637.8884,0
342820.0029,0
343333.6278,0
343547.9864,0
343658.4559,0
343698.3331,4556.496999999974
344028.1529,0
344110.089,0
344161.8674,0
344191.6079,0
344337.476,0
344394.1782,0
344417.3485,0
344528.9256,0
344568.4671,0
344621.4183,0
344670.7892,16516.83739999996
344718.1605,0
344806.8851,0
344945.9929,0
345019.1821,13747.08719999995
345105.7935,0
345210.1343,0
345294.1337,0
345376.2422,67.0966999999946
345573.2636,7186.524800000014
345578.6844,0
345712.6449,435.24700000003213
345724.359,0
345775.2245,2954.272400000016
345890.5068,0
345959.10124,0
346035.036,0
346142.8208,4262.695599999977
346276.9827,0
346348.428,8525.168400000024
346615.5799,0
346667.5029,6067.612200000032
346760.6079,6608.717200000014
346863.0617,0
347263.5708,0
347300.9598,5.762600000016391
347541.5174,0
347584.0026,3668.2646999999997
347596.9378,260.51250000001164
347628.8212,16079.743000000017
348030.3741,0
348144.5967,1519.7075000000186
348225.7868,1921.843519999995
348547.7779,12560.499124999973
348560.9243,1005.3142000000225
348683.7886,3127.0084000000497
348740.4538,2319.290800000017
348887.3123,8659.845700000005
349039.6471,0
349292.9926,8321.190799999982
349448.8131,12809.54250000004
349613.6136,3034.8242999999784
349860.1448,807.3483000000124
350071.8833,0
350077.4115,0
350221.7809,0
350326.7102,7562.784499999951
350465.4308,2225.3136999999406
350557.7914,4150.545899999968
351023.0681,0
351168.8117,8677.12400000001
351196.8911,1883.3524000000325
351319.403,0
351447.5142,0
351616.1698,610.3433999999543
351722.7481,1032.2498999999953
351748.294,7884.233799999987
351830.3164,7973.858300000022
352726.8606,0
352744.1778,445.4638000000268
352928.4798,1018.8536999999778
352967.6069,1437.2189000000362
353001.534,7817.033399999957
353062.7297,5196.611100000038
353226.5334,1602.352200000023
353413.3307,0
353470.6362,0
353878.3855,0
354031.7809,12760.574300000037
354058.8261,19436.78389999998
354502.0311,0
354566.5227,0
354810.1831,4073.3887000000104
354839.5673,13051.392400000012
354893.7708,0
354930.8964,0
354985.0579,0
355112.2323,0
355330.76159999997,0
355796.9247,7201.560100000002
355954.18443333334,0
356016.3532,0
356380.4169,0
356562.9564,2352.1559000000125
356710.9397,8218.47649999999
356756.2096,7772.139099999971
356881.599,9689.550999999978
357006.6764,0
357201.1578,4393.642899999977
357220.2936,0
357305.3774,4715.089700000011
357361.4116,1930.8789000000106
357505.9279,7635.386700000032
357643.4157,3924.122399999993
357826.924,2040.3561999999802
357872.51,9487.141100000008
358008.484,2421.300899999973
358175.1453,0
358240.5931,2938.9811000000336
358346.3008,7136.96100000001
358401.1975,12881.141300000018
358485.1409,18880.863599999982
358956.9247,969.6030000000028
358969.2828,2841.8717999999644
359171.82889999996,0
359290.1142,5855.429999999993
359480.3656,7455.502900000021
359531.4589,14307.749500000034
359664.8083,11277.893699999957
360065.9218,0
360158.4812,4670.328899999964
360432.8112,0
360435.6737,8205.391000000003
360646.8832,13436.338999999978
361064.7348,3064.3145999999833
361304.6774,8358.45789999998
361494.0087,2989.205100000021
361613.8884,0
361648.3659,12200.248799999943
361947.5664,0
361984.5758,1833.9349999999977
362191.5086,9446.027200000011
362225.4049,15008.716000000015
362682.1165,2871.452900000033
362765.5175,4361.027700000035
363019.0765,5756.914000000048
363043.7124,12445.25350000005
363296.2939,2772.7954000000027
363417.6366,5717.229500000016
363664.9479,2956.116000000038
364032.3063,2186.2962999999872
364168.7151,9211.22729999997
364576.591,1319.115300000005
364741.1798,18428.423825000005
364784.5692,3163.7064000000246
364832.9154,10356.813000000024
364837.1412,0
364930.4379,13743.476000000024
365242.7839,0
365934.7899,13275.310999999987
365982.0759,0
366027.8222,0
366360.4916,0
366400.3834,0
366506.8355,11437.546399999992
366548.9917,15518.025599999994
366721.1252,0
366760.6398,13371.131400000013
367050.7235,7497.810500000021
367235.701,3966.072999999975
367360.235,11977.988299999968
367939.3478,4045.342799999984
368233.6343,3725.802800000005
368677.7595,12623.853199999954
368910.0747,10275.29389999999
368973.4646,20792.30349999998
368990.0325,0
369018.0284,10408.414800000028
369250.9084,4460.7104999999865
369548.6341,5200.043200000015
369704.1905,8511.710700000054
369899.2175,4312.839100000041
370040.1942,0
370211.7182,6253.825799999991
370486.8234,13334.65909999999
370669.2768,9982.665299999993
370878.065,12101.83130000002
371256.3404,9918.840299999982
371807.9825,15944.148699999962
371811.7134,11951.087600000028
372161.1402,6407.6952000000165
372284.6645,0
372288.2956,7792.034500000009
372721.9467,14177.8125
373108.1973,13986.071100000001
373234.7322,9298.294800000032
373364.2321,25115.540700000012
373491.3089,0
373509.8978,17268.335366666666
373667.859,7833.189100000018
373668.0638,7956.011300000013
373939.2957,10215.544400000013
373960.8992,12695.009199999971
374202.4216,6200.844700000016
374215.7293,14227.454700000002
374291.2513,6540.2042000000365
374360.8853,9244.766100000008
374530.8107,6263.868899999943
374658.393,0
375392.5013,19719.420700000017
376390.0412,18950.114499999967
376732.8409,10536.0968
376738.8919,6345.140599999984
376777.2372,14124.228299999959
376889.9201,8256.606900000013
377067.4107,11187.857000000018
377090.2603,12114.126800000027
377209.6039,13066.508600000001
377289.6789,11183.940100000007
377435.4687,20486.525800000003
377438.8716,16691.59090000001
377485.1288,0
377692.7407,12408.900200000033
378067.8859,26798.094599999953
378242.7708,0
378421.9707,6890.601100000029
378564.0965,6795.9902
378893.4731,7389.60070000001
378935.1131,0
379005.94758333336,0
379312.3137,27538.663
379360.9516,7388.613099999959
379373.5866,13369.396699999983
379502.1366,8664.471100000024
379504.5903,0
379764.4247,15265.763899999962
379985.2779,0
380068.3497,10702.342000000004
380314.8164,0
380868.5264,6637.330399999977
381024.2323,22542.820299999963
381219.1481,13837.030499999993
381342.6597,24139.63280000002
381557.5569,4808.705975000048
381581.6057,19931.260899999994
381799.2818,16111.489000000001
382196.4251,0
382785.2021,0
383031.2574,16162.641999999993
383196.0789,23838.10870000004
383259.2761,9934.238400000031
383285.5825,17969.799400000018
383598.5995,5455.614000000001
383734.7608,13688.915099999984
383769.6895,6418.452099999995
383827.15,6586.457400000014
384435.3029,4252.0390999999945
384442.4007,11685.732000000018
384451.3941,6004.023999999976
384718.7459,6080.673399999971
384758.995,5791.4997999999905
385586.3307,5334.075299999968
385701.5473,5366.90989999997
385747.6274,28935.72849999997
385767.0006,6385.13340000005
385795.6676,9177.613799999992
385932.5272,16972.489100000006
386104.7839,9522.590800000005
386277.7547,5118.758900000015
386809.4705,18878.1716
386819.3754,0
386838.2755,7244.81660000002
386893.8151,19083.328900000022
387061.385,14069.675900000031
387073.9241,4170.409400000004
387148.6957,5275.372999999963
387276.4004,6665.399849999987
387816.088,12465.32640000002
388005.8982,0
388298.5585,0
388589.6372,16192.469999999972
388786.165,7520.512366666633
388828.871,23452.35109999997
388985.1721,12849.520200000028
388986.6925,0
388991.5728,13565.965600000054
388991.8993,9207.641599999974
389042.6004,7904.299733333348
389177.0259,6713.830149999994
389276.16359999997,0
389311.7875,7424.681400000001
389433.5066,14000.118300000031
389481.1588,19811.66089999996
389804.1405,3931.0723
389880.6989,6395.9310000000405
389928.4121,0
389966.58,6627.517200000002
390032.4547,0
390232.9035,0
390477.5584,6067.43319999997
390745.5442,8569.716599999985
390829.4636,0
391209.1963,0
391216.3669,9920.584499999997
391231.2349,12705.667599999986
391307.4789,12504.83230000001
391551.8408,10240.165399999998
391660.3689,7023.087699999975
391694.0052,16239.894700000004
391965.1666,0
392158.9268,0
392202.488,6877.378200000036
392786.3242,27926.551599999948
392966.7379,22381.80700000003
393056.2159,19173.29190000001
393207.0736,5859.573399999994
393419.3687,25024.00919999997
393504.9752,18737.547499999986
393629.9663,22613.889799999946
393675.5778,12899.892099999997
393714.4446,8392.085099999967
393769.6693,8910.511500000022
393979.0543,5341.074200000032
394119.6709,22316.939500000037
394681.8615,36709.846699999995
394867.2151,22191.734299999953
395073.8858,9189.820200000016
395075.4053,9195.089799999958
395156.9677,22519.960299999977
395412.3905,5765.338699999964
395537.5399,8599.514899999951
395583.3527,0
395709.2424,6493.036099999968
395759.5933,7167.237100000028
395864.9399,22886.30819999997
396085.34,16424.158400000015
396312.0478,5469.767666666652
396414.2668,13689.52119999996
396645.8808,4066.207599999965
396847.3527,6449.555099999998
396934.175,9576.550400000007
397023.2545,8256.142200000002
397063.4872,7226.223799999978
397084.0479,4224.998000000021
397112.8805,11168.868400000036
397380.4197,23584.194799999997
397386.806,6524.707899999979
397608.233,19482.7647
397680.7526,0
397804.3136,0
397876.4508,12763.266499999969
397964.0088,0
397987.8634,6718.220599999942
398189.3232,5858.353200000012
398313.1957,16161.132699999958
398423.4282,8417.90790000005
398714.1906,16277.64029999997
398790.4772,7104.989200000011
398951.7497,4004.334600000002
399037.2316,0
399445.4147,0
399531.8413,0
399576.7051,16418.042400000035
399602.7557,10136.758999999962
399648.2947,12981.21140000003
399782.3457,6553.240700000024
399849.1201,13152.835499999986
400128.1416,17180.846499999985
400371.7234,5325.040299999993
400546.6544,16071.10460000002
400732.0804,13480.335699999996
400815.1351,4327.228200000012
401000.7503,4774.510600000038
401126.8191,6156.186300000001
401132.4276,2721.927399999986
401186.8013,4609.786199999973
401377.0144,13170.05349999998
401533.2927,0
402086.5709,7321.099400000006
402303.8329,5570.742799999949
402304.037,0
402723.1588,7408.871799999964
402900.7607,6732.457799999975
403263.6007,5570.102500000037
403346.9981,16700.322199999995
403370.7528,13129.045000000042
403445.716,6175.380899999989
403572.8203,0
403654.9793,10745.870800000033
404105.7418,20293.32270000002
404553.4663,5474.566200000001
404650.1627,6974.950599999982
404757.9993,0
404962.3104,6067.425199999998
405000.5192,11828.26019999996
405014.3008,12355.122200000042
405036.5071,9094.514199999976
405042.9013,5763.9684000000125
405151.3985,11804.22510000004
405188.3231,9823.667599999986
405602.4972,9100.54879999999
405673.8658,4307.108700000041
406054.198,13175.815599999973
406085.7954,4878.4383999999845
406387.8008,13811.572700000019
406463.1647,6141.970600000001
406590.0763,13690.950100000016
406882.6998,2947.6649000000325
406945.3562,16197.03899999999
407042.7799,2819.420299999998
407188.4529,0
407406.524,8160.485416666663
407407.4015,13274.815799999982
407554.5971,8454.155200000037
407601.4886,3632.522100000002
408169.7264,11416.519900000014
408182.0672,8250.73060000001
408235.2246,4353.694100000022
408482.9608,1274.4523000000045
408901.5344,5071.606700000004
409009.6723,12007.842899999989
409061.4412,30246.821800000034
409536.5688,3941.801199999987
409588.6085,13336.078499999945
409652.4508,18828.728000000003
409734.9213,2504.9298999999883
409841.2155,13986.280499999993
410452.3954,7917.776599999983
410580.2162,6429.312900000019
410602.7708,3424.868699999992
410622.7138,4340.356300000043
410794.3835,3622.8973000000115
411195.4317,1828.1681000000099
411252.9478,3808.6900000000023
411256.7871,3943.104500000016
411308.9378,1827.489200000011
411385.0277,11525.86619999999
411398.4688,0
411798.0483,3897.096900000004
411825.7403,9167.83289999998
412109.4199,2677.720699999947
412365.2362,0
413067.59,32751.852000000014
413255.429,13752.147500000021
413354.7074,15330.841500000039
413635.00549999997,0
413705.0378,2747.507099999988
413724.4039,14284.743899999943
413972.8923,2627.1506999999983
414239.9161,4305.542299999972
414332.6174,4543.325899999996
414428.9634,10689.724400000006
414672.76,0
414711.9996,620.7912999999826
414850.2247,12271.790500000003
414854.8597,6380.407999999996
415004.7992,220.86639999999898
415022.2257,0
415291.5886,15525.652899999986
415358.9332,709.3045000000275
415419.4902,16717.24900000001
415583.1553,9173.584299999988
415758.4564,7874.707000000053
416131.9546,0
416171.72849999997,0
416564.4887,2199.943099999975
416586.9014,117.81329999997979
417616.622,1289.4701999999816
417698.5793,1320.4217000000062
417917.8861,11340.272300000011
417919.887,11958.089799999958
417919.9915,0
418016.1638,2026.6180999999633
418344.6727,8526.667599999986
418838.509,22881.34210000001
418846.3451,2126.036299999978
419149.4698,34716.79010000004
419269.8511,2416.18610000005
419397.7767,1101.5578999999561
419471.3498,1763.716400000034
419532.8644,31470.882500000007
419646.7385,9463.570999999996
419734.4815,3584.068800000008
419832.1711,17521.848899999983
419900.9908,2293.611200000043
420495.9625,10338.367300000042
420798.252,0
420923.314,8305.839199999988
420998.5571,10431.176899999962
421170.8717,8245.686300000001
421230.7432,728.7970000000205
421436.5552,5868.000400000019
421564.9067,2816.522500000021
421623.9269,1417.7053000000305
421648.228,0
421673.1176,34444.13620000001
421693.632,2218.441824999987
421845.4989,4962.511899999983
422123.0194,2008.293399999966
422163.8935,0
422753.3926,2533.7125000000233
422858.6407,22598.1912
422953.3991,3161.3710999999894
423000.4627,4860.735699999961
423264.0045,0
423681.2617,2858.8106999999727
424070.9643,2992.253700000001
424250.6191,0
424281.9871,0
424528.4776,0
424585.8759,3303.066499999957
424832.877,7129.142200000002
425145.2573,8686.323900000018
425318.4435,3383.018400000001
425332.7233,0
425449.4692,0
425628.0017,36258.68300000002
425630.7291,15356.938199999975
425662.7172,12503.349500000011
425711.6065,3800.869000000006
425781.1117,3662.0986000000266
425784.2772,0
425842.0683,23750.11499999999
425911.6878,0
426089.6258,26037.810899999982
426111.7209,10518.324000000022
426246.9652,5691.856700000004
426390.5212,27686.997800000012
426552.9738,0
427901.2266,11916.55780000001
428063.9961,4085.662699999986
428124.3784,0
428450.2526,15198.719099999988
428633.208,0
428937.3442,5215.793799999985
428999.6952,5034.695100000012
429005.57660000003,0
429352.3946,0
429604.6014,3955.065399999963
429673.0522,11019.29839999997
429889.3232,6704.282399999967
430108.5106,12369.673899999994
430165.7755,23941.622700000007
430299.1785,10330.251699999964
430866.1729,0
430913.3982,19660.36249999999
430914.7118,5707.821100000001
431025.0526,22334.32269999996
431102.0443,0
431141.0413,9058.0245
431145.0388,0
431345.6709,0
431556.1039,8676.852799999993
431591.2037,8635.18670000002
431940.2266,0
432082.8919,8056.728899999987
432228.7919,7442.3052000000025
432265.7618,5407.191099999996
432452.7183,15082.847299999965
432500.6097,8412.567699999956
432552.313,9882.141400000022
433153.2048,6890.000500000024
433340.3311,13400.503700000001
433395.7127,5565.565499999968
433482.1214,5109.746299999999
433538.8763,6392.361600000004
433550.3979,13135.498699999996
433664.9529,5108.2740999999805
433782.2974,0
433840.7346,27633.922900000063
433849.205,12900.557900000014
433859.4042,20883.608699999982
433887.931,3814.8064000000013
433895.8081,24989.050200000056
434112.6995,6751.4231000000145
434370.2408,0
434423.4701,6504.181299999997
434428.8456,11779.57620000001
434495.3579,8196.443299999984
434760.2414,0
434840.539,9025.25159999996
434937.0068,6183.144799999951
435015.8963,6418.005400000024
435173.1473,32655.722100000014
435214.6011,5030.3835000000545
435382.0688,0
435421.6081,14763.177599999995
435486.615,10277.804899999988
435772.2955,0
436169.2444,3825.6285999999964
436249.6598,0
436345.0128,11960.409800000023
436479.8319,7939.096099999966
436567.263,13870.165799999959
436607.20279999997,0
436670.161,0
437111.8097,7521.832300000009
437116.7533,0
437288.0451,0
437331.027,4362.464500000002
437376.7828,6651.761499999964
437603.3904,11113.883999999962
437741.7596,8448.066099999996
438028.7595,11197.712200000009
438095.3603,8332.563200000033
438224.6208,18053.010699999984
438304.7555,6788.11540000001
438472.4122,0
438490.4096,18934.763316666707
438494.2944,15999.243400000036
438519.6591,0
438747.9363,0
439461.9908,12178.015200000023
439468.3824,7739.330100000021
439481.2575,6511.042000000016
439600.8761,11107.93280000001
439602.9388,6901.39770000003
439629.4535,7796.50469999999
439780.7902,0
440055.544,6806.18280000001
440306.14650000003,0
440375.7354,0
440417.1571,18784.526699999988
440505.6059,9339.018900000025
440567.86,6087.845199999982
440591.6167,10755.048999999999
440648.6061,0
440803.5311,5720.173999999999
440942.2942,6431.497499999998
441106.0344,20121.12400000001
441136.8272,0
441361.7863,9946.6581
441522.5553,14168.74979999999
441538.6923,7088.098899999983
441720.224,0
441782.7108,0
441972.6113,8837.25390000001
442385.2548,6796.070000000007
442695.2604,0
442758.1961,21145.32740000001
442799.1645,6516.907799999986
442875.76769999997,0
443066.9803,14402.73609999998
443134.205,19088.993599999987
443245.742,5759.827000000048
443497.5049,17039.057299999986
443670.4744,0
443736.9341,5643.233899999992
443787.158,9949.995200000005
444002.0786,12047.374699999986
444233.9554,5517.120099999942
444377.9196,0
444703.3904,15739.040199999989
444721.0305,26403.495999999985
444731.505,0
444793.1472,16719.71630000003
445016.8539,3484.9291000000085
445037.0381,11682.940200000012
445298.1574,14830.747800000012
445345.4792,12069.968775000016
445767.7574,19127.60970000003
445863.1111,7295.073499999999
445889.8496,5696.448200000043
445950.7854,8579.47649999999
446357.5837,9886.300400000007
446381.5034,0
446652.4505,25758.745799999975
446765.2211,12625.2451
446893.449,0
447069.4461,5822.208900000027
447482.698,0
447517.1624,6740.392599999963
447664.0874,10935.427200000035
447875.1901,6098.059699999983
448203.8199,4437.780299999984
448754.0558,11284.570999999996
449038.4256,6241.64929999999
449140.7907,7575.329900000012
449179.513,12420.199199999974
449464.1178,16857.655299999984
449734.2483,16813.333599999954
450071.7261,8282.287100000016
450201.2251,6160.79879999999
450234.6942,0
450589.8229,0
450912.0245,6272.802299999981
450920.2778,7703.331699999981
451070.9175,15739.414099999995
451099.7608,19945.412299999967
451394.98459999997,0
451427.6953,4972.969299999997
451433.7574,18244.398600000015
451463.4105,0
451736.1666,6996.386999999988
451786.6875,7722.915500000003
451871.7781,16787.668999999994
452133.5098,7307.2351999999955
452224.9098,10292.262300000002
452582.8513,0
452727.8149,15603.603200000012
452855.1603,0
452892.2611,15691.76000000001
452901.0908,23150.871600000013
453118.3563,0
453264.9395,6776.8361999999615
454030.7896,0
454046.5635,19350.959299999988
454121.5927,11867.343999999983
454339.9536,11652.422299999977
454723.5163,7477.061800000025
454814.9198,21178.161299999978
455179.2905,20507.94909999997
455189.933,7424.910800000012
455216.0112,27860.44750000001
455374.3851,6321.252099999983
455449.5721,17871.068099999975
455487.7896,8318.373200000031
455677.3066,17757.188800000004
455885.8274,18003.8909
456349.0708,13806.37189999997
456599.5166,7272.9750999999815
456737.0456,9310.031000000017
456803.1589,10295.292599999986
457125.1694,17377.759900000005
457497.6538,11904.43419999996
457640.1682,0
457686.7162,8505.259100000025
457727.5485,13813.022799999977
458113.5958,9422.135999999999
458146.0971,6412.910200000042
458271.0827,27493.709820000047
458625.3686,7304.258099999977
458672.7651,6946.911900000006
458697.7608,8841.88400000002
458946.33160000003,0
459336.7275,13124.063900000008
459402.6442,5754.111599999946
459612.0364,12698.146799999988
459762.4042,18147.754199999967
459888.3929,17764.290699999954
460801.8753,6319.857499999984
460985.2643,4428.133600000001
461012.5744,4358.636699999974
461041.5337,0
461462.469,7198.7115999999805
461496.6647,8359.784200000053
461760.6275,0
461982.0457,5161.318100000033
462267.3679,0
462456.9127,13498.389399999985
463114.7655,5323.112499999988
463142.0199,22606.28470000002
463390.9614,18334.445499999973
463586.7774,27187.676199999987
464005.3199,0
464063.0593,0
464472.1861,12143.86420000001
464634.0888,0
464657.0692,9736.26820000005
464678.0916,16742.810599999968
464978.2371,0
465062.9592,4427.209199999983
465076.8106,17901.890900000057
465356.5919,17814.97570000001
465398.0741,20858.194600000046
465471.7983,17188.47900000005
465501.2944,0
465985.6829,20599.07089999999
466101.6876,7530.0945000000065
466310.6524,0
466730.5233,10516.71100000001
466847.3676,0
466859.0977,8414.888799999957
467154.5895,4606.466599999985
467520.5267,8407.664999999979
467537.76,15855.73470000003
467572.1359,0
467577.0896,0
468231.5826,20749.669200000004
468449.0851,15143.764400000044
468914.8659,14976.512599999958
469204.7057,16849.06880000001
469351.7365,0
469739.3359,14260.433699999994
469842.8154,8526.271999999997
470399.6795,422.02250000002095
470584.0853,24336.809499999974
470624.0568,12786.237599999993
470893.3313,7240.969600000011
471196.2562,28597.255999999994
471314.0843,23022.90969999996
471447.4505,10971.988899999997
471501.9108,31521.007700000016
471540.7893,21217.936199999996
471636.5959,8600.679799999984
471749.8817,0
471910.0972,32301.521400000027
471944.4687,9236.554200000013
472409.6741,0
472447.9034,9053.120700000029
472521.9534,26717.040500000003
472771.2958,0
472825.0715,0
472977.9849,11862.6532
472985.101,9828.304700000037
473130.4411,6175.229999999981
473503.0725,29946.214000000036
473884.1282,13424.314199999964
474395.76529999997,0
474588.0197,27773.144900000014
474642.6125,8895.439799999993
475155.001,16508.91599999997
475245.5083,9995.037299999967
475253.7352,17671.18400000001
475401.5422,9365.646300000022
475418.3198,0
475455.9895,0
475644.7114,8183.070299999963
475761.5158,12643.173499999975
475997.6554,7517.487199999974
476016.6864,8445.853899999987
476083.1185,0
476208.4572,6553.635200000019
476241.0753,12015.3456
476295.5637,12557.848500000022
476487.1368,6675.957399999956
476490.0571,17759.00279999996
476552.9103,14758.496999999974
476746.56779999996,0
476886.4991,8507.742700000003
476973.1639,14009.541399999987
477181.5246,29162.90379999997
477209.5958,4296.552000000025
477369.4355,0
477410.0626,22919.051600000006
477474.6446,3202.385499999975
477491.8792,0
477543.5835,8885.363300000026
477592.595,7195.085599999991
477816.5797,0
478284.3242,17556.695699999982
478343.9976,0
478467.2555,40831.00330000004
478515.23219999997,0
478543.8827,6982.769200000039
478616.2054,14232.571100000001
478689.985,8183.08772499999
478971.6053,0
479080.7149,12780.648099999991
479105.6749,18291.42829999997
479398.7473,23297.371999999974
479501.1718,7263.5859000000055
479727.8156,6293.144199999981
479765.569,0
479929.1936,6654.929300000018
480048.1195,8236.86089999997
480151.2115,16158.969899999967
480201.7918,0
480209.4953,5756.4765999999945
480490.0305,7825.146799999988
480527.3381,9115.083833333338
480545.4178,7285.774700000009
480568.9647,0
480739.4148,16938.7243
480780.0077,9082.897200000007
481031.1801,0
481453.2345,7780.407600000035
481650.9173,5979.04369999998
481717.3957,0
482080.1856,7354.357800000056
482095.4143,5618.493399999978
482172.6504,6123.069499999983
482236.0238,6020.210699999996
482376.8282,5559.007099999988
482494.1288,4897.146699999983
482744.5362,5611.627499999944
482885.6946,10581.349300000002
483177.2561,0
483187.7114,6394.435899999982
483652.7456,16005.776500000036
483708.6858,5533.424999999988
483784.3827,5410.4604999999865
483866.593,12236.327099999995
483940.5774,11846.07050000003
484076.7126,3292.024400000053
484237.6571,19077.663100000005
484756.3207,4114.645900000003
484815.7179,7920.948900000018
485111.658,4260.231700000004
485166.846,12951.476900000009
485274.8034,6325.318699999945
485614.873,13353.348200000008
485619.7755,0
485979.732,17698.67570000002
486090.0196,30867.746900000027
486643.5507,39030.652700000035
486697.1047,11329.136000000057
486874.7296,7291.4134000000195
486912.4935,0
486932.8192,7511.347500000033
487246.714,20268.37779999996
487318.2125,16309.258700000006
487514.08,0
487640.4654,6322.7029999999795
487771.2119,0
487995.4272,6324.053199999966
488027.0968,9186.75079999998
488031.8542,9089.076899999985
488207.88,17398.246199999994
488260.0188,3235.6454000000376
488324.3052,8804.438000000024
488584.8552,22063.654699999955
488739.7921,9143.904099999985
488903.9619,0
488974.6222,0
489238.6319,28469.54919999995
489254.2253,10465.589700000011
489452.6629,27880.785600000003
489543.279,25386.94669999997
489566.6128,26820.480099999986
489739.6468,26977.351000000024
489830.4025,4135.699900000007
489878.2582,5959.4841000000015
490179.6451,9000.790500000003
490205.3415,0
490509.796,8684.518099999987
490624.4907,5949.909299999999
490634.689,3656.9678999999887
490864.4031,0
491401.5572,17349.853199999954
491444.4477,8338.864000000001
491586.9382,0
491707.2351,0
492092.6217,4878.229225000017
492310.7703,2650.185499999963
492514.4834,4205.742160000023
492733.0154,14517.041899999953
493499.5539,20116.83679999999
493625.252,7085.863799999992
493773.9293,5499.858200000017
493823.9142,30523.64730000001
493829.6235,24022.090800000005
494212.3906,6605.998499999987
494280.0808,0
494315.7697,5306.731800000009
494351.3954,12414.072499999951
494506.5114,5646.445999999996
494533.2612,33911.07130000001
494559.4037,18046.810200000007
494937.8424,18507.70410000003
494993.6755,3009.4280000000144
495032.0935,5269.6958999999915
495057.2558,0
495754.2943,5984.765400000033
495840.509,0
495967.9072,13649.34480000002
495974.7158,7247.170700000017
496187.4848,13501.69199999998
496366.4066,14225.228999999992
496407.9493,17658.748099999968
496562.5117,20029.98079999996
496572.8365,6144.089899999963
496628.3281,0
497070.5191,7999.460999999952
497234.4736,11394.534900000028
497424.7502,4997.068000000028
497426.5271,5527.435600000026
497458.3067,0
497553.1071,4935.500800000038
497705.4755,5252.693099999975
497824.0947,8059.486499999999
497915.0442,8659.43650000001
497931.4494,4672.651799999992
497992.9397,5499.422499999986
498428.3152,7589.989700000035
498534.9309,5201.221299999976
498673.0458,0
498735.4731,13627.242199999979
498745.6737,14790.600099999981
498952.6699,14771.81309999997
499158.4846,15527.34844000003
499270.1446,4994.75079999998
499410.2479,4496.25900000002
499566.629,9641.865900000033
499599.7173,0
499670.2042,1956.5144999999902
499705.3543,0
500024.4742,5184.112900000007
500204.5286,0
500218.0556,8568.377500000002
500293.2667,4038.2123999999603
500403.2382,6879.100800000015
500587.2109,0
500631.3653,4800.679699999979
500707.1074,6895.491999999969
500852.1316,23642.737966666697
500924.7003,2927.2188000000315
501016.3904,18710.13909999997
501044.0919,19866.908200000005
501058.6101,8807.787799999991
501078.5651,11014.368300000031
501150.773,26301.573399999994
501181.7563,1238.5365999999922
501408.9909,863.2972999999765
501604.3109,10549.965299999982
501612.9513,1319.096900000004
501695.0777,7888.3202000000165
502099.1773,0
502172.9634,6028.4381000000285
502333.0543,2379.7141999999876
502342.8228,1899.2371000000276
502472.9869,1657.0022999999928
502511.7436,6596.802299999981
502569.2183,6253.616900000023
502709.7171,29062.101599999995
503138.3393,5824.088799999969
503166.8768,12449.08640000003
503296.1616,0
503306.7708,4196.434999999998
503384.5338,0
503488.3659,2027.579700000002
503770.9965,3537.4983000000357
503772.939,0
503867.6847,7528.328899999964
504420.979,0
504955.9274,346.4635999999591
505107.3939,1890.9243000000133
505110.3745,36627.87109999999
505324.4933,14787.485599999956
505515.1385,0
505783.6072,8178.591800000053
505796.0016,5592.807700000005
506094.6078,15890.23139999999
506116.8097,4610.407899999991
506227.2011,7072.998124999984
506238.7168,19766.747600000002
506516.7542,677.4090000000433
506826.1505,4999.7714999999735
506969.8454,10699.9191
507105.2234,0
507276.7236,1347.3767000000225
507285.5202,8512.046300000045
507289.922,198.04850000003353
507313.4627,5310.696199999948
507679.8797,12273.415500000003
507805.703,677.4942999999621
507812.4059,2201.8733000000357
508225.5025,13753.478799999983
508403.5323,2043.8448000000208
508413.5035,0
508513.7733,0
508564.162,3349.8236000000034
508566.4688,1290.9297999999835
508718.3793,18633.69789999997
508834.1358,0
509008.3076,25314.162699999986
509166.7364,1939.4070000000065
509491.7629,8490.434899999993
509868.5038,20913.941700000025
509880.2604,1272.140000000014
510023.6301,0
510612.7502,7264.304899999988
510737.9506,2248.504399999976
511060.1812,0
511197.4451,1645.8689000000013
511305.628,4279.725300000049
511339.8113,5506.011100000003
511428.9851,10049.622099999979
511510.8555,14213.2071
511605.393,2373.503399999987
511859.0403,0
511873.7314,6619.212699999975
512002.881,14966.124599999981
512376.1121,3915.5111000000034
512392.8174,5900.197500000009
512463.7604,3014.9265000000596
512879.2026,3598.5089000000153
512896.7591,15858.997500000056
513287.3382,3765.8282999999938
513446.8763,5468.983600000036
513463.038,0
513512.2905,0
513597.1989,10376.909066666674
513834.6408,0
514062.2192,3653.222599999979
514159.4218,15013.3174
514447.0415,10294.955400000035
514468.7786,7457.400000000023
514648.7746,0
515104.9602,11488.430799999973
515219.1464,5121.163100000005
515307.6718,7905.596400000039
515449.6341,8094.793999999994
515498.3785,0
515595.8544,5352.0527
515752.5064,0
515812.5936,4369.237200000032
515955.2786,10792.3848
516176.0178,6420.515349999943
516626.9698,7734.550800000026
516965.3482,4835.563000000024
517240.896,0
517441.1899,0
517481.389,0
517569.0162,10276.048699999985
517693.6128,0
517696.2617,5958.44379999995
517947.9297,22269.99219999998
518056.5696,5973.11129999999
518469.407,34765.390799999994
518472.9046,0
518515.853,0
518626.6112,13410.660800000012
518841.4796,7466.318499999994
518878.3424,25072.777100000007
518962.3216,5955.767000000051
519047.8507,7678.124300000025
519206.7266,3081.1091000000015
519311.8857,4826.203299999994
519359.7615,0
519544.7146,0
519596.5035,9039.906299999973
519873.3936,0
520037.618,6421.90419999999
520038.8731,5234.838000000047
520308.4983,0
520331.8599,8416.882999999973
520392.7086,10741.733200000017
520459.4074,7495.109400000016
520520.5972,18182.303800000052
520611.4849,5911.277100000007
520954.7592,7274.569900000002
521006.6825,5909.4282999999705
521071.6064,0
521153.0085,6474.371299999999
521275.8951,6504.7906000000075
521283.3121,4177.685199999949
521402.029,12708.987800000003
521470.5389,11097.796799999953
521503.3495,7573.656699999992
521567.3066,11979.323800000013
521662.2454,6835.4385666666785
522156.68,15343.614100000006
522221.781,5423.4372999999905
522259.8357,9111.126500000013
522585.1534,6018.503800000006
522701.3299,12833.638800000015
522733.5089,13368.975199999986
522847.6538,14735.013599999947
523018.8675,6498.8829999999725
523065.29110000003,0
523392.4591,0
523686.5311,12799.042600000044
523687.2311,6675.972799999989
523731.2873,4480.184200000018
524113.6125,0
524464.8517,0
524498.3733,12722.515599999984
524931.5624,14735.121600000071
525225.2868,7619.839199999988
525274.4458,6535.034199999995
525426.3386,14324.670500000007
525459.8712,0
525495.6742,4869.960800000001
525519.4079,5682.291900000011
525819.9616,5287.054400000023
525922.0386,0
526058.7623,0
526073.0509,5156.544400000013
526113.6241,2979.681199999992
526258.0335,4833.6095000000205
526281.1322,4546.191999999981
526347.2908,0
526440.6767,8396.005099999951
526597.1239,14986.498299999977
526825.4391,5618.504399999976
526876.393,22422.098000000056
526885.3243,0
527024.6147,7665.119000000064
527705.0797,0
527789.2436,16662.51020000002
527858.7843,10783.774100000039
527953.4748,5002.453299999936
527965.0137,14473.22080000001
528516.2085,3358.7017999999225
528649.8564,0
528667.0223,27977.87029999995
528675.5305,12053.501300000004
528901.5852,0
529003.4655,0
529464.4682,5720.880999999994
529468.6374,0
530094.8094,0
530276.1351,0
530482.3881,13360.425999999978
530815.9223,11436.148424999963
530925.9831,4971.618499999982
531019.1481,17066.223100000003
531019.4179,17727.308699999994
531108.7556,5948.4393000000855
531183.5288,13747.43319999997
531220.657,6048.1885000000475
531365.9843,3932.9958000000333
531751.629,7624.304599999916
532177.4878,0
532511.1922,0
532730.5733,12731.449700000056
532881.1663,0
533008.4803,6769.422100000083
533057.3217,15709.516799999983
533368.1315,10242.934800000046
533894.0507,8368.061699999962
533958.8679,10313.853799999924
534073.229,7398.697200000053
534337.0144,5793.51529999997
534664.5725,8489.747700000065
534693.9717999999,0
534956.014,8309.79310000001
535137.6322,10465.817559999996
535748.3752,0
535891.012,8312.188100000028
536161.5187,17484.375700000033
536233.7602,0
536320.3258,15226.9718
536692.8255,18359.220300000045
536844.7128,6382.464700000011
536925.7394,0
537103.8209,0
537512.9743,0
537530.9755,0
537577.8532,16888.721699999995
537682.9081,14042.28389999998
537853.5372,46917.88740000001
538029.8189,13136.75589999999
538119.2332,13275.298900000053
538182.7728,0
538227.1413,7246.917699999991
538270.827,19522.922300000035
538317.958,8947.451299999957
538407.72,10773.24040000001
538522.8076,29001.163099999947
538590.2283,8770.249899999937
538745.8667,9693.00840000005
538990.1905,15240.855300000054
539056.5503,8977.635099999956
539084.4039,9945.032400000026
539150.7987,0
539290.5046,14092.5233
539397.4549,11084.769500000053
539759.8088,27221.982000000018
539776.0604,0
539778.3777,11075.89439999999
539807.1477,8343.992499999935
540354.3161,7336.284700000077
541040.7892,21159.3762
541158.4048,7414.818399999989
541222.9892,7705.48179999995
541500.5708,9191.770200000028
541591.0783,9550.28740000003
541881.5705,13837.659500000067
542794.3104,12277.223299999954
542808.1334,11633.936500000069
542840.2938,328.5559999999823
542849.7184,0
542960.6523,15137.029899999965
542987.7314,19924.49980000005
543180.254,0
543258.5655,0
543391.644,0
543505.9424,12097.533000000054
543961.2919,727.8784999999916
544332.0086,21410.80899999995
544609.9599,20518.296499999997
544744.609,19361.871700000018
544792.1176,21665.354500000016
544870.4501,18194.365500000073
544933.9845,7736.41399999999
545043.3293,7666.497300000046
545243.057,8242.555999999982
545250.4591,13997.3983
545364.3085,15224.193800000008
545389.5225,9093.69319999998
545482.8097,11788.55660000001
545813.7305,11290.047999999952
546043.9419,35564.05099999998
546771.3841,0
546792.1966,8959.589700000011
546798.7189,32978.23682499997
547139.8894,8893.388400000054
547156.4761,16092.720399999991
547187.972,0
547229.9719,8880.530299999984
547629.7892,11893.11540000001
547797.2734,0
547819.7479,12448.792000000016
547976.3928,9788.482500000042
548103.3379,27632.42180000001
548265.1152,22658.519820000045
549333.0281,21680.06640000001
549402.2494,8829.512499999953
549519.2219,7161.459999999963
549747.2789,14331.166399999987
549876.4903,10935.155499999877
550426.2236,12451.322400000063
550605.8944,0
550680.8701,15954.888699999894
550726.926,14896.758599999943
551005.7736,0
551061.4539,0
551232.226,765.0265999999829
551357.252,17985.511500000022
551996.6863,10642.990399999893
552281.9972,0
552469.4008,10641.450799999991
552688.6689,9759.87950000004
552992.1034,18008.395200000028
552992.3231,18480.06360000011
553305.4625,4736.98900000006
553762.6531,14447.773099999991
554049.6194,14656.793899999931
554521.8998,27373.413200000068
554614.5286,22994.449199999915
554690.8704,10840.52529999998
554719.8818,0
555171.4205,10542.358299999963
555222.2436,12157.624100000015
555298.049,8379.460100000026
555477.7426,24173.590199999977
555564.9441,14944.008199999924
555651.1117,0
556135.5732,284.23609999998007
556454.7684,14491.90559999994
556485.2282,22140.66440000001
556992.742,32551.71880000003
557335.525,0
557639.0103,8997.773599999957
557693.813,0
557831.962,12091.2043000001
558072.6677,14717.925200000056
558264.7963,10212.178900000057
558303.3026,0
558418.7633,12865.424499999965
558474.2669,15561.000700000091
558673.5887,0
558858.1994,15812.868200000026
558931.0223,3529.2215999999316
558936.4557,19385.479100000113
559523.8609,14165.277999999933
559621.8303,16167.010400000028
559640.2425,12536.363699999987
559939.464,20774.252399999998
559987.8365,13869.670999999973
560125.3209,16286.593700000085
560191.9658,916.6885000000475
560272.1815,22900.17709999997
560327.0507,27402.259100000025
560434.1437,0
560878.6438,18944.76529999997
560897.6193,28704.83620000002
561112.1596,9588.361999999965
561121.8669,15501.228499999968
561422.4696,0
561471.7707,11518.22080000001
561656.2866,5336.361200000043
561668.1962,0
561758.5267,12475.239219999989
561972.2798,13118.004599999986
562139.8396,5352.636300000013
562214.1815,23815.631399999955
562370.9491,19624.871199999936
562534.6882,24791.462100000004
562655.2956,20863.11560000002
562864.8234,16613.90870000003
563082.2687,24093.347266666708
563439.0424,0
563474.8127,17559.439899999998
563671.8843,11503.110500000068
563774.8315,15356.96490000002
563807.0137,10865.805900000036
564097.8164,11921.025699999998
564355.8799,12741.849100000109
564477.3077,32299.371599999955
564809.7351,12159.825700000045
564894.4052,17354.24310000008
564999.2378,16606.16830000002
565045.0935,22113.120200000005
565070.1829,13497.602599999984
565351.3977,32223.03689999995
565390.9492,26405.54760000005
565433.4596,17675.499799999874
565511.3061,13746.280600000056
565568.7365,12622.151199999964
565684.8512,0
565968.7564,22738.831099999952
566058.0087,0
566113.1916,11388.75450000004
566126.2546,27451.45909999998
566386.0409,15188.35580000002
566663.4999,11889.187900000019
567002.7058,0
567149.149,36507.476799999946
567158.3062,12588.865800000029
567224.0134,0
567349.3211,14180.79310000001
567349.632,21731.35340000002
567732.5296,12882.667099999962
567902.3967,13538.430999999982
568030.2884,9965.107299999916
568464.678,15097.244699999923
568497.1203,18174.626099999994
568769.2191,13944.286800000002
568876.7672,16473.488499999978
568882.6526,9521.409100000048
569319.9258,0
569337.7529,0
569492.8074,35695.20010000002
569715.4933,0
569822.9482,20206.8223
569844.1802,16213.811499999953
569850.7509,13998.339799999958
569869.0374,12996.417600000044
569954.5463,9860.253000000026
570313.0358,21260.747600000002
570399.4626,0
570483.443,4575.123900000006
570614.875,11899.667216666625
570811.9284,10459.254899999942
570873.3818,13963.306899999967
570920.4801,21321.26640000008
570997.2122,19019.485199999996
571069.201,11717.819600000046
571096.5156,14610.439600000042
571289.7119,0
571645.6821,0
571646.4459,10993.386500000022
571710.4631,28608.353100000066
571834.9201,12133.184299999964
572255.1074,11957.554200000013
572630.5473,0
572742.1173,8658.395200000028
572828.5229,17515.255799999926
573396.664,19315.654499999946
573498.9625,13744.114399999962
573531.6028,28388.550999999978
573591.0612,0
573640.9214,8883.435100000002
573642.6259,24264.699999999953
573656.51,13240.371599999955
573690.1711,0
573769.6108,35410.780299999984
574054.4932,13270.256200000062
574332.885,13412.199499999988
574513.2868,12492.23860000004
574632.3648,7851.013099999982
574673.1119,8963.054000000004
574723.9057,15208.156300000031
575030.9103,22171.062799999956
575218.4486,20947.643500000006
575632.519,16309.73019999999
575797.2764,6456.41129999992
575805.7224,13617.072999999975
575810.7044,8371.829200000037
576062.6286,23590.347200000077
576282.1603,4674.865899999975
576508.6374,0
576705.8296,7699.04150000005
576798.4302,12811.274600000004
576884.6394,3741.027999999933
576917.5088,21066.181799999904
576998.4571,10308.2267
577125.507,0
577207.4068,24903.601200000034
577304.4695,10241.122899999958
577514.0769,0
577812.1803,8840.248499999987
577936.1837,5670.954000000027
577965.3884,33779.215800000005
578054.5033,13849.778799999971
578395.2644,11528.359399999958
578755.5138,28083.74650000001
578867.1889,34717.96979999996
578893.1103,5277.237899999949
579015.8942,7070.031699999934
579090.4839,20382.922499999986
579120.1844,19236.144300000044
579337.2874,6775.855800000019
579700.643,4343.013299999991
580036.3774,6373.738099999959
580205.0659,3571.4901000000536
580302.07,15857.591399999917
580325.8154,0
580717.5159,5506.035200000042
580813.4815,3027.20140000002
580950.4187,3641.5657000000356
580952.1592,14460.991299999994
581225.6952,15542.018299999996
581296.3436,13194.067800000077
581328.7863,12142.33480000007
582082.1592999999,0
582292.7794,3726.4250000000466
582330.0731,11940.584900000016
582449.3352,14707.856000000029
582774.1251,3513.593399999896
582848.1336000001,0
583322.357,31052.149299999932
583564.1164,23960.26700000011
583719.7061,9355.556999999913
583880.8691,6587.777000000002
583898.5942,4756.618300000089
584065.5324,29164.055700000026
584081.0292,3998.0250000000233
584205.1843,0
584243.5742,2769.5487999999896
584260.685,12401.81970000011
584488.8467,29807.469599999953
584827.4456,2585.384399999981
585003.7007,2349.0160000000615
585081.0924,7540.711499999976
585460.2432,3802.9176000000443
585918.312,0
586248.031,16782.56660000002
586324.6964,24836.34759999998
586628.7688,4244.643399999943
587036.0294,3996.9825999999885
587225.5535,4083.646999999997
587248.0188,0
587417.1283,4754.5196
587436.8945,5563.977500000037
587471.412,8888.393099999987
587503.0927,17157.50780000002
587618.9121,8777.724500000011
587879.6118,4603.640999999945
588120.5362,0
588216.9506,0
588268.852,19754.395900000003
588274.3536,5491.165800000075
588294.9844,3745.1629999999423
589083.665,3192.3721999999834
589233.7718,6113.496000000043
589360.9816,5081.279500000062
589676.1031,3513.1070999999065
589738.7305,0
589758.5196,5284.834400000051
589774.5201,9149.393599999952
590081.0228,9053.51270000008
590216.0442,30391.841800000053
590225.0381,0
590434.667,20082.215399999986
590829.3287,5232.946799999918
590846.1055,5576.231899999897
591077.7628,35439.31350000005
591160.0215,5540.638600000064
591358.5377,11004.830199999968
591455.65,4359.966100000078
591519.4208,20495.122399999993
591639.1395,25301.029100000043
591717.9283,2639.0559000000358
591780.6527,0
592218.999,0
592235.0756,14813.720099999919
592515.9265,4248.675599999959
592523.9369,13343.65949999995
592714.2812,0
592774.6744,13186.215399999986
592862.7693,2070.379900000058
593420.2591,6647.6885000000475
593461.3189,13388.030279999948
593483.987,3826.6280999999726
593667.5938,10326.859999999986
593723.0828333333,0
594010.4494,2733.6040000000503
594173.3341,33107.510499999975
594267.26445,0
594409.2216,4037.660499999998
594489.5732,5848.654499999946
594507.8072,11329.755500000087
594744.1843,3533.9971999999834
594885.9147,8319.565300000017
595031.1122,17771.97080000001
595099.7025,0
595241.3955,12111.425300000003
595287.2669,3246.1110000000335
595454.0321,0
595457.4074,3031.829860000056
595779.4082,0
595934.3327,18949.963400000008
596028.3311,37933.920399999944
596251.4744,0
596695.1901,0
596924.5282,8570.068999999901
596953.4095,18167.329499999993
597252.3499,44870.90690000006
597423.7011,2806.120799999917
597440.8638,24237.69510000001
597680.3053,8787.481400000048
597812.9612,5280.506599999964
597941.0817,2506.5823999999557
598003.5672,0
598467.5085,5952.628599999938
598504.6137,16542.552999999956
598677.9704,20543.707399999956
599020.6786,0
599213.9172,10759.894700000063
599538.9235,3542.902500000084
599615.6634,15538.590599999996
599770.5251,0
599864.6814,0
600099.8306,9973.054699999979
600196.7355,8108.261799999978
600301.28,10507.019300000044
600655.4616,10740.889800000004
600817.7104,6795.047999999952
600968.2576,25387.063500000047
600978.9419,5136.5296999999555
601180.993,0
601288.0046,4088.8268999999855
601546.5399,0
601575.5685,50918.035700000124
601650.2063,7783.349899999914
601810.7759,7255.865080000018
601958.8051,0
602061.7645,0
602074.6619,55047.221299999976
602176.0445,5956.014899999951
602427.5242,46948.066899999976
602590.0106,4219.839200000046
602734.594,0
602905.1593,12176.671300000045
603199.6617,4355.768600000069
603412.8036,4837.555900000036
603503.7283,0
603610.8938,6829.470299999928
603649.8199,0
603773.236,0
604402.6487,9252.617199999979
604746.2033,5591.816300000064
604769.7071,8803.191499999957
604836.8739,11691.09970000002
604941.2516,16908.816299999948
604958.7298,0
604984.5349,8823.338499999954
605047.2811,12714.705199999968
605071.0635,6597.235900000087
605240.208,6424.014300000039
605482.6501,6986.876799999969
605600.1927,15617.290099999984
605668.74,5677.3728999999585
605809.3346,34129.820499999914
605834.895,3420.627300000051
606057.3886,0
606694.3685,4110.726200000034
606747.1872,7472.109400000074
606774.9645,8223.358499999973
606882.8894,0
607156.2335,15839.206099999952
607225.1725,13277.087999999989
607229.3083,0
607286.3792,11699.728699999978
607530.9792,21166.987149999943
607641.435,14669.18200000003
607824.3803,5219.898799999966
607850.0687,10234.06509999989
607931.4604,22278.619199999957
607946.7514,6534.568499999936
607968.7995,7815.696899999981
608129.4555,18349.924800000037
608200.2418,0
608230.7024,0
608296.7168,13373.447100000107
608407.9003,0
609054.8834,14442.51410000003
609069.3332,8929.514800000004
609070.2526,12081.685000000056
609085.7207,12389.019899999956
609148.1701,15436.568599999999
609185.3258,18295.43160000001
609276.9464,0
609761.372,941.9015999999829
609889.4044,3823.3983000000007
609890.2999,8106.16399999999
610074.7474,12050.23450000002
610151.083,5799.200399999972
610309.9131,0
610498.824,7204.482000000076
610721.3001,14118.426199999987
610793.241,5295.849999999977
611035.3223,2265.779899999965
611236.378,8262.174899999984
611240.8689,7693.493400000036
611343.7761,0
611480.7458,15127.81229999999
611630.3071,10637.688499999931
612030.7891,7773.7809000000125
612668.0758,4949.899199999985
612693.5327,1594.0672999999952
612730.2975,6347.682399999932
612805.4347,5788.212199999951
613053.4374,8241.840700000059
613376.7115,13137.743999999948
613407.232,7486.050300000003
613513.2702,10796.962300000014
613643.8318,14004.592900000047
613832.5672,7456.386400000076
614085.5619,19742.401599999983
614240.9229,7510.068300000043
614538.8851,14972.462699999916
614611.4397,6397.361700000009
614749.3594,6333.558099999907
615057.3344,7388.341200000024
615066.3948,6319.827399999951
615580.3204,12836.749299999909
615615.9125,10809.052399999928
615704.1294,14304.282299999963
615943.2195,12930.442700000014
616256.6428,5531.338300000061
616764.3644,13261.342499999912
616863.3061,5470.781500000041
616880.7208,9228.249500000034
617021.2427,7505.912299999967
617111.2037,10325.525900000008
617143.73,23252.049699999974
617361.9662,14966.29170000006
617453.5613,30480.59129999997
617686.2749,22594.935699999915
617805.4335,15188.429899999988
618194.7809,7089.272600000026
618508.4034,17709.641399999964
618510.8063,14507.852200000081
618713.5602,9431.051699999953
618804.5479,7299.935300000012
618823.5219,20879.802300000098
619316.9785,8399.642200000002
619328.9158,10297.838099999935
619342.4189,6165.5466000000015
619385.3776,15668.861200000043
619478.8583,6713.000400000019
619543.3744,11830.994599999976
620340.822,9394.398800000083
620502.8774,8108.871500000008
620508.5485,8902.628000000026
620594.9793,9337.910900000017
620993.939,0
621208.5638,16442.123999999953
621243.6192,7051.580299999914
621272.541,6660.854999999981
621493.247,6162.595099999919
621705.9529,13229.868800000055
621802.4739,20438.098699999973
622144.5572,15947.99410000001
622176.8303,7558.043700000038
622197.0176,24032.79560000007
622329.7182,12988.597900000052
622366.4363,10763.194699999993
622529.5664,11545.711299999966
622599.8604,7263.159400000004
622717.7797,8512.396299999906
623130.349,6402.392400000012
623153.9974,9040.573399999994
623159.845,8052.4974999999395
623172.1657,10129.846099999966
623594.9775,6306.800999999978
623705.5919,14512.579200000037
623819.4763,9571.896699999925
623974.3005,8921.01370000001
624314.0071,15978.924800000037
624345.6974,7394.876099999994
624398.0023,31400.397900000098
624600.8479,15846.815300000017
624739.0825,8401.013600000064
624745.2653,14496.001300000004
624891.9554,8900.225499999942
624996.2491,13875.404699999955
625000.2989,16260.93220000004
625031.6091,11243.016199999955
625033.405,12163.221900000004
625051.8088,8978.143399999943
625343.4238,10875.927099999972
626069.5977,6035.523600000073
626246.0688,10272.093800000031
626254.6835,12259.719700000016
626334.8118,8339.801600000006
626357.6487,9253.850199999986
626421.8827,7916.844999999972
626768.7476,11893.16630000004
626797.4886,6309.3293000000995
626851.5249,11510.456999999937
627258.6438,9609.186299999943
627314.9512,11595.65419999999
627396.7477,11653.94889999996
628150.5164,26345.512499999953
628177.3676,13396.746200000052
628182.1417,16996.88340000005
628242.1363,10869.46490000002
628286.1849,16263.020099999965
628472.3429,7821.04170000006
628478.2863,5168.444100000081
629070.854,10763.706800000044
629166.5934,8416.10129999998
629171.4664,7779.167699999991
629309.5313,10476.631300000008
629370.1782,12769.97239999997
629623.3435,10831.037999999942
629637.0356,5642.367799999891
629683.1286,10938.532700000098
629841.2679,5954.982599999988
629855.8402,8427.084799999953
630073.3475,6243.815700000036
630230.884,8767.237399999984
630954.3435,15179.84149999998
631080.0865,15722.253599999938
631114.5598,6741.309400000027
631273.7478,17117.094500000007
631825.4415,9329.978799999924
632289.0979,7522.380700000096
632430.9148,8202.214299999992
632758.779,12329.918500000029
632790.7533,11515.73589999997
632837.8531,14347.696399999899
633179.7855,14239.039600000018
633298.1988,5067.863000000012
633314.3353,17488.57090000005
633319.7619,7644.019700000063
633444.9868,10238.230499999947
633667.7894,6885.290200000047
633797.7648,9915.243000000017
633813.3912,8380.71009999991
633884.1341,14289.114700000035
634401.6088,13873.351900000009
634428.7008,5334.275400000042
634608.9002,5934.123200000031
634933.6831,5872.840800000005
635265.9808,14362.936899999972
635281.4872,23768.41129999992
635803.0206,6183.869400000083
636031.0708,8753.01980000001
636041.4435,11467.91650000005
636455.3687,7281.442099999986
636619.8089,15717.549499999965
636805.7784,9882.706199999899
636824.5689,21877.01179999998
637037.7962,15251.060999999987
637083.8635,11906.230299999937
637122.8006,3699.0375999999233
637794.9582,9507.410900000017
638025.995,17174.67980000004
638088.6525,4478.489699999918
638308.5971,12454.381900000037
638564.9689,10529.041899999953
638570.2172,16630.8679999999
638666.2714,31606.010099999956
638732.5982,5855.781500000041
638832.0213,810.063199999975
639003.8479,4802.432800000068
639033.8943,15064.43630000006
639494.1693,21645.55779999995
639576.7309,15163.682199999923
639743.8099,27756.635899999994
640374.902,17544.546399999992
640404.9885,15603.53649999993
640405.2376999999,0
640713.112,20349.459799999953
640719.4873,19487.757300000056
640895.5265,1608.0883000000613
641100.4973,7782.627800000017
641354.9575,21430.620400000014
641702.9991,16866.46880000003
641865.968,15183.531300000031
642158.0124,22860.040000000037
642165.1638,0
642359.3265,21500.569299999974
643735.5826,6013.5929999999935
643742.7801,6958.461999999941
643743.5201,6646.326599999913
643743.7896,20317.59070000006
643906.6513,39111.8186
643991.3838,0
643992.6572,0
644544.8198,13787.660100000096
644585.6444,12443.532899999991
644754.5183,7219.3111999999965
645144.9399,5928.891199999955
645681.822,72.6877000000095
645964.3875,6492.38599999994
646067.1692,28015.34970000002
646192.8882,9449.431500000064
646256.37178,0
646270.6998,26184.779099999927
646296.339,0
646387.4324,16604.470200000098
646451.1756,10229.684200000018
646530.6578,12405.403400000068
646737.6466,8513.338299999945
646739.7008,13792.287699999986
646741.3298,5475.177099999972
646763.9778,11204.331499999971
647154.9174,0
647351.542,7818.067200000049
647753.5619,23049.377600000007
647765.3121,7957.947599999956
647975.3967,14454.119600000093
648100.3107,4839.444499999983
648202.0903,16989.27289999998
648392.6198,7395.677099999972
648430.7129,7892.503700000001
648496.4353,7690.338699999964
648539.2752,7902.8438000000315
648586.8986,6985.33899999992
648609.8473,12477.12750000006
649030.8369,16707.927200000035
649294.2448,6675.787499999977
649357.3625,14033.80170000007
649525.2262,6554.477400000091
649553.0321,4918.255099999951
649667.1919,17361.614100000006
649822.0562333333,0
649846.3466,7089.8918000000995
649851.9365,6904.898099999991
649974.2549,7389.26800000004
650109.5249,9715.068499999936
650112.2556,6218.1402000000235
650195.6905,25933.245400000014
650197.968,5928.054600000032
650430.4059,5222.21100000001
650477.725,6083.840399999986
650598.4511,0
650946.1007,30442.40789999999
650974.5184,7492.64599999995
651047.8686,0
651063.2414,6520.023200000054
651173.4353,4368.410299999989
651247.2104,18288.48999999999
651325.3552,4372.621199999936
651349.4301,17056.278700000024
651704.2039,26320.52119999996
651719.766,5812.668699999922
651747.597,4358.787799999933
651906.0137,13320.779499999946
651928.6409,17657.674800000037
652066.7761,6633.618400000036
652196.5118,0
652258.1368,2078.344700000016
652629.93,5434.58480000007
652672.8622,30858.47399999993
653134.5274,15901.418900000048
653327.6299,3553.707000000053
653332.3009,0
653566.3861,15265.480620000046
653750.4798,3492.77649999992
653769.7775,5814.784499999951
653825.894,23723.937599999947
654215.0199,26471.348200000008
654357.6254,19491.026500000036
654571.3903,5801.682299999986
654992.3512,20569.615899999975
655147.8786,8773.753200000036
655238.6872,119.96860000002198
655616.3712,4184.259100000025
655746.3237,3924.1100999999326
655865.0157,6075.878600000055
656218.7764,0
656348.0864,0
656414.6742,4755.1777
656459.3369,24218.212300000014
656494.0072,4338.011100000003
657189.8624,5226.988999999943
657446.7733,9192.768999999971
657639.7935,5221.521999999997
657712.494,17348.766999999993
657842.8229,7244.95570000005
657875.5316,23821.157400000026
657983.2936,7312.396299999906
658033.804,8147.30130000005
658106.6811,9923.494200000074
658218.0445,9381.459499999997
658223.9741,5119.433300000033
658267.5502,11162.3652
658523.6251,17859.707999999984
658809.1782,32375.108299999963
658945.7021,25615.985199999996
658954.7469,11279.04130000004
658960.762,19581.94669999997
659276.9773,6820.587400000077
659501.7656,21906.293600000092
659516.9939,5446.558799999999
659758.9852,8972.112360000028
659805.3581,20262.976199999917
660081.7662,6338.512699999963
660187.7876,14919.890200000023
660205.2566,6300.663399999961
660387.5833,1710.8176000000676
660444.6176,5433.727933333372
660458.5802,18261.17889999994
660505.3062,39903.32679999992
660529.0875,7421.481000000029
660581.1043,2168.5337999999756
660639.5408,6928.124899999937
660862.3277,5392.015800000052
661058.7086,6904.61930000002
661620.3595,1122.799100000062
661782.458,28227.682599999942
661941.874,8297.038399999961
662887.8775,23807.281299999915
663048.0919,20576.54310000001
663205.4926,7344.5311999999685
663373.1412,9548.598299999954
663387.2754,21870.271200000076
663472.1866,18392.921199999982
663637.2161,7102.424699999974
663665.9011,6148.014100000029
663737.885,14948.48199999996
663761.1793,3362.855099999928
663922.1768,1451.984300000011
664279.5193,10743.064000000013
664443.0453,6703.9361999999965
664605.1634,40114.54649999994
664627.091,12592.317299999995
665006.0141,6295.741900000023
665196.7712,8572.344099999988
665244.1907,1107.1025000000373
665777.5203,15005.782000000007
665850.3949,7803.038699999917
665868.0388,16698.138099999982
666180.5562,4859.139899999951
666501.9484,16266.87069999997
666747.2599,14636.346199999913
667002.8975,7860.953600000008
667362.175,21502.11260000011
667509.5929,14304.569900000002
668041.6984,9505.386000000057
668095.8279,9076.15690000006
668297.3947,7943.96949999989
668306.6283,8330.52529999998
668367.3625,13666.3554
668875.4681,6307.924500000081
668885.9623,15785.422600000049
668887.1898,11778.327000000048
669067.0308,13102.707599999965
669160.7925,15061.229139999952
669568.6805,23313.88829999999
669642.1228,0
669818.0392,8930.968899999978
669996.1592,30183.035999999964
670370.5281,10439.477399999974
670532.2492,14411.717799999984
670605.2871,13493.596399999922
670632.0897,8511.985699999961
670679.3985,12638.37089999998
670702.1645,13159.853200000012
670942.937,18887.079800000065
671138.9631,28432.474400000065
671230.8478,12347.714599999948
671651.3723,27718.731100000092
671673.1198,12176.601200000034
672139.102,8615.110199999996
672440.413,17080.566999999923
672450.6393,8319.391700000037
672603.8828,5086.34990000003
672658.7524,6604.630999999936
672739.9367,6130.47379999992
672743.8623,6613.239500000025
672846.009,18508.706399999908
672981.3071,7850.859199999948
673065.2663,10975.823600000003
673210.4552,4164.188499999931
673364.2496,4420.90989999997
673521.314,18344.72140000004
673559.8562,7386.279900000081
673705.6383,17962.75390000001
674312.9458,26892.392899999977
674517.6934,21124.90870000003
674687.5204,31209.44020000007
674842.9175,4141.200100000016
674972.1897,8241.825399999972
675037.8944,15502.480300000054
675313.5235,44382.81539999996
675367.8744,11061.719500000007
675440.0564,6608.302400000044
675638.0034,12865.781500000041
675667.9019,4384.259400000097
675793.1287,8778.493299999973
675934.7673,3938.208400000003
676071.2852,8831.359400000074
676132.4576,20092.330399999977
676164.2246,26839.48339999991
676331.9427,12176.124100000015
676358.685,19434.42610000004
676390.821,17556.933100000024
676472.0423,37854.30940000003
676590.3272,5592.46370000008
676748.9376,13876.14439999999
676888.2571,6089.639100000029
676915.2639,21037.504799999995
676977.9857,3926.8732999999775
676998.7101,6211.0429
677086.3779,5005.354199999943
677132.8119,6179.862199999974
677302.224,0
677551.7388,5117.033400000073
677597.5242,5450.233799999929
677666.511,15882.181300000055
677879.5454,6200.3742999999085
677906.7141,2559.0137000000104
677907.3667,4506.314899999998
678057.5577,4430.596099999966
678134.7578,9995.824400000041
678449.5164,17908.43299999996
678475.2314,10785.325100000016
678509.3695,22300.86109999998
678594.4018,3384.8723000000464
678700.5979,8493.728500000085
678928.5127,9644.985599999898
678976.5838,5222.0482000000775
679073.5033,26346.870799999917
679090.0451,5593.488000000012
679213.3278,3408.2193999999436
679371.503,18031.69020000007
679503.9655,5823.954000000027
679595.0717,3792.9076999999816
679918.4055,8591.36360000004
679960.8385,6758.619799999986
680039.0117,4184.68424000009
680339.0666,9866.305999999982
680751.1904,18830.750099999947
680854.3302,4718.398899999913
681617.6343,7252.859600000083
681687.0175,4802.392799999914
681727.2053,3527.9699000000255
681756.1869,10966.38459999999
682080.9942,4736.925799999968
682375.3652,19397.19955999998
682502.8794,19272.04039999994
682674.7068,10503.589600000065
682799.7234,5975.669699999969
683002.7747,6806.8679999999
683234.5056,8357.05859999999
683253.5796,27825.593600000022
683302.8965,9575.521100000013
683303.5629,23896.62150000001
683576.0983,6198.146499999915
683698.6229,8313.751699999906
683702.7096,2531.1104999999516
683856.663,4190.389799999888
684545.959,3855.6099000000395
684677.5679,13729.038100000005
685244.247,31981.508299999987
685261.3916,15145.99589999998
685307.1966,16474.47330000007
685410.1688,7388.228899999987
685435.7166,5208.570020000101
685440.7981,5399.931700000074
685466.1511,9467.054699999979
685579.4731,7215.730399999884
685597.085,4628.141499999911
685701.9927,16191.592099999893
685729.2216,3973.8383000000613
685756.9293,8049.34859999991
685998.6865,1510.314299999969
686061.3959,13455.305960000027
686180.1909,5297.485900000087
686186.3523,10389.094900000026
686192.0431,2048.5437000000384
686370.6277,14294.95439999993
686513.764,4470.837100000004
686654.2435,5683.166699999943
686713.0495,1495.2523999999976
686720.6358,3203.855700000073
686957.4844,4075.8773999999976
686998.8078,11479.53239999991
687153.4285,3482.091800000053
687277.4581,17565.0919
687521.3831,7613.857300000032
687571.7116,15772.729800000088
687672.5043,3652.1195999999763
687855.5334,2108.820399999968
687995.9028,11878.415700000012
688556.5242,12798.973400000017
688592.2287,4621.41240000003
688713.1167,4509.690999999992
688720.3658,10610.7794
688726.5549,4168.275400000042
688777.2174,3347.7227999999886
689004.7828,4002.7298000000883
689046.3618,1895.5583999999799
689198.5236,8717.773199999938
689635.6265,3678.074900000007
689674.7483,4219.236799999955
689847.5543,6220.797499999986
690012.4118,5079.075199999963
690208.6106,4131.061400000006
690777.2222,13232.626500000013
690854.5458,1768.8036999999313
690858.6301,1988.3798999999417
690860.6865,10398.756799999974
691090.5299,3870.0831999999937
691275.496,12764.563900000066
691406.1349,3475.6977999999654
692015.9823,2999.063700000057
692131.4353,1802.654700000072
692225.9102,1577.5131000000983
692313.0359,15520.360700000077
692567.1123,3812.669899999979
693312.1038,2135.4685000000754
693318.5006,2640.7484000000404
693761.5576,12327.406699999934
693978.34,1909.0403999999398
693982.5081,15362.080100000021
694036.7517,1603.7510000000475
694202.4231,15219.00589999999
694360.6409,3562.261700000032
694557.1062,17227.72980000009
694897.6024,4534.7071
694910.89,7295.0485000000335
695044.9772,17032.642999999924
695748.8176,16426.780899999896
695854.0883,16866.865399999893
695861.4921,3395.800200000056
696124.8459,5589.625399999903
696329.5993,12307.836899999995
696413.2505,1991.4793999999529
696479.9498,7455.236399999936
696543.6515,4504.100700000068
696591.5632,34805.890000000014
696720.5084,4164.995900000096
696760.6221,27706.302600000054
697165.2658,1484.1604999999981
697188.575,15156.15149999992
697487.0475,4756.487199999974
697501.5714,6957.811400000006
697542.7142,11454.49040000001
697649.3569,8876.425799999968
697741.2122,13089.113699999987
697969.3177,10775.87520000001
698482.4001,2278.8671999999788
698646.8131,2436.9945999999763
698800.0877,16384.3419
698922.9655,5773.671500000055
699048.4435,12841.499600000097
699418.648,2721.162000000011
699794.2133,16259.231199999922
699825.8118,5548.653799999971
700384.3389,4477.750299999956
700393.6629,4649.416699999943
700508.779,5754.861900000018
701121.0364,14284.655099999974
701594.0273,12376.063499999931
701683.9406,29509.027299999958
701685.7491,16911.23609999998
702165.4508,8610.463800000027
702335.4838,13303.664800000028
702552.473,8029.63049999997
702605.1257,7639.8425999999745
702744.8674,13795.298999999999
702750.0188,7521.288399999961
703168.9414,15603.88710000005
703251.2496,34291.44880000001
703447.6972,10875.52350000001
703548.0845,8585.2733
703632.7508,21761.837400000077
703771.9584,19337.799899999984
703822.5779,6071.215000000084
703824.0573,10476.060100000002
703923.3878,6380.945300000021
703968.3378,6633.182099999976
704298.9908,10350.97470000002
704355.5298,9790.707999999984
704396.9364,12906.604900000035
705112.3397,0
705256.8212,12354.048300000024
705291.81,9599.497600000002
705446.9709,12558.033699999913
705488.9866,8796.625799999922
705832.1868,8308.898099999991
705866.7876,8106.522700000089
706404.7714,19734.03019999992
706426.5882,9699.493000000017
706460.8555,18608.40739999991
706529.8428,7310.230299999937
706645.3317,15226.881399999955
707381.5687,8147.10679999995
707448.0518,5092.659500000067
707536.8128,14954.216000000015
707687.8402,7441.502800000017
707913.3557,10209.553599999985
708284.3935,25086.388539999956
708398.527,12171.647099999944
708403.0527,4971.957500000019
708675.7824,15432.727199999965
708745.6368,11970.074499999988
708750.856,15539.945399999968
708841.445,15626.845199999982
708914.2506,13963.45980000007
709185.7953,13885.508599999943
709493.0905,6613.242600000114
709717.3755,9166.781499999925
709857.9359,15489.40510000009
710052.393,6562.799600000028
710070.4911,24166.907499999972
710250.6656,6065.716299999971
710378.2087,13293.501300000004
710548.1921,6984.184099999955
710736.8096,18363.90710000007
711052.5475,6549.5631000000285
711477.4698,7753.282399999909
712057.9473,7197.2974000000395
712492.3258,18173.31310000003
712665.9199,16151.225299999933
712989.1882,25256.217500000028
713167.9125,9630.844199999934
713472.2673,9963.443499999936
713540.736,7451.543999999994
713897.2199,16614.52190000005
713976.7647,8578.404500000062
714211.5829,12223.38710000005
714320.1346,8506.901899999939
714631.845,6096.977799999993
714637.825,9404.61910000001
714822.1092,12370.632999999914
714983.8775,13178.365899999975
715034.8466,18903.533600000083
715148.1946,7757.286500000046
715279.762,20895.055599999963
715280.448,7665.368000000017
715500.9325,11114.405400000047
716030.7939,5776.315500000026
716287.0801,29542.951500000083
716373.6319,8900.43729999999
716629.7453,7687.858200000017
716690.5225,8946.716000000015
716877.7521,19976.057100000093
716977.0879,6582.994600000093
717049.3253,10105.714600000065
717238.0588,12876.659600000014
717384.9709,12942.26919999998
717698.9638,21085.706800000044
717925.4913,19141.969399999944
718074.1645,22084.603399999905
718186.5936,31510.964600000065
718287.7718,12226.253099999973
718338.851,22698.012400000007
718368.5406,19840.874499999918
718452.6357,20280.606299999985
718503.1594,11660.387499999953
718574.7003,7835.550600000075
718622.519,14979.51734000002
719028.3362,9894.440900000045
719127.7262,18766.032000000007
719160.2852,6071.629500000039
719242.0573,14099.609199999948
719651.7478,21955.108600000036
719666.8465,9672.036800000002
719715.6778,15763.006099999999
719771.7488,9219.400599999935
719794.3789,10328.651399999973
719851.5493,6670.532399999909
719933.1819,13555.28999999992
720061.1554,14972.678799999994
720524.0291,0
720528.1483,8759.888000000035
720574.0551,9229.805199999944
720792.3819,7941.0635000000475
721368.8894,4154.976599999936
721374.5099,17049.861399999936
721421.9106,18872.482099999906
721513.4274,10926.857500000042
721605.1551,16808.852799999993
721629.0791,14366.249499999918
722110.6107,8980.456499999971
722438.6604,9015.420000000042
722529.8844,7981.557399999932
722641.6256,12824.678399999975
723097.8779,9483.471099999966
723146.6753,40974.58310000005
723299.7107,5897.421200000099
723450.6838,12684.187900000019
723647.3068,11699.362599999993
723947.6302,7600.151300000027
724359.2172,21141.023699999903
724527.7387,20963.52859999996
724725.3008,14662.029999999912
725274.1832,15232.397200000007
725330.7946,13704.950700000045
725519.0654,8219.437999999966
725528.5677,9574.048500000034
725952.4292,13343.405900000012
726065.5551,0
726362.4912,12255.31640000001
726385.9161,9244.277699999977
726406.4169,22240.3983
726447.1049,16991.56310000003
726537.8621,14787.197900000028
726903.2613,7015.707400000072
726939.5634,9215.634300000034
727222.7119,8073.810300000012
727261.4515,8544.925300000003
727355.7871,3562.751799999969
727442.4935,23469.437999999966
727521.7918,10828.7169
727533.7985,8104.781399999978
727574.0744,7641.212100000004
727859.6413,13037.582700000028
728009.6539,1971.5591000000713
728047.2111,9375.965699999942
728144.5267,15343.591100000078
728199.5089,23063.501200000057
728577.7275,7435.521200000076
728820.5225,2964.712999999989
729052.2911,7670.607333333348
729328.7377,18754.51840000006
729505.6052,9240.68180000002
729513.5186,7317.332999999984
730304.9714,13037.712000000058
730378.6403,1914.5076999999583
730752.8754,14894.87910000002
731304.3558,9501.576699999976
731375.7806,13836.211700000102
731378.9769,17034.360600000015
731418.6839,6521.5295999998925
731426.0799,17539.842200000072
731550.382,9812.661699999939
731594.5094,6146.59600000002
731760.2472,9977.699799999944
731921.5954,20393.501900000032
732186.9739,23920.591999999946
732337.2223,12839.045999999973
732477.4812,9690.987300000037
732518.9868,34554.2503999999
732568.6727,25713.981400000048
732777.9919,16425.068300000043
733215.4358,13755.19829999993
733216.4764,2088.6469000000507
733270.3428,26313.252800000017
733295.235,12770.16630000004
733325.9514,7022.568300000043
733330.9501,2222.248900000006
733610.2884,989.8977999999188
733725.0803,34651.02470000007
734023.088,380.8114999999525
734151.754,13802.837699999916
734237.7621,9534.698700000066
734274.1515,9894.142700000084
734367.9103,33605.28980000003
734404.0647,23853.45279999997
734521.46,1022.7585999999428
734801.9712,16808.358200000017
734868.0228,13253.768999999971
734889.9992,9763.1152
735527.6922,10051.184000000008
735563.7978,12352.633799999952
736057.2641,18721.509700000053
736406.8332,1559.8403999999864
736443.1769,12238.798099999898
736626.5930999999,0
737089.1466,20736.062799999956
737121.467,17029.97969999991
737199.1936,15344.32779999997
737901.8352,14340.723600000027
738047.8399,17105.622800000012
738276.263,17190.209299999988
738284.4651,25958.216300000087
738427.7222,10171.071699999971
738685.9203,22300.887899999972
738807.3074,19042.71160000004
738923.5997,11598.734000000055
739168.0024,11789.44889999996
739248.0367,28545.39855000004
739296.7116,13560.052800000063
739349.9082,21418.04059999995
739382.8048,9582.935600000084
739418.7821,12830.04953999992
739726.7742,19197.7169
740193.9297,11476.160299999989
740647.8148,6584.312600000063
740952.2207,18132.57489999989
740987.1042,24157.980999999912
741194.9697,11735.337900000042
741521.1731,1548.6979999999749
741532.6493,26280.51939999999
741746.007,14580.23589999997
742088.0061,26181.555399999954
742088.3685,21284.269299999927
742240.3286,17721.187599999947
742354.6963,13601.499299999909
742364.8937,16560.30070000002
742395.5997,13053.521100000013
742550.9737,0
742677.4647,12826.046500000055
742787.5164,19115.16319999995
743377.2039,11775.844999999972
743473.7502,18881.056300000055
743861.2039,13082.564200000023
744163.0831,0
744358.5244,13502.929800000042
744393.0146,13231.935999999987
744408.8294166666,0
744464.5924,15782.97609999997
744469.3287,13440.494499999913
744509.5806,12664.530999999959
744542.4818,0
744663.3124,19270.13870000001
744874.866,17361.06500000006
745181.665,844.266900000046
745198.7167,20448.295700000017
745429.8412,10252.083700000076
745538.1497,6896.080799999996
745715.866,38947.86200000008
745755.0167,13180.486200000043
745770.7007,29257.169800000032
745796.2264,13082.906600000104
745856.7739,10132.901500000036
745905.2854,22410.881500000018
746014.8177,12990.519100000034
746142.2192,12702.034600000014
746157.1528,33764.74580000003
746184.1647,8810.742299999925
746904.5866,23285.852399999974
747325.0255,13305.628400000045
747369.4319,10901.687399999937
747424.1082,18496.971600000048
747452.6444,14814.901599999983
747630.8158,19245.286300000036
747710.7627,9339.807799999951
747796.7751,0
747879.6262,0
747980.9521,17247.39789999998
748006.0979,12905.395200000028
748178.5931,10679.517700000084
748219.3282,11358.435100000002
748768.9262,27454.29760000005
748816.6692,0
749069.9396,23687.112500000047
749318.9906,10458.487800000003
749503.9605,10827.682499999995
749531.6844,13036.941500000074
749535.1716,28040.819299999974
749827.3257,0
749838.7907,13521.501300000004
749934.4746,6756.605199999991
749994.1024,26104.00760000001
750045.9429,6328.83070000005
750183.7198,27930.958199999994
750525.0489,21991.41810000001
750557.8837,9882.958899999969
751180.3155,14827.808700000052
751297.383,7179.4772400000365
751463.3464,15835.203199999989
751476.7517,28262.296199999982
751504.7827,12064.883999999962
751633.5696,23420.97100000002
751689.2241,6009.161399999983
751742.9291,15637.010239999974
751920.4257,25558.998099999968
752011.9986,23599.54150000005
752100.1578,8597.600600000005
752158.9491,12392.722100000014
752170.8837,23055.673100000015
752298.9221,0
752373.4901,0
752502.5031,11733.688599999994
752608.1476,0
752769.3404,5463.339399999939
752783.6724,7561.086699999985
752806.3349,8178.3223
753056.4523,14023.873299999977
753335.593,23266.042999999947
753918.5019,31192.040700000012
753991.2644,6319.230499999947
754207.1413,3292.8279999999795
754396.4376,17701.6939999999
754592.4096,44071.333199999994
754921.039,28810.744999999995
755150.8642,18092.935499999905
755365.2456,30572.39419999998
755425.7067,26916.490499999956
755446.1676,24307.111200000043
755578.6008,5745.554100000067
755736.4413,0
755832.2821,3252.975199999986
755997.6758,17439.00529999996
756008.2147,4630.081100000069
756084.2229,14460.488500000094
756106.171,20902.6875
756348.2079,10373.651500000036
756922.7127,38022.52179999999
757021.4381,9637.702300000004
757369.5448,0
757440.5639,9978.566599999904
757963.0907,24382.215099999914
758029.6658,7381.040700000012
758341.8149,21620.55090000003
758509.7085,4490.733000000007
758520.4585,6797.914099999936
758621.4488,0
759012.7587,14776.061499999953
759015.6831,5357.584200000041
759307.9722,19576.213699999964
759673.7283,12368.423999999999
759848.9095,4589.065399999963
759968.2021,15686.238099999959
760146.5863,4627.9529999999795
760178.7475,10561.888600000064
760236.3776,4075.8329000000376
760336.453,26367.400999999954
760577.8541,19815.91240000003
760630.2358,21056.146999999997
760631.5175,14546.440199999954
760805.7069,9168.355299999937
761092.6009,12115.197599999956
761138.8488,0
761223.3824,8589.830199999968
761234.7975,22169.982500000042
761265.5119,4187.681700000074
761441.5455,3819.724200000055
761605.2163,0
761767.9652,12701.76509999996
761857.1912,8393.11679999996
761882.1196,3438.869699999923
761905.5897,4410.037299999967
762164.6136,20465.773200000054
762200.0353,2722.749599999981
762647.4523,33747.36360000004
762669.1781,9603.10420000006
762671.0267,14626.053599999985
762758.3129,4603.814000000013
762876.1417,4711.072900000028
762925.2137,12908.925899999915
763217.3273,6179.618200000026
763734.8874,7771.854700000025
763890.6014,5509.69980000006
763971.7737,10071.73310000007
764143.368,38848.09640000004
764257.3811,5496.784300000058
764455.8446,12270.456499999971
764466.0476,17120.79930000007
764502.6701,10426.328199999989
764562.3055,33600.44350000005
764762.0471,0
764867.9705,9071.420100000105
765135.3557,5156.662999999942
765322.6663,0
765386.3077,0
765538.6887,7926.807299999986
765770.8264,0
765881.8634,0
766060.295,3781.578000000096
766332.7278,20752.59380000003
766389.6348,9149.479099999997
766549.6407,0
766566.9962,35381.69740000006
766869.0898,0
766930.9,8604.996600000071
767181.7779,0
767231.8369,11460.8419
767345.1481,5523.524699999951
767483.5624,8152.779200000106
767520.0605,4058.592200000072
767639.4997,0
767681.1208,7839.697400000063
767951.7221,4452.990899999975
768235.7001,0
768346.3364166666,0
768535.5497,0
768598.8051,11873.328883333365
768887.23,6890.741099999985
768988.1463,5609.051700000069
769079.6118,10610.006099999999
769253.4096,5875.856499999994
769551.1684,4785.081599999918
769963.6035,4249.199599999934
770121.9785,6490.591200000024
770569.3826,18581.532499999972
771099.7921,10053.224699999904
771103.8657,7015.1263000000035
771186.7994,12298.241200000048
771226.9767,18115.19909999997
771537.5368,20080.697000000044
771578.7251,14349.478600000031
771612.2296,6447.068399999989
771652.737,5209.878399999929
771751.4067,4838.720100000035
771949.1233,0
772002.8831,20909.30229999998
772116.0204,17933.366500000004
772221.3059,0
772224.4827,10855.984300000011
772268.6584,1927.9560999999521
772308.2353,5668.942833333276
772344.4886,14545.117000000086
772583.2304,13599.638099999982
772615.5333,5422.100500000059
772627.9055,5140.1866000000155
773003.4814,9665.898600000073
773036.6634,13176.380399999907
773450.6392,0
773566.0474,13813.535300000105
773722.9595,8339.627800000017
773938.935,9918.347500000033
774230.5412,6132.041499999934
774331.6496,8517.255000000005
774592.5932,6737.112800000003
774635.4736,12686.197800000082
774774.5177,11026.728400000022
774867.1315,9062.843400000012
774931.5869,24.71770000003744
774941.1532,5912.30019999994
775116.735,7016.665000000037
775289.3284,17555.699900000007
775329.2151,0
775460.5058,7195.091000000015
775956.4809,7287.457999999984
775964.6191,20695.53879999998
776072.43,15556.72490000003
776251.3216,5702.117500000051
776416.1356,0
776740.6757,5804.309100000071
776942.4795,11816.986400000053
776958.3961,0
777024.3395,7631.635099999956
777227.5096,23805.78449999995
777458.453,0
777474.7132,10441.064400000032
777495.6803,14982.496700000018
777503.5017,16452.08389999997
777595.0636,11051.483200000017
-----Simulation END-----
