-----Simulation 0-----
173046.4545,0
173153.5182,0
173184.9169,0
173344.7171,0
173531.2039,0
173629.0125,0
173667.6982,0
173733.5843,0
173804.43540000002,0
173998.0123,0
174126.7309,0
174913.0534,0
174949.8877,0
174971.4889,0
174995.9941,0
175193.9462,0
175211.3499,0
175384.0109,0
175743.5587,0
175788.0538,0
175879.3059,0
175924.7154,0
176085.0029,0
176110.553,0
176134.3045,0
176161.7706,0
176205.7029,0
176241.1834,0
176301.8046,0
176405.63520000002,0
176719.0122,0
176770.1952,0
177095.1511,0
177287.26368333332,0
177374.2343,0
177458.66879999998,0
177478.5001,0
177517.2859,0
177693.0574,0
177710.3735,0
177810.7315,0
178201.9479,0
178326.8397,0
178386.7045,0
178550.6285,0
178657.211825,0
178745.87660000002,0
179108.9556,0
179223.902,0
179248.6382,0
179444.6767,0
179507.0566,0
179544.4688,0
179709.7873,0
179726.4596,0
179740.0632,0
179877.4796,0
179983.2206,0
180006.7691,0
180051.18540000002,0
180165.8922,0
180458.50160000002,0
180506.4835,0
180558.5257,0
180593.9941,0
180865.4647,0
180875.6995,0
180932.9693,0
180936.676,0
181286.6072,0
181342.6275,0
181368.4058,0
181410.7554,0
181473.1979,0
181571.0367,0
181749.2538,0
181775.8346,0
181978.3131,0
182098.9458,0
182268.9868,0
182286.2165,0
182397.9499,0
182575.3213,0
182799.8258,0
182960.0586,0
183085.6782,0
183091.7094,0
183298.3842,0
183429.67859999998,0
183468.2696,0
183510.0797,0
183736.6653,0
183756.5,0
183924.7077,0
184173.4768,0
184424.01,0
184553.9634,0
184805.1627,0
184846.1699,0
184849.6948,0
185314.4473,0
185328.9594,0
185347.2122,0
185541.4976,0
185894.5764,0
185971.9441,0
185983.1133,0
186020.1941,0
186168.5582,0
186178.1309,0
186187.5762,0
186247.5909,0
186403.34416666668,0
186676.2281,0
186703.23739999998,0
187021.472,0
187211.3828,0
187322.6049,0
187485.2333,0
187486.3079,0
187507.2495,0
187929.9349,0
188025.4903,0
188288.3663,0
188367.8539,120.77679999999236
188470.9529,49.27610000001732
188600.5375,0
188881.7222,0
188943.2421,0
189521.69375,0
189745.4131,0
189793.5874,0
190002.0203,0
190099.3111,0
190126.8473,0
190304.9766,0
190412.75579999998,0
190619.4894,0
190646.54320000001,0
190659.5005,0
190724.3115,0
190759.7112,0
190792.4096,0
190797.369,0
191122.40720000002,0
191125.328,0
191281.1516,0
191320.3916,0
191500.9818,0
191516.58669999999,0
191525.11310000002,0
191872.2256,0
192187.4663,0
192277.065,0
192742.917,0
192763.5051,0
192902.6862,0
192937.9491,0
192988.8198,0
193017.2978,0
193312.5652,0
193335.5099,0
193371.3845,0
193489.47269999998,0
193818.9223,0
193858.2858,0
194269.025,0
194306.1905,0
194343.19640000002,0
194441.6625,0
194641.2174,1551.5703999999969
194680.6411,0
194685.2807,0
194784.3123,0
194983.7996,0
195221.5741,0
195246.6795,0
195717.0287,0
195724.0957,0
196295.2612,1039.1516999999876
196512.2662,0
196512.5682,0
196739.82309999998,0
196799.1164,0
197250.7008,1812.0898999999918
197290.8744,2753.3313999999955
197548.9971,0
197620.2096,0
197827.4094,0
198121.5862,0
198400.4856,245.0011999999988
198509.2745,0
198655.6216,2716.010200000019
198713.026,2578.8524000000034
198753.7788,0
198904.5863,0
199061.7921,2841.4053999999887
199408.4572,0
199425.95140000002,0
199573.3155,0
199636.1894,1445.268700000015
199741.5278,0
200215.79009999998,0
200510.0406,0
200579.3666,4833.065100000007
200638.1547,0
200784.6092,0
200863.2979,0
201490.7133,0
201793.5158,0
202071.4198,115.82459999999264
202143.3016,0
202334.9725,0
202408.12709999998,0
202635.9797,0
202986.0634,368.90360000001965
203034.3879,0
203269.06170000002,0
203298.8041,0
203562.8684,0
203954.2417,0
203960.3533,0
204332.9242,0
204345.8926,1530.2788
204483.5735,0
204558.1999,2965.7924000000057
204622.452,0
205307.7238,0
205352.2416,0
205588.1855,0
205657.9394,0
205682.88689999998,0
205850.6652,0
205894.5661,0
206082.3981,0
206179.5357,55.26860000001034
206235.9857,4560.733600000007
206469.5069,0
206668.3902,0
207225.0147,0
207229.0035,5545.307299999986
207380.4324,0
207490.835,2762.4602000000014
207892.6095,0
208094.1005,0
208148.8986,2012.5965999999898
208194.9329,2936.5922000000137
208373.3338,0
208387.1248,0
208923.4421,5813.766899999988
208948.8786,0
209123.1294,0
209148.29499999998,0
209212.8107,0
209232.9332,5482.445600000006
209292.71779999998,0
209816.8824,1576.415799999988
209833.2398,0
210012.7449,0
210074.45799999998,0
210102.8972,0
210215.5711,1764.44690000001
210597.259,9461.41379999998
210607.5085,0
210707.1642,2156.541900000011
210851.9405,6493.5188999999955
210964.4666,0
211020.0136,3762.6677999999956
211240.5301,0
211556.7653,1389.6761000000115
211560.7392,0
211841.7267,0
212024.8448,0
212211.7559,0
212360.1122,0
212534.2165,6217.1391
212649.7885,0
212658.1004,0
212877.4023,0
213206.4574,0
213370.53149999998,0
213402.105,0
213586.8446,0
213609.9954,0
213629.0049,7291.566300000006
213821.113,0
213830.8288,0
213835.0935,5120.253399999987
214097.9653,0
214224.7656,9937.092000000033
214284.0114,0
214452.5172,0
214487.9696,0
214524.6001,2016.528100000025
214777.2081,0
215138.574,0
215139.9089,8004.228700000007
215658.8221,0
215874.0519,2560.313899999979
215885.1286,0
215934.4498,0
216033.5184,5747.0274999999965
216053.3264,3676.9241999999795
216126.8177,0
216162.6579,0
216164.5298,2735.272399999987
216244.78710000002,0
216292.1224,4026.238399999973
216362.1468,3980.688599999994
216399.9721,0
216485.6236,8698.265199999994
216570.6813,0
216685.801,3676.3824000000022
216896.7426,4035.174700000003
217488.2292,0
218127.1142,0
218322.0827,0
218595.7927,2323.8347999999824
218930.362,278.81709999998566
219023.0912,13864.9038
219295.231,0
219359.5805,0
220109.6712,0
220153.0117,4562.8883000000205
220295.965,0
220369.9311,3652.6131999999925
220381.0904,4177.666299999983
220448.2772,3673.1570000000065
220565.5661,0
221041.5037,0
221114.1589,3235.5899999999965
221208.1481,0
221277.8483,3984.557300000015
221312.6263,0
221451.709,0
221461.0269,0
221777.8655,4149.363000000012
221805.9715,2304.3034000000043
221964.4717,0
221983.1136,14181.099400000006
222034.7075,0
222056.8648,0
222072.8886,13878.714000000007
222123.9638,8292.828600000008
222226.113,0
222610.4718,11888.7157
222991.6217,3950.871199999994
223027.6151,1110.8508999999904
223113.7145,3644.1828000000096
223211.447,0
223560.1828,514.2976999999955
223799.7731,4562.804899999988
223952.7484,2949.251100000023
224031.7264,1119.3883000000205
224095.8585,254.039300000004
224122.713,0
224341.6163,2081.082400000014
224376.2509,1813.37460000001
224713.4544,0
224932.9908,4621.698000000004
225138.2308,2777.5963000000047
225661.6311,0
225712.3135,3795.281099999993
225770.4589,0
225928.0419,0
225956.7465,0
226301.6148,2149.3794000000053
226350.9069,5651.7491000000155
226454.0355,0
226499.3163,1424.5874999999942
226629.5665,1543.9725999999791
226762.4254,2012.0444000000134
226820.2159,2846.1646000000183
226903.3414,4765.390440000017
227080.0528,0
227296.7719,2956.3950999999943
227407.3929,1416.397800000006
227503.1192,1067.9161999999778
227622.8216,2990.371199999994
227752.2194,4818.818100000004
227822.3266,1215.6000000000058
227823.984875,0
227914.1149,2419.770999999979
228268.5787,3627.0593000000226
228424.959,0
228585.9271,6096.8273000000045
228623.3989,0
228636.7895,1501.0838000000222
229085.838,0
229190.7334,0
229194.943,156.25969999999506
229218.0984,5512.853099999978
229296.1283,5876.630000000005
229302.1002,0
229442.7294,0
229532.2581,4892.675199999998
229658.1785,1328.06210000001
229667.0772,9771.591799999995
229775.5003,17.548900000023423
229780.9649,0
230000.0533,151.60719999999856
230029.6051,0
230070.65,631.401600000012
230118.9853,4545.553199999995
230293.7857,7149.341799999995
230337.4514,0
230340.8751,7801.532500000001
230466.9962,18756.29509999999
230505.56089999998,0
230582.9695,0
230694.7565,3627.4651000000013
230808.5282,144.7100999999966
230892.7867,5534.571219999983
230990.5714,208.81389999997918
231023.2997,4954.127999999997
231172.98940000002,0
231280.2217,0
231415.63163333334,0
231733.5952,0
231807.1115,4188.260899999994
231908.2947,0
231981.2861,135.95199999999022
232064.7377,274.8208999999915
232244.14426,0
232315.1493,5561.473299999983
232479.8004,0
232576.3286,1488.7184000000125
233186.8016,0
233189.1875,0
233332.1102,6590.834999999992
233432.16879999998,0
233580.4341,0
233641.202,0
233689.76106,0
233707.7383,0
233849.7616,0
233962.702,3200.9560999999812
234024.55969999998,0
234113.88880000002,0
234310.8096,0
234330.90850000002,0
234456.9302,0
234553.0752,0
234561.3114,0
234770.7763,15830.014549999993
234930.2272,0
235157.0932,0
235927.8798,0
236033.856,0
236263.7568,6044.613800000021
236303.3218,0
236389.2943,0
236397.919,0
236436.9141,0
236508.6962,263.6533000000054
236809.5976,0
236930.38689999998,0
236977.619,0
237433.7674,0
237608.65350000001,0
237672.4352,3427.1858000000066
237773.818,0
237843.08740000002,0
238180.8701,681.8879000000015
238438.9724,0
238617.9765,0
238632.747,590.492900000012
238636.2912,0
238962.2616,0
239117.7027,0
239345.9761,0
239496.12482,0
239584.7146,0
239916.1416,0
240344.8043,5436.821399999986
240384.9594,0
240506.9229,0
240782.8436,0
240999.1708,7300.620900000009
241127.3665,0
241137.2487,0
241164.5609,3432.0785000000033
241190.3188,1200.0983000000124
241405.8179,0
241527.994,4338.031400000007
242314.5092,0
242366.9879,0
242369.5072,0
242695.5217,0
242960.9786,0
243061.5248,0
243169.9519,0
243410.89370000002,0
244051.0627,0
244480.1613,0
244681.4295,0
245479.7688,0
245617.2527,0
245881.7073,0
246027.4565,0
246092.3154,0
246544.4877,2559.8489999999874
246784.0265,0
246986.34279999998,0
247275.8495,0
247311.4351,0
247745.5434,0
247847.19,0
247876.7612,0
247933.1696,0
248082.2581,0
248236.2532,0
248246.1142,0
248421.5299,0
248554.6706,0
248837.0822,0
248987.1309,0
249048.8607,695.3880000000063
249244.2305,0
249329.537,0
249413.40159999998,0
249699.0842,0
249712.4062,0
249722.0182,2035.8118999999715
249786.9387,3525.62579999998
249799.165,0
249989.43099999998,0
249994.9642,0
250051.8694,0
250056.145,0
250069.18180000002,0
250253.83475,0
250362.6323,0
250383.9671,0
250389.2869,0
250421.7916,0
250489.0037,0
250496.0104,0
250589.19809999998,0
250707.6087,2376.034400000004
250791.7579,0
250871.6642,1959.7118999999948
250890.3046,0
251520.6301,0
251721.4581,0
251767.5047,0
251881.8739,0
251886.224,0
251889.24229999998,0
251965.988,0
252110.1569,0
252218.70521666665,0
252345.9171,0
252836.318,0
253040.1488,0
253138.7399,0
253322.8936,0
253364.0261,0
253372.5134,3456.9500999999873
253451.4654,0
253742.7794,0
254264.68540000002,0
254316.396,0
254741.4784,0
254783.84590000001,0
254799.9891,0
255003.3927,0
255122.1694,0
255299.1994,0
255411.9131,0
255462.4493,0
255516.7554,0
255700.847,0
256002.1982,0
256071.1055,0
256081.3847,0
256120.1708,0
256206.0612,0
256575.7801,0
256768.86174,0
256829.925,0
257105.8231,0
257688.0015,0
257967.5216,0
258019.2181,0
258100.516,0
258219.5771,0
258262.0397,0
258316.2351,0
258458.7027,0
258509.57,2955.526033333328
258740.1935,0
258745.649,0
258759.0192,0
258858.3908,3868.6460999999836
258893.5135,5414.207500000019
258901.5641,4848.959166666667
258923.0808,0
258998.3076,0
259303.5562,2805.074499999988
259320.6206,0
259520.6496,2780.782899999991
259529.3879,1479.904899999994
259660.2293,0
259686.7443,0
259720.5614,0
259737.672,0
259940.7343,0
260000.7298,0
260034.1135,0
260040.57559999998,0
260041.3492,0
260074.5458,0
260099.8695,0
260303.1586,0
260371.16210000002,0
260779.1414,0
260830.3117,804.6461999999883
261035.96970000002,0
261128.1118,0
261146.8775,0
261356.1863,0
261482.2149,0
262026.1459,0
262096.2898,0
262325.9691,0
262470.1499,0
262849.8453,0
262884.1436,0
263260.079,0
263284.7389,0
263422.0621,0
263513.666,209.68880000000354
263534.3945,4610.499925000011
263586.3942,2572.566199999972
263633.4275,1184.7388999999966
263740.6212,0
263775.0624,2470.5148000000045
263940.0498,5272.701099999977
264191.4631,0
264290.6878,0
264324.2954,0
264429.8428,3714.251199999999
264469.40009999997,0
264587.6962,0
264666.152325,0
264714.7527,2137.403099999996
265006.39910000004,0
265111.50529999996,0
265186.6042,2280.1353000000236
265231.18559999997,0
265251.5749,0
265289.9504,0
265460.0798,0
265595.2815,0
265749.823,0
266068.1171,2185.9874999999884
266638.0678,0
266924.238,0
266975.6042,0
267160.534,0
267230.7814,0
267230.7872,0
267265.9317,0
267425.2312,0
267508.709,0
267872.2358,6544.184600000037
267933.1056,0
268157.9976,6844.425900000002
268399.2073,1162.5880999999936
268552.7719,0
268800.1141,104.75150000001304
268812.3414,3346.700899999996
268814.3889,0
268937.637,2571.067700000014
268960.5628,0
269025.6929,6928.68180000002
269184.7073,0
269192.2919,0
269301.0312,1149.4598000000115
269606.6018,0
269611.3394,0
269637.3549,0
269661.9781,2259.580799999996
269969.1481,0
269973.9559,0
269987.6727,0
270292.0721,3747.4921999999788
270351.3728,0
270503.2186,0
270507.9326,0
270577.3628,0
270691.72,7120.059299999964
270878.6444,0
270893.0808,4192.059299999964
270926.3479,1552.6037999999826
271049.7254,0
271287.4915,0
271393.7365,4105.172900000005
271704.5454,7106.659400000004
272006.7816,1210.2260000000242
272030.8388,0
272080.8991,4259.2744999999995
272126.0088,0
272594.0026,0
272657.2581,0
272699.5475,0
272840.7415,0
272897.1181,11936.684900000022
272969.3344,0
273159.7956,115.7848000000231
273613.0883,4838.150499999989
273729.63300000003,0
274205.2102,2285.7833999999566
274333.9617,0
274343.8982,0
274407.9909,0
274618.3622,1304.0708999999915
274643.6888,612.4619999999995
274992.9525,0
274998.6446,4157.323299999989
275037.7032,0
275248.0764,2086.0260000000126
275946.7805,5248.126500000013
276327.8751,4533.660100000037
276346.5618,0
276396.7413,11342.983200000017
276643.181,0
277567.08030000003,0
277764.083,0
278188.9741,0
278354.5256,0
278355.0606,1955.7466000000131
278363.052,3313.0945000000065
278364.5159,0
278414.5569,16163.613300000026
278478.8537,0
278494.2312,12598.414999999979
278685.8423,0
278862.3771,2584.638800000015
279286.163,0
279317.6425,3706.4535000000033
279342.9969,7239.991900000023
279408.1816,2993.734999999986
279465.4045,0
279739.8739,0
280045.629,3869.1444000000483
280053.0876,5648.43120000005
280199.4944,1821.977600000042
280453.7997,0
280639.1739,7042.811500000011
280762.5343,0
280783.0864,3618.681899999967
281108.1542,10693.858000000007
281452.9346,4992.907499999972
281816.5492,7244.028700000024
282237.4903,14862.516699999978
282413.3812,0
282565.8523,868.4125000000349
282866.7654,5272.55409999995
282981.8987,3722.54230000003
283248.9122,1989.261600000027
283304.3373,0
283352.6191,0
283805.29,3563.202400000009
283894.888,0
284262.33,2792.448000000033
284303.977,18664.794500000018
284418.2911,9166.042399999977
284639.8404,2549.381300000008
284883.6534,3007.297599999991
285091.9327,3689.264599999995
285142.085,5919.722400000028
285215.1556,6861.756733333343
285216.4268,2589.1708000000217
285557.0966,11932.046999999962
285660.98730000004,0
285911.2137,8534.367100000032
285922.6029,10852.102799999993
286044.231,9817.514000000025
286165.4906,6506.000900000043
286213.2841,4768.866999999969
286335.2192,0
286527.551,6952.999499999976
286535.3694,8494.578400000057
286540.0362,0
286607.7016,6150.675899999973
286608.8449,0
286730.0852,0
286769.9054,16642.68060000002
286771.2773,5155.393100000045
286847.1873,3064.8956999999937
286909.6034,4676.607100000023
286941.4934,6504.021999999997
286942.1603,5947.082500000019
287068.53,2448.5789000000223
287121.391,10478.811099999992
287255.373,608.9577000000281
287299.3752,0
287446.786,3423.9598000000115
287457.2996,3023.036700000055
287519.4961,16458.858000000007
287777.1657,0
287782.5492,9181.12340000004
287831.6576,9518.902199999953
287843.35,6331.952399999951
287879.8591,3944.359999999986
288009.1654,7410.754499999981
288069.9799,291.67679999995744
288368.6782,0
288839.5478,931.929599999974
288880.2462,3013.3543000000063
289024.9854,21318.095700000005
289204.4274,865.2006999999867
289299.659,241.0508999999729
289406.9497,19483.065599999973
289929.1715,3356.4424
289956.2932,5834.767000000051
289965.3172,0
290211.1009,263.4410000000498
290231.2376,902.4800999999861
290416.0869,1194.6121000000276
290643.517,2129.2627999999677
290945.49450000003,0
291162.9459,0
291379.5318,340.374199999962
292283.189,3295.894800000009
292463.3813,7864.455399999977
292501.4734,11554.877700000012
292592.74,12041.083899999969
292884.7238,57.99790000001667
292982.6174,507.0332000000053
293094.0831,11694.377600000007
293233.8649,0
293386.6418,6384.117800000007
293505.7247,0
293697.8013,7726.934300000023
293866.3629,0
293899.744,0
294008.3083,0
294129.7958,0
294302.14996,0
294629.02249999996,0
294841.3282,0
295025.6584,1865.5335000000196
295209.9979,11008.705699999991
295261.4622,21445.642099999997
295398.39280000003,0
295458.9363,13396.760899999994
295599.3707,6260.7420000000275
295683.2591,1620.1193000000203
296130.2484,15348.257400000002
296182.4412333333,0
296215.8306,8639.711699999985
296612.7235,12807.027100000007
296672.2463,0
296740.9111,0
296927.2943,377.20939999999246
296969.55436666665,0
297405.5583,4761.255333333334
297713.776825,0
298003.8481,5411.0461999999825
298128.7169,9377.338400000008
298248.3929,5562.180300000007
298694.062,0
299128.7055,0
299713.8191,11569.559300000023
299829.9343,0
299839.3332,5368.827600000019
300113.8405,0
300246.4155666667,0
300385.3681,14181.610000000044
300790.2903,9361.618499999982
300885.1748,1875.818499999994
301106.7297,149.58420000004116
301262.2244,0
301332.0734,0
301483.2723,0
301568.8968,7083.209099999978
301594.2657,6587.556099999987
301755.4769,0
302040.1529,1054.0026999999536
302071.04496,0
302419.5545,0
302590.046,688.7921999999671
302654.8799,0
302677.359,19035.43339999998
302775.9382,0
302985.6556,0
303093.1709,22861.326
303147.5922,0
303203.1921,10367.058099999966
303231.795,0
303333.9764,0
303539.0453,2719.253800000006
303558.53928,0
303865.6926,6445.982599999988
303956.0517,15755.30726666667
304064.6675,19868.0613
304179.2607666667,0
304346.3645,0
304538.8724,0
304590.294,1369.9188999999897
304675.1532,10261.933900000004
304706.2528,0
304893.8996,1489.8506000000052
304953.4205,0
305044.509,15398.506800000032
305333.1471,0
305963.7217,0
306202.114,5561.318000000028
306217.9395,0
306268.9023,0
306343.9527,5744.596300000034
306394.8214,0
306900.1743,0
306985.3164,0
306992.9748,55.66980000003241
307240.1216,0
307339.8813,0
308150.9262,8211.328099999984
308351.2845,4539.184300000023
308482.3388,0
308519.226,0
308556.3897,0
308598.9955,13849.58520000003
308764.9793,11458.876700000023
308774.3129,0
309001.5202,0
309249.5792,13159.306400000001
309334.3309,0
309389.3009,0
309604.4994,1846.9002999999793
309623.2329,0
309667.9686,0
309812.7058,105.31660000002012
309921.3334,515.857399999979
309974.7441,2995.142200000002
310007.1049,3704.541099999973
310090.8068,4852.382100000046
310548.0041,0
310631.5358,0
310860.8769,3673.4098999999696
310925.3984,12516.505300000019
310944.98470000003,0
310951.8139,4717.55290000001
310953.4339,0
310958.6909,8034.278799999971
310972.083,0
311156.7119,0
311370.0767,753.2777999999817
311462.6126,9250.167499999981
311557.8981,0
311573.3608,6264.464400000055
311802.3831,0
311861.1971,75.17910000000848
311919.7507,0
311945.2785,9034.457600000023
311985.6178,0
312179.3287,0
312237.5663,0
312255.9377,0
312777.993,0
312977.5363,0
313045.7499,0
313139.8746,265.5746999999974
313398.145,9236.420600000012
313585.3965,0
313600.1688,9520.807099999976
313884.0796,0
313945.4903,0
314152.5666,952.586100000015
314268.2774,12988.033666666714
314302.753,0
314313.1885,0
314350.0645,8737.017699999968
314462.6748,1447.4610999999568
314472.7029,331.2143999999971
314473.0836,0
314533.3154,9493.035000000033
314604.493,8699.9559
314648.5477,0
314724.0204,13985.910299999989
314858.7669,0
314894.86613333336,0
315387.2174,1629.5886000000173
315398.141,3183.5877999999793
315452.5652,0
315613.1794,0
315618.9437,850.2844000000041
315809.1209,1409.7552999999607
315901.9546,0
316027.5684,8112.522899999982
316158.1989,0
316334.7171,687.1714999999967
316448.479,0
316605.0816,0
316663.9861,13863.095399999991
316745.7676,0
317058.4763,0
317204.2608,0
317722.3063,0
317951.2832,15505.49430000002
318507.6503,0
319031.3117,0
319223.5628,0
319275.0051,0
319393.7998,5393.223699999973
319611.4,5396.473500000022
319733.8056,6532.3359000000055
319788.1494,0
319888.7078,2883.2561666666297
319938.12204,0
320054.8017,8233.3309
320354.808,2877.3271999999997
320359.9017,3513.6651999999885
320659.7465,0
320797.4556,0
320849.46270000003,0
320971.7785,18690.209299999988
320995.8156,0
321013.4281,0
321299.68,0
321336.4124,0
321341.4294,0
321351.7056,3137.1315000000177
321593.8214,0
321655.67,2265.8339999999735
321866.1815,0
321932.7743,0
322281.4963,0
322297.9607,0
322365.70053333335,0
322368.8506,3597.5582000000286
322547.0988,0
322755.9461,0
322910.6123,0
322947.2919,0
323056.7717,0
323116.8015,8115.144099999976
323355.8585,0
323542.2642,0
323830.9489,0
323895.9326,0
324015.5781,16913.809899999993
324033.5272,0
324083.9371,548.2404999999562
324235.6037,0
324331.6507,0
324596.4623,16398.736200000043
324654.6789,0
325193.82660000003,0
325320.1677,0
325365.7267,0
325758.144,0
325854.9085,3876.5746999999974
325945.3345,0
326087.1726,0
326116.2485,0
326397.9133,3882.6526399999857
326440.8312,16222.703900000022
326452.4372,0
327124.2152,1196.5102999999654
327158.6779,11312.763800000015
327162.8164,0
327280.561,8314.625
327353.6922,0
327584.0445,4141.408700000029
327600.17005,0
327665.6678,22433.375899999985
327726.2648,0
327773.302,6691.587200000009
328347.6482,17154.38559999998
328477.86,11596.742700000003
328550.7346,8445.539800000028
328689.6443,0
328756.1966,0
329140.7202,8542.846099999966
329185.6146,3899.6564999999828
329282.5919,0
329355.2543833333,0
329362.2898,5818.307900000014
329642.0801,0
329770.6345,0
330591.8951,5298.734600000025
330633.6621,0
330738.9665,12807.282599999977
330890.1626,4269.185499999963
331304.3729,1480.2722000000067
331307.5008,1192.1427999999723
331322.8195,8133.806899999967
331736.7976,0
331869.3096,0
332066.6436,0
332125.8088,8447.054400000023
332342.9081,6222.944099999964
332555.4498,0
332705.25,0
332776.8258,0
332857.744,0
332878.7036,7154.302499999991
333233.9034,13710.004599999986
333275.18200000003,0
333351.6238,0
333601.6536,6031.841899999999
333618.0711,0
333633.3543,8028.403800000029
333673.4168,6332.855900000024
333707.4889,0
333926.0476,491.6165000000037
334039.3739,0
334166.4679,0
334265.7659,4577.375999999989
334818.3402,0
335007.3887,0
335404.3689,0
335655.3296,0
335930.915,963.1239999999525
335996.5233,0
336171.7454,0
336215.4459,0
336250.0284,0
336318.0596,0
336339.0756,0
336527.4081,838.172099999967
336557.0167,2002.5146999999997
336564.6345,0
336684.7788,0
336752.53740000003,0
336826.3054,0
336877.7997,0
337047.45915,0
337233.3877,305.8123000000487
337262.2932,24969.943299999984
337578.2195,0
337620.6705,0
337688.3748,3558.777599999972
337905.2095,6851.177399999986
337908.1471,14933.737900000007
337988.3334,0
338288.4301,8220.862199999974
338414.2005,0
338443.0645,277.1371999999974
338580.5689,0
338630.3749,0
338792.6517,0
339060.26,7053.977300000028
339109.7638,2201.8763000000035
339385.2063,0
339427.9444,0
339696.1466,2033.640699999989
339835.3239,18094.20569999999
339896.159,0
340062.3106,3631.449900000007
340353.7424,0
340408.2397,0
340586.7642,0
340710.1529,12290.987599999993
340853.9897,0
340876.0143,0
341101.6607,0
341117.2716,3525.090899999952
341149.5813,0
341183.4255,0
341198.8112,0
341291.2076,14775.948499999999
341317.6869,0
341466.1763,0
341488.7331,22110.010225000035
341910.2113,0
342082.8112,0
342085.0914,3520.1244999999763
342095.0222,5314.92790000001
342115.5351,3016.011599999969
342222.5156,2116.5899999999674
342299.909,0
342431.9429,534.1532000000007
342493.5297,8397.230099999986
342527.0267,2364.880999999994
342726.6421,0
342820.0762,0
342917.7737,0
342920.5896,1539.2754999999888
343241.5916,0
343631.1469,0
343699.6688,5452.789999999979
343956.40876666666,0
343972.9964,0
343982.4164,669.3358000000007
343988.8039,1039.0561999999918
344127.5442,0
344154.5751,0
344168.7051,701.5276000000304
344290.1852,0
344637.6583,1506.1023000000278
344770.6247,3658.1345999999903
344883.4055,0
345026.2371,6771.726699999999
345148.5022,9765.04310000001
345213.5449,0
345280.1771,0
345441.2192,0
345454.2768,0
345460.7251,0
345828.9192,515.6204000000143
345932.1368,0
346130.77282,0
346200.0037,0
346448.9982,5153.629299999971
346501.5826,0
346535.536,14076.592200000014
346555.9468,0
346728.4231,0
347127.7624,6271.691300000006
347436.311,0
347516.8859,0
347815.1824,4647.3656499999925
347840.1152,0
348227.793,0
348227.8149,6465.381500000018
348327.6912,0
348342.9622,9945.630600000033
348370.1318,0
348595.7762,0
348661.7046,0
348830.2847,0
348842.3503,0
349006.4608,0
349152.963,2314.69789999997
349350.5769,4422.426800000016
349474.6733,0
349540.7188,10319.475299999991
349786.0035,0
349959.7099,0
350537.4562,4183.443800000008
350684.6507,0
350928.3788,0
350985.9189,0
351368.3786,0
351467.0897,0
351784.8931,8435.043000000005
351824.8925,4230.654900000023
352000.6066,0
352282.9839,0
352369.7104,0
352402.7102,5059.87149999995
352438.3097,3220.0693999999785
352643.4311,0
352663.9799,0
352675.787,0
352735.576,0
352810.4018,1396.558000000019
352815.6149,0
352953.3682,0
353087.4893,1073.396000000008
353108.1489,12991.998899999948
353580.7128,0
353721.638,0
354103.5637,1942.6805000000168
354121.2798,2294.1807000000263
354714.68570000003,0
354725.3268,0
354788.3494,0
354795.6203,2309.3008000000264
354804.1156,0
354839.7925,0
354905.9361,0
354929.954,0
354950.7045,10139.820300000021
354983.3227,0
355190.3134,1523.5420000000158
355446.467,10518.218500000017
355535.3197,0
355667.5536,0
355699.2432,0
355724.8776,169.54790000000503
355816.6021,0
356157.9781,4375.302599999995
356523.34990000003,0
357001.4902,2.786100000026636
357417.2226,820.8173999999999
357568.8727,12691.948399999994
357948.0932,5519.566099999996
357976.0631,2959.92220000003
358050.7818,4177.040099999984
358495.602,0
358745.5393,2929.5292999999947
359055.722,4123.697199999995
359553.9581,20655.64559999999
359576.8232,0
360182.7677,2389.9876000000513
360214.2852,4329.301999999967
360472.2999,17933.850349999964
360565.9303,0
360943.0665,11213.263000000035
360981.11710000003,0
360983.8249,1697.8923000000068
361205.1328,0
361385.7129,0
361415.0175,2500.2902999999933
361428.3821,13096.630599999975
361439.5024,11748.25549999997
361540.837,0
361583.8386,3446.7360000000335
361655.4625,12693.030700000003
362311.5084,0
362363.8641,0
362518.0145,11634.095099999977
362527.73,13867.92829999997
362608.7567,1101.0511000000406
362728.1052,0
362798.3092,4027.8325000000186
362888.1456,0
362933.8494,15237.461300000024
362941.256,298.96570000000065
363031.3703,5121.136200000008
363042.1862,4242.947199999995
363360.6753,0
363923.1554,7886.43419999996
364344.7889,12665.90909999999
364397.9836,0
364784.8848,0
364964.1136,9510.175400000007
365017.7445,10008.131200000003
365039.0437,14290.966399999976
365307.9494,18414.949399999983
365460.944,0
365770.0456,4588.3111999999965
365832.7213,0
365932.489,551.7405000000144
365950.9781,687.3768000000273
366028.8833,0
366267.14650000003,0
366391.5702,16.340700000000652
366569.3015,243.78110000002198
366880.085,0
366970.0913,0
367066.5039,0
367316.9367,213.13280000002123
368126.9314,13697.194233333343
368540.7682,1051.8099999999977
368550.231,4688.133600000059
368861.5862,0
369053.5281,4488.439599999983
369061.6144,0
369426.319,0
369696.3805,3920.5792000000365
370208.6385,0
370702.19070000004,0
370702.5365,6808.893299999996
370919.5775,15080.228600000031
370969.5829,2112.1324000000022
371072.7024,10429.733599999978
371130.9349,11118.210699999996
371205.1668,5673.255899999989
371400.0869,0
371758.368,5475.49530000001
372028.9077,2708.2171999999555
372564.6721,8692.87890000001
372889.5839,6877.794600000023
372891.9454,5064.63400000002
373020.5647,0
373095.5617,4287.2420000000275
373106.4629,28218.129399999976
373124.9616,7911.04800000001
373214.5916,4457.544799999974
373682.3647,11383.062099999981
374023.598,7090.203500000003
374104.0324,3902.9808000000194
374142.8337,14210.523400000005
374315.2892,10269.33640000003
374622.6581,0
374746.4369,3867.9151999999885
374815.9015,0
374838.264,0
374997.2466,0
375285.9452,4306.086100000015
375305.2838,0
375462.3494,0
375605.6037,9927.312399999995
376062.4468,5252.887799999968
376129.5125,15301.956200000015
376134.4732,15795.691899999976
376153.939,9796.334100000036
376167.223,0
376256.8733,5588.443099999975
377172.229,7796.338600000017
377258.777,15908.56660000002
377646.2881,4918.030000000028
377948.0581,12771.607400000037
378004.4564,7357.196900000039
378010.4358,9050.329399999988
378223.9747,0
378373.1,5412.382499999949
378479.6072,10919.750000000058
378562.6954,8320.325300000026
378684.8497,4072.110400000005
378706.3191,4598.90770000004
379042.5712,0
379097.3698,3660.3376999999746
379218.2766,12280.695799999987
379258.8548,5746.5013000000035
379353.142,0
379693.2255,24368.850800000015
379845.4752,6318.141899999988
379980.4521,15633.581000000006
380057.5848,4418.337500000023
380145.668,0
380260.6867,7136.07560000004
380729.9996,4440.895499999984
380868.0663,15671.585000000021
380977.017,13893.915600000008
380991.1253,0
381191.84369999997,0
381273.924,11789.854099999997
381405.2916,5035.5821
381552.1579,21884.542199999967
381758.5767,0
381770.8472,9600.486200000043
381787.4568,4916.88036000001
381807.0235,0
381823.0469,3951.79640000005
381837.1762,13247.202899999975
382466.3885,10988.715499999991
382585.3983,4023.5858000000007
382679.2065,16723.432499999995
382708.6136,13987.91439999995
382856.0481,5474.443599999999
383006.4985,15546.151100000017
383018.3092,5793.980800000019
383329.6967,12139.37182499998
383856.9363,14466.905900000012
384301.9916,0
384495.5074,7257.300600000017
384641.4673,5317.369000000006
384655.4486,0
384844.82039999997,0
385056.7305,0
385430.2716,10596.339500000002
385434.0954,14290.535199999984
385549.12309999997,0
386132.6675,12997.30039999995
386149.7775,0
386622.9537,9192.140100000019
386655.7431,5952.520100000023
386749.0733,11741.642999999982
386923.5159,8298.45240000001
386961.89191666665,0
387232.2332,12600.81270000001
387279.9084,7332.449733333371
387508.2414,9526.36850000004
387727.3943,7283.78820000001
387812.4452,10370.692100000044
387907.0805,11694.37599999999
387925.3606,9030.866900000023
388020.7325,8169.539899999974
388128.9582,13730.252299999993
388133.4909,6042.863999999943
388204.6717,12246.685400000017
388349.0437,6009.634199999971
388500.4794,20489.674100000004
388773.1183,6009.611499999999
388840.0185,7100.393199999991
389293.8591,8645.212899999984
389387.7876,0
389586.5267,0
390107.3307,16121.805999999982
390143.3246,7935.78350000002
390356.3605,7674.453200000047
390410.5485,18462.27059999999
390445.748,4753.9070000000065
390896.0192,21527.844366666628
390940.8635,6661.980999999971
390987.6889,6552.001500000013
391023.3591,4111.428599999985
391516.1268,0
391567.4519,9715.714600000007
391770.8409,5662.516899999988
391899.6274,13004.715299999982
392095.5061,4832.449800000002
392098.8807,5903.113299999968
392213.7894,5768.2820000000065
392225.3599,20751.396999999997
392402.3115,7393.8799
392654.435,0
392905.2212,0
393000.3056,0
393308.7318,16043.891600000032
393502.2911,14183.760699999984
393513.1028,5456.435899999982
393514.9439,12023.465299999982
393691.6629,23124.863100000017
394026.0123,0
394095.2706,10299.34249999997
394135.0565,6203.944200000027
394181.261,23534.492299999984
394450.3376,14488.487100000028
394483.9858,16262.505400000024
394592.9201,0
395112.139,7540.294300000009
395132.7934,17491.51490000001
395338.7171,21724.113799999992
395637.7854,6328.258199999982
395656.193,19983.00780000002
395657.7256,16871.391599999974
395773.8042,0
395838.1703,0
396354.9527,20174.659100000048
396360.465,7364.695449999999
396364.7413,6517.75595999998
396645.0693,0
396659.9322,9165.29959999997
396712.2851,6805.051199999987
396826.912,7638.348700000031
396962.2214,25624.883699999948
396963.7082,6304.037100000016
397173.8031,6611.007000000041
397184.4085,7220.310300000012
397364.3583,5261.968099999998
397577.317,16308.923199999961
397634.6832,18423.496900000027
397994.6443,27990.60719999997
398023.9754,27871.326499999966
398189.9555,7654.015199999965
398258.7116,15901.10799999995
398336.405,10558.125300000014
398404.5524,5117.571699999971
398474.2884,13750.920100000047
398589.4707,7203.737200000032
398658.931,15309.496799999964
398691.2072,0
398774.0457,15018.430099999998
399035.0195,7093.315100000007
399149.8695,13887.3995
399221.1088,0
399477.5426,0
399503.2489,8192.790299999993
399505.3969,4995.675400000007
399646.5496,0
399704.6736,5291.205699999991
399838.6501,11746.219300000055
400103.9739,6964.561799999967
400180.3654,5727.6888000000035
400205.2265,19321.439899999998
400311.2867,4811.90850000002
400337.0453,7587.00959999999
400508.7054,5945.924499999965
400861.4605,10044.349799999967
400892.93700000003,0
401160.9594,30635.60989999998
401306.5802,0
401483.2912,6708.619999999995
402201.6781,21468.082700000028
402282.4868,0
402292.3466,6712.875399999961
402294.4206,7758.625400000019
402301.9774,6455.544899999979
402363.3414,5263.892399999953
402459.8836,10392.740700000024
402565.888,5733.742799999949
402619.8136,12262.252399999998
402849.558,12099.124100000015
403032.1853,5226.601425000001
403262.2581,6942.976699999999
403330.2426,4566.115099999995
403580.5302,0
403686.3506,5176.702900000033
403935.83,9139.571900000039
403949.1991,24051.32970000006
404046.178,8007.305400000012
404069.3874,8461.72490000003
404505.049,5094.690300000017
404505.5051,16599.318099999975
404610.8879,24312.52979999996
405038.8396,0
405055.641,15782.555800000031
405150.8065,12572.613699999987
405838.3436,6216.3374000000185
406061.4236,0
406090.1936,13531.81150000001
406428.6298,0
406684.46270000003,0
406736.9154,6643.088700000022
406755.299,21317.93359999999
406778.3414,11339.411599999992
406796.9568,8184.948700000008
406826.958,9523.907000000007
407157.2539,7432.792000000016
407157.4855,14338.923500000034
407421.2601,30716.434799999988
407503.3035,5902.718399999954
407717.8935,7088.3535000000265
407721.6208,31953.306399999943
408385.6827,19425.954299999983
408447.2607,0
408533.1649,8258.215599999996
408563.6348,11436.946200000006
408591.7892,20704.515666666673
408593.2969,14015.350000000035
408617.2686,7995.38400000002
409182.8719,7216.789300000004
409241.9189,27277.563399999985
409334.5842,0
409367.2041,19823.94589999999
409487.6474,0
409674.5145,5060.174400000018
409776.0809,6480.9454999999725
410210.3453,3682.6662999999826
410222.881,12419.555699999968
410228.6183,3062.358899999992
410287.7549,19428.515399999975
410416.3701,4178.233999999997
410503.0004,6563.466400000034
410586.662,0
410665.7765,6764.221900000004
410930.8576,8419.81270000001
411051.8675,12925.458400000003
411119.6078,0
411294.2879,25034.486199999985
411998.307,9234.563999999955
412103.9998,6093.902499999967
412243.9127,18785.54959999997
412481.4808,0
412597.6702,10724.513199999987
412601.4142,0
412776.1355,19660.24609999999
412813.1824,5538.777399999963
412867.1074,12471.37949999998
413263.633,10672.76609999995
413367.1132,711.6280000000261
413470.9083,4526.552299999981
414234.2846,5078.413600000029
414292.1981,15737.36989999999
414487.71,0
414854.5007,4504.082599999965
415056.5883,7351.378100000031
415131.0966,8549.906799999997
415472.7757,2528.5378999999957
415518.2427,11666.420900000026
415762.9365,5288.739100000006
416079.0504,13494.90419999999
416190.0941,5840.3946
416212.9094,1240.483600000036
416567.0822,5817.058200000029
416819.6307,24578.87539999996
416866.9826,13674.41525999998
416912.0204,11076.892399999953
417072.4593,20614.5135
417185.5452,7673.982799999998
417481.292,1255.9481999999844
417651.50256,0
418017.8872,0
418195.2498,2395.223100000003
418356.8437,19124.963400000008
418743.31,4140.094800000021
418806.9003,13897.409599999955
418980.9414,1520.0814000000246
419106.5352,10422.575399999972
419132.2062,0
419173.2731,0
419245.7847,2391.5621999999858
419256.5062,29613.015200000023
419542.1606,5701.5541000000085
420094.316,0
420110.2343,0
420510.6557,3081.455399999977
420521.8013,0
420613.9837666667,0
420665.7664,10560.856900000013
420780.8148,0
420783.6319,30912.824199999974
420794.9382,14229.297999999952
420827.7328,6778.849300000002
421165.3087,0
421283.1437,3604.4175000000396
421499.252,7754.113199999963
421508.6313,0
421587.9252,8865.912899999996
421642.2466,4223.08620000002
421806.8379,6085.865300000005
421869.2815,18946.1103
421932.941,11812.674100000004
422191.4123,9098.910300000047
422236.5805,1777.6925000000047
422417.5513,9509.547099999967
422442.2836,0
422617.8863,469.48810000001686
422720.1274,0
423178.792,12599.223800000036
423300.8085,4019.658699999971
423356.192,4737.417099999962
423472.3781,4457.477199999965
423968.491,6517.966099999961
424166.8702,3454.5633999999845
424186.8197,26309.645099999965
424342.3318,4517.370399999956
424505.2786,0
424823.4389,0
424835.7287,26922.75689999998
424854.3972,0
424888.8048,2825.7444999999716
425236.9547,14539.195366666652
425380.7473666667,0
425478.3846,1539.4184999999707
425509.3801,8582.231100000034
425677.4969,0
425714.4638,0
425799.2873,2771.3543000000063
426053.3118,27827.530800000066
426274.2567,0
426292.3403,28193.340099999972
426633.8687,31220.45199999999
426699.1282,0
426853.0816,8853.656499999983
426976.4751,2739.1426999999676
426994.6064,10631.181299999997
427082.1013,0
427235.5183,0
427376.7977,4738.868799999997
427411.1575,3611.486799999955
427455.9594,3209.4674999999697
427514.0308,9945.396100000013
427566.1824,3074.6732000000193
427687.531,2377.2559000000474
427747.9411,2314.2339999999967
428043.5026,8613.36910000001
428156.5025,1701.4774000000325
428223.8554,15874.688800000004
428734.0316,2523.8677000000025
428760.4577,18347.58890000003
428804.3214,11291.83402499999
428929.0558,6332.877899999963
429220.7637,10128.208400000003
429423.6236,0
429599.7624,3070.9839999999967
429814.9559,8354.56329999998
429906.555,15580.377199999988
430163.297,3130.8139000000083
430201.9507,0
430361.6027,0
430426.2426,6788.956000000006
430464.2087,9327.179900000046
430560.7746666667,0
430865.8407,2998.7480000000214
430995.9625,2984.803500000038
431092.2316,8594.025000000023
431269.7302,2227.6700999999885
431325.2474,9536.878099999973
431452.0366,4905.09739999997
431583.05918333336,0
431689.2322,4666.642733333341
431701.8566,0
431772.1561,2968.3898000000045
431937.2222,3645.09990000003
432039.50789999997,0
432128.1238,9369.299500000023
432300.2196,4916.34110000002
432343.4388,16341.232900000003
432751.4717,4555.7647
432870.997,5957.147499999963
432889.277,14068.703700000013
433051.5309,0
433114.3876,0
433122.399,15549.116299999994
433176.8975,4010.865600000019
433383.24335,0
433631.57,3125.2755999999936
433715.0823,0
433725.3421,23293.598699999973
434731.8291,0
434854.8593,20271.408600000024
434889.7014,4909.890699999989
435054.2198,9743.755400000024
435183.0136,4614.046800000011
435189.1462,19852.508900000015
435323.6141,4842.5633999999845
435687.5196,6448.061400000006
435974.2791,18462.792099999962
435981.237,0
436142.3898,10636.24920000002
436192.1467,4386.262099999993
436198.8907,7522.094299999997
436207.3395,3847.2443000000203
436400.0612,6117.137500000012
436410.4349,8869.732900000003
436551.6588,0
436641.3993,0
436759.0295,0
436767.0436,13917.343899999978
436777.9125,0
437032.9657,6744.638600000006
437083.0709,0
437101.9616,4706.601399999985
437610.7857,7417.94180000003
437780.3131,5652.123100000026
437836.7713,0
437872.5017,878.5541000000085
437951.3919,14405.543399999966
438518.7108,5400.678399999975
438550.4135,11393.24960000004
438579.4932,12342.378400000045
438686.2685,10177.778099999996
438690.4013,18872.862200000032
438712.444,0
438721.5056,4618.176299999992
438767.7196,19811.521600000036
438791.6761,2680.6325999999535
438870.9642,0
438878.167,8968.039500000014
438951.7864,3215.482799999998
439221.231,9377.664400000009
439290.06,2006.4492999999784
439314.3174,2541.423300000024
439523.3525,4564.961899999937
439536.7776,5897.031499999983
440080.9265,5615.024000000034
440083.479,14673.968300000008
440474.9807,1783.4919000000227
440611.9593,9491.553199999966
440652.1007,6674.7910000000265
440990.7402,4753.188199999975
441245.856,3504.7805000000517
441262.6584,5217.669500000018
441398.8845,2460.714800000016
441513.9965,3126.2339999999967
441551.1151,5144.027000000002
441719.7455,33161.84580000001
441847.1603,12071.042299999972
441849.7194,4006.0518000000156
441921.7675,0
442377.1889,0
442453.6317,10221.4902
442471.4149,6440.901699999988
442654.8786,2417.3705999999656
442912.3782,4782.974099999992
443266.4899,3254.216299999971
443359.2838,11909.270499999984
443390.204,5537.106800000009
443576.6998,5892.098799999978
443587.4367,11104.680700000026
443873.9772,4956.457700000028
443891.1043,10672.328900000022
443935.0469,12211.206599999976
444071.9528,2478.194600000046
444396.61950000003,0
444677.2262,35564.37799999997
444719.0072,1931.7623000000021
444937.2779,18626.87089999998
445316.3875,3551.143700000015
445446.8187,0
445562.6711,16426.60619999998
445802.7696,4676.649700000009
446204.0332,3673.601800000004
446399.4725,6595.414899999974
446438.0634,20219.712100000004
446642.7229,8672.100800000015
446769.5667,8505.147000000055
446982.1001,11821.370799999975
447165.6821,3833.849499999953
447405.9186,26827.82990000001
447451.6057,3895.7820000000065
447574.8397,12802.115700000024
447677.3766,8794.924300000013
448105.7574,15378.226000000024
448328.7171,16871.4706
448354.923,5081.372600000002
448599.5387,4073.0074000000022
448620.344,6357.393299999996
448796.7426,9124.886500000022
448799.1384,8771.927299999981
448988.6983,6565.420600000012
449053.1542,3187.4998999999953
449127.3077,21165.3211
449408.1521,17667.263866666646
449536.7343,0
449581.9383,10831.551999999967
449588.3266,16743.244199999957
449677.3945,5541.274600000004
449975.7282,18155.838800000027
450005.828,5692.698800000013
450027.2683,4804.580599999987
450300.1486,1212.5140000000247
450346.8146,0
450403.8257,0
450472.73250000004,0
450847.3827,6025.383900000015
451118.2956,6716.381699999969
451238.856,5383.823300000047
451335.7013,3486.913600000029
451378.4661,1351.3856000000378
451573.0339,1962.5476999999373
451699.0034,7087.686500000011
451829.0095,29488.81899999996
451945.0041,0
451957.7353,2128.2330000000075
452255.5835,3019.8034000000334
452337.3003,13282.699699999997
452440.8608,6991.281900000002
452593.1247,2242.8322000000044
452749.0045,0
452792.4943,0
452869.7402,10466.392899999977
452957.4974,0
453338.146,3163.3450000000303
453342.4314,6573.718899999978
453835.0353,0
454734.0885,15738.9424
454939.4353,15426.410600000003
455121.8138,11123.531799999997
455618.9933,27226.811299999943
455983.4332,7290.535600000003
456194.314,5807.221299999976
456397.2269,5283.325599999982
456397.5051,13592.959100000036
456493.5617,0
456508.1516,0
457056.8172,7114.690499999968
457494.5393,13394.074399999983
457516.4758,4435.645799999998
457984.3512,0
458199.7671,0
458409.0243,9454.023799999966
458418.1698,9073.269700000004
458539.9387,4840.238699999987
458688.1791,6191.065500000026
458698.461,7452.320100000012
458946.8088,1919.266100000008
458971.9799,17909.661199999973
459000.3189,0
459388.2013,12922.593800000031
459818.7619,18418.3321
459844.8238,14795.021899999992
459871.9546,0
460690.9149,3431.1670999999624
460745.0751,6126.344700000016
460970.5773,0
461185.6192,10433.541299999983
461231.8423,12433.93280000001
461326.6228,12732.484300000011
461327.9353,8906.2929
461339.4149,4924.220299999986
461662.8225,9419.102200000023
461695.9203,6907.423899999994
461700.0288,209.11349999997765
461920.0379,6840.9593999999925
462142.1174,5832.302299999981
462299.4272,4466.738299999968
462340.2336,22664.83839999995
462649.6408,6138.4757999999565
462832.4776,21444.361199999985
463071.3389,6947.699199999974
463364.7637,0
463402.878,13181.247000000032
463437.7654,10514.238499999978
463599.7271,11406.053320000006
463659.2314,7431.572699999961
463959.3021,21688.965699999942
463999.9615,16502.87049999996
464091.1227,8143.147100000002
464279.387,10225.133799999952
464324.0753,22853.14300000004
464406.3513,0
464465.693,0
464531.145,5653.957300000009
464578.4763,17511.474999999977
464658.2212,5772.992800000007
464862.0206,0
465132.8531,691.7309000000241
465216.4232,7414.709100000036
465289.2996,1566.8599000000395
465695.0388,13578.320599999977
465848.7278,3601.253399999987
466237.873,13795.0674
466265.4288,9434.345199999982
466287.8815,6452.857000000018
466640.4726,0
466642.5285,6033.917699999991
466737.3606,29034.36739999999
466776.1879,17912.768099999987
466819.111,8939.26429999998
466826.0378,10610.815699999977
466930.6267,5461.557200000039
467225.6108,7448.605800000019
467268.3712,11582.644900000014
467335.371,21033.079299999983
467424.1868,9695.861900000018
467437.9272,0
467988.5389,0
468064.04819999996,0
468325.3967,3218.4698999999673
468367.1175,15836.498399999982
468482.6077,5731.518299999996
468511.9364,8321.080599999987
468582.2405,2649.097400000028
468721.3056,0
468973.2359,2170.7910000000265
469329.6726,3717.299100000004
469356.8087,0
469418.977,5848.727899999998
469430.1353,5413.82620000001
469509.1903,7561.095600000001
469552.8162,16921.247600000002
469596.2295,7077.339299999992
469787.9882,0
469867.5412,19405.079999999958
469921.9727,6076.502399999998
470056.9451,9947.944300000032
470090.7815,3829.6633999999613
470795.0648,17440.461100000015
470849.1786,3453.3322000000044
470922.8461,5191.373599999992
471025.0029,13381.22510000004
471045.1068,5639.379000000015
471166.659,11544.56839999999
471300.1259,2879.1172999999835
471760.7429,20792.746400000004
471785.8008,2694.6268000000273
471921.5383,4940.300400000007
472013.7716,26860.95159999997
472064.8281,5275.45630000002
472121.045,4860.8200999999535
472210.2456,9830.868100000022
472230.0058,16096.227799999993
472245.0475,7820.958400000003
472295.6012,14367.02959999995
472397.4202,3699.948999999964
472406.9145,13478.882500000007
472585.5689,1083.1674000000348
473103.995,3481.662100000016
473209.7733,2652.038899999985
473210.0661,26090.200499999977
473257.6264,0
473330.0867,4893.185100000002
473494.2836,12306.927399999986
473641.3224,24855.35110000003
473743.6258,1310.0445999999647
473770.3898,6453.471799999999
474086.8805,1421.5433000000194
474173.9708,0
474178.6396,14156.068299999984
474434.7864,3825.931199999992
474602.2298,4229.930299999949
474743.0725,3080.564500000037
474812.0563,1658.575366666657
474930.6486,2412.2319000000134
475133.146,0
475411.4127,3715.7490000000107
475571.721,2856.0162000000128
476143.8934,3007.2514000000083
476400.6516,5197.909799999965
476497.2253,3805.695399999968
476616.7269,2866.9549000000115
476706.2186,15877.967400000023
476732.9757,0
476738.8014,23526.18119999999
476791.7596,2221.903799999971
476897.3797,2937.8901000000187
477009.976,4698.775600000052
477977.7487,2619.1155499999877
478072.6204,6165.337100000004
478171.2912,0
478252.1842,20615.511500000022
478262.6761,2853.7052999999723
478414.2701,8040.202100000053
478494.0744,6366.578500000003
478529.8956,3158.54939999996
478867.5092,12758.880000000005
479041.0605,5301.682499999995
479148.4495,884.5087000000058
479353.3855,0
479681.2587,18666.763399999996
480180.0077,15661.574599999993
480237.2869,18108.426600000006
480311.6229,3431.9100000000326
480467.8064,3754.296399999992
480503.6315,1708.3092000000179
480536.8393,11813.184100000013
480699.0794,8420.040399999998
480768.9166,7968.035700000008
481009.0188,0
481126.1215,7298.434799999988
481202.6147,2540.112299999979
481344.3495,7747.798300000024
481458.1475,5385.047900000005
481497.8987,3205.976000000024
481583.4062,3949.0937000000267
481788.3941,1877.1169999999693
481804.7625,12242.474400000006
482283.1552,0
482545.4498,15250.165199999989
482627.3074,553.9141999999993
482873.272,2288.445399999968
482926.0093,7120.855599999952
483136.5118,1061.5042999999714
483300.7874,18505.952499999956
483324.9046,18084.875700000033
483591.4297,216.44479999999749
483891.1012,2402.9816999999457
483989.8666,1647.3600999999908
484282.7218,15551.065899999987
484445.2723,2154.0239000000292
484917.1169,1531.0215000000317
485007.4691,0
485112.4669,4595.032799999986
485124.4068,1123.7525000000023
485478.5056,3510.878074999957
485655.9385,759.656799999997
485787.338,5265.741399999999
486074.3517,0
486202.6319,0
486384.1853,12158.800199999998
486580.393,2813.2122999999556
486737.1049,1449.6292999999714
486797.0851,310.90750000003027
486826.3344,11966.714500000002
486845.1786,0
486885.9558,29463.555899999978
487043.0483,229.26170000003185
487426.0386,219.45071666670265
487558.895,311.1205000000191
488015.1315,6268.868900000001
488058.3512,741.6584999999614
488097.5189,2333.961500000034
488203.4943,5350.622600000002
488419.6289,30683.271200000017
488836.4628,1917.9853000000003
488961.69299999997,0
488987.9129,20316.76390000002
489151.4952,2519.6043000000063
489309.3976,4188.8213000000105
489383.017,2526.0871000000043
489543.7287,16766.830799999996
489578.6043,7926.1306399999885
489599.4331,6726.446600000025
489686.2719,15442.779600000009
490171.018,1040.3274000000092
490549.554,2655.636200000008
490608.0268,9854.22139999998
490766.0759,4154.020699999994
490877.7062,15084.976100000029
490939.8412,3077.276700000046
491133.2477,7379.353300000017
491146.6609,5713.493200000026
491352.9605,27307.66459999996
491455.2847,1845.1361000000034
491459.728,0
491544.0471,0
491873.2597,0
491905.34990000003,0
491919.1603,0
491977.2062,2696.0668000000296
492068.034,13947.39499999996
492419.9285,2911.3193999999785
492700.6784,5612.37659999996
493079.5925,3548.09990000003
493125.9205,0
493126.423,25175.4228
493357.3779,0
493475.9062,10414.27429999999
493561.8434,901.212200000009
493646.617,1998.1429000000353
493714.1828,39095.08560000005
493716.9918,0
493870.7303,15541.938800000004
493976.8282,0
494011.4806,20651.85440000001
494186.2615,0
494249.2764,19092.39909999998
494269.3293,20963.06329999998
494441.8792,5470.930900000036
494544.3053,1063.4738399999915
494701.6342,22461.73769999994
494887.3925,19933.585499999986
494901.6031,1969.403900000034
494901.9042,6599.185100000002
495035.0586,4976.869399999967
495121.5427,909.9508999999962
495332.0207,0
495357.4435,10351.084700000007
495566.0127,101.20150000002468
495751.5641,0
495989.4753,1621.1893999999738
496359.7266,1234.9615999999805
496390.717,17534.389200000034
496461.07409999997,0
496676.7415,0
496714.5173,454.0767000000342
496732.1411,3364.9511000000057
497014.9256,14925.192500000005
497108.7989,21272.575100000016
497253.7224,0
497260.3247,550.9766999999993
497456.5175,0
497603.4181,8557.5429
497612.2549,0
497636.3394,0
497655.7835,0
497863.3017,0
497929.7169,0
497975.9425,0
498087.4955,3879.021700000041
498149.7223,0
498637.243,1669.1741000000038
498881.7112,8776.932900000014
499131.520475,0
499147.9688,23375.650399999984
499402.0136,19310.820600000035
499507.1476,8567.454400000046
499627.9227,0
500231.47321666667,0
500330.3558,4030.160300000047
500485.9002,0
501518.192,14291.223100000003
501625.3189,0
502165.2594,7193.672399999981
502332.149,0
502431.38344,0
502757.3089,8042.751500000013
502941.2883,24673.716200000024
502986.9334,0
503134.5212,15730.533400000015
503204.7748,10138.234775000019
503216.9071,3832.243300000031
503311.0476,0
503344.2718,3806.2430000000168
503346.4289,4176.949499999988
503890.3969,0
504109.1561,0
504153.2152,4109.851999999955
504265.9778,14003.845199999982
504415.939,0
504691.488,0
504969.8049,3491.333699999959
505039.5109,2693.5120999999926
505186.3038,0
505233.0209,0
505262.30222,0
505269.7704,0.5626000000047497
505376.462,13734.043066666636
505419.9145,15741.780100000033
505708.0521,0
505718.9377,0
505835.1591,0
505836.453,6011.82369999995
506318.6382,10500.406499999983
506334.8934,14110.810400000017
506380.9455,3296.5996999999625
506398.0745,0
506495.454,0
507128.4315,4845.825000000012
507158.4023,0
507567.2158,0
507689.4743,0
507716.70900000003,0
507746.6115,4065.743439999991
507841.9483,0
507977.7787,1992.3603000000003
508071.97165,0
508087.7325,0
508236.3015,451.6684000000241
508289.9297,0
508304.5108,0
508409.5425,15101.652799999982
508569.3809,1412.950199999963
509074.3281,0
509175.6032,8021.50959999999
509324.8005,0
509499.9099,0
509585.6142,0
509620.7496,1399.1920999999857
509719.281,7275.589399999997
509796.0016,1583.4020000000019
509829.109,0
510580.3296,4172.351000000024
510807.0876,2819.7248000000254
510944.9253,0
511392.7227,10455.001799999969
511422.7479,13569.270700000052
511554.3714,0
511555.7141,0
511690.6086,7134.025499999989
511842.4269,8451.919500000018
511950.6692,5787.913300000015
512068.8943,0
512195.0859,7623.70106666669
512375.732,0
512547.2482,2028.304199999955
512596.1485,1182.4797000000253
512830.0914,21203.582599999965
512834.7172,0
512940.1259,4223.873499999987
513229.5518,0
513239.4307,4088.0796000000555
513390.6082,9968.649700000009
513442.4104,12005.537399999972
513534.949,5554.2880000000005
514045.8,6184.7513000000035
514139.5583,7988.839699999953
514171.6259,2207.338400000008
514202.3307,7699.671800000011
514252.2218,0
514272.6511,9357.353400000022
514428.7032,1122.4910999999847
514489.1283,1097.8317999999854
514553.7225,4422.966199999966
514826.93929999997,0
514881.2095,0
515164.237,5482.371500000008
515224.1333,1624.6615999999922
515587.6005,0
515648.9771,0
516061.394,0
516163.7157,203.60570000001462
516177.9423,0
516206.7729,0
516212.3151,21042.454299999983
516223.5271,3314.7813000000315
516577.91969999997,0
516630.2719,0
516813.778,0
517176.9825,0
517325.1878,1160.6339000000153
517343.8315,8284.725899999961
517442.4112,19604.548699999985
517694.768,13331.292199999967
518150.3956,1052.7086000000127
518198.4996,3300.586499999976
518362.1029,1435.510799999989
519026.8619,1331.429700000037
519027.4454,9436.416700000002
519210.5292,0
519415.9038,6034.841849999968
519460.0172,6415.535199999984
519516.6763,6212.693399999989
519518.7266,0
519916.3536,6819.880799999984
520109.7499,10352.676299999992
520523.8003,0
520698.3726,2350.563599999994
520704.0849,1113.6689000000479
520931.2044,3029.4256249999744
521051.2597,0
521288.2154,0
521450.3999,0
521566.2718,3693.3089000000036
521591.3814,27192.297300000035
521707.6396,0
521741.3514,1985.0828749999637
521780.5062,2932.727899999998
521927.98970000003,0
521976.6739,2671.5406000000075
522295.0531,5569.643983333372
522614.1081,16755.607799999998
523243.1759,12126.905599999998
523588.4697,4628.513399999996
523635.6253,13851.298600000038
523704.658,7517.7815999999875
523760.8108,6059.774600000004
523819.7672,4075.385433333344
523838.6863,3661.4814999999944
523912.7508,0
524137.1952,0
524736.8707,8437.44809999998
525001.0357,4067.1749999999884
525149.663,8439.11089999997
525341.5926,2224.9998999999953
525694.0087,13821.304400000023
525792.4393,8080.412999999942
526276.2979,6794.3343999999925
526448.8787,44972.821600000025
526469.814,12264.164099999995
526688.1249,6428.495200000063
526693.4401,6176.950799999991
526984.9451,4541.960699999996
527111.7437,3284.374599999981
527603.0482,7228.828999999969
527631.0951,6012.719800000021
527703.6605,978.0714000000153
528366.4868,9945.300079999957
528491.6778,15392.544199999946
528731.769,9997.660799999954
528843.6669,10291.514899999951
529107.4314,5068.357499999984
529345.9534,9142.479400000011
529495.1201,9566.613899999938
529788.8287,10099.695199999958
529865.1935,12987.170366666745
530594.7939,5472.768600000069
530603.745,10618.339099999983
530656.0615,9010.97399999993
530676.5981,10715.044799999916
531104.0373,7864.024799999956
531284.9988,8848.983299999963
531392.3085,25173.312600000063
531617.435,11869.760000000068
531680.636,18577.75390000007
531971.6367,17635.01020000002
532114.9634,11870.542799999996
532569.092,6896.311999999918
532731.4897,14384.841400000034
532930.2117,8063.637600000016
533528.7326,23119.5
533888.038,7571.648300000001
534049.0503,6821.695999999996
534134.9248,25051.914800000028
534168.1246,10419.53489999997
534266.0568,13234.053200000024
534515.1127,11568.650000000023
534830.0368,15440.3456
534962.5595,6416.19709999999
535195.9234,17063.4179
535770.373,10133.420200000051
535983.337,18863.079400000046
536038.1168,11686.44750000001
536099.8194,8027.90399999998
536302.1908,7922.717399999965
536522.4769,9473.373499999987
536540.2233,8212.636999999988
536599.4549,13899.066099999996
536633.282,7725.300599999959
536893.9676,12373.999300000025
536945.0919,8120.567500000005
537081.1449,8124.192199999932
537521.4213,21384.765000000014
537633.8862,10130.105099999928
537660.5805,10125.226600000053
537768.284,16518.8125
537995.1541,16598.94986666669
538201.6336,8050.3432999999495
538274.6908,13533.169400000013
538916.4327,9757.315100000007
539068.7628,11956.643900000025
539294.6265,11511.917600000044
539746.4364,9142.437999999966
539813.6702,21409.314180000045
539883.2732,9914.597700000042
540059.1605,11031.558549999958
540666.5185,20004.635600000038
540851.0782,18604.68180000002
540931.0711,14316.81919999991
541255.8403,9628.821900000097
541531.9974,11199.77119999996
541797.6197,22964.760800000047
541899.3578,16062.45669999998
541934.1165,14089.39619999996
542260.9742,16893.26050000009
542322.8419,7783.095899999957
542382.069,15831.48290000006
542889.1549,10091.563099999912
543333.8555,9644.754899999942
543356.9351,19947.50060000003
543515.011,16364.865500000073
543794.0247,11274.991899999906
543882.382,24453.577899999975
543969.8103,17616.369999999995
544105.3093,19689.112800000003
544382.3021,10239.939899999998
544654.972,11573.456799999927
544745.4422,9506.064899999998
544986.3151,18979.093200000003
545032.9072,9113.866600000067
545043.2761,13809.787000000011
545529.6518,10830.200599999982
545921.7083,8945.303500000038
546017.6828,8117.009199999971
546630.1869,26030.27059999999
546744.9477,9175.904900000081
546862.2564,10852.27919999999
547072.4791,8907.51980000001
547171.9665,11714.045500000007
547347.15,8235.647800000035
547841.2339999999,0
547990.4907,10080.19750000001
548205.8764,16214.543299999903
548272.1502,17177.55090000003
548307.3954,14323.067200000049
548464.6156,24530.721300000034
548815.4464,0
548961.8376,9654.568699999945
548973.5297,18810.929000000004
548976.7969,23758.7635
549099.0875,9884.12089999998
549273.7351,9899.616299999994
549530.4846,10796.587999999989
549593.271,9856.430199999944
550160.3158,0
550164.0821,24448.54429999995
550258.6942,25634.395800000057
550354.3085,22333.92830000003
550557.6431,17525.6152
550676.0224,14407.016700000037
550754.9427,22806.976600000053
550868.7262,20569.08660000004
551121.2723,20745.94499999995
551141.6202,17297.44940000004
551236.2229,13999.782300000079
551775.1519,10958.570400000084
551821.7656,22412.623100000084
552328.2978,11123.59289999993
552344.6538,12134.092699999921
552579.588,13054.406399999978
552599.453,11982.092599999974
552711.207,20301.11200000008
552803.8089,19446.91339999996
552994.3191,25707.77279999992
553036.5327,19368.312599999947
553129.4721,22936.40220000001
553138.8118,19971.300600000075
553321.2226,11578.124199999962
553337.1223,24068.200300000026
553651.227,12868.869899999932
553722.5744,17910.924600000028
553768.8467,23516.66989999998
554237.2888,7806.204099999974
554289.2886,22174.353899999987
554337.213,14760.208400000003
554379.1959,21433.69550000003
554493.17,19259.853300000075
554582.4376,28606.31329999992
554693.6754,11098.486399999936
554884.8086,14814.780299999984
554908.9674,21030.190799999982
555011.4721,9985.821800000034
555017.7592,15776.074900000007
555057.1358,25102.160900000017
555371.826,14174.793700000038
556060.6052,18090.831000000006
556092.1391,15258.22330000007
556102.6923,5498.828899999964
556351.2039,16880.151199999964
556408.9733,25866.887299999944
556648.3652,16560.15769999998
556948.5312,9392.65240000002
557073.2397,25687.58050000004
557323.9201,12633.488899999997
557337.5159,20033.559200000018
557381.9431,16597.238899999997
557426.1992,14292.660900000017
557541.7755,9010.084199999925
557561.2226,9737.689200000023
557574.4374,8421.44180000003
557785.3892,29126.39240000001
557796.9431,0
558316.6971,15643.519899999956
558394.1018,28556.3689
558841.9252,11568.767200000002
559382.2306,11493.51980000001
559402.1265,23408.536300000036
559451.8082,18173.808499999926
560051.3411,9775.018299999996
560084.7452,19666.73820000002
560179.5193,14837.353200000012
560434.3636,5429.202500000014
560479.0488,13062.634899999946
560501.6469,15961.102100000018
560533.9161,12297.281100000022
560874.904,13694.361700000009
560957.5568,15633.60129999998
560997.4486,9453.400999999954
561003.9175,14305.248200000031
561206.0688,18638.716800000053
561258.9702,9516.459000000032
561349.6619,35690.22749999992
561353.9975,18798.316300000064
561535.7953,10976.83050000004
561592.7428,24394.538100000005
561885.577,13144.698600000003
562014.5914,11276.462100000004
562935.6414,18961.937199999928
563116.3788,11670.235799999908
563246.8812,11835.943299999926
563496.9695,11823.391000000061
563693.2925,3916.664699999965
563723.0384,11135.346799999941
563808.5348,25767.319000000018
563971.9187,104.02270000008866
564154.2062,19725.03390000004
564494.5078,26798.734000000055
564728.8644,14557.405299999984
565097.8294,13009.552200000035
565420.2772,13035.174400000018
565483.813,20901.235600000015
565648.4696,29525.209199999925
565725.5506,11183.88069999998
565863.1259,17218.197199999937
565901.1686,20166.129799999995
566000.1786,15671.43319999997
566119.7526,12993.507699999958
566392.0667,11004.543899999931
566475.2525,11655.542299999972
566539.47,12066.367699999944
566656.6252,30372.956600000034
566985.1696,13564.374000000069
567002.776,19624.93829999992
567056.3942,20470.14779999992
567241.5497,25089.650399999926
567504.2512,14875.99740000011
567507.7921,0
567631.2653,11396.750899999985
567695.6012,25397.030800000066
567869.3731,25532.362199999974
567970.3093,10789.956999999937
568041.9463,15703.607899999944
568379.1767,12032.7929
568414.9542,13222.940700000036
568449.4595,10796.766900000046
568517.2549,0
569108.197,18282.592900000047
569230.8834,27551.80740000005
569667.2663,28483.15460000001
569701.5423,10521.325899999938
569904.2716,21215.21419999993
570007.7045,10885.61950000003
570055.548,15005.676999999909
570397.9029,17920.936800000025
570659.9106,12707.623699999996
570664.5932,0
570671.3043,29613.590399999986
570709.6318,0
571141.0232,28894.321000000113
572231.3252,12253.129799999995
572340.8146,13169.818800000008
572675.0541,19346.709999999963
572676.7074,11357.722499999916
572786.8657,12573.081599999918
573047.9357,22581.950700000045
573712.9835,19612.168399999966
573738.5604,28100.11879999994
574097.4726,28967.559200000018
574226.0508,21814.02289999998
574639.5456,17814.242299999925
574723.3371,30800.18260000006
574893.9778,21902.482300000032
574978.8245,13048.91539999994
575057.8273,11621.758499999996
575134.4579,19155.71490000002
575327.0084,34436.075900000054
575383.3655,11556.16810000001
575397.219,20539.12089999998
575719.4843,13190.070399999968
576056.3722,13479.04269999999
576113.8244,18269.028099999996
576181.1172,11863.057799999951
576308.5288,16256.392600000021
576547.414,16426.59210000001
576553.9379,21437.06720000005
576697.4628,17616.22039999999
576929.1745,18982.033699999913
576968.654,21308.143500000006
577014.5221,18871.603699999978
577220.963,12638.623999999953
577377.652,15973.777899999986
577402.0016,13008.67889999994
577407.8255,30042.494200000074
577529.1724,29575.462300000014
578004.781,16998.709799999953
578087.0663,14018.134299999918
578158.6747,22854.53700000001
578196.3921,11480.505100000068
578331.3083,10211.685799999977
578430.7924,601.8028000000631
578602.2463,10623.863200000022
578907.4057,12403.65419999999
578951.4572,13417.251999999979
579020.1342,10435.180099999998
579029.6554,27388.951899999985
579157.1026,16133.715599999996
579321.5586,13298.927000000025
579384.1717,14045.263399999938
579406.3546,22225.49410000001
579577.2307,13833.185300000012
579622.8415,10118.606399999931
579626.6003,13077.48920000007
579679.533,10160.98350000009
579812.0261,13499.674899999984
580089.9623,14521.035299999989
580150.8534,15153.145499999984
580565.5402,23979.421100000036
580586.8779,16853.12679999997
580848.2352,0
581119.6925,16710.561099999934
581180.0148,10789.90949999995
581385.2136,11098.612700000056
581406.9347,0
581958.5179,23585.13540000003
581978.7682,13002.88730000006
582040.638,21559.78780000005
582258.6386,7597.728999999934
582266.4722,7648.342399999965
582300.0837,16980.06209999998
582375.2409,20796.930999999982
582390.2557,7667.3913000000175
582466.2345,14437.497300000046
582491.808,14939.450599999982
582544.1907,18780.04150000005
582669.0725,19420.63599999994
582670.5412,10210.190500000026
582762.0109,5700.383299999987
582762.933,17332.994199999957
582886.4137,14281.018400000059
582887.9995,17341.21370000008
583208.0847,3557.3371000000043
583253.146,7274.679599999916
583699.1781,2747.5383000000147
584354.2461,8141.162099999958
584387.8489,35011.618600000045
584445.7074,16381.155700000003
584572.814,34910.13809999998
584734.9944,27083.763099999982
584984.2576,5767.559899999993
585380.6318,31296.558300000033
585403.2612,7154.578199999989
585812.9301,28860.275200000033
585848.23,30510.312999999966
586010.1972,25069.832200000063
586022.7161,28116.795599999954
586056.7944,19741.498900000006
586398.2279,17377.395600000047
586455.2379,9144.154499999946
586844.9711,20920.594199999934
587108.6667,7963.232599999988
587337.2661,18607.483000000007
587355.6786,23507.559099999955
587435.5512,6620.157699999982
588171.9588,8503.326499999966
588241.7273,13886.3848
588322.5965,6959.899399999995
588494.1771,7441.140699999989
588521.4677,10537.193700000062
588570.3686,6321.3753000000725
588580.1219,32566.29269999999
588663.4334,5701.087700000033
588807.3238,15563.144100000034
588970.5721,6962.158700000029
589020.973,10112.409100000048
589301.5318,9816.861900000018
589392.8627,6225.580100000021
589564.5544,6886.250800000038
589585.0272,7820.4847999999765
589591.7219,14412.1054
589699.6638,13949.594599999953
589705.7301,6573.738400000031
589819.4437,19214.062999999966
589890.5639,7701.290299999993
590096.4344,7751.991500000004
590143.9831,7748.660700000008
590349.5433,4414.716000000015
590401.7653,9600.963800000027
590576.9015,20773.528300000005
590687.5474,7642.35970000003
590948.0027,12093.201999999932
591038.0428,18052.021600000095
591085.2085,0
591090.4092,6776.981299999985
591344.9846,4727.249499999918
591346.9641,4048.892099999939
591471.517,12442.17379999999
591603.7262,6628.88870000001
591992.8922,5484.613899999997
592006.3938,1733.6021999999648
592009.3727,7821.3260999999475
592115.5065,4042.0315999999875
592118.8643,9245.528099999996
592201.0807,13433.148800000083
592240.3044,0
592432.8176,36650.95285
592478.2331,26202.59779999999
592537.2053,4413.0163000000175
592644.8273,5206.165000000037
592954.2953,16033.748000000021
593151.4982,8487.481400000048
593174.639,35358.71049999993
593199.9823,6537.609933333355
593691.4427,17025.589999999967
594182.5351,15130.847300000023
594627.2154,14861.01709999994
594628.5831,13264.314300000085
594644.8029,5156.131999999983
594966.5528,8318.110399999889
595050.4629,2400.4648000000743
595245.2826,15464.916000000085
595373.633,6925.753700000001
595700.8338,1286.0853999999817
595740.7944,19303.29150000005
595896.4854,40239.831600000034
596116.9306,6226.691799999913
596124.4425,3151.8828000000212
596184.9899,13381.319600000046
596309.431,22696.691099999938
596329.5358,10237.4500999999
596967.7835,8573.763800000073
596985.5501,8669.335199999972
597019.3988,7308.104899999918
597127.9895,8208.44550000003
597238.0797,16497.22159999993
597507.9217,7344.682249999954
597510.6302,9701.09719999996
597516.4051,8588.502133333357
598214.9294,8230.129000000074
598507.352,5395.382600000012
598563.707,7842.442700000014
598834.0653,7155.203600000008
598904.7389,4098.36540000001
599723.5596,24971.531799999997
600110.9607,5434.859400000074
600443.993,1724.3558000000194
600510.8922,24712.307299999986
600567.7428,8172.981900000013
600608.6789,7864.962200000067
600611.4475,12496.316200000001
601067.0686,15143.178599999985
601245.5546,22686.01899999997
601420.6558,11777.459099999978
601454.328,16089.333600000013
601664.8995,18622.244600000093
601819.5129,12860.677299999981
602014.0591,6038.52649999992
602128.7073,10317.305300000007
602184.9208,9958.578183333273
602271.7269,13948.106600000057
602301.3365,7592.3578999999445
602420.4822,8020.2010999999475
602697.04,7749.463300000061
603014.54,17163.312600000063
603206.0685,10983.697200000053
603312.6266,9143.167499999981
603522.7883,7260.317500000005
603793.4215,21313.79740000004
604076.4009,7640.831499999971
604270.3381,6296.705799999996
604392.5431,6069.512800000026
604733.6548,7742.916259999969
604889.169,6320.386100000003
604929.7448,12055.656599999988
604956.7212,10529.15670000005
605122.8547,17361.18810000003
605292.1591,14975.74450000003
605421.1159,7875.0934000000125
605527.103,13345.56389999995
605684.3229,10566.874200000078
605965.5667,9391.695599999977
606089.6282,0
606354.6471,5662.555099999998
606513.0342,11886.399800000014
606521.3522,6305.678199999966
606688.848,35928.293799999985
606718.4055,40946.67949999997
606874.2043,11503.676099999924
607469.4615,11836.311999999918
607638.5489,5829.564100000076
607754.0565,35285.53269999998
607831.3395,43107.30249999999
607894.8379,5422.89160000009
608132.8439,9565.214399999939
608161.2569,19772.872800000012
608187.2506,10602.621200000052
608390.0767,7485.366099999985
608572.8856,7616.300300000003
609453.023,11013.899300000048
609609.5544,9449.007100000046
609609.7228,16985.085699999938
609712.968,7009.629599999986
609822.8001,7102.170700000017
609895.9888,13173.65510000009
610032.4098,5208.352700000047
610282.586,13127.548900000053
610574.6986,13242.887400000007
610822.6002,12586.125499999966
610917.1551,11356.474399999948
611044.628,8087.372800000012
611200.309,7186.898900000029
611497.2227,7730.513800000073
611512.1328,9872.723899999983
611534.8152,9056.436199999996
611609.5249,8334.151399999973
611821.2974,11089.5858
612103.7833,7588.196200000006
612185.432,13388.00390000001
612343.8688,13639.722000000067
612381.2083,13928.733400000026
612684.6625,6082.0304999999935
612994.9178,7208.890900000115
613104.793,5403.752299999935
613228.0334,36626.58189999999
613407.234,9724.650400000042
613691.3315,43248.483600000036
613721.7835,7759.72510000004
614363.102,12518.728699999978
614367.7362,16664.88890000002
614456.4336,6590.606599999941
614531.7326,9351.481399999931
614874.7462,7591.714400000055
614954.2416,7326.6385999999475
615045.8672,6357.3118999999715
615220.5339,5699.1574000000255
615337.8671,8144.078700000071
615543.4856,18159.520299999975
615736.1562,32955.863599999924
615868.8953,6157.895699999994
615940.7999,11797.012499999953
616115.7463,16037.405499999993
616430.4971,12231.910900000017
616505.0896,8322.786199999973
616578.4658,25740.90080000006
616871.7217,22035.595300000045
616959.5508,16626.33919999993
617045.5892,16434.739700000035
617082.4824,15484.812799999956
617182.4223,10603.235799999908
617395.9913,6041.780400000047
617509.8202,34232.30189999996
617530.352,7055.152399999904
617583.8997,18611.353599999915
617818.3593,8054.877899999963
618048.2981,8108.350899999961
618377.0756,7051.347500000033
618562.6027,9092.027899999986
619011.8704,7059.259300000034
619269.7798,6699.6260000000475
619402.81,12635.284600000014
619548.1314,17152.299899999984
619618.506,14983.724400000065
619635.0097,7758.697800000082
619761.244,15264.176999999909
619763.7862,15347.271699999925
619916.4327,10167.107399999979
619983.276,15578.584999999963
620122.9283,23748.877600000007
620302.276,42909.00689999992
620444.995,15307.6777
620654.5328,0
620799.8568,8184.73769999994
621606.1605,15141.94180000003
621790.669,14768.954000000027
621796.998,9046.680099999998
622047.0422,8742.031000000075
622056.7115,12777.956599999918
622109.1048,7739.723499999964
622143.7071,8919.803799999994
622337.9895,9251.19750000001
622432.013,31822.163700000034
622734.2573,34685.64030000009
622743.6702,27568.925000000047
623252.0503,13416.329299999983
623273.5084,8893.38180000009
623343.0818,13108.258900000015
624088.7844,4467.897699999972
624166.973,14729.769100000034
624259.5471,7918.217100000009
624327.5223,14026.02099999995
624441.4483,7776.205200000084
624463.7066,11070.468200000003
624673.908,16647.558500000043
624942.7149,8234.74840000004
625054.1474,8508.12360000005
625333.9671,8565.30110000004
625625.6906,13362.76079999993
625702.9825,8105.933900000062
625897.3471,11150.231000000029
626238.0903,0
626254.6892,37941.32920000004
626287.8533,24299.52449999994
626461.2534,10058.909199999995
626565.9211,9442.530400000047
626612.3005,24785.809600000037
626648.5144,21795.570899999933
626674.9508,18411.07030000002
626721.3692,13005.94319999998
626722.1777,9356.521599999978
626872.8036,14266.7831
627199.8435,14941.677999999956
627523.1791,9360.392200000002
627889.8134,12503.748599999934
627935.3454,9699.185100000002
627948.9534,18091.50020000001
628011.9624,19852.43949999998
628548.1058,30753.694200000027
628815.1903,19414.316100000055
629093.254,8565.482899999944
629134.9003,14887.793599999975
629175.5066,17393.97749999992
629663.9578,15042.851900000009
629777.819,20074.18119999999
629920.8707,12985.666499999934
630288.2867,8752.936200000113
630312.1666,9685.889500000048
630371.6961000001,0
630385.2289,9884.196400000015
630406.8128,12058.050500000012
630528.2778,11665.464700000011
630549.784,5790.399399999995
630793.6482,24624.865000000107
630804.5756,7445.409800000023
630837.8656,11475.529800000018
630986.6033,14843.438266666606
631139.0874,14790.132199999993
631412.5899,21119.080599999987
631636.5554,12984.902000000002
631716.9051,16547.233299999963
631813.0841,18076.269100000034
631840.416,10903.500299999956
631866.819,10215.309000000008
632372.8887,15203.74880000006
632407.3359,11107.737999999896
632934.562,13565.464700000011
633039.0202,8620.98470000003
633487.8349,13912.858000000007
633536.5396,14644.711899999995
633645.8761,18388.28429999994
633695.735,11633.48470000003
633706.1815,10596.057199999923
633768.5649,18078.39280000003
633807.6718,27265.0956
633815.0694,13284.926000000094
633866.0098,11469.266599999974
633878.8362,15280.91830000002
633912.2442,21864.633599999943
634000.0912,10472.861800000072
634151.8586,24584.961500000092
634244.7362,16282.185000000056
634345.9041,7528.995700000087
635020.2215,22493.384100000025
635527.9284,7951.503599999938
635533.0508,25212.27289999998
635976.4917,8503.802800000063
636498.2262,16487.220300000045
636638.7433,15137.259559999919
636654.2214,15938.658400000073
636793.0194,12414.326499999966
637050.5211,19276.634100000025
637104.7884,14746.157099999953
637166.8584,18169.776399999973
638189.9773,25519.765400000033
638214.5623,17440.4412
638341.7036,10395.857100000023
638354.5567,12035.189699999988
638555.5452,9169.903200000059
638914.8753,5389.900299999979
638984.3851,8737.03879999998
639196.0323,9830.019999999902
639323.0683,26543.24290000007
639579.7633,20653.8615
639779.9405,11294.285400000052
640136.3643,22307.740699999966
640457.0851,13820.577200000058
640917.7401,21231.30010000011
641509.9594,10137.88360000006
641517.4639,28072.50800000003
641528.5326,22162.801600000006
641848.966,14823.099300000002
641895.4065,11978.051800000016
641966.3038,10186.694099999964
642037.9398,15400.28190000006
642783.4595,16088.987199999974
642824.3669,16394.101600000053
642837.5087,25595.23840000003
643074.5912,15197.395299999975
643105.8885,7150.768099999987
643445.0155,16228.371399999945
643498.8464,4850.184300000081
643585.7596,12017.86109999998
643841.488,20472.295599999954
643872.5948,11985.953399999999
643877.6948,25985.97550000006
644195.4006,14580.9142
644408.8637,32876.97939999995
644434.7964,11001.790500000003
644575.5875,12224.98609999998
644770.1204,10589.07209999999
644959.3613,16262.29429999995
644966.7885,23870.308100000024
644995.116,18922.81520000007
645019.9208,0
645059.9797,21935.108400000026
645146.6303,19035.831799999927
645154.6551,19121.334900000016
645275.1771,2667.2238999999827
645535.2248,22436.663500000024
645600.3116,21381.131999999983
645876.1829,19277.164300000062
646200.7479,13131.34329999995
646336.4097,23800.142383333296
646496.4189,39271.98330000008
646507.3474,12912.101999999955
646549.47,2414.2787000000244
646975.8707,21951.023199999938
647035.1006,2804.4237999999896
647245.0421,29949.264599999995
647455.0104,16006.802299999981
647486.1665,24413.764900000067
647510.5477,10681.791100000031
647636.4632,0
647864.89,76.36520000000019
647892.5585,16151.572900000028
648165.5618,24473.127833333332
648223.1597,8957.363799999934
648319.8276,0
648339.397,21766.636500000022
648495.1167,11522.297800000058
648684.6423,29931.334700000007
648739.962,12078.571600000025
648890.0513,10333.60030000005
648934.2969,11331.87249999994
649151.5945,17139.08970000001
649481.3547,14685.265899999999
649798.6703,14016.996399999945
649884.3578,17315.07389999996
650101.4747,10727.146799999988
650166.7172,9527.354899999918
650293.5544,22395.794400000013
650456.2775,19293.633599999943
650604.5339,0
650759.7087,17534.47829999996
650859.3915,28126.90080000006
650901.8164,18621.386000000057
651027.7535,18223.820599999977
651195.0213,20133.931900000083
651367.0199,11444.885699999984
651482.9741,23751.865175000043
651527.9626,0
651613.9252,10607.165680000093
651715.7977,9314.554899999988
651788.7896,23293.714799999958
651793.461,8013.135200000019
652291.2451,24646.54616666655
652721.966,16885.214799999958
652798.8688,22252.134200000088
653044.5342,11597.086499999976
653078.3069,6691.713099999935
653284.0284833333,0
653583.0493,24486.018899999908
653648.0155,9016.466099999961
653721.5371,10143.917999999947
653757.18,24935.54700000002
653799.6384,18716.047300000093
653929.3728,6892.698199999984
653947.878,10909.76230000006
653969.5777,9568.832399999956
654084.5654,22543.134699999937
654530.5575,10124.43909999996
654665.7352,16749.588800000027
654737.9277,0
654784.0577,11647.93863333331
654836.209,24633.427200000035
654858.8727,23797.567299999995
654941.6222,5769.908399999957
654970.4101,19889.901799999992
655108.3239,10381.39189999993
655425.0646,14326.99860000005
655632.8251,14596.999500000034
655872.7101,20637.92790000001
655966.7858,10597.182180000003
655986.6714,19793.54350000003
656411.3793,7222.3904999999795
656773.2103,12189.13724000007
657088.9398,9043.696075000102
657121.6026,0
657470.4043,7854.572100000107
657494.8277,28845.75470000005
657765.7391,7731.159400000004
657930.1767,0
658151.2021,0
658367.2841,7675.762700000079
659659.732,0
659870.5804,8438.334399999934
660037.0428,0
660128.682,16543.858899999992
660202.2984,8871.688399999985
660356.4495,0
660509.9663,19616.46439999994
660524.8739,10170.165500000003
660735.1586,10354.362199999974
660757.9073,0
660761.6099,16092.0830000001
660777.5332,11023.310999999987
660934.1371,28397.501800000085
661131.4211,14154.270100000082
661228.903,0
661338.0139,8626.15029999998
661449.6317,15203.572900000028
661455.7274,29422.534199999995
661487.9375,13544.861499999999
661676.824,8931.348800000036
661770.5921,0
661925.8802,8797.131099999999
661931.8436,0
661950.5438,8501.727116666618
662142.9952,14685.425900000031
662291.4144,12537.60653999995
662394.3732,0
662601.8053,5187.709200000041
662609.8021,20199.4804
662770.6393,7553.36712499999
662900.4165,19562.86730000004
662975.412,0
663139.5866,0
663227.2274,8744.956299999962
663356.1928,13020.011499999906
663883.8997,9236.840399999986
663954.0052,15019.548700000043
664305.2053,10028.779300000053
664428.7878,9731.63180000009
664571.099,0
664783.9155,26728.18550000002
665485.5251,16021.414499999955
665887.7991,24142.40519999992
665968.0316,10424.248900000006
666149.0518,27377.578300000052
666204.8781,9987.091599999927
666561.4892,13522.12799999991
666694.3507,13388.487199999974
666748.0177,10665.855999999912
667119.9804,11012.751000000047
667301.3433,7497.430599999963
667454.6147,13882.963800000027
667829.0804,19006.055300000007
667876.0878,18119.52289999998
667886.5318,18257.050400000066
667907.7665,15239.924200000009
668263.3591,7329.113200000022
668308.5093,14092.115500000073
668524.2859,9364.946699999971
668546.448,12745.36540000001
668575.3687,10032.315999999992
668637.004,25974.214999999967
668912.7122,12549.482499999925
668963.4398,0
669016.7115,2363.2467999999644
669032.7084,7669.917600000044
669132.9361,7699.019200000097
669273.6424,0
669402.6533,0
669432.9245,0
669482.506,0
669659.5964,0
669776.009,15771.886699999915
669828.4369,0
669915.4659,33741.41849999991
669991.1174,23255.782600000035
670014.6646,23035.388000000035
670206.7828,7865.583500000066
670333.6419,14932.575100000016
670446.0293,41683.89160000009
670541.4056,12703.048700000043
670581.6439,0
670586.999,0
670846.767,8582.56270000001
670929.3919,0
671033.6856,0
671101.9434,28549.07019999996
671200.4361,21837.607100000023
671278.6607,8490.323399999994
671441.8138,10324.067599999951
671511.9813,0
671869.0349,8449.26939999999
671980.021,15185.816099999938
671994.9215,8683.473400000017
672180.8949,38705.65399999998
672382.4209,9133.578500000061
672493.6005,17569.981699999887
672533.0586,0
672542.8062,8952.01919999998
672551.3374,18546.437799999956
672635.6168,14002.204999999958
672710.7565,5615.003400000045
673135.9887,17377.487599999993
673161.6963,5075.990799999912
673502.6742,7099.417299999972
673543.8028,9794.599433333264
673587.4254,29583.135699999984
673703.5698,7386.431300000055
674000.0521,5183.616466666688
674041.2137,16477.69809999992
674097.7478,4497.938199999975
674100.353,5248.207199999946
674123.7825,39226.674699999974
674215.3654,11040.343100000056
674301.2868,18545.22569999995
674304.1397,2793.3848
674327.6281,6127.0642000000225
674429.4867,0
674513.3628,4113.078899999964
674770.946,0
675044.0428,17691.543600000092
675355.0331,41665.63950000005
675488.8252,9891.99040000001
675607.5201,6004.104300000006
675663.1989,1081.1992999999784
675669.8283,13421.903300000005
675767.2529,6738.5
675866.3471,2998.93610000005
676025.623,0
676037.2907,18409.281274999958
676239.0134,13512.261800000095
676377.001,3324.246800000081
676380.296,21894.64439999999
676526.254,13068.089500000002
676634.5562,3449.334900000016
677197.1802,2516.1814000000013
677644.593,4258.590699999942
678368.0367,3107.135600000038
678513.7973,3669.7341000000015
678835.313,12625.178699999931
678910.5207,4430.348600000027
679020.7822,2703.802400000044
679056.2217,3622.1411999999546
679278.6018,2983.2107999998843
679507.3178,17856.240499999956
679586.8273,0
679774.5333,3983.2144000000553
679836.3039666667,0
680156.6106,7436.2817000000505
680251.4062,0
680360.5959,2856.714500000002
680575.7499,51027.46960000007
680660.1924,0
680795.4932,7723.814899999998
680808.5694,6210.423000000068
681003.7902,27635.24330000009
681420.0432,0
681517.2836,4495.127899999963
681518.61,5189.899299999932
681993.037,5425.588920000009
682083.4147,9717.782899999991
682200.082,0
682324.6288,0
682489.1961,17022.374199999962
682497.9743,10973.472500000033
682787.1414,1749.267499999958
682792.8726,0
682851.2115,8242.575300000026
682989.3531,1041.7060000000056
683053.9365,4821.178499999922
683068.1637,8051.65830000001
683159.7449,4222.339500000002
683185.7912,2122.931099999929
683392.4627,0
683821.1475,21230.490299999947
683896.2427,2137.7365999999456
684148.1117,33409.75630000001
684221.6643,8365.732999999891
684393.2207,16016.391299999901
684630.2282,19162.875366666703
684633.6125,4603.97649999999
684705.8323,11233.738499999978
684754.9506,3672.4179000000004
684884.9337,30646.18040000007
685186.0749,3168.020200000028
685265.9519,7103.245200000005
685280.5914,9710.58440000005
685351.5787,2066.696099999943
685409.8811,9511.408700000029
685579.4173,33940.90209999995
685704.1238,23867.748399999924
685759.108,1080.7443000000203
685765.8175,2565.4294000000227
685989.4076,3207.7471999999834
686014.6576,2102.5230999999912
686082.1545,13052.345199999982
686170.8292,13996.201800000039
686393.7298,3904.805174999987
686422.1639,8312.840200000093
686521.2204,1497.4760999999708
686591.765,4532.681400000001
687042.5035,8464.591999999946
687417.9696,0
687473.6659,2749.1722999999765
687593.9706,4102.5527
687957.2244,1352.5238999999128
688023.504,25695.284999999916
688123.1075,3016.26390000002
688354.6836,3075.8125
688550.4177,1397.1019999999553
688976.5671,0
688999.1743,0
689070.5811,3260.149699999951
689563.5775,24388.77000000002
689893.2346,13407.162099999958
689922.483,9049.556899999967
690084.3495,1183.2543000000296
690305.3898,3605.1001000000397
690326.0836,6029.682400000049
690394.6005,1657.5407999999588
690468.6419,10564.48900000006
690740.5478,14971.857799999998
690779.173,40564.47139999992
690823.833,26345.527299999958
691324.3402,11359.80859999999
691612.754,1242.3650999999372
691871.6608,6436.584499999997
692401.0538,3437.5566999999573
692646.3815,2776.552800000063
692825.3824,4085.205399999977
692993.1723,9834.23219999997
692993.5511,0
693001.8823,5892.507800000021
693338.3533,14594.345099999919
693611.3777,0
693676.6789,7969.881900000037
694017.8624,3736.180399999954
694471.0967,3805.9614000000292
694564.8761,5154.283100000001
694657.1216,4264.07779999997
694662.7115,9403.787499999977
694971.2278,7031.648799999966
695149.3944,36845.12049999996
695450.2994,8625.320999999996
695556.6543,0
695575.2814,3932.63619999995
695587.4031,3604.6247999999905
695801.8392,11805.021300000022
695826.5833,5257.524200000102
696141.5437,12768.475600000005
696169.4655,5179.115100000054
696180.8975,0
696618.5571,0
696626.3337,14312.727099999902
696721.8145,5638.261599999969
696764.7572999999,0
696995.9479,5186.873900000006
697170.9444,7308.7815999999875
697175.5768,0
697259.9407,5123.555999999982
697490.5879,4877.181500000064
697596.9802,15112.499199999962
697726.0969,5931.702500000014
697746.2542,7905.569499999983
697985.6929,9104.322600000072
698226.0803,5914.38870000001
698537.4886,4960.292499999981
698608.1728,5480.22769999993
698812.9709,11531.544799999916
698911.7785,10767.613649999956
699488.8061,13463.438399999985
699548.5592,23046.717900000047
699752.7534,5135.554900000105
699857.8778,7013.0925999999745
700057.2493,4693.111200000043
700745.1141,17380.06229999999
700830.2,8892.262499999953
700973.9358,6984.353000000003
701094.5456,11026.125899999985
701381.613,20095.16949999996
701668.0395,7989.83739999996
701726.3383,15135.416399999987
701732.7994,8994.598699999973
701761.7667,10115.602700000047
701950.4417,5869.225099999923
702105.0764,25605.65490000008
702166.954,7623.373499999987
702199.3888,6270.5143999999855
702561.7376,8818.571600000025
702742.5198,6902.207900000038
702985.1044,6434.787899999996
703038.0852,8973.410999999964
703104.925,11375.28620000009
703413.591,8450.974000000046
703462.7809,7727.154100000043
703570.8401,14360.252325000009
703600.2689,8384.881200000062
703881.6659,9761.548000000068
704022.2735,15110.363000000012
704169.244,9653.882699999958
704232.2925,21955.040500000003
704448.0805,7653.748000000021
704560.6798,14257.33990000002
704608.6614,7906.151799999992
704908.64,15403.14320000005
705041.4306,11940.39419999998
705108.0022,0
705142.4344,10606.79150000005
705160.7534,4529.91810000001
705235.5348,10432.738400000031
705254.1228,8039.045099999988
705479.3334,17209.319900000002
705542.5173,11830.89049999998
705563.5546,8460.8419
705617.0713,7524.778599999961
705695.3912,13229.548899999936
705758.9126,12305.068900000071
705768.6457,6438.487199999974
705950.8323,7513.616500000004
706271.8844,10855.435999999987
706318.5553,4047.3409000000684
706388.9706,10866.809499999974
706404.4646,5232.5460999999195
706651.3273,9119.49179999996
706809.9062,9305.094399999944
706863.2666,14565.656399999978
707116.1294,6245.038100000005
707259.289,9668.529100000043
707285.987,11720.475199999986
707306.796,3770.916599999997
707821.1479,4115.164699999965
708000.4193,4188.087299999897
708292.5273,14283.681899999967
708527.7358,3794.6201000000583
708638.9828,4278.722300000023
708667.4582,5192.139300000039
708784.6372,7366.848699999973
708816.7764,5720.411800000002
708918.8556,8780.462700000033
709055.7566,6235.262600000016
709062.1998,5942.061699999962
709341.3472,23330.627399999998
709352.8285,2672.53609999991
709490.0374,2612.9712999999756
710028.04,23895.836100000073
710136.4031,8688.591000000015
710227.3171,7137.773999999976
710581.3031,15029.500899999985
710701.149,7198.880899999989
710893.2734,11786.045299999998
710960.5279,14122.763299999991
711321.5653,5768.401900000055
711564.9334,13361.814899999998
711666.6889,6229.508499999996
711766.7256,14720.170799999963
712055.9992,11565.385399999912
712127.2056,4752.377399999998
712686.3665,9461.325599999982
712779.3038,12195.43319999997
712815.2584,20403.103300000075
712846.7046,8114.561000000103
712979.3262,26240.040500000003
713086.2838,3849.8456000000006
713679.6392,5617.336999999941
713689.3547,4910.9357999999775
713808.0816,6324.582600000082
713957.3287,5903.957799999975
714143.909,18480.47569999995
714437.4854,6106.481700000004
715012.705,16776.900900000008
715293.2484,6489.044800000032
715441.1691,7062.8599000000395
715467.2596,17768.796899999958
716110.9021,4172.540299999993
716412.6067,5194.7817000000505
716498.674,16944.654300000053
716529.7498,6546.793199999956
716591.6671,11061.664499999955
716639.6015,15983.19299999997
716757.6162,9689.260300000082
716841.0615,3426.8110999999335
716991.8877,4374.164600000018
717054.5689,7116.890199999907
717560.2093,5006.212999999989
717942.6666,12433.878000000026
718030.6128,16565.626000000047
718715.5756,13802.549699999974
718909.3057,9658.40710000007
718920.8683,17053.017499999958
719184.5633,22211.128200000036
719332.2812,11156.75589999999
719502.7417,13097.32110000006
719520.558,6387.545500000007
719595.4598,6760.304699999979
719782.5792,5832.120100000058
720015.2434,10812.864800000098
720102.8744,6556.0760999999475
720741.8761,21775.3027
720770.3396,11186.603199999896
720776.5325,22871.63520000002
720776.9925,23501.485200000112
720897.2523,24212.161700000055
721156.8837,7263.342900000047
721287.1559,24544.603899999987
721310.7077,15555.441899999976
721431.8969,19345.219100000104
721496.8279,8101.570799999987
721558.7653,3540.326299999957
721687.4706,4150.816699999967
721796.8636,4571.910900000017
722623.2269,6665.895499999984
722728.3329,7618.373300000094
723043.7503,8100.489899999928
723336.6208,4464.715800000005
723374.6151,13992.262800000026
723741.8461,11820.9902
723767.2615,14321.389500000048
723947.1476,8439.603600000031
724071.63,5218.773200000054
724170.5427,5248.799800000037
724478.3174,8356.139500000048
724973.1522,13583.371799999964
725046.6247,17473.069000000018
725088.9684,6106.334200000041
725303.0514,20665.05779999995
725353.5545,15185.540449999971
725833.3028,4760.76939999999
725868.4747,6081.260800000047
725882.8059,6512.9804
725897.8904,9540.29150000005
725901.6733,13030.105100000044
726097.7284,12035.481499999994
726471.5031,18157.535000000033
726518.71,8059.745399999898
727064.4699,24950.953100000042
727322.7379,14905.039699999965
727325.7878,24568.5527
727336.8105,6821.216000000015
727412.5315,5302.042499999981
727593.3325,7262.307200000039
727727.1925,24549.420599999954
727795.7146,13366.508399999933
728258.4194,18459.843600000022
728603.5214,13110.322433333262
728605.4943,6406.597500000033
728708.8332,26376.65890000004
729168.1365,10040.34850000008
729225.3007,8087.868800000055
729280.586,7293.196100000059
729280.6527,6995.021999999997
729360.4582,10504.78059999994
729843.1754,619.9641999999294
729877.1397,27388.492200000095
730127.837,6830.23900000006
730155.86,12447.29039999994
730342.8042,10655.399600000004
730492.0379,6049.277000000002
731020.9887,11397.497899999958
731084.1906,5545.704299999983
731131.1327,6712.949799999944
731254.0465,23212.332900000038
731331.0296,0
731388.0535,5518.687600000063
731481.2285,19751.192199999932
731595.9582,19171.921399999992
731691.4116,1891.685199999949
731693.612,6500.791599999997
731855.7904,13344.31970000011
731861.2081,10171.394100000034
731873.0686,16964.891799999983
732442.8161,7146.930500000017
732488.5488,8025.1252666666405
732554.9633,4826.57349999994
732729.9427,7107.965500000049
732848.4225,741.4895000000251
732926.7612,18950.955799999996
733614.9167,18830.134299999918
733799.292,20114.044200000004
733926.5684,10846.560500000021
733960.1901,20892.436699999962
734059.9446,14640.078100000042
734147.858,12848.395299999975
734201.4656,14313.36089999997
734390.3826,20395.069900000002
734403.789,5767.86540000001
734482.8995,19893.457900000038
734714.6357,15679.332999999984
735048.482,0
735118.741,6603.132199999993
735198.0573,0
735288.5429,9229.627199999988
735326.8945,19958.47550000006
735526.423,0
735804.5378,7853.731600000057
735878.403,19789.348975000088
736202.4252,8699.459100000095
736205.5088,25202.598499999964
736302.2116,27087.02010000008
736303.4724,0
737332.168,10925.817599999951
737339.8939,17285.832900000038
737385.3212,25334.996000000043
737389.3717,25386.734000000055
737599.8989,29038.7463
737986.05,15496.315700000036
738001.9894,22046.267499999958
738202.4131,5562.803599999985
738208.5794,0
738310.2398,5460.3739999999525
738336.3399,12938.969299999997
738736.4754,8414.163300000015
738773.6211,14878.049600000028
739026.055,14943.611200000043
739337.7006,0
739371.431,32508.321099999943
739569.7694,13713.55859999999
739576.3754,11209.706600000034
739750.5518,6238.908900000039
739804.6141,0
739894.8986,9715.435199999949
740207.3715,14203.794200000004
740298.1056,6052.885000000009
740332.269,24204.753599999938
740606.6721,0
740608.7885,22.367100000032224
740645.5727,423.8726000000024
740761.495,10242.23880000005
740970.9551,9968.785600000061
741056.2729,42712.01939999999
741190.1531,17228.311699999962
741570.686,9289.954900000012
741578.5818,7819.4059000000125
741589.0689,7649.777099999948
742084.1976,9032.663899999927
742293.9445,26659.184699999983
742313.5685,11822.14750000008
742413.6466,16458.004499999923
742731.6946,9104.911700000055
742837.1566,22619.253000000026
742841.0387,7666.212700000033
742907.923,15451.77469999995
743008.7111,156.17399999999907
743296.6958,12110.969399999944
743304.5712,9047.107100000023
743383.1093,0
743427.9443,4596.009199999971
743485.8388,8689.67359999998
743611.5642,0
743860.0089,13833.736000000034
744017.2913,7521.789700000081
744070.0344,7614.334099999978
744620.3421,16247.98470000003
744757.8941,0
744797.6404,18708.501000000047
744826.0204,48153.5503
745053.1136,43260.59680000006
745059.3498,23044.22279999999
745348.6165,0
745431.3829,10863.321799999918
745632.2493,24642.510100000072
746083.5165,11417.938199999975
746146.2159,7909.148499999894
746346.4238,9373.96140000003
746348.8914,12863.32959999994
746763.9579,11404.25250000006
747287.6092,8447.832699999912
747346.8503,12183.32050000003
747462.7557,8393.838199999998
747705.1029,0
747715.0234,15797.053799999994
747749.7383,12647.2267
747834.2525,12147.063399999985
748060.0705,19898.419300000067
748150.4058,10657.475799999898
748432.2669,14620.189899999998
748473.1296,2678.4053999999305
748524.467,24110.02469999995
748690.488,16390.472100000014
748704.3271,14123.5331
748877.4695,14924.491900000023
748894.5736,8686.882600000012
749353.3799,0
750377.7029,10560.418500000029
750667.3104,21676.707133333315
750899.4165,11673.079900000012
751013.1972,8949.52780000004
751308.2304,15339.032299999963
751334.161,0
751535.4491,21448.320599999977
751538.7451,9607.298999999999
751617.8137,21549.88320000004
751682.4735,26216.86619999993
751754.8018,22759.215899999952
751788.637,8563.81640000001
752256.6796,11991.679600000032
752268.2692,10222.769699999946
752497.9535,15928.659599999897
752548.4673,0
752833.5026,21810.368600000045
752977.1097,4661.899300000048
753097.2348,21850.543599999975
753125.2695,8435.341600000043
753326.0856,33752.43480000005
753467.4159,760.8893999999855
753839.369,0
753999.2847,14851.879399999976
754832.5616,15677.893299999996
754863.2877,7439.276199999964
755334.4322,19661.95530000003
755341.7899,32366.449900000007
755366.282,8709.527899999986
755377.394,6503.000400000019
755506.6837,13530.161399999983
755518.8253,6355.572800000082
755653.5889,17102.088600000017
755810.9354,9822.978499999968
755849.8351,7914.102799999993
756277.8137,14731.585300000035
756628.5317,9206.111400000053
756762.3254,34465.89815000002
757055.7718,9017.635400000028
757198.6566,32019.144699999946
757277.3758,1283.5901833333774
757479.742,9912.838099999935
757548.5395,3849.098699999973
757571.931,5430.153700000024
757582.4262,5043.05819999997
757645.2388,970.7208000000101
757847.5963,10286.804400000023
757850.2429,13508.164899999974
758368.944,20333.838800000027
758598.0113,5949.6393999999855
758716.6797,20347.739700000035
758760.9606,5132.505299999961
758827.5324,17850.801800000016
758860.7569,6511.367500000051
759665.625,44738.995600000024
759871.799,14726.283700000029
759937.9826,18193.907999999938
759972.9849,7379.196300000069
760086.9371,25920.67590000003
760109.3151,4701.165299999993
760690.9855,3411.8783999999287
761080.7557,4300.6241000000155
761164.498,33509.50010000006
761392.5582,26151.738699999987
761508.631,5796.230800000019
761557.3604,10776.09990000003
761834.0099,4937.560599999968
761953.195,8568.617349999957
762005.7854,4120.58870000008
762263.5141,13877.722500000033
762302.7594,15926.023999999976
762892.0254,5517.438000000082
762900.3679,4247.025799999945
762934.3186,7595.559499999974
763235.2871,26953.313800000004
763561.4395,17757.31759999995
763628.3272,13803.559100000071
763909.6792,25890.094700000016
763984.86,14911.766700000037
764297.2845,12266.96809999994
765053.7715,10697.93040000007
765055.8805,7658.068800000008
765095.4774,7602.525000000023
765096.8542,13517.197599999956
765154.765,29339.3787
765175.794,7713.269800000009
765245.8646,10003.091199999908
765279.4416,22812.082000000053
765381.8903,5581.0098
765567.1609,4782.693399999989
765582.0436,6640.872199999983
765645.8152,9985.79449999996
765932.9929,18814.19849999994
766024.0966,6544.714800000074
766069.0687,5260.143899999908
766104.2552,12628.318300000043
766182.3744,11511.728499999968
766413.2033,9227.500700000091
766464.9829,17007.797799999942
766507.8831,3472.161199999973
766590.6962,11244.788659999962
766744.7853,14812.887699999963
766912.6448,4180.558300000033
766929.3844,11373.896300000022
767114.6374,11953.675999999978
767297.8309,5927.536599999992
767343.2805,9906.475699999952
767431.5664,5726.627899999963
767493.4733,735.0651000000071
767568.262,7400.114300000016
767611.2649,11414.995399999898
767621.0008,27407.79950000008
768032.2227,2494.9324999999953
768118.3605,3549.3077999999514
768196.3479,5607.668500000029
768359.0741,4355.510699999984
768615.3003,4498.521900000051
768620.1392,14837.484100000001
768743.1287,6479.715500000049
769187.0047,0
769276.852,6754.441299999948
769408.713,1841.9784999999683
770222.1739,27104.726800000062
770296.5483,37904.152
770413.6012,29185.650100000086
770477.7217,5095.211999999941
770507.5512,13121.772899999982
770661.4883,10685.920199999935
770672.6525,38432.41169999994
770733.4919,5039.316499999957
770797.3074,12744.103400000022
770922.4253,5918.477599999984
771390.2857,13091.849099999992
771399.751,5524.431700000074
771452.7845,6372.101199999917
771823.2907,1648.299100000062
771848.4788,12856.210500000045
771914.0759,5245.971600000048
771925.0881,5674.248500000103
772029.9902,17304.713299999945
772397.3091,3870.346399999922
772424.6704,4695.359199999948
772459.1672,7309.779600000009
772864.3026,9431.042600000044
773071.5275,9263.447799999965
773099.6052,6465.6711999999825
773110.9477,9771.806899999967
773440.4212,6604.228799999924
773537.3094,12531.03859999997
774076.1992,5641.094299999997
774266.5674,750.2068000000436
774324.5647,14520.721400000039
774392.8588,4621.1263000000035
774745.7784,4239.33759999997
774784.4892,6787.377099999925
774870.3466,7753.3296000000555
774966.5168,0
775064.1007,4989.506499999901
775333.5165,9595.016700000037
775366.3381,13068.025300000096
775599.4463,15408.958799999906
776023.8361,5389.972999999998
776177.0751,6743.072799999965
776212.7921,12310.484799999977
776260.3619,5073.8599000000395
776612.0731,16061.013099999982
776878.0192,6543.29449999996
777241.6619,12193.896399999969
777322.562,6761.389500000048
777397.844,13706.986100000096
777426.787,17789.27600000007
-----Simulation END-----
