-----Simulation 0-----
172894.2366,0
172978.4763,0
173057.87900000002,0
173520.1052,0
173522.2997,0
173628.5702,6725.544099999999
173692.0348,16610.566900000005
174148.1386,0
174298.8424,25649.872000000003
174346.4735,10689.147700000001
174364.7065,17023.096099999995
174392.0476,0
174412.644,0
174689.6255,0
174899.1722,21765.74179999999
175019.81949999998,0
175020.5237,0
176299.9643,0
176359.0469,18803.973999999987
176561.6444,0
177116.4868,4894.034000000014
177243.535,0
177295.9835,0
177489.5518,21220.050199999998
177780.322,0
177857.9902,0
178121.46,0
178247.5038,3349.2884000000195
178532.573,538.191599999991
178570.7292,0
178590.9155,17311.876699999993
178686.9873,0
178921.368,3744.2889999999898
178983.48369999998,0
179064.3455,0
179209.0046,0
179342.4136,34663.503
179476.0729,17236.88440000001
179591.7251,30962.274800000014
179605.6185,2340.467000000004
179936.1694,3473.333900000027
180262.4097,19161.08989999999
180303.3108,0
180876.1068,22619.877700000012
180905.456,0
180947.1318,62.711999999999534
181421.9009,0
181682.9988,11149.133499999996
181747.6882,15616.28880000001
182107.123,0
182217.1513,0
182233.7252,0
182479.0262,0
182787.1147,0
182797.3966,10921.3511
182981.6066,0
183128.6568,0
183262.3351,0
183291.1183,0
183392.3154,0
183416.3476,0
183543.1398,0
183731.5279,0
183788.1981,0
183847.7525,0
183961.3697,0
184090.0956,0
184280.8355,0
184317.5044,21369.040000000008
184940.2347,0
185292.3395,0
185299.4312,0
185709.4201,0
185978.0519,0
186065.6037,19348.431500000006
186313.1156,0
186442.8959,0
186492.515,0
186895.6517,0
186920.89299999998,0
187194.4916,0
187813.3523,0
187994.5732,0
188248.323,12721.017599999992
188455.4702,0
188473.1741,18500.557299999986
188488.09600000002,0
188740.8276,0
189008.1284,0
189259.3875,19030.48820000002
189318.0149,0
189538.9337,0
190090.4658,0
190259.4884,22188.223399999988
190277.4536,0
190336.66950000002,0
190835.3947,0
191231.1352,0
191311.3278,0
191371.1343,0
191498.402,0
191628.0783,0
191849.1263,0
191892.5331,0
191939.7137,30339.75629999998
192084.2018,0
192199.9089,0
192253.56949999998,0
192284.0944,12716.86970000001
192312.5917,23907.44219999999
192370.58179999999,0
192395.0723,0
192486.8194,13631.147400000016
192923.1992,0
192926.0686,0
193012.1508,0
193094.039,0
193548.0782,25430.17729999998
193884.1607,0
193935.3783,25254.549300000013
194032.8972,1075.9744000000064
194060.9591,0
194150.99839999998,0
194191.9025,0
194603.64429999999,0
194617.1285,0
194620.4498,0
194694.7108,0
194798.5205,8143.614600000001
195035.3657,0
195128.6441,1390.0967999999993
195321.9274,0
195357.50780000002,0
195702.3607,0
195774.79320000001,0
195871.4343,0
196716.2691,17798.915600000008
196805.9909,0
196868.974,26595.609799999977
197026.824,0
197160.9279,40341.9019
197179.4865,18781.679399999994
197335.9733,0
197896.0768,1751.936400000006
197915.3123,28413.522499999992
198010.9109,31238.1164
198105.7052,0
198200.9553,28409.858299999993
198227.0979,0
198488.6874,15824.947799999994
198516.7617,0
198556.4418,0
198601.8574,0
198900.7538,0
199112.6584,10368.075999999972
199161.7776,0
199369.8072,0
199451.4294,41633.246199999994
199677.85820000002,0
199758.5721,41729.607499999984
199798.372,0
199917.70620000002,0
200280.35139999999,0
200312.2366,16650.030700000003
200524.1095,29752.077966666664
200719.79989999998,0
201171.416,25596.816900000005
201177.5574,0
201292.8851,38434.00060000003
201314.2164,0
201360.5512,27997.53501666666
201755.8528,8537.70610000001
201820.2944,0
201913.3623,0
202053.8137,0
202103.1176,16235.87479999999
202177.2298,17855.612599999993
202463.8162,9212.986199999985
202662.1917,0
202676.0234,40226.3714
202734.9859,0
202902.088,0
202902.3712,23259.044599999994
202933.7694,0
202996.1581,0
203418.5713,0
203488.402,16641.495400000014
203644.9724,30579.144899999985
203710.6819,38041.5975
203733.46360000002,0
203922.6074,6818.761499999993
203937.6443,7091.717900000018
204014.5895,0
204065.9499,0
204076.9546,38338.897800000006
204164.5712,17887.156500000012
204420.7225,45340.46770000001
204561.833,4625.314600000012
204614.8609,0
204638.8245,0
204671.8755,19933.351999999984
204887.09470000002,0
204950.5795,17419.378199999977
204980.2592,3077.3714000000036
204993.0318,19216.36110000001
205072.5602,50814.11696666668
205236.3999,3667.3047999999835
205287.6543,0
205405.1411,0
205438.013,21005.34210000001
205453.1115,0
205708.7146,46639.00140000001
205941.3586,42824.30470000001
206001.7839,0
206113.9071,33918.51740000001
206221.3887,0
206587.5752,0
206633.8491,9681.477499999979
207185.9452,5295.19219999999
207203.9521,0
207311.4297,8770.833100000018
207335.8377,0
207392.8867,4951.624099999986
207437.9186,0
207633.3299,4564.700100000016
207722.3921,47469.934099999984
207807.9554,8877.944099999993
207928.8372,0
207997.7814,0
208506.8367,4315.070800000016
208509.1112,51395.556700000016
208545.1694,7782.440500000026
208565.5682,11546.593200000003
208923.7011,0
209039.6944,10247.466400000005
209246.251,0
209390.80060000002,0
209667.3471,46574.3431
210016.7252,0
210405.2754,34095.284200000024
210545.5024,0
210553.4818,0
210706.0209,49658.43410000001
210772.483,5987.839600000007
211017.4351,18174.45199999999
211236.9154,46480.51004999998
211269.5744,27306.557100000005
211310.6902,0
211418.744,0
211748.6557,34661.55096666666
211937.8476,11471.272599999997
212175.0728,28799.52959999998
212187.3514,15405.13890000002
212338.6892,0
212447.4778,0
212622.5863,23013.86069999999
213264.8518,0
213728.6664,43694.30919999999
213839.3745,0
213933.8341,19285.752300000022
214137.8738,44173.41810000001
214318.65748333334,0
214425.8916,15033.949500000017
214697.2593,0
214797.1396,1671.2069999999949
214923.5988,26498.561600000015
214955.4176,39289.20789999998
215152.2494,24334.086299999995
215337.4939,0
215973.0722,0
216018.1606,0
216291.3128,25163.158200000005
216355.6026,14641.085700000025
216380.534,17435.36930000002
216496.9271,49632.2794
216695.5387,0
216742.9141,7951.806600000011
216778.8522,0
216996.09,0
217546.0953,0
217768.2514,8200.350600000005
217873.9437,0
217982.3065,0
218153.202,39347.2672
218296.8283,22508.7034
218958.61479999998,0
219671.883,53921.75098333333
219877.92855,0
219921.4224,22940.098300000012
219997.7401,34369.013600000006
220617.77980000002,0
220620.6522,0
220678.4512,0
220748.5412,22216.695399999997
220792.03960000002,0
220802.771,0
220900.3391,1072.3531000000075
220956.16613333335,0
221204.8279,0
221694.5374,46919.1403
222094.5265,0
222197.5865,0
222341.26,0
222426.6337,0
222525.0661,0
222675.3694,0
222701.6338,25000.724199999997
222715.7876,31745.99160000001
222868.9018,40044.47749999998
223143.646,25508.95180000001
223460.1848,0
223676.6516,22452.881400000013
223688.925,26977.49449999997
223993.9023,44755.2592
224000.7039,34008.1649
224101.064,0
224152.97090000001,0
224376.5935,37599.4418
224742.8113,7810.626099999994
225026.0712,0
225054.74959999998,0
225622.3452,0
225835.9372,0
225903.9571,0
226956.7343,1220.4939000000013
227058.1777,0
227236.1202,0
227245.6457,0
227283.7824,0
227330.4601,0
227361.7379,0
227435.3639,21521.282799999986
227793.2278,35117.6385
228031.52258333334,0
228425.2424,0
228477.7107,22766.727400000003
229202.1556,9811.564699999988
229357.083,16624.842200000014
229671.2409,0
230279.7795,6705.897800000006
230314.4069,7662.162299999996
230420.342,21190.61540000001
230513.2563,0
230587.7436,41532.75629999998
230770.7374,33740.00820000001
231122.0227,2921.1595999999845
231248.0361,30084.433699999994
231624.6487,0
231725.1433,0
231779.3292,0
231964.3295,0
232073.3511,45584.23000000001
232189.88199999998,0
232202.8972,30769.477899999998
232259.9486,0
232387.8617,53026.633033333346
232552.9471,19694.973299999983
232606.7156,207.65659999998752
232617.4835,0
232933.71769999998,0
233348.2001,0
233391.2872,0
233995.10249999998,0
234332.8733,47599.053199999995
234456.9463,25976.6526
234571.6481,0
235006.0046,0
235107.3905,20822.7745
235198.7136,28913.843199999974
235221.3926,21541.214299999992
235596.293,0
235766.8568,0
235904.1177,0
236481.108,47270.326499999996
236574.9637,13981.811300000001
237193.0449,4269.368900000001
237379.0263,14089.3229
238087.83436666668,0
238176.37949999998,0
238417.5087,0
238611.92680000002,0
239517.5267,25292.666499999992
239777.7152,20301.758700000006
239984.2462,3313.3291000000027
240156.1719,16038.67789999998
240300.2805,2878.968499999988
240458.2528,0
240590.1982,47450.77905000001
241005.2326,0
241039.1911,1405.6236999999965
241265.5394,26759.350800000015
241274.598,5620.641499999998
241485.5888,0
241904.442,0
242108.19280000002,0
242147.4305,35624.45339999997
242178.3868,0
242842.01559999998,0
242869.1478,17059.734599999996
243087.2533,0
243270.6779,29612.217600000004
243654.3215,0
244285.927,14664.69279999999
244374.3948,0
244569.715,0
244744.3016,8446.066200000001
245075.1791,1412.3202000000165
245153.2399,0
245808.1726,0
245890.1791,5717.408200000005
246267.8265,0
246289.3054,0
246446.1865,0
246727.6984,46699.21969999999
246884.1529,4101.623099999997
247414.6303,0
247777.3068,0
247927.7649,31498.43498333334
247964.3753,9165.385900000023
248129.62099999998,0
248152.0845,0
248281.4986,0
248331.2873,30205.30659999998
248579.1662,0
248636.8426,1723.119000000006
248981.3699,0
248986.0595,0
249542.8633,0
249557.4772,0
249816.6304,16981.51999999999
249907.3289,0
250404.6296,0
250533.326,0
250544.6514,38954.388999999996
250581.41,0
250595.2272,0
251041.1664,10826.77429999999
251146.6668,6141.988299999997
251683.2701,30400.976800000004
251714.7844,0
252116.245,9044.213400000008
252663.2728,21420.997300000017
252819.0519,0
253091.9088,47360.77070000002
253224.3604,6884.124299999996
253336.7366,1708.5929999999935
253419.3919,0
253660.37,0
253897.953,28347.898400000005
253921.7342,0
254026.4359,15277.3744
254271.0268,14537.529699999985
254376.2323,8200.210500000016
254445.7798,0
254527.4642,28923.009499999986
254604.4449,0
255039.5141,10747.331399999995
255417.2313,35274.32460000002
255738.4135,0
255749.6596,0
255922.1853,27406.39200000002
255952.5535,2599.4501000000164
256214.8112,0
256288.9203,0
256328.2928,0
256484.7176,4353.438500000018
256530.5317,38720.7537
256763.3686,6998.733899999992
256844.2171,26377.02530000001
256981.31,6502.014999999985
257205.7168,0
257541.6915,35863.46099999998
257554.257,5545.051600000006
257744.3173,0
257784.1834,0
257886.6382,5802.3904999999795
257891.1898,28297.208199999994
257998.7823,0
258094.2483,0
258187.3666,12244.237699999998
258470.1415,2313.84580000001
258692.87410000002,0
258753.1244,0
258883.1977,0
258976.8826,0
259497.1489,0
259571.0412,18444.071400000015
259599.6689,4912.994799999986
259632.16019999998,0
260095.2424,7533.9870999999985
260177.8631,0
260381.0287,0
260523.7004,0
260752.23249999998,0
260999.1507,0
261032.4208,26297.611600000004
261197.8032,0
261771.1206,13853.39479999998
262079.4589,0
262341.26769999997,0
262385.2293,12899.309000000008
262473.0218,0
262572.9615,0
263084.0114,1262.4489000000176
263336.8811,0
263411.2361,28743.451499999966
263546.1902,10921.1483
263637.9115,0
263777.8754,21163.084900000016
264025.8441,0
264094.7912,3685.2219999999797
264095.3556,0
264241.5954,3253.4073999999964
264717.1063,0
264872.8879,2875.054999999964
264908.1113,26131.85579999999
264986.7746,0
265309.7749,3321.9313000000257
265568.6049,0
265655.515,0
265851.4256,0
265920.7439,0
265981.5837,0
266104.0212,0
266292.3013,0
266309.7505,0
266437.9884,36508.56349999996
266784.0147,0
267260.2183,0
267292.1971,0
267365.7734,36804.9179
267468.2829,0
267506.9324,0
267669.6019,0
267856.7362,26312.797899999976
268021.0068,40963.18996666663
268329.6539,0
268355.1321,0
268585.6584,20071.605900000024
269122.4784,0
269133.7631,0
269463.2572,0
269500.90020000003,0
269510.453,0
269545.9814,3537.4446999999927
269660.7898,788.4513000000152
269781.6556,16544.441099999996
269906.274,0
270225.9395,0
270405.74,0
270538.596,0
270681.3315,0
270936.6728,5309.85560000001
270986.4885,0
270993.6442,0
271053.8624,5610.910199999984
271264.7825,14944.266199999984
271391.11,33910.89659999998
271512.2394,0
271626.7788,0
271871.8513,0
271981.4252,0
272050.4543,0
272058.2973,37311.58269999997
272393.1328,5352.055900000036
272541.0566,0
272680.6513,0
272736.4734,12317.95530000003
272960.3813,0
273024.9068,14191.64009999999
273042.9732,0
273049.9454,14318.341600000014
273090.9894,0
273091.2504,22115.411100000027
273167.3318,0
273267.9775,2383.0187999999616
273329.334,22203.851399999985
273428.3543,37207.18503333334
273583.5424,1115.250299999956
273595.7719,0
273630.0292,24986.29699999999
273675.24340000004,0
273852.66229999997,0
273981.836,0
273985.404,0
274084.8679,38178.010500000004
274315.3407,0
274486.918,1602.8632000000216
274548.397,26599.08679999999
274568.2081,0
274619.0788,40286.266
274709.7176,0
274715.8604,0
274842.141,16969.939500000008
275108.5723,18012.825100000016
275260.1165,0
275266.0548,0
275606.3775,0
275725.2757,0
275818.1738,8365.573800000013
275823.2082,0
275859.0654,8006.160100000037
275936.6833,20033.09209999998
276225.3014,9866.806400000001
276596.548,19602.36380000002
276758.1701,0
276813.5278,4472.294899999979
276850.2799,0
276891.5575,0
277014.5979,1619.9290000000037
277017.3363,0
277031.5886,0
277097.5638,0
277221.8911,17600.522800000006
277878.2394,24249.89903333335
277934.681,8914.575099999958
277971.9257,2957.244800000044
277980.2898,0
278015.7291,0
278054.5693,1397.49099999998
278200.857,0
278204.7914,42807.971033333335
278262.7042,0
278290.0608,0
278324.7224,16117.670300000056
278325.1082,41117.75980000003
278407.9584,15789.83030000003
278445.4796,1676.406500000041
278754.4698,0
278904.6281,0
278990.9248,35769.591599999985
279067.0892,0
279102.073,0
279270.3262,0
279336.3708,23307.176399999968
279391.4832,0
279477.8187,16902.159800000023
279552.8102,0
279562.1874,7773.105299999996
279575.8912,0
279626.7356,39167.92200000002
279678.1642,0
279746.9156,20219.114300000016
279825.7808,0
279893.1675,0
280044.3974,0
280154.936,7495.349099999992
280200.2266,0
280332.8685,0
280533.395,22079.449800000002
280609.1614,42918.41499999998
280938.3157,3679.3420999999507
281094.2851,7423.420400000003
281223.4206,0
281297.8515,22931.971099999995
281395.8232,0
281505.9483,0
281510.5798,0
281646.6274,0
281988.9566,544.9824999999837
282075.8349,0
282255.77760000003,0
282357.0637,9162.42810000002
282514.1768,0
282624.7176,15286.077699999965
283789.5036,148.45860000001267
283826.0114,0
283914.6684,0
284036.4257,0
284324.5196,37068.6667
284936.9056,0
284976.5972,0
285411.966,46056.739700000006
285513.431,0
285564.042,0
285758.0191,13234.717399999965
286032.0938,8433.8701
286152.6571,0
286174.04839999997,0
286237.9798,0
286238.5496,0
286314.5649,0
286752.13029999996,0
286854.5545,19423.65550000005
286893.2903,0
286930.0539,0
286996.7073,43567.8829
287208.9422,26311.875100000005
287331.2183,0
287360.7027,0
287429.2791,0
287649.2482,12658.330799999996
287701.621,17563.957983333326
287729.914,0
287774.8592,0
287783.6476,0
288037.3352,21935.687016666634
288073.8848,0
288086.1557,25368.36810000002
288107.778,5169.016000000003
288317.2185,28918.10460000002
288448.1271,0
288662.9078,44350.34659999999
288669.173,0
289626.9218,29327.989500000025
289699.1121,0
289861.5294,0
289875.4373,37226.91499999998
289921.3567,0
290050.8176,50242.048300000024
290414.228,0
290507.1515,0
290554.2754,0
290688.6708,4872.443700000003
290822.7671,0
291009.6736,14389.703199999989
291311.9191,0
291372.471,0
291561.2795,952.0488999999943
291576.5394,40495.831600000005
291796.9175,19830.137199999997
291983.0571,0
292081.4624,0
292113.4336,0
292555.3543,0
292847.7616,49838.74700000003
292868.6675,0
292938.1906,9040.600699999952
292946.4006,6950.064199999964
293050.7894,0
293198.2652,0
293525.0212,0
294068.2736,20827.607100000023
294125.6829,0
294418.3838,51597.34820000001
294589.6232,16877.118299999973
294646.9718,0
294707.6083,0
294980.1782,36788.233600000036
295054.7258,0
295120.5218,3799.4120999999577
295237.5875,0
295402.0797,13691.706600000034
295454.3549,47782.08589999998
295785.0555,0
295940.0955,7016.005799999984
295960.5452,0
296242.8264,0
296259.7225,21252.127299999993
296330.4874,31277.647200000007
296332.458,0
296437.1568,0
296502.9215,52827.177999999985
296623.6109,50268.03900000002
296770.2789,0
297041.0717,6446.2513000000035
297079.6325,0
297543.3871,17847.425300000003
297670.6574,4477.768500000006
297713.5268,0
298447.2821,0
298584.9495,0
298758.6264,22788.32540000003
298774.6375,0
298801.15,51746.282400000026
299276.8597,38764.76919999998
299659.5149,0
299763.3179,51624.633033333346
299853.9343,21886.034600000014
300165.45160000003,0
300493.971,0
300570.8459,40192.66630000001
300597.1372,0
300692.0042,15664.44080000004
300775.8075,0
300819.727,41183.9161
301034.0112,16388.71179999999
301545.67949999997,0
301649.8027,0
301669.73,21253.727199999965
301773.7603,0
301801.4893,0
301985.7044,0
302203.4157,0
302264.6238,0
302271.79839999997,0
302507.7083,0
302684.1275,663.5760000000009
302685.2464,0
303022.419,0
303207.0196,0
303224.4091,0
303359.8349,0
303459.86120000004,0
303882.9665,0
303929.2794,1951.3951000000234
303966.6721,0
304134.2851,656.5769833333325
304210.8942,51016.354049999994
304221.1273,0
304223.7592,0
304274.8039,0
304322.49309999996,0
304683.453,0
304956.5908,0
305119.5651,396.8730000000214
305124.7442,36496.4889
305255.6117,46363.255000000005
305420.3201,0
305686.1747,0
305898.4183,0
306167.9704,47663.11499999999
306471.1821,0
306567.3657,690.8250000000116
306725.6003,15855.048999999999
306905.5707,20286.759499999986
307087.2011,0
307527.31830000004,0
307764.7802,27099.22529999999
307892.5243,26479.49239999999
308484.2581,0
308510.2208,0
308858.9456,0
308867.2602,0
308915.7377,43195.83059999999
308927.6491,0
309238.9602,14248.61129999999
309298.8811,32371.89809999999
309448.4519,22767.428199999966
309471.3644,0
309934.1974,0
310032.71,42721.86050000001
310223.8556,50098.569950000005
310272.0185,27233.855299999996
310745.6999,0
310839.5813,24206.843900000036
311068.9939,38959.174699999974
311073.8636,48157.78301666665
311173.0044,7900.869799999986
311455.2245,0
311702.3882,47463.72901666665
312115.8714,9160.793000000005
312279.1536,46508.441500000015
312380.97380000004,0
312651.6608,50538.970033333346
312830.9765,0
313049.3351,25232.281000000017
313324.0834,0
313452.1979,0
313471.9568,0
314081.63670000003,0
314101.9709,0
314331.8894,0
314718.7931,27490.76510000002
314847.7998,2503.112599999993
315011.9816,25299.717400000023
315393.7646,0
315643.9406,12136.711999999941
316125.7025,692.1270000000368
316276.7463,0
316746.629,0
316821.3974,0
317665.0249,42.08790000004228
317845.3283,2999.8228000000236
318237.9818,0
318273.6296,0
318881.1854,0
319020.9305,11448.48570000002
319173.5538,0
319179.1039,0
319240.1082,16330.254200000025
319793.6669,0
319798.9893,9090.161599999992
320020.6657,0
320806.1377,0
320947.627,0
321186.2162,0
321506.2346,49116.6802
321628.2317,0
321806.9072,0
321993.0223,150.26500000001397
322613.6696,0
322789.9479,28644.337900000042
322987.6112,0
323114.981,31449.45000000001
323197.1461,0
323271.9974,19317.323900000018
323435.7715,2753.7198999999673
323650.4954,99.75459999998566
323811.575,21781.480299999996
323819.4488,9163.369999999995
324315.5589,44999.13280000002
324376.0021,43478.00510000001
324393.5489,0
324665.58019999997,0
324884.38049999997,0
325201.6783,0
325229.1898,0
325583.7051,23520.996966666717
325938.3797,26964.48330000002
326293.6197,13020.0772
326450.0726,0
326519.009,0
326580.7109,19090.41320000001
326799.9645,11744.25469999999
326931.9635,19684.870600000024
327178.8688,0
327310.5862,18029.433100000024
327396.4981,0
327708.4825,23134.026033333328
327839.1688,0
327839.97880000004,0
328156.6446,13098.901699999988
328211.8083,1318.4155000000028
328215.033,8902.057983333303
328335.9928,18748.592400000023
328430.0363,33523.95899999997
329123.7638,0
329440.1589,5844.723399999959
329609.8214,0
329613.5064,19369.71100000001
329642.2148,0
329764.4573,6417.999300000025
329851.5884,5785.841000000015
330128.6479,38141.78659999999
330149.9103,0
330307.5949,2749.357400000037
330713.1456,51984.916949999984
331149.3851,0
331205.7378,0
331440.9754,0
331990.10010000004,0
332088.2882,0
332511.9293,0
332993.7026,15017.870400000014
333399.3674,22339.963049999962
333522.08030000003,0
333581.9103,0
334320.2703,0
335285.77509999997,0
335322.0611,0
335439.7246,0
335593.1596,0
335701.1311,19277.974199999997
335734.0249,18904.695000000007
336251.1309,23044.44101666665
337744.9217,0
337748.88049999997,0
338051.7722,0
338369.5146,0
338600.94539999997,0
338765.5157,22692.2365
339042.7787,0
339073.2865,0
339448.0658,0
339638.2535,18737.500100000005
339721.7803,23067.594999999972
340311.0487,22980.310016666655
340384.5051,0
340448.573,0
340655.228,0
340765.208,0
340810.8422,16411.124950000027
340851.0452,0
341180.9131,14085.762800000026
341422.8897,16264.86109999998
341484.884,0
341573.9768,0
342192.5757,46626.86829999997
342263.9315,0
342698.08019999997,0
343342.1281,0
343458.0714,0
343738.1069,0
343883.1297,27462.369799999986
343992.9433,0
344049.4437,0
344356.3646,31094.013033333293
344369.2427,10064.864699999976
344445.626,16879.51879999996
344445.8576,4835.35560000001
344496.8991,0
344541.2714,20756.646300000022
344695.4525,0
344794.5077,0
344938.5653,0
345057.2732,0
345311.1906,22606.898033333302
345523.3571,0
345732.631,0
345978.4804,12316.85129999998
345978.5402,0
346300.3899,0
346443.5142,0
346575.931,18558.606899999955
346685.39639999997,0
346783.779,0
346886.34,12413.527900000045
346905.5929,13407.778300000005
347301.07660000003,0
347784.1539,0
347998.90989999997,0
348139.4174,18736.61869999999
348142.6828,31963.154966666654
348237.2979,0
348265.2111,0
348374.58030000003,0
348437.5916,0
348658.4261,25718.599499999953
348750.1859,0
349009.5592,0
349072.9829,0
349244.9127,12349.343300000008
349297.1848,0
349583.7177,0
349794.2847,7355.809100000013
349835.638,0
350058.17949999997,0
350328.1216,6360.185800000036
350426.6652,0
350466.6416,0
350580.86699999997,0
350826.169,0
351314.3632,0
351674.9646,0
352486.7422,0
352783.0122,486.78039999998873
352815.14639999997,0
352947.7534,0
353067.9903,535.5915999999852
353222.7636,0
353296.3132,0
353536.7074,5004.0772
353708.4704,0
353821.1764,0
354032.5217,18244.07819999999
354162.73699999996,0
354327.8264,0
354438.5168,13038.68696666666
354567.5287,7031.965599999996
354708.3063,0
354713.8648,0
354783.2503,14535.451700000034
355867.3163,0
355923.0229,0
356086.2478,0
356208.9096,0
356497.7554,0
356589.6037,29567.4939
357426.9396,0
357437.3699,13564.908999999985
357850.9814,0
358028.7569,0
358167.6938,2775.943399999989
358195.7143,18576.95669999998
358247.3371,0
358262.2252,0
358418.3814,4861.21669999999
358422.3189,37712.70698333334
358452.8733,18322.06839999999
358666.0251,21667.667400000035
358905.4372,0
359114.2403,32948.182900000014
359321.5625,0
359558.07050000003,0
359560.8741,33990.196800000034
359715.9953,0
359719.5491,0
359741.508,5634.418099999952
359763.3273,36002.244400000025
359874.17220000003,0
360027.8841,29698.095700000005
360121.8209,0
360295.1223,18180.243099999963
360341.2617,4138.641399999964
360361.9034,0
360425.0399,22416.31719999999
360481.5141,17975.548099999956
360489.95519999997,0
360561.6126,25156.822983333317
360580.3325,0
360703.9541,0
360731.8763,28776.808100000024
360965.8084,0
361201.3648,3833.963699999964
361206.7042,34124.68203333329
361380.31440000003,0
362105.5839,17775.116900000023
362197.5075,0
362287.4285,24607.503800000006
362299.6141,0
362352.4143,0
362631.4763,0
362669.8341,12460.950699999987
362686.4443,0
362831.763,19283.725199999986
362987.8446,0
363165.7154,0
363333.9013,0
363412.7003,37244.03720000002
363423.9363,1863.6098999999813
363771.6444,0
364116.3148,3175.060599999968
364275.7425,13097.52350000001
364302.5702,0
364399.0826,41518.714016666694
364730.9648,0
365008.6259,0
365273.835,0
365350.28859999997,0
365529.5951,0
365599.1384,0
365599.9134,0
365857.6988,0
365887.5512,17322.758299999987
366323.8249,0
366459.8375,17222.425600000017
366676.5638,0
366809.8562,0
366951.3983,6428.895599999989
366987.9765,0
367102.2921,0
367187.8812,0
367252.5982,0
367393.39,12103.839399999997
367430.6738,0
367615.3077,0
367653.9667,0
367930.6814,0
367948.3105,0
367988.2686,36365.4007
368001.6834,27186.29204999999
368146.4474,0
368178.4348,0
368250.9219,0
368266.6643,0
368356.4288,14593.950000000012
368553.72849999997,0
368684.6818,42480.84050000005
368926.4351,39054.135950000025
369138.5769,0
369162.3877,0
369226.2035,20785.43570000003
369341.8741,10019.326899999985
369365.4114,10585.772999999986
369544.9816,0
369561.7215,0
369636.84239999996,0
369655.8968,0
369676.2891,0
369886.6987,19690.079299999983
370714.0378,22719.247800000012
370736.7952,0
370805.4215,0
370871.7639,39766.6802
370883.5888,20017.49330000003
370934.7099,28972.081999999995
371124.35109999997,0
371134.93700000003,0
371191.33389999997,0
371839.9668,0
372109.1531,41995.41930000001
372193.6812,12332.264599999995
372288.8329,0
372316.3152,0
372379.1317,0
372584.0639,41604.856033333344
372673.16969999997,0
372698.9426,0
372824.5008,24038.0294
372825.3218,0
372890.5347,4148.990000000049
373232.43,24969.55190000002
373262.3163,0
373298.5547,29352.506966666668
373380.1499,24033.3615
373931.4012,26190.751100000052
374000.728,31073.364100000006
374117.1783,0
374375.0249,25619.172699999996
374394.2394,0
374504.42590000003,0
375179.031,0
375258.9417,16774.52190000005
375835.0467,12950.205699999991
376186.3511,7250.915700000012
376262.2081,0
376700.52410000004,0
376713.7116,0
377044.147,0
377129.9682,15705.28879999998
377228.1995,0
377489.5604,22163.583700000017
377506.2935,5168.536700000055
377605.5467,40524.6544
377666.9806,0
377690.0287,0
377958.9781,0
378065.448,50470.15301666665
378772.521,0
378919.6103,0
378953.2144,0
379268.0174,0
379340.81810000003,0
379394.2292,0
379859.4337,45005.85460000002
379968.7163,0
380231.9302,0
380597.7898,10143.755800000043
380883.4571,30712.864699999976
381064.4761,19349.324300000037
381098.1158,0
381195.61710000003,0
381206.7756,0
381324.9091,34256.0282
381358.1076,6529.04859999998
381569.2369,18739.96490000002
381686.0636,26113.438199999975
381776.5571,0
381881.0812,0
382087.2793,0
382267.71270000003,0
382466.136,47066.919799999974
382567.20550000004,0
382579.88670000003,0
382604.3352,0
382607.0443,20291.370900000038
382617.7237,57489.64519999997
382847.4617,51143.61349999998
383185.6405,57262.16109999997
383265.918,0
383473.4854,0
383509.80689999997,0
383947.5067,0
384025.0957,2491.521300000022
384081.5723,38289.96399999998
384587.2864,0
384825.8786,0
384956.3571,13730.872200000042
385009.928,0
385352.8284,23895.20569999999
385404.30079999997,0
385425.8166,0
385621.3674,3377.083500000008
385716.7972,23924.783299999952
385795.0348,0
385806.0109,0
385927.6766,0
385972.2957,0
386038.7606,3565.2880000000005
386049.645,0
386056.1822,17018.21789999999
386074.3426,15791.992399999988
386109.8705,0
386342.5072,102.59110000001965
386394.7106,0
386528.037,0
386585.582,37616.051800000016
386693.27760000003,0
386789.1218,3734.622700000007
386987.4718,0
387144.1058,0
387245.591,46703.35440000001
388137.4232,0
388201.97490000003,0
388232.4556,35589.840599999996
388764.8208,4469.007799999963
388948.4697,50579.674100000004
389025.6475,60208.556033333356
389766.7304,0
389775.6208,41525.534199999995
390420.4677,24528.873399999982
390882.6139,0
391036.6186,0
391091.6666,11921.79700000002
391664.3472,10291.814600000042
391678.6795,0
391965.4459,58273.158799999976
392025.2451,9205.409400000004
392141.7219,39085.49729999999
392186.5804,51860.616299999994
392225.4968,0
392275.4769,28851.46299999999
392334.8084,47854.90299999999
392378.549,29532.035700000008
392979.873,6462.671800000011
392987.4811,24592.853699999978
393026.9574,59622.24090000003
393173.8942,59682.366899999965
393175.2035,46917.81109999999
393519.34880000004,0
393581.1699,12912.950599999982
394029.6757,0
394073.4667,0
394172.0822,0
394233.6342,0
394717.8116,0
394956.7061,13364.843200000003
395064.3017,11817.23000000004
395075.3233,38696.72590000002
395386.3692,0
395681.2771,0
395765.8244,0
395978.0093,0
396008.9329,840.3652000000002
396029.5102,0
396158.7679,0
396527.2485,0
396759.9049,0
396874.277,23634.87790000002
396889.4267,0
397204.13639999996,0
397313.4252,17995.576899999985
397335.8156,47920.15339999995
397379.2459,0
397484.8206,22630.09349999996
397751.3646,35923.0943
397923.0583,0
398107.3156,0
398296.3756,0
398303.4731,0
398584.9818,0
398615.3021,0
398640.6458,32674.618199999968
399013.5724,0
399277.4581,0
399288.1531,0
399343.1922,57365.814983333345
399801.75049999997,0
400021.5378,0
400210.614,19816.798699999985
400255.0758,3034.853400000022
400303.8294,28704.137699999963
400309.3014,0
400413.8994,17299.985999999975
400470.3574,13356.219400000002
400603.6551,0
400677.0343,8055.610999999975
400707.334,58562.460983333294
400720.9804,34487.6704
400849.9446,0
400886.4023,2010.3780166666838
401292.7491,0
401401.8774,49173.82169999997
401467.3262,33343.870200000005
401585.9661,0
401648.8453,0
401696.5809,0
401719.6229,0
402001.3546,29510.147600000026
402082.0299,46490.95080000005
403353.08,11649.303600000043
403423.9166,20402.038
404453.62,26845.96710000001
404486.127,0
404747.74199999997,0
404754.4066,2702.350199999986
404952.3428,41578.957200000004
405151.3303,16303.847499999974
405424.14509999997,0
405986.4254,0
406156.7803,39329.87699999998
406224.6516,29098.171499999997
406245.6232,4826.205299999972
406623.6978,36743.52189999999
407135.6838,35234.18489999999
407276.297,23667.935400000017
407544.9737,0
407574.7199,53139.333966666716
407938.8848,17780.346299999976
408115.9901,0
408464.1728,24497.71059999999
408850.5968,34766.87839999999
408863.458,0
408884.927,0
408958.25560000003,0
409038.4938,0
409174.8308,27043.534016666643
409806.0922,17926.941700000025
409945.3046,45686.78649999999
410455.7042,14309.667799999996
410845.1335,0
411117.0388,42930.15339999995
411127.1013,0
411450.7627,2169.248500000045
411870.6036,0
412207.0786,0
412275.3,33648.06099999999
412288.6988,3781.846300000034
412668.6005,4712.166966666642
412950.6958,0
413022.7489,26780.99080000003
413041.7868,2298.588800000027
413075.655,39459.266
413143.0303,0
413287.6992,24061.653499999957
413674.256,0
413809.8183,25169.977000000014
414009.7398,10944.661800000002
414054.8635,35418.51389999996
414462.7706,0
414941.7235,0
415015.5424,5015.990899999975
415054.1008,5014.829800000007
415221.4372,0
415260.54110000003,0
415419.1967,0
415752.1357,1612.3248000000021
416515.2779,3668.0847000000067
416949.345,0
417481.6719,0
417722.0833,22166.508299999987
418261.4476,0
418307.1859,7668.950799999991
418452.7811,0
418815.4662,9521.78601666668
419415.602,0
419484.1459,5172.718899999978
419603.6672,1536.279300000053
419606.5099,4882.500700000033
419975.8748,0
420046.4064,0
420330.973,52258.40749999997
420649.9013,0
421001.0176,0
421026.8418,0
421128.6238,1377.5469000000157
421297.1296,0
421511.1219,0
421530.7961,7679.121199999994
421590.3429,47360.926600000006
421963.183,5839.377600000007
422180.1448,0
422205.9956,0
422324.0358,18829.046299999987
422560.2527,8957.332983333326
422699.2375,26253.175966666662
422946.4353,0
422976.9014,4450.419399999955
423246.9629,23916.022599999967
423418.2912,0
423477.4841,30801.335199999972
424027.7522,27740.336899999995
424396.8957,12048.18319999997
424406.5995,0
424439.7021,0
424476.1361,32269.12930000003
424573.8288,0
424725.9363,11895.247499999998
424958.5921,36479.0515
424972.3757,0
425327.3283,0
425339.3473,0
425436.3717,0
425648.1905,3850.6889000000083
425731.3508,29373.885600000038
425899.6246,4501.852199999965
426033.9148,0
426400.7064,0
426473.0405,0
426478.0013,13675.079599999997
426549.3252,29396.629200000025
426767.4334,0
426819.5014,7330.2895000000135
426880.967,0
427004.7606,0
427405.5809,0
427571.9928,0
427599.7614,0
427811.6659,20196.88790000003
427847.2412,4943.022400000016
427994.5205,0
428082.4916,0
428130.0744,0
428271.5073,29665.517899999977
428374.904,0
428427.8377,29230.13499999995
428481.3045,1877.678600000043
428575.1471,0
428769.4467,0
429101.6332,0
429112.8342,12173.285999999964
429563.5232,0
429800.9645,0
430142.8478,9238.849600000016
430431.7429,0
430463.6578,736.7773000000161
430484.1326,0
430706.1898,3469.4285999999847
430779.8271,35101.673499999975
430948.3285,0
431203.7691,0
431679.0449,0
431706.1064,0
431786.4085,0
432079.6734,2329.733033333381
432255.2709,0
432320.5228,0
432400.7753,0
432497.8687,734.9815999999992
432603.8335,0
432635.4136,17652.153500000015
432712.6716,27910.8934
433047.8049,0
433175.2611,0
433582.5835,0
433875.7548,0
433952.3799,0
434261.3397,0
434329.1924,0
434422.0699,0
435160.4448,27601.4093
435374.4715,12886.738399999973
435555.9595,0
435644.8646,0
435677.038,13877.257700000016
435794.1679,0
435902.2472,0
436124.3203,0
436162.0074,13919.949299999978
436213.085,8195.040200000047
436268.0924,0
436364.6494,0
436739.9645,14826.733200000017
436825.19,0
436898.9203,29154.89539999998
436944.745,2670.0887999999686
437301.8991,0
437472.6261,0
437562.9517,0
437668.4809,0
437762.6054,4987.585599999991
437803.3104,9757.279800000018
437830.7694,0
437882.303,4637.293500000029
438027.684,14522.906699999992
438092.8416,4101.0315999999875
438099.7278,0
438139.0662,0
438563.15,21974.484400000016
438596.9582,32544.382299999997
438640.5235,0
438829.1146,0
439050.4411,0
439120.5363,0
439566.2059,1883.2924999999814
439615.6399,13229.483599999978
439802.90280000004,0
439924.8943,0
440027.4675,2676.862300000037
440048.4073,33297.836300000024
440508.86089999997,0
440543.8281,0
441398.6933,17522.03409999999
441595.6721,13582.003599999996
441745.8461,0
441901.4599,0
442085.2299,0
442102.049,0
442354.4888,0
442993.6017,14021.797299999977
443142.8934,27334.85619999998
443232.0968,0
443493.1749,13340.470999999961
444226.589,42973.74794999999
444731.1795,33966.82880000002
444778.2123,0
444846.001,20636.268099999987
444875.1101,0
444971.0896,0
445269.7086,2636.832999999984
445364.1697,18363.691300000006
445735.6473,0
445923.6194,19559.84698333335
445990.7822,282.57680000003893
446097.0647,0
446142.4872,0
446262.7832,15900.259699999995
446346.1271,0
446588.573,4979.328899999964
446739.5087,0
446773.45050000004,0
447039.977,7085.799400000018
447263.0556,0
447318.79839999997,0
447351.302,19664.618950000033
447456.3222,0
447460.353,30207.54389999999
447531.5645,0
448212.6069,0
448214.8282,10353.614499999967
448484.9866,0
448788.3535,15595.000000000058
449266.5454,20564.406299999973
449351.7194,46572.980299999996
449391.3166,0
449417.6671,3274.6491000000387
449907.7439,0
449960.5212,0
450002.1209,0
450171.0689,0
450264.6074,0
450292.6165,0
450701.83,0
450787.32050000003,0
451054.3741,16731.362800000003
451123.5041,3879.8562000000384
451209.0108,36673.64301666664
451354.0419,0
451386.0715,0
451660.2745,0
451731.8966,0
451867.0774,0
451931.4106,15373.763600000006
452330.9722,0
452368.0717,0
452697.99,40498.210900000005
452708.2224,19002.937600000005
452973.4416,0
453142.7987,38642.1924
453178.88159999996,0
453267.3335,0
453314.962,17062.8162
453494.4678,0
453545.5711,0
453782.7023,0
453811.8149,0
453925.3752,0
454121.7398,0
454171.0689,27875.33720000001
454408.286,0
454462.4223,4636.710399999982
454545.6012,0
454688.0236,18715.244000000006
454724.8459,32022.04601666669
455116.3624,17424.01079999999
455342.278,0
455531.7197,11397.699900000007
455837.9193,45324.6042
456038.2728,18848.969199999992
456184.1088,0
456289.9643,0
456339.2936,0
456380.4704,8617.464800000016
456393.4276,0
456447.3528,0
456659.2904,0
456667.8338,0
456853.2114,10313.813599999994
457044.5914,0
457092.3376,24206.47200000001
457296.6357,0
457468.3846,0.6522999999579042
457583.9894,0
457825.5996,0
458200.3461,0
458830.8191,21444.747900000017
458868.2349,0
458937.3392,47757.89480000001
459125.434,5297.11930000002
459146.4912,0
459502.7536,30935.322999999975
459695.7178,0
460244.7421,30786.3088
460330.7873,46875.000300000014
460348.4651,875.014199999976
460397.0812,0
460507.5512,9947.657799999986
460817.0197,0
461114.0639,3070.356700000004
461152.5629,0
461286.476,0
461362.5605,0
461468.2344,21553.752299999993
461558.1935,0
461647.7938,0
461807.6108,0
461881.4268,16863.46710000001
461948.9964,0
462100.3125,0
462133.4537,0
462259.8139,0
462265.4477,19412.169033333368
462273.5497,0
462384.7249,15979.628499999992
462427.21369999996,0
462643.4898,0
462700.417,0
462824.017,0
462879.406,0
463346.8112,0
463379.8146,187.4902000000002
463384.2599,9216.266500000027
463470.5138,0
463739.1224,53670.81903333333
463760.751,37575.38289999997
464154.1043,0
464856.6934,0
464967.7278,5602.573900000018
465002.5509,20364.12129999994
465307.4478,0
465455.619,25687.71059999999
465557.8026,0
465588.9443,32685.248999999953
465691.6187,16265.761966666672
465698.7996,0
465763.8733,29409.699199999974
465784.0695,0
466015.92220000003,0
466165.4702,0
466214.8808,48629.47479999997
466215.7334,41652.37540000002
466271.3242,17937.691199999943
466414.7748,0
466781.1806,0
466782.8882,0
467044.2517,0
467066.7328,0
467168.9457,17058.817099999986
467366.1454,0
467379.6224,34756.677599999995
467402.877,14217.257199999993
467944.1514,52290.722499999974
468014.6046,0
468262.7162,0
468585.66000000003,0
468826.2962,37477.6152
468950.4767,0
468989.9829,0
469202.804,3558.123900000006
469206.6885,0
469385.1401,12149.530800000008
469434.3017,0
469736.9684,14874.166499999992
470156.649,0
470225.4819,0
470238.9853,13279.560899999982
470413.59400000004,0
470491.22829999996,0
470573.8894,0
470885.5142,0
470958.5102,40827.30090000003
470989.8141,0
471112.0721,13196.832400000014
471386.9503,47051.200700000045
471655.0281,0
472016.1557,0
472243.3659,0
472318.5895,0
472582.1277,0
472582.15630000003,0
472759.3477,0
472761.7898,29661.723300000012
472953.3824,35834.282200000016
473036.5163,0
473132.5895,0
473314.6986,37009.82069999998
473550.9252,0
473652.4829,0
474127.7334,0
474309.73089999997,0
474847.6203,0
474975.8704,0
474997.8426,6035.396399999969
475025.31460000004,0
475459.55689999997,0
475878.0763,33915.663300000015
476020.4756,11872.679899999988
476044.24,24054.296700000006
476362.6267,0
476508.7725,23891.382900000026
476719.7886,31512.501000000047
476919.2695,17994.972999999998
477095.7997,0
477151.0285,21985.315900000045
477244.6713,0
477258.7115,59016.44139999995
477289.971,0
477637.6706,0
477710.6391,18084.318899999955
477859.96030000004,0
478161.7995,27783.644300000044
478225.2394,3695.05700000003
478231.4909,0
478315.126,0
478431.6783,0
478625.8307,0
478636.1697,19421.82010000001
478861.6638,2536.779600000009
478932.7497,58943.65009999997
479912.7664,0
480334.1447,0
480404.9659,0
480941.379,55564.918999999994
481128.7322,28754.961500000034
481160.324,0
481506.727,53893.21909999999
482184.1944,57798.877016666636
482245.2506,0
482373.5788,48806.81530000002
482689.6663,43414.649799999956
482803.431,39934.832399999956
483101.8474,1447.2660500000347
483457.4572,42511.49239999999
483496.4321,0
483582.1597,41036.208199999994
484000.0174,0
484171.3625,0
485120.5922,0
485179.2226,0
485321.9809,0
485620.7786,0
485711.6542,0
485925.9073,8770.878800000006
486035.7984,32771.41570000001
486129.3343,63882.06569999998
486137.5014,54803.48720000003
486338.9252,42078.78619999997
486347.099,0
486407.7253,0
486488.8476,0
486512.2281,42486.36290000001
486551.65390000003,0
486870.8954,41963.04979999998
487050.1362,0
487121.228,0
487267.8661,0
487285.434,0
487303.4166,34813.921700000006
487410.4863,0
487513.9041,42476.31699999998
487921.6921,30611.8223
487988.8065,0
488288.3481,0
488408.321,42119.89439999999
488446.2738,0
488663.9196,0
489070.5412,2257.3310000000056
489088.7414,0
489397.1896,0
489564.2001,0
489835.837,16003.397300000011
489941.1292,18748.396400000027
490084.9023,0
490555.0252,42735.56899999996
490601.6185,54253.710900000005
490633.1933,0
491190.5456,0
491324.7354,38663.74369999999
491344.2002,44299.0416
491350.3096,21527.23059999995
491532.1628,0
491652.5795,0
491808.1966,39310.68340000004
492153.2572,19142.195399999968
492318.915,0
492624.7345,37210.016900000046
492737.4869,0
492923.4597,0
493013.7204,48820.1667
493140.474,45937.57205000002
493414.3725,0
493641.8586,1971.0060333333095
493852.5461,1828.483099999954
494463.2775,21471.317300000053
494542.9915,58579.74900000001
494858.2573,0
495710.2344,57978.53020000004
495954.3075,0
496165.6159,0
496298.4252,0
496426.1557,36069.591599999985
496652.2088,43213.61580000003
496780.5637,52135.23749999999
497048.0541,3825.961500000034
497173.0804,0
497214.8718,0
497876.5042,63904.00570000004
498011.3504,35248.45529999997
498174.9204,7978.161800000002
498197.2893,0
498369.0649,38106.68060000002
498509.7656,19916.181599999953
498833.3152,9410.725000000035
499052.1479,33142.30209999997
499171.5592,23780.999899999995
499275.5014,0
499797.7901,0
500125.7433,62807.019699999946
500538.8017,0
500692.2702,6230.737000000023
500696.1325,8876.545966666657
500861.84,1878.9006999999983
500988.0839,60191.54980000004
501093.8291,5270.894499999995
501272.566,1115.0142999999807
501286.2794,53877.390599999984
501471.0716,53516.28230000002
501679.9889,0
501726.0663,0
502022.9248,49631.900399999984
502094.7334,5490.497100000037
502124.9193,0
502211.6313,0
502334.7378,36034.78970000002
502399.532,0
502459.5318,52931.61369999999
502692.5026,32533.505600000033
503005.562,0
504013.9832,0
504370.6996,0
504717.6764,48195.39990000002
504800.319,10902.201900000044
504937.272,7273.21590000001
504979.1397,0
505128.5424,0
505220.296,20593.136100000003
505539.9919,0
505740.66240000003,0
506051.0681,0
506399.4551,25377.478900000046
506492.5482,0
506618.1298,30822.278899999976
507022.5536,53751.564399999974
507710.6425,0
507910.323,70.3401999999769
508244.0894,93.08199999999488
508375.6818,0
508459.3701,0
508739.0113,0
509021.7831,17158.206799999985
509684.9195,11777.718700000027
511225.2436,11498.327016666648
511580.216,65559.78796666668
511686.0028,355.65160000004107
511743.7597,12252.15730000002
512392.7557,0
512487.1434,0
512640.387,0
512807.6432,0
512821.2944,22035.60360000003
513073.3711,0
513173.3454,0
513205.0358,0
513254.8708,33197.947599999956
513359.7227,8729.662599999981
513424.4188,0
513427.4489,0
513709.77,0
513780.0062,39913.35489999998
514744.638,5631.302599999995
514746.6804,18652.02410000004
514913.8431,0
515384.5721,0
515584.3538,39062.47803333332
515629.1303,0
515806.8192,17602.612100000028
515881.9087,29469.1483
516134.2863,0
516153.1493,0
516308.7281,0
516433.864,19155.150000000023
516483.3526,16610.816300000006
516583.3511,18972.329000000027
516633.0172,51591.46419999999
516821.7326,0
516955.31,47576.97009999998
517603.0609,0
517795.1456,0
517925.8813,32913.951700000034
517948.7165,0
518228.5249,0
518549.5543,0
518644.2393,17352.062800000014
518754.3233,29714.34110000002
518798.2307,0
518823.754,43492.30840000004
519235.516,0
519248.1802,22756.072400000005
519766.8397,0
519880.9547,14121.152000000002
519964.0486,0
519974.9109,0
520013.1231,3666.638200000045
520085.1862,35318.24099999998
520748.359,18212.78289999999
520850.2459,21869.127399999998
520865.9692,39404.343599999964
520963.1055,0
521299.1736,15754.252799999958
522017.5706,33857.027
522198.6717,37859.033400000015
522220.8758,0
522227.4581,54174.78219999996
522370.2795,0
522487.9477,38489.03090000001
522992.191,17105.35969999997
523172.1026,0
523204.1431,0
523481.93940000003,0
523646.795,44191.54310000001
523658.8075,36411.73979999998
524013.1143,35607.97240000003
524128.6171,7213.73139999999
524325.4682,17873.62400000001
524569.869,34657.72199999995
524733.3975,0
524977.7581,0
525211.6492,0
525258.0147,25113.425600000075
525332.7773,13869.805199999944
525560.6724,0
526319.1322999999,0
526360.6293,0
526555.4682,35719.982499999984
526581.8018,32801.236600000004
526644.6813,0
526780.7786,15924.98279999994
526938.5303,6038.239399999962
527066.8775,3796.9394999999204
527122.9802,0
527218.7325,14840.003800000064
527316.3867,0
527344.1387,22937.28130000003
527351.6558,7475.579999999958
527588.3115,39404.53449999995
527784.1611,31610.53250000003
527879.1587,1720.316300000064
527991.7176,0
528065.4649,0
528104.4922,37921.12904999999
528163.5302,0
528244.0753,0
528340.0851,0
528392.3886,21942.62129999994
528538.8164,46751.855500000005
528644.1817,36292.70539999998
528848.9188,0
529234.6142,26833.28899999993
529371.3505,45196.972299999965
529403.5352,17113.375300000014
529469.0249,11584.111799999955
529897.225,0
530075.0791,0
530092.9633,17065.036799999943
530148.0836,970.5129500000039
530351.732,0
530558.0811,0
530722.7523,11134.573000000033
530748.2942,33832.6483
531026.4027,0
531490.6176,19554.88896666665
531553.3409,7356.30019999994
531710.3922,8159.396200000017
531915.7346,32770.43549999996
531944.5596,0
531946.9558,0
532211.6255,13903.243199999968
532298.7372,0
532516.0012,0
532527.2094,6035.973900000099
532615.582,32479.41630000004
532623.1932,37972.21389999997
533329.3045,46739.18998333329
533385.6394,40103.13759999996
533657.1721,10653.220099999977
533669.0891,46325.22389999998
533831.8655,7206.769199999981
533839.2472,0
534296.6073,0
534532.4644,47047.170500000066
534534.2179,21452.20510000002
534546.9715,0
534593.2441,39091.49790000002
534796.7927999999,0
534918.9977,0
534963.6226,6073.788000000059
535036.8693,32743.286300000036
535427.212,0
535821.4091,0
536106.0008,35474.61910000001
536286.5671,23673.207200000004
536401.3965,19740.427600000054
536937.9336,0
536968.0252,21230.79860000004
537032.9869,25253.977983333345
537221.3322,0
537299.338,25994.714799999958
537397.0758,5968.979199999943
537563.0259,0
537564.0216,0
537589.8708,0
537957.1995,10248.939799999935
538040.3603,1720.5226999999722
538174.2088,36842.50640000001
538263.0264,1597.2204999999376
538430.4802,14123.935799999977
538544.0899,0
538898.697,42247.56090000004
538923.8124,17323.39120000007
538950.8683,0
538975.3217,0
538983.6785,0
538984.0742,0
539348.5713,0
539439.3346,363.51459999999497
539613.2086,14409.27899999998
539765.0538999999,0
540213.6434,24714.83059999993
540529.0226,19058.294600000023
540538.6956,0
540577.4969,24645.18400000001
540776.1491,0
541309.9332,21265.1054
541439.7172,0
541610.8016,25396.87930000003
541637.4861,43750.646299999964
541858.2669,0
542344.8002,4356.059800000046
542348.7548,27498.011400000018
542560.5453,32371.396200000017
542650.7704,7794.917200000025
542774.6681,0
543128.2813,0
543509.0258,5141.787299999967
543592.0533,0
544026.1793,25464.575299999968
544208.6089,20538.76159999997
544328.655,0
544391.211,4831.295999999973
544532.2113,0
544804.0908,12142.421699999948
544844.7295,26371.30290000001
544864.8467,0
544886.6382,1596.4420000000391
544906.1322,36315.71529999998
545206.2390000001,0
545523.2856,27062.38679999992
545686.5645,5442.5779999999795
545769.5078,0
545798.4445,0
545804.3627,38686.345100000035
545844.4405,0
545879.4032,11977.47769999993
546089.1909,24335.13610000006
546283.5637,0
546516.7782,31224.530699999945
547053.7187,0
547192.6836,8047.459999999963
547389.7376,0
547395.8265,0
547487.5062,38864.54919999995
547562.2748,41916.734800000035
547639.0824,14934.445099999895
547670.8706,14740.76780000003
547801.9741,424.33259999996517
547969.3967,23403.00820000004
547994.6396,0
548248.3388,24641.89730000001
548639.3119,7041.2014999999665
548811.8127,22677.965800000005
548907.3261,33867.01159999997
548968.0237,0
548979.6431,25417.181899999967
549144.2308,0
549165.9878,27770.907599999977
549410.6856,36197.98604999995
549430.314,0
549469.5981,8942.156299999915
549584.082,8512.026100000017
549601.4946,32188.707200000004
549802.1596,52533.19903333334
549952.8626999999,0
549956.7623,50144.08899999992
550033.4079,25834.202699999965
550418.6119,5953.426199999987
550503.3498,0
550640.8509,17347.53940000001
551263.1936,28582.190000000002
551401.5996,0
551429.3597,0
551449.9307,29815.431300000055
551676.2956,0
551691.7941,48533.69440000004
551741.2384,0
552021.616,0
552175.5457,17217.962100000004
552883.3564,0
552945.0265,0
552964.7139,8060.819799999939
553152.6262,48722.696200000064
553720.2864,0
553776.8628,22345.07389999996
553830.6917,0
553919.2388,0
554146.9034,0
554219.0705,25974.313399999985
554348.6457,0
554555.0813,0
554639.1346,45018.02389999997
554837.6343,19009.128299999982
554846.7434,14615.53899999999
555057.026,7296.27509999997
555131.1385,1222.5084999999963
555437.9142,0
555901.9923,7920.942299999995
556047.9317,0
556367.3944,0
556837.9513,57473.15901666664
556881.7151,50718.30410000001
556918.0792,52818.917200000025
556931.66,36169.96250000002
557025.3471,0
557078.156,55204.53859999997
557089.5481,0
557387.7835,541.1160000000382
557665.2513,20050.85010000004
557800.0309,0
558076.9196,19210.075399999972
558145.603,26126.76879999996
558160.3682,29069.29489999998
558252.5822,24437.052599999937
558493.8964,10108.463199999998
558564.004,0
558580.5001,0
558982.3235,12503.70000000007
559341.4797,0
559418.6022,0
559585.431,29556.895699999994
559661.1918,57920.78690000001
559747.5206,2168.2727000000887
559787.5037,24574.300000000047
559905.2562,0
560165.6588,16672.637499999953
560437.4702999999,0
560586.8972,0
560827.4355,0
560986.4515,0
561027.1419,362.74380000005476
561124.561,817.593499999959
561182.6967,38298.67319999996
561436.155,0
561620.9489,4122.656099999906
562070.0426,22261.93040000007
562205.6136,52351.12910000002
562331.9948,54944.44079999998
562375.1554,0
562523.0556,7109.322983333259
562550.938,0
562572.6073,16507.91300000006
562704.9891,1737.1624000000302
562809.2333,14385.015200000023
563107.295,0
563518.3599,0
563669.0698,27707.9935000001
563843.8471,46683.621199999994
563942.907,28123.7561
564022.6354,6972.790200000047
564310.0002,17924.305599999963
564813.054,0
564967.8946,7191.164100000053
564970.9069,27978.92539999995
564982.5131,1088.422099999967
565035.7557,0
565184.2796,58828.96610000002
565478.7431,48961.601999999955
565696.6207,19705.75139999995
565827.4139,0
565890.0676,43725.09739999997
566748.4068,56304.00650000002
567059.6711,0
567184.0942,45305.90490000008
567185.3639,56858.15850000002
567645.1775,43107.839000000036
567784.9439,22648.005399999907
567787.4287,46344.34050000005
567828.6289,0
568020.468,0
568077.472,39507.95299999998
568094.2535,27416.80700000003
568352.2015,6646.281100000022
568442.5743,0
568455.3985,0
568839.1416,0
568927.9509,64941.42998333339
569050.1244,0
569685.0128,3177.2712000000756
570029.6826,16585.406599999988
570188.3237,53207.165099999926
570473.036,40872.31640000001
570699.244,0
570799.6005,25513.2527999999
570818.1346,28482.423700000043
571978.7027,13270.529300000053
572619.9945,6652.357500000042
572811.8179,40907.71740000008
572870.0786,4953.545099999988
572875.4847,0
572899.4187,0
573025.0989,65222.25298333331
573253.3438,39114.29879999999
573284.7282,9538.002100000042
573332.8682,9083.725500000059
573572.0861,1085.439299999969
573675.373,0
573698.8430999999,0
573811.9483,29438.813000000082
573840.816,23809.354700000025
573941.0009,6545.651300000027
574278.3993,0
574279.9407,25434.49239999999
574308.2197,50730.547300000035
574401.8322000001,0
574534.6838,0
574939.2841,0
575189.7068,12762.712200000067
575305.0564,0
575340.5554,135.53029999998398
575454.1354,5388.772700000089
575494.2842,5686.859599999967
575645.9767,0
575977.9424,2591.7851000000956
576039.3431,31439.183700000052
576215.0069,0
576386.6311,22282.387699999963
576447.274,38814.716000000015
576516.6527,41587.22039999999
576577.5955,6843.884700000053
577046.7782000001,0
577377.6986,29182.75470000005
577386.6688,32603.917099999962
577868.5662,10372.853200000012
578083.7954,3529.1624999999767
578110.4799,0
578220.9231,2270.3292000000365
578522.3643,33580.04839999997
578592.9734,0
578652.6135,15931.840899999952
578969.2336,26240.624900000053
579192.2457,48033.225399999996
579429.3281,0
579457.1896,0
579573.8643,0
579586.3123,48509.564799999935
580225.0281,0
580975.1975,0
580981.3754,32301.745600000024
581196.7102,63359.616699999955
581218.8543,0
581454.6735,20559.01820000005
581720.2648,37842.57189999998
582029.758,0
582200.0747,57381.58559999999
582230.1428,7695.86698333337
582542.7127,0
582585.5896,9369.515199999907
583137.5025,48498.89299999992
583481.6233,11219.983000000007
583696.1994,19253.75270000007
584162.1762,39294.41989999998
584556.1401,0
584604.0546,0
584827.9955,62206.55899999995
584995.5933,31996.922399999923
585717.3669,6062.959099999978
586187.4147,2336.8051999999443
586969.802,14547.511900000041
587132.6815,11730.470999999903
587287.2312,0
587713.6414,53787.97999999998
587803.8457,0
588013.8288,33281.27919999999
588455.8799,62509.71498333337
588694.9411,0
588840.345,32446.706000000006
589127.7955,24667.748499999987
589318.2602,33859.41590000002
589343.621,19382.014000000083
589435.8362,42423.90730000008
589859.3946,0
590321.417,0
590528.0266,0
590940.0712,31771.695999999996
591181.2112,0
591279.5182,0
591486.1442,62785.48219999997
591489.0373,52831.69829999993
591633.6884,29460.78489999997
591670.0644,40605.8395
591849.0438,48729.86170000001
592169.3269,16118.413016666658
592235.7016,41046.02289999998
592297.1798,0
592976.7374,21160.67129999993
593352.5609,0
594290.6432,7723.925500000012
594347.3604,21569.235199999996
594347.4993,0
594759.415,0
594927.5425,10969.139699999942
595066.3348,18910.281299999915
595158.868,0
595161.4204,9917.797699999996
595178.1633,6304.214500000002
595367.1277,0
595414.3992,10864.180700000026
595424.5942,14736.1973
595640.4016,9731.725600000005
596020.2058,22211.448199999984
596112.2313,9944.96829999995
596400.849,0
596467.3137,0
597005.3672,13871.710699999938
597011.5623,0
597043.8648,0
597071.0042,2787.400900000008
597145.853,0
597248.3416,27643.145699999994
597425.4177,0
597578.0205999999,0
597777.6545,13478.57899999991
597811.3394,27212.581300000078
598202.9074,0
598295.1045,0
598438.0947,30323.40710000007
598622.5089,6892.7517000000225
598794.542,17861.624100000015
598905.1734,0
598907.6718,40230.94319999998
599114.4797,48848.11690000002
599313.1398,51826.147800000035
599442.073,61743.30239999993
599724.3311,0
599789.2171,0
599970.8701,33005.389599999995
600054.176,0
600100.7611,28871.947599999956
600299.4634,1077.9960999999894
600464.4283,0
600531.377,0
600583.1231,0
600772.9095,20106.946016666596
601113.3142,15525.163400000078
601427.5254,368.6498000000138
601599.9708,24841.649600000004
601665.5223,30951.920599999954
602431.0723,0
602537.9623,78.16610000003129
602541.246,10091.571800000034
602606.9001,0
602765.8515,9820.025000000023
603407.9193,0
603440.8652,0
603530.513,0
603704.9884,0
603958.828,122.96309999993537
604259.8174,0
604372.1001,53399.095100000035
604375.4612,47518.41249999998
604667.5984,0
604668.3126,0
604883.1635,0
604993.6937,0
605184.5203,38380.46299999999
605219.7864,19943.873099999968
605294.0463,0
605494.0172,9533.708100000047
605730.8157,34876.896000000066
605855.2237,18881.280099999974
605880.0747,0
606181.5953,0
606283.2391,0
606329.7436,15325.538000000059
606560.2604,38314.333983333316
606598.8964,0
606663.6768,12608.96669999999
606667.0306,20531.372966666706
606792.4689,57489.96939999994
607083.6366,33409.76399999997
607263.4581,0
607341.9231,0
607613.0725,0
607685.3152,7134.966599999927
608387.4146,28412.42180000001
608483.4695,13695.28899999999
608883.5401,4879.537799999933
609455.642,0
609768.216,0
609871.1565,2988.6776000000536
610187.9808,0
610254.8968,38228.10930000001
610563.8488,0
610636.2824,0
610692.5616,0
610825.6441,0
610849.2466,34585.72690000001
610983.3252,39880.804999999935
611015.2848,0
611131.2087,10106.518899999908
611538.7768999999,0
611701.6847,26301.012600000016
611790.9554,26111.670900000026
611966.1667,5094.221900000004
611970.6656,37698.400399999926
612079.7937,0
612237.8647,0
612679.9786,39874.05980000005
612811.0848,0
612977.1925,14584.14850000001
613222.6818,24145.61770000006
613367.1005,29535.688599999994
613392.2392,0
613538.5504,25534.582499999902
613644.2221,23351.45649999997
614107.1805,0
614122.6181,0
614155.7781,33402.986999999965
614323.4562,20116.29370000004
614444.392,0
614451.3675,0
614556.5977,26288.535900000017
614563.5347,43247.508199999924
614902.1402,18080.23979999998
614902.2317,0
615411.3873,35319.04139999999
615619.605,0
615954.2376,29241.233400000026
616012.9618,20124.288700000034
616250.8779,0
616436.4231,0
616576.2071,0
616790.8468,24197.75470000005
616915.9139,24808.501000000047
617086.2989,0
617187.7978,25147.05589999992
617350.4936,0
617405.5847,0
617550.0774,0
617582.8587,0
617629.4979,0
617646.9177,0
617958.5377,38849.75820000004
617959.1743,30495.33509999991
618064.4978,0
618089.4437,17315.817299999995
618091.3938,30557.071099999943
618094.9667,0
618187.1288,0
618457.3669,0
618626.5546,39501.86499999999
618790.4299,0
619269.0446,0
619420.2903,39601.39670000004
619467.7558,0
619508.9331,0
619993.0358,9912.315999999992
619999.7933,0
620456.6903,0
620527.5208,223.42830000002868
620749.5575,11349.489900000044
620784.6574,0
620920.8901,3103.9612999999663
621035.3004,30737.02299999993
621107.6014,0
621246.5824,32195.697399999946
621698.9186,0
621706.6456,0
621720.945,0
621999.8636,15043.032000000007
622234.6739,33657.853500000085
622564.7915,30550.505100000068
622695.7164,0
622847.0374,0
622903.1285,19514.88690000004
623060.8901,13805.421899999958
623198.0232,40435.40798333334
623507.9425,0
623686.4329,24723.22239999997
623731.4738,10930.505200000014
623948.2887,15391.366800000076
624011.6798,7449.9400000000605
624138.132,0
624197.1507,0
624316.0537,0
624438.9309,627.8396000000648
624583.6671,12598.613099999959
624658.4641,34087.13630000001
624866.7684,21426.479199999943
624893.9466,0
624990.9584,0
625467.5736,41068.92579999997
625586.6369,0
625749.0481,0
625914.6606,13943.00549999997
625970.1478,0
625979.1491,0
626154.9772,23507.59289999993
626206.089,37882.07150000008
626420.9918,24088.320899999933
626462.94,0
626493.4965,0
626573.9909,0
627209.9391,39204.554000000004
627245.4257,0
627794.2026,3044.0237000000197
627997.8036,31687.637899999972
628063.4345,0
628352.1529,35777.03940000001
628530.6473,0
628550.0042,0
628668.1782,0
628800.554,0
628892.499,17232.606199999922
628909.5871,0
629221.9487,33028.715800000005
629352.0307,0
629508.1602,16874.183400000096
629596.9511,0
629604.7376999999,0
629704.4222,0
629991.0345,0
630037.8465,10615.838199999998
630247.0923,0
630392.4038,38091.02630000003
630756.1921,0
631147.2865,35550.91960000002
631331.5537,0
631349.0794,0
631850.8284,23285.49800000002
631861.8569,0
631913.9102,0
631967.2417,0
632016.0298,0
632071.3376,0
632125.7073,52898.827500000014
632126.9608,0
632183.6899,0
632462.1094,0
632590.7774,0
632657.5558,2983.6287999999477
632958.5841,0
633286.3184,22778.525999999954
633605.0606,0
633673.1297,7358.24450000003
633711.4284,19469.54310000001
633792.9285,0
634075.3677,9236.8348999999
634526.5631,41028.9388
634890.904,0
635062.4414,0
635162.4117,0
635310.8363,5872.450399999972
635395.3846,0
635528.9612,16181.180799999973
635789.4857,32579.47239999997
635894.8989,0
635974.9919,0
636029.2205,0
636047.3275,0
636437.3251,27878.7080166667
636441.3709,0
636485.5819,0
636646.7953,0
636681.0444,18938.229700000025
637097.1472,17248.101200000034
637282.7217,18144.77410000004
637334.2982,0
637419.422,0
637471.3669,11249.13089999999
637559.1795,12322.960599999991
637777.3128,0
637792.4009,35150.28020000004
638428.9878,0
638461.992,47276.86301666661
638870.2514,46449.29999999993
639029.548,0
639093.8421,0
639280.4143000001,0
639392.4506,20041.947999999975
639415.1641,9426.007800000021
639562.5301,10128.429999999935
639640.1725,0
639737.7149,44610.76540000003
639763.9923,17526.502199999988
639796.9929,51610.160999999964
639944.2543,0
639983.9258,52786.40301666665
640109.4151,0
640197.9306,19625.67749999999
640357.0317,34106.74270000006
640416.9419,0
640425.6737,14504.494800000102
640615.2259,0
640735.9864,0
641233.0333,0
641572.9986,16955.017500000075
641590.9948,17569.53289999999
641853.9073,0
642087.9926,19882.61699999997
642175.5288,0
642250.0796,0
642311.2748,53422.33759999997
642616.1435,11404.174299999955
642784.8539,49614.693699999945
642920.9308,4819.418399999966
643445.659,42680.693699999945
643576.942,0
643627.2034,0
643837.1466,53802.51659999997
643944.3576,16789.602500000037
644207.9953,43621.44469999999
644254.6197,51738.9547
644278.2078,41720.78740000003
644409.1545,0
644413.7223,36759.259100000025
644440.1969,40553.22296666668
644931.5327,0
644946.0002,0
645168.7914,0
645598.6148,58558.9743
645651.7629,18590.432099999976
645652.9191,0
645685.2717,0
645747.789,0
645773.1028,22097.857799999998
645836.4569,31680.381799999974
645837.7804,61637.93003333337
646172.5707,0
646312.6974,0
646390.9536,0
646552.2985,0
647446.5522,9840.48080000002
647788.558,0
647916.0811,48559.59209999989
647961.1336,47559.30619999999
648109.7659,38195.176800000016
648111.2339,0
648908.3811,0
648928.4119,22645.3652
648983.3984,12003.706599999918
649034.776,0
649039.0160000001,0
649291.2759,25376.545799999963
649938.3026,46756.76640000008
650029.6961000001,0
650085.2927,11894.065199999954
650159.0664,45988.89890000003
650585.5916,4005.3669000000227
650672.1719,18273.80290000001
650826.9720000001,0
650862.669,62540.74060000002
651446.5734,0
651639.2505,56971.04819999996
652041.4288999999,0
652300.8523,0
652440.1306,0
652539.1963,0
652565.5681,60350.98759999999
652639.5162,64905.40801666665
652706.1044,56410.22029999993
652724.1615,0
652872.1116,24756.66989999998
653746.8047,60797.88829999999
654180.1395,16446.46550000005
654191.0009,9912.584999999963
654283.405,0
654386.4386,54062.20519999997
655018.7819,9574.960899999947
655110.3092,56734.15090000001
655291.0162,0
655426.4375,0
655458.8407,37321.41359999997
656033.1906,8918.198199999984
656096.3209,51193.0719000001
656298.1618,0
656512.8295,0
656624.0037,16745.05700000003
656752.2778,45.71350000007078
656766.9153,0
656790.5694,0
656797.6189,51698.06039999996
657092.1631,47775.93630000006
657101.5699,4621.030200000037
657173.4441,55512.106499999994
657233.4712,0
657251.7199,40230.003800000064
657411.5208,23337.03970000008
657518.7858,0
657603.3526,2796.3323999999557
657738.259,40679.422699999996
657912.7066,0
658213.9738,0
658682.7989,62611.45730000001
659123.3736,0
659154.255,216.12910000002012
659590.8821,33071.5331
659668.1371,0
659790.7994,0
659887.6605,0
660081.9613,53588.547699999996
660092.9921,16007.573399999994
660207.2036,1710.6021000000183
660513.1257,23384.515399999917
660819.1456,4097.064400000032
661252.3224,0
661357.0068,0
661388.8836000001,0
661694.4802,12921.840699999942
661888.7791,0
662303.8783,0
662428.7701,40713.15339999995
662440.3888,0
663150.4547,0
663168.1726,1599.1685000000289
663371.5704,0
663375.6033,0
663453.0652,25463.939699999988
663593.9084,5300.173966666567
663815.7537,0
664030.0104,4117.411399999983
664060.2288,46436.25410000002
664068.9264,3471.7221000000136
664069.3858,17075.63089999999
664089.088,0
664169.3165,0
664368.2363,0
664468.842,0
664617.6595,0
664787.5041,3237.9082000000635
664860.3739,58517.661033333396
664869.6994,44086.057499999995
664945.9081,59524.38500000001
665220.9654,8020.036983333295
665705.5973,0
666862.3899,58200.96709999989
667090.3836000001,0
667202.9707,0
667203.1112,49816.33440000005
667241.521,37347.02299999993
667610.2119,26625.107100000023
667902.7737,38562.42509999999
667978.9962,0
668041.1853,47857.3051
668079.9617,0
668365.9396,15102.40140000009
668415.6706,12301.099099999992
669007.1688,25523.292799999937
669241.3375,0
669632.1009,0
669687.974,15488.539500000072
669797.6496,0
670269.2782,32157.67089999991
670272.1815,0
670414.6055000001,0
670514.82,59271.86009999993
670628.5397,0
670867.76,0
670950.3976,0
671101.1329,0
671181.5225,9031.08620000002
671517.5756,22386.981299999985
671697.4205,0
671726.7804,57440.922699999996
671881.6576,0
671994.0192,29805.915299999993
672228.013,0
672280.9476,0
672423.5691,0
672898.3055,46643.00010000006
672904.3062,0
673429.5406,27932.702300000004
673621.8109,18708.375800000038
674115.9984,0
674124.6292,0
674235.0964,0
674277.8025,6767.384399999981
675645.0049,0
676088.6046,7664.133099999977
676420.6378,0
676504.5333,1532.9640999999829
676918.5255,0
676975.4073,0
677153.9727,37752.691300000064
677260.1474,53858.266900000046
677706.6092,28711.30469999998
677978.3872,4885.434899999993
678027.5574,35975.073900000076
678169.6984,0
678207.7556,0
678431.7204,52796.75080000004
678433.9837,4651.921299999929
678590.91,3250.207999999984
678687.3301,0
678877.8746,0
679235.1362,0
679490.7881,0
679983.3766,6867.291199999978
680125.886,6164.832500000019
680216.0384,0
680520.6288000001,0
680556.0556,18506.590800000005
680565.0942,6838.116100000101
680810.6644,6716.1393999999855
680954.4383,9690.109016666654
681125.7128,0
681127.7244,39971.63269999996
681572.9273,0
682398.7713,0
682565.3868,0
682636.6704,14745.92519999994
682896.7179,25931.1446
683330.1199,0
683385.8807,44722.68099999998
683556.0548,0
683680.0688,0
683858.9336,14783.668700000038
684438.9989,12760.522016666713
684623.4759,0
684720.2742,2912.1345000000438
685137.2348,1103.0252999999793
685341.5493,0
685352.6847,30075.93903333333
685803.8602,37475.66830000002
686075.5137,2532.9979833333055
686129.3618,0
686504.3762,0
687391.6716,28771.61049999995
687549.7961,37071.706600000034
688290.7694999999,0
688308.0564,0
688346.2868,37361.16000000003
688437.4498000001,0
688733.1483,0
688751.9217,0
688831.1784,0
688839.2991,0
689128.6843,26554.354799999972
689235.8728,8759.529600000009
689301.8058,0
689451.9437,0
689606.8295,0
689607.8074,37818.44170000008
689708.6114,0
689846.5857,0
689856.9906,0
689921.1955,17905.40670000005
690025.7069,4729.176899999962
690161.3124,17544.97330000007
690329.5108,14435.749900000053
690329.7225,0
690567.0744,8176.6111000000965
690752.8148,25179.594299999997
690794.9894,13474.69419999991
690863.9163,0
690928.2369,0
691151.3034,28288.511999999988
691190.9182,0
691786.2276,17045.440399999963
692125.0243,0
692538.7478,12508.530299999984
692572.4695,0
692876.5678,0
693011.7182,0
693993.9081,0
694246.4741,0
694371.3614,18815.094299999997
694480.4967,0
694566.7354,10808.045999999973
694594.2122,9815.867099999916
694789.122,15892.352100000018
694807.4571,38585.26098333334
694901.0646,0
694915.7883,0
695208.4293,16482.0784
695228.5575,16482.29203333333
695319.7775,28544.760299999965
695534.4407,4765.669300000067
695645.8205,49.30810000002384
695754.11,52673.466999999946
695871.4801,0
695970.6388,0
696035.0056,0
696079.9112,0
696153.6892,10595.934600000037
696274.4527,0
696387.4538,0
696467.0449,30950.545999999973
696602.3459,16960.704700000002
696685.6448,14595.193899999955
696731.4829,0
697540.9072,11195.082999999984
697949.179,16976.715399999986
698028.351,0
698123.2851,0
698232.8282,0
698329.0736,27874.37699999998
698487.4929,6547.756199999945
698532.2118,0
698760.0771,20209.279699999955
698806.5746,0
699195.5252,26644.067299999995
699651.8347,0
699739.4068,0
699764.4680999999,0
699823.7463,20831.427000000025
700007.58,0
700050.7031,0
700069.8632,31873.20510000002
700247.8347,13693.632199999993
701025.4036,31626.067500000005
701033.0272,0
701044.5547,0
701171.6239,0
701287.5576,0
701320.4512,0
701564.7512,21314.208100000047
701972.9577,0
701981.8649,31879.39300000004
702285.1793,0
702292.611,0
702692.0011,6448.690500000026
702718.7143,0
703171.0777,0
703619.4412,0
703882.2736,15545.791399999987
703981.8556,40265.92890000006
704094.1518999999,0
704197.2772,7849.578199999989
704354.6289,22559.988000000012
704567.8342,21119.471100000083
704808.6991,0
705121.7634,0
705275.9624,9088.945699999924
705343.4256,4402.591899999999
705416.893,0
705457.1266,26133.778199999942
705598.985,0
705812.8182,18820.70789999992
705923.9589,0
705999.6359,4178.424299999955
706548.9569,22780.343899999978
706727.3901,14788.221599999932
707501.8311000001,0
707632.161,0
707662.5609,0
707685.1631,0
707765.3231,5900.0957000000635
707826.2122,0
707852.9085,0
707956.8692,0
708254.6156,0
708345.7811,0
708462.3144,23278.901100000017
708521.2396,0
708528.7317,31605.7537
708646.8407000001,0
708704.7054,0
708993.5904,10587.590199999977
709385.406,0
709408.3688,28584.927000000025
709600.9474,11507.47629999998
709603.1255,0
709616.7238,0
709865.9818,0
709889.7227,0
709976.4864,23424.504900000058
710041.8188,25535.95140000002
710220.8261,13017.357899999944
710506.8904,1393.3013999999966
710641.3313,0
710812.3574,37342.862199999974
711134.8137,0
711182.8791,0
711226.9693,0
711296.9729,0
711408.8186,30517.09129999997
711476.4131,0
711558.306,0
711619.4178,0
711652.7486,43002.94630000007
711683.6314,43667.96199999994
711851.7732,25444.737300000037
711873.8909,0
712089.9375,0
712428.0527,0
712569.4876,0
712736.3687,0
712743.8705,17902.740699999966
712902.632,18868.668999999994
713008.2211,40015.93101666658
713192.7413999999,0
713201.0035,10551.441099999938
713406.1155,16010.800699999905
713420.111,0
713524.7919,16060.13229999994
713900.5657,11727.226900000009
713985.7777,0
713986.057,0
713997.7565,0
714538.7219,4280.726600000053
714597.2805999999,0
714797.5369,0
715052.7783,18623.958100000047
715114.1108,0
715163.6437,0
715335.1407,1244.9799999999814
715452.6683,29327.40619999997
715530.9957,0
715616.8746,0
715734.4481,0
715816.4783,0
715953.5251,3859.5745999999344
715963.8285000001,0
716018.5873,12543.60149999999
716162.4561,0
716382.9679,0
716496.9871,40492.20940000005
717082.3304,0
717230.5367,21744.025300000096
717240.2913,0
717389.5376,0
717563.9022,46991.620400000014
717833.303,17074.304999999935
717914.2811,0
718009.677,0
718023.5683,0
718195.4222,11896.931700000074
718226.5174,1856.484000000055
718333.4553,14205.658800000092
718379.4,0
718688.0694,0
719043.5649,43083.235199999996
719079.9473,5716.83600000001
719247.0612,0
719257.8841,0
719443.9521999999,0
719576.0616,0
719613.5861,43281.30290000001
719673.5058,0
719764.5312,37905.40599999996
719823.1154,0
720075.9417,0
720090.2867,40600.88760000002
720299.3965,24877.98860000004
720362.1139,35754.43420000002
720422.8573,7223.636600000085
721052.6946,15570.615300000063
721061.1344,0
721186.7313,0
721348.7483,0
721483.4798,11747.447999999975
721938.4822,0
721954.4806,50386.61459999997
721967.7197,0
722027.405,0
722065.3917,27697.446400000015
722306.8643,0
722318.892,22482.437599999947
722450.7294,12301.48629999999
723076.8772,0
723108.3471,0
723225.7001,0
723398.8358,14409.772299999953
723748.5278,0
723835.1426,0
723939.0188,32382.130799999926
723954.4386,0
724003.8954,0
724014.7014,0
724015.3199,0
724268.6217,19981.66379999998
724364.5164,6084.630799999926
724472.5789,23196.899600000004
724557.2724,0
724621.9908,32779.98700000008
724776.2748,0
725243.7953,0
725297.151,15749.427999999956
725722.744,0
725966.6114,1657.7766000000993
726131.5458,10676.738200000022
726206.8298,23612.596299999976
726463.5052,27776.902499999967
726597.9211,0
726840.5729,0
727027.0439,0
727042.7245,4814.958199999994
727174.0525,0
727190.5154,0
727202.5929,25627.42701666674
727246.7991,0
727420.5371,31721.638399999938
727506.2637,17320.965399999986
727614.0856,14680.880099999951
727709.3073,0
727822.358,0
728004.3102,43775.465099999914
728037.6527,0
728222.2518,0
728351.3214,0
728430.6433,14141.940100000007
728442.4657,24373.679599999916
728514.3854,0
728626.4974,0
728762.8861,3396.2778999999864
729076.527,0
729147.9978,0
729421.8323,9490.46940000006
729550.798,0
729665.2429,46335.94609999994
729712.764,0
730012.8034,20003.453499999945
730211.4686,0
730240.8645,0
730630.8048,19429.662100000074
730662.1124,17252.112300000037
730687.2566,10856.66109999991
730732.0496,0
730756.2513,0
730810.4488,14423.964999999967
730870.0527,52639.36529999995
730957.3599,15887.542200000025
731182.9621,0
731192.7228,0
731314.7511,0
731354.7071,16398.734999999986
731480.6948,17677.378400000045
731605.3423,0
731639.4158,0
731648.9897,22281.331500000088
731909.5754,27785.421983333305
731997.2709,13889.45259999996
732003.6813,0
732142.9958,0
732653.5121,11071.165800000075
732726.1475,0
732991.1307,0
733004.3885,18574.891999999993
733150.21845,0
733306.0263,0
733564.0447,16991.670799999963
733840.6481,0
733865.2994,0
734326.9716,14144.999600000097
734423.5598,0
734672.2025,26303.886200000066
734729.5061,0
734886.6903,50392.95519999997
735061.8319,43605.00170000002
735241.9034,0
735445.9568,19341.964400000055
735798.5361,36463.718500000075
735843.6561,33542.8983
736406.1483,0
736649.9972,23938.168799999985
736652.5684,18792.670399999944
737182.2792,41490.32519999996
737195.9041,0
737290.9151999999,0
737391.6722,18824.969500000007
737429.4045,57232.21389999997
737511.0501,51652.81270000001
737640.9709,53632.44609999994
737663.3672,13819.0956
738050.1982,6284.410900000017
738170.1074,0
738282.3697,0
738389.1315,12513.61360000004
738391.977,29970.043199999956
738635.6495,0
738750.6961,14417.605299999937
739313.613,0
739607.3197,0
739649.9931,0
740100.5358,3033.6063999999315
740119.8668,0
740358.9386,0
740460.438,0
740864.6366,23435.99179999996
740963.3164,47835.9902
741140.6702,7229.72490000003
741475.2509,0
741545.8876,0
741569.2523,47561.733800000045
741653.262,0
741787.0889,24729.67969999998
741804.0245,0
741867.423,0
742288.5895,15395.858000000007
742784.8222,0
743095.3067,54232.4230999999
743112.4358,0
743191.239,15526.541399999987
743333.5517,36004.27669999993
743480.1872,34737.3759000001
743510.9384,16756.287299999967
743634.0522333334,0
743777.6686,22647.339500000002
744029.451,9456.502699999954
744082.9486,518.2134999999544
744375.7808,0
745361.8739,0
745396.5383,56926.470100000035
745545.746,40678.36050000007
745720.2227,0
746001.0266,0
746096.8708,21962.916599999997
746193.6138,54793.38870000001
746293.9326,0
746461.8817,20938.294100000057
746469.0949,0
746824.4225,40205.1348
746924.8275,0
746960.8048,0
747111.4434,52825.7182
747661.2166,0
748184.6692,20473.976799999946
748533.1199,38124.317500000005
749181.3333,0
749339.7265999999,0
749905.6043,26464.2733
749942.1117,22248.043199999956
750034.0904,55866.56519999995
750202.0102,0
750459.9163,41608.27020000003
750467.1573,0
750813.5142,1722.670049999957
750885.788,0
751080.0352,33041.0074
751258.9058,22967.69339999999
751505.7065,0
751614.9415,7202.302799999947
752914.7812,23115.233000000007
753133.2719,21082.049600000028
753238.5839,0
753505.8852,0
753754.4076,0
753754.9558,0
753945.3245,45838.32290000003
754016.5431,0
754409.7912,35116.693699999945
755026.2008,0
755225.8668,15487.094099999988
755235.1008,3349.4072999999626
755444.0963,21551.450100000016
755456.1257,0
755550.8343,0
755826.341,0
756447.9121,0
756504.6491,31009.536700000055
756555.1002,19583.090599999996
756555.5938,0
756739.3222,0
756931.4854,23628.19370000006
757064.0574,2424.268299999996
757535.6097,25784.370300000068
758092.8449,58844.03139999998
758239.3688,52585.61640000006
758764.7529,0
758807.2699,0
758810.3172,52025.05580000009
758873.0332,29141.954049999942
758941.5639,0
759100.0744,24639.57300000009
759631.9271,0
759905.0429,24125.523799999966
759915.9995,0
760486.8713,7689.253049999941
760573.0892,764.8885000000009
760828.8134,0
761049.7532,49205.58110000007
761267.7247,0
762133.4003,23072.494799999986
763172.1265,0
763180.6501,33485.327500000014
763616.9552,45303.330799999996
763702.655,11618.725800000015
763744.4717,3633.9967999999644
763838.0669,0
763911.4641,51907.02799999993
764544.2757,8827.53469999996
764664.7893,0
764845.9948,0
764860.9497,18736.20920000004
765042.8379,0
765092.5105,0
765164.1109,11356.25939999998
765320.9521999999,0
765776.7312,13235.56203333335
765792.9754,0
765956.0365,11713.341300000087
766205.3774,469.04980000003707
766220.3336,0
766285.2077,0
766488.9563,17681.368299999973
766651.6777,25868.67610000004
766672.7971,0
766942.7076,24123.58939999994
766988.1814,0
767052.8787,19584.923500000034
767715.4256,0
767820.0437,0
767930.699,6100.8908999999985
768036.6062,0
768041.0767,35784.18180000002
768081.1938,29032.928199999966
768230.0507,9002.683300000033
768324.8735,6906.443699999945
768337.9918,0
768396.6954,0
768502.0808,1566.672900000005
768575.271,0
768964.6065,0
769183.5572,0
769197.7027,0
769610.2464000001,0
769965.0936,0
769973.0358,0
770109.4017,30167.98701666668
770306.5098,0
770313.1674,0
770342.2588,0
770389.926,0
770570.1682,0
770647.6622,0
770735.0821,3511.4743000000017
771089.2897,33352.742099999916
771183.4841,0
771184.2683,0
771553.8645,0
771591.5744,0
772016.7781,23979.362100000028
772090.2966,0
772290.6653,15377.811966666603
772560.3454,0
772757.2281,0
773395.8409,5657.095199999982
773509.2369,0
773515.534,9480.157200000016
774786.2916,1752.4268999999622
775272.6006,15647.489199999953
775503.3842,0
775832.1349,0
775913.6137,0
775927.7494,0
776103.6092,0
776123.6944,26055.0429
776274.164,11512.775000000023
776656.1161,0
776784.3402,16327.279800000018
776877.8747,0
777097.7234,10405.898099999991
777178.3539,31130.006999999983
-----Simulation END-----
