-----Simulation 0-----
172893.9473,0
172904.139,0
173331.2677,0
173459.6107,0
173463.2931,0
173649.1276,0
173755.1215,0
174000.2878,0
174438.8132,0
174460.7978,0
174467.2102,0
174506.9369,0
174686.5578,0
174727.215,0
174734.673675,0
174830.2501,0
174949.9664,0
174994.9993,0
175059.95500000002,0
175061.6395,0
175132.2314,0
175482.8076,0
175568.9606,0
175921.3952,0
175932.4074,0
175943.907,0
176188.2437,0
176206.0043,0
176226.5687,0
176247.4576,0
176384.08669999999,0
176751.5975,0
176977.5579,0
177043.2692,0
177240.1064,0
177686.7929,0
177869.2974,0
177961.1788,0
178018.9908,0
178118.6172,0
178506.5122,0
178517.0951,0
178703.63569999998,0
178741.3417,0
179265.9959,0
179270.9015,0
179474.0052,0
179725.18,0
180102.5746,0
180361.7012,0
180585.6612,0
180668.9007,0
180713.2884,0
180925.10139999999,0
181022.337,0
181171.5618,0
181208.3349,0
181302.58656,0
181547.0277,0
181753.4132,0
181843.1246,0
181997.0631,0
182116.6305,0
182124.7049,0
182150.8528,0
182204.8031,0
182238.0768,0
182454.9095,0
182725.59100000001,0
182779.6023,0
182984.2547,0
183132.366,0
183290.1453,0
183341.4407,0
183565.7807,0
183583.73930000002,0
183714.02169999998,0
183722.5029,0
183762.1739,0
183909.3051,0
184013.6105,0
184069.448,0
184359.7343,0
184467.01,0
184786.38079999998,0
184860.04173333332,0
184925.7364,0
185170.8822,0
185298.81089999998,0
185331.5645,0
185415.3185,0
185474.2538,0
185723.7849,0
185734.7808,0
185735.5627,0
185772.1323,0
185794.0424,0
185945.7758,0
186020.9132,0
186037.8732,0
186042.2188,0
186085.6822,0
186141.1337,0
186364.7594,0
186504.6263,0
186525.28350000002,0
186721.9233,0
186938.7637,0
186989.04989999998,0
187087.5376,0
187156.257,0
187209.8615,0
187289.8604,0
187345.747,0
187451.0973,0
187488.1031,0
187751.6978,0
187834.7453,0
187928.7257,0
187942.4497,0
188119.0673,0
188125.4325,0
188386.8848,0
188445.5143,0
188514.5715,0
188782.7548,0
189364.3835,0
189504.1886,0
189563.7421,0
189589.276,0
189905.4973,0
190263.3338,0
190390.80190000002,0
190445.5325,0
190488.8725,0
191080.5244,0
191098.2293,0
191349.86800000002,0
191376.462,0
191455.7725,0
191759.7924,0
191807.5134,0
191942.2832,0
192028.2075,0
192079.5256,0
192171.9492,0
192173.3258,0
192238.6527,0
192644.4969,0
192649.9204,0
192689.914,0
192730.762,0
192803.1948,0
193193.4624,0
193211.1793,0
193258.3854,0
193316.2595,0
193625.9548,0
193772.7203,0
194093.481,0
194252.99180000002,0
194272.0852,0
194355.8942,0
194530.8488,0
194571.0157,0
194591.2267,0
194629.2008,0
194680.2301,0
194769.97950000002,0
194799.91259999998,0
194821.3336,0
195205.2074,0
195335.707,0
195634.3948,0
195679.2137,0
195970.7188,0
196136.3124,0
196651.2213,0
196763.2628,0
196825.1024,0
196886.6132,0
197150.3698,0
197171.76069999998,0
197453.6082,0
197498.9737,0
197692.0406,0
197768.32319999998,0
197786.81160000002,0
197858.6581,0
197924.8719,0
198268.4779,0
198282.8022,0
198292.1845,0
198292.6674,0
198482.8936,0
198521.4638,0
198749.2366,0
198786.3404,0
199314.7877,0
199350.2367,0
199375.0211,0
199465.8118,0
199899.0488,0
200199.3129,0
200615.4784,0
200715.8958,0
200730.2759,0
200765.407,0
200894.0414,0
201251.4536,0
201291.653,0
201732.32103333334,0
201792.4465,0
201979.0151,0
202100.19199999998,0
202226.7666,0
202478.6007,0
202549.4618,0
202926.2682,0
203014.7003,0
203124.1037,0
203132.5129,0
203465.6235,0
203599.1857,0
203676.6164,0
203750.3806,0
203755.1829,0
203826.0118,0
203982.6142,0
204179.35869999998,0
204205.08789999998,0
204268.4076,0
204834.3498,0
205225.3061,0
205276.7679,0
205521.0737,0
205967.3546,0
206116.7695,0
206200.8928,0
206251.4337,0
206636.6345,0
206895.5475,0
207073.6619,0
207310.2406,0
207546.2237,0
207758.3455,0
207791.85950000002,0
207825.3885,0
207955.6193,0
208095.0047,0
208170.4168,0
208191.4032,0
208585.99180000002,0
208627.0478,0
208870.426,0
208903.245,0
209540.09,0
209778.0896,0
210295.6745,0
210581.20380000002,0
210706.5243,0
210821.8206,0
211058.282,0
211263.8175,0
211273.63559999998,0
211396.5024,0
211460.6094,0
211480.20429999998,0
211659.2927,0
212075.7898,0
212097.6607,0
212475.1598,0
212494.32880000002,0
212511.1731,0
212647.2806,0
212668.038,0
212780.0953,0
212878.94569999998,0
212895.93050000002,0
213005.3757,0
213297.17609999998,0
213372.3405,0
213812.9689,0
213893.5668,0
213918.5508,0
213964.27120000002,0
214047.5778,0
214062.8682,0
214399.5992,0
214424.6785,0
214950.9523,0
215079.1103,0
215115.35129999998,0
215204.7102,0
215217.6316,0
215362.6457,0
215935.05741666668,0
215972.91019999998,0
215992.4654,0
216318.3458,0
216518.4853,0
216937.6974,0
216969.3024,0
217069.9196,0
217221.9128,0
217242.3013,0
217325.1219,0
217364.9802,0
217607.0309,0
217614.7164,0
217713.2409,0
217844.01683333333,0
217914.0932,0
217947.7478,0
217996.7296,0
218084.6482,0
218160.52360000001,0
218395.6032,0
218705.3596,0
218709.49599999998,0
218848.2056,0
218957.0411,0
218986.549,0
219002.8066,0
219028.8903,0
219440.109,0
219540.67070000002,0
219920.1502,0
219977.2571,0
220020.4986,0
220143.4896,0
220209.1772,0
220489.047,0
220523.7854,0
220596.1668,0
220665.6049,0
220669.3295,0
220874.1227,0
221554.265,0
221884.4894,0
221952.8253,0
221970.7771,0
222121.74420000002,0
222136.6248,0
222147.49180000002,0
222236.2598,0
222254.83669999999,0
222347.40906,0
222493.3841,0
222589.1479,0
222611.6974,0
222728.948,0
223188.9223,0
223236.2154,0
223554.3289,0
223561.7169,0
223619.94530000002,0
223756.0081,0
224059.9093,0
224060.1889,0
224147.4149,0
224358.5833,0
224455.1654,0
224460.6981,0
224773.71045,0
224820.8346,0
224991.0546,0
224998.7404,0
225193.9882,0
225402.72046,0
225747.4912,0
225796.4939,0
225931.2367,0
225968.5869,0
226188.5639,0
226247.3371,0
226537.2208,0
226895.27909999999,0
227573.21529999998,0
227884.6099,0
228029.8997,0
228478.5219,0
228526.6077,0
229029.3429,0
229078.6258,0
229296.467,0
229818.0367,0
229984.7038,0
230135.6456,0
230234.8228,0
230249.8267,0
230384.1545,0
230558.262,0
230846.31754,0
231130.40086666666,0
231353.8382,0
231680.6965,0
231711.8784,0
231857.475,0
232058.7699,0
232409.0797,0
232441.4277,0
232504.1706,0
232645.2567,0
232803.3355,0
233270.6433,0
233613.95596,0
233626.1438,0
233709.6348,0
233744.7538,0
234205.6508,0
234809.3083,0
235162.2735,0
235361.7051,0
235881.4729,0
235903.9103,0
235937.7969,0
236017.2727,0
236525.1227,0
236562.5978,0
236581.2015,0
236714.7271,0
236791.2533,0
236936.38586,0
236959.01875,0
236973.9206,0
237104.8746,0
237119.2662,0
237468.4969,0
237521.3916,0
237633.6655,0
237830.201,0
238648.1999,0
238842.0995,0
238848.33779999998,0
239095.4064,0
239153.0595,0
239185.267,0
239215.7922,0
239583.637,0
239668.8751,0
239789.4382,422.39618000001065
240171.2784,0
240269.3028,0
240321.4584,0
240423.36933333334,0
240655.6019,0
240774.2738,0
240872.1331,0
240945.1111,0
241069.84748333335,0
242078.7574,0
242143.782,0
242198.8415,0
242357.8429,0
242847.7224,0
243000.44030000002,0
243058.3809,0
243079.1429,0
243243.7508,0
243845.03755,0
243932.705,0
244187.2926,0
244348.2714,0
244677.5706,0
244727.4122,0
244909.6761,0
245093.9508,0
245204.8842,0
245390.3115,0
245480.9019,0
245708.5869,0
245747.2162,0
245825.4314,0
245913.0817,0
246040.5863,0
246115.8051,0
246302.89860000001,0
246585.16700000002,0
246585.5618,0
246677.7078,0
246703.6114,0
246739.513,0
246865.2794,0
246985.515,0
246993.0141,0
247043.7566,0
247217.334,0
247500.7955,0
247618.6193,0
247859.2052,0
247896.4052,0
247985.3219,0
248125.822775,0
248307.5672,0
248374.1572,0
248653.2906,0
248703.5182,0
248822.233,0
249122.2132,0
249245.05479999998,0
249305.4761,0
249328.6627,0
249361.1449,0
249578.37218333333,0
249991.4368,0
250242.718,0
250497.5625,0
250542.83793333333,0
251496.94302,0
251788.84649999999,0
252018.4998,0
252023.1043,0
252631.8402,0
252777.2818,0
252994.4046,0
253169.2907,0
253274.3245,0
253615.0404,0
253958.6381,0
254051.3453,0
254205.8511,0
254224.0888,0
254398.4258,0
254448.4544,0
254851.495,0
254948.61190000002,0
255011.634,0
255154.6627,0
255515.3053,0
255578.8119,0
255688.1599,0
255822.9778,0
255917.1172,0
256084.3299,0
256147.07,0
256181.0853,0
256294.6052,0
256343.2905,0
256395.9248,0
256479.3756,0
256543.98930000002,0
256751.5793,0
256936.9698,0
256960.0765,0
257032.7008,0
257049.7776,0
257291.3767,0
257338.0783,0
257827.1771,0
258134.63569999998,0
258203.9115,0
258448.8635,0
258519.3391,0
258695.8238,0
258731.178,0
258879.4122,0
258923.07140000002,0
259227.6464,0
259332.7086,0
259442.4064,0
259537.5092,0
259817.3862,0
259846.8682,0
259847.6415,0
259937.6635,0
260089.381,0
260182.0455,0
260283.3691,0
260293.1144,0
260581.0447,0
260582.87170000002,0
260642.1412,0
260713.3852,0
260785.8623,0
260833.6533,0
261112.98489999998,0
261397.9961,0
261597.8235,0
261749.4738,0
261842.3777,0
261882.0417,0
262000.1146,0
262032.62780000002,0
262294.0815,0
262334.9493,0
262573.0491,0
262829.543,0
263056.1283,0
263260.082,0
263299.81799999997,0
263335.36089999997,0
263411.1435,0
263778.6311,0
263831.0886,0
263835.5518,0
263838.8429,0
263854.2266,0
264080.3606,0
264154.3878,0
264204.2039,0
264315.6721,0
264418.7472,0
264788.7736,0
265132.5013,0
265181.8228,0
265204.7104,0
266214.4974,0
266501.5489,0
266666.4172,0
266807.5436,0
267007.2831,0
267058.5288,0
267060.5507,0
267147.5251,0
267229.6762,0
267285.4839,0
267310.1989,0
267534.8288,0
267751.3615,0
267846.8125,0
267901.7786,0
268295.0188,0
268808.2123,0
269382.4993,0
269427.6967,0
269520.4249,0
269732.93,0
269734.9014,0
269978.4101,0
270090.8125,0
270155.7416,0
270170.225,0
270215.5682,0
270521.9593,0
270701.3142,0
270712.5487,0
270856.9817,0
271391.70530000003,0
271517.1965,0
271607.6278,0
271652.4716,0
271713.384,0
272374.9354,0
272674.5576,0
272705.3733,0
272741.5164,0
273029.1941,0
273031.3381,0
273246.4319,0
273308.8914,0
273445.6641,0
273457.3194,0
273815.6505,0
273828.5439,0
273836.1023,0
274064.1943,0
274317.3202,0
274396.0535,0
274543.822,0
274796.3132,0
275017.0282,0
275168.9019,0
275215.6459,0
275228.86950000003,0
275301.8912,0
275370.70530000003,0
275704.1652,0
275897.4259,0
275923.9409,0
276531.5627,0
276564.4081,0
276574.1411,0
276827.2058,0
276830.0539,0
276944.4549,0
276955.5617,0
276991.0786,0
277007.7527,0
277035.6552,0
277139.6283,0
277181.6709,0
277296.6611,0
277365.6687,0
277383.03489999997,0
277450.98840000003,0
278495.0608,0
278502.5237,0
278540.858,0
278711.3037,0
278773.27650000004,0
278912.3932,0
279121.9722,0
279150.3835,0
279157.2624,0
279285.9047,0
279437.3518,0
279462.7237,0
279581.926,0
279689.2971,0
279798.3539,0
279859.1823,0
279893.0708,0
280067.6739,0
280130.2889,0
280376.9585,0
280400.6861,0
280503.3245,0
280564.2561,0
280583.4951,0
281188.1694,0
281213.9216,0
281230.236,0
281320.2132,0
281362.0336,0
281421.423,0
281466.0353,0
281545.19180000003,0
281546.7848,0
281585.7718,0
281658.1482,0
282089.3066,0
282099.1129,0
282118.3998,0
282132.5088,0
282225.9184,0
282252.08999999997,0
282290.7976,0
282336.6539,0
282483.4817,0
282603.3375,0
282609.8772,0
282642.0202,0
282749.9765,0
282750.4897,0
283156.0104,0
283161.4028,0
283267.2415,0
283307.82440000004,0
283450.3484,0
283633.4022,0
283889.4635,0
284038.1144,0
284042.8729,0
284066.4791,0
284160.1468,0
284320.1412,0
284574.7461,0
284721.0646,0
284918.7049,0
284947.572,0
285128.8594,0
285147.038,0
285170.2378,0
285188.4882,0
285298.3615,0
285365.2492,0
285376.9709,0
285514.0903,0
285568.5984,0
285694.2989,0
285807.9685,0
285837.3921,0
285882.3938,0
285898.0729,0
285921.06429999997,0
285986.6278,0
286648.6506,0
286721.2801,0
286757.3689,0
286839.6833,0
287025.9018333333,0
287054.4432,0
287132.369,0
287163.1314,0
287544.4408,0
287746.6929,0
287899.7388,0
288152.5342,0
288319.3953,0
288401.8078,0
288452.9676,0
288485.6313,0
288571.9236,0
288693.0415,0
288694.8723,0
288976.4215,0
289019.7279,0
289222.5151,0
289293.0712,0
289328.5469,0
289506.4294,0
289512.2177,0
290322.5728,0
290588.3036,0
290671.4163,0
290766.3386,0
290841.35970000003,0
291030.6905,0
291044.3105,0
291430.651,0
291506.9042,0
291625.4711,0
291675.2215,0
291779.4081,0
291836.2175,0
291978.36679999996,0
292024.7439,0
292150.2301,0
292176.9938,0
292245.3092,0
292392.1058,0
292755.8195,0
293329.1606,0
293495.4569,0
293627.5557,0
293851.3652,0
293870.5057,0
293963.1837,0
294259.7171,0
294424.1307,0
294873.8984,0
295642.4636,0
295647.9018,0
295821.7203,0
295822.0249,0
295896.9531,0
295928.6974,0
296217.6105,0
296669.4384,0
296737.2455,0
296787.5692,0
296816.9423,0
297055.1294,0
297202.9125,0
297230.1718,0
297344.4788,0
297351.0353,0
297464.5627,0
297475.9959,0
297689.1645,0
297859.6446,0
297968.1803,0
298145.7433,0
298435.9774,0
298629.19779999997,0
298970.8348,0
299087.6098,0
299373.25190000003,0
300227.453,0
300379.1005,0
300766.38264,0
300774.0832,0
301014.0593,0
301196.1488,0
301227.884,0
301409.03808,0
301849.1977,0
301884.3947,0
302147.85250000004,0
302368.4348,0
302387.1938,0
302390.42236666667,0
302392.8642,0
302669.0653,0
302683.1284,0
302919.4367,0
302946.3174,0
303106.46510000003,0
303288.11710000003,0
303334.79850000003,0
303349.7186,0
303574.936,0
303761.8741,0
303865.0268,0
304089.9882,0
304486.2321,0
304534.3868,0
304703.4371,0
304723.4544,0
304783.9177,0
305398.9896,0
305563.9083,0
305616.2483,0
305735.4011,0
306156.6158,0
306628.5605,0
306686.168,0
306770.9783,0
306813.315,0
307307.6551,0
307471.18388,0
307495.022,0
307709.24210000003,0
308135.516,0
308558.2168,0
309132.6302,0
309711.5464,0
309736.8346,0
309908.1977,0
309968.9899,0
310076.0453,0
310197.7276,0
310514.1664,0
310790.614,0
311328.2425,0
311518.29686666664,0
311550.9902,0
312274.2302,0
312399.0047,0
312572.1901,0
312862.7771,0
312911.3408,0
313163.1556,0
313296.8039,0
313495.571,0
313707.71623333334,0
313721.7348,0
313880.2816,0
314005.1094,0
314323.0119,0
314513.4432,0
314675.4105,0
314736.1665,0
314765.4545,0
315385.7297,0
315427.5711,0
315435.628,0
315558.34455,0
315804.014,0
316475.04566,0
316639.8203,0
316896.8077,0
317015.596,0
317423.9098,0
317464.625,0
317714.2391,0
317912.8024,0
317917.9191,0
318031.44680000003,0
318070.8013,0
318340.63174,0
318717.9382,0
319186.6154,0
319268.56680000003,0
319280.8849,0
319561.6743,0
319564.6156,0
319598.9657,0
319615.40993333334,0
319721.5407,0
320397.8578,0
320424.3758,0
320857.19070000004,0
320949.4763,0
321204.0634,0
321268.3263,0
321421.6156,0
321751.1413,0
322261.0655,0
322273.9806,0
322315.8016,0
322389.6062,0
322780.9372666667,0
323427.8476,0
323601.7953,0
323831.2492,0
324286.781975,0
324749.9519,0
324890.8321333333,0
325575.9494,0
325813.833,0
325897.5032,0
325998.6012,0
326107.3298,0
326520.7068,0
326621.2376,0
326650.3578,0
326938.641,0
327316.0187,0
327383.8772,0
327553.7553166667,0
327660.9681,0
327763.3224,0
328723.1724,0
328819.3393,0
328913.89269999997,0
329042.9395,0
329075.5613,0
329332.91418,0
329482.972,0
329535.4564,0
330056.267,0
330075.662,0
330492.2352,0
330516.3666,0
330705.357,0
330809.0173,0
330972.8649,0
331118.1273,0
331348.0629,0
331554.0241,0
331687.5504,0
331688.345,0
331979.8403,0
332034.8688,0
332093.5223,0
332156.5635,0
332320.5119,0
332716.4113,0
333025.3538,0
333066.1772833333,0
333244.9777,0
333289.3152,0
333345.9185,0
333409.5586,0
333489.1487,0
333808.592,0
333847.7814,0
333908.07649999997,0
333952.1061,0
334061.4452,0
334188.8925,0
334521.5851,0
334648.90065,0
335103.9684,0
335559.1413,0
335644.0423,0
335689.0683,0
336123.57505,0
336456.2321,0
337162.9075,0
337253.9575,0
337279.1849,0
337488.5474,0
337781.2181,0
337990.6935,0
338080.692,0
338257.4635,0
338261.0129,0
338763.83999999997,0
339364.9572,0
339763.7781,0
339865.4175,0
339910.5391,0
339959.3557,0
340023.2833,0
340173.74363333336,0
340396.6031,0
340846.5427,0
340851.0811,0
340860.9384,0
341033.0045,0
341068.7806,0
341141.39280000003,0
341413.9297,0
341514.2723,0
341708.5401,0
341828.3543,0
341980.7029,0
342028.8068,0
342140.9548,0
342275.11699999997,0
342405.9851,0
342461.3861,0
342617.8851,0
342677.7472,0
342721.116,0
342855.4033,0
342893.9158,0
343216.2049,0
343480.5294,0
343667.122,0
343740.1869,0
343893.5831,0
343961.2839,0
344213.8137,0
344397.1705,0
344678.703,0
345143.847,0
345226.176,0
345265.0274,0
345465.5115,0
345508.9903,0
345920.0684,0
346062.1663,0
346329.1045,0
346369.8497,0
346423.7762,0
346495.03740000003,0
346699.8728,0
347485.1009,0
347542.8114,0
347666.9365,0
347698.1524,0
347768.9398,0
347884.9771,0
347916.4745,0
347983.0552,0
348209.4548,0
348693.0316,0
348866.1375,0
348952.4833,0
348953.7765,0
349143.9911,0
349185.6835,0
349388.91305,0
349439.8081,0
349670.7801,0
349687.5814,0
349894.60373333335,0
350095.1511,0
350657.1312,0
350810.3533,0
350829.0329,0
351167.4205,0
351169.12679999997,0
351224.04839999997,0
351461.2348,0
351624.8505,0
351645.4586,0
351821.7386,0
351849.3628,0
351903.802,0
352004.63300000003,0
352021.6903,0
352072.9431,0
352239.784,0
352339.0194,0
352465.1359,0
352682.4302,0
353029.6692,0
353413.6348,0
353450.8065,0
353529.1318,0
353803.41610000003,0
353853.0328,0
353905.3299,0
353998.4341,0
354008.2657,0
354264.731,0
354312.2943,0
354335.1399,0
354337.42339999997,0
354351.4988,0
354357.3773,0
354551.4892,0
354827.4576,0
354938.3306,0
354986.7493,0
354999.1883,0
355109.0544,0
355223.5015,0
355312.7648,0
355362.3542,0
355829.4417,0
356234.8962,0
356466.4527,0
356611.0775,0
356612.3156,0
356983.05090000003,0
357131.8476,0
357184.23158,0
357225.5167,0
357261.9914,0
357350.6829,0
357709.8005,0
357763.6458,0
357890.7779,0
357910.8983,0
357981.4989,0
358384.7672,0
358578.4963,0
358626.2159,0
358794.165,0
358853.4253,0
359417.5692,0
359421.3343,0
359423.8253,0
359547.7789,0
359920.8169,0
359921.64639999997,0
360078.0445,0
360089.4842,0
360174.24569999997,0
360213.1204,0
360318.6699,0
360537.0943,0
360690.7132,0
360894.7466,0
360922.6164,0
362514.9138,0
362565.3395,0
362574.9795,0
362761.8389,0
362831.6513,0
362834.5499,0
363318.1516,0
363385.4667,0
363595.3347,0
363622.6848,0
363640.91229999997,0
363906.49820000003,0
364073.8748,0
364120.4716,0
364130.9155,0
364134.8462,0
364329.58640000003,0
364727.0899,0
364755.1289,0
364880.0384,0
364913.5173,0
364927.7035,0
364953.9801,0
364960.6449,0
365020.1064,0
365226.0874,0
365489.1784,0
365497.4392,0
365503.0568,0
365548.1561,0
365656.7724,0
365764.2081,0
365979.5435,0
366203.063,0
366412.7084,0
366438.6468,0
366485.2969,0
366511.6064,0
366674.6749,0
366703.3151,0
366867.2603,0
366875.36710000003,0
366882.0501,0
367138.8054,0
367195.8362,0
367313.4227,0
367482.6092,0
367517.48329999996,0
367607.9866,0
367849.3612,0
367897.0453,0
367993.4596,0
368072.1405,0
368426.6291,0
368637.0207,0
368672.50452,0
368764.4315,0
369105.4937,0
369117.177,0
369189.7166,0
369270.4333,0
369272.1174,0
369461.7581,0
369745.5993,0
369767.44,0
370003.7157,0
370144.9018,0
370334.86470000003,0
370377.1922,0
370424.352,0
370696.7413,0
370783.7073,0
371287.6503,0
371403.9364,0
371619.8238,0
371701.7455,0
371720.9985,0
371781.9381,0
371975.2341,0
372002.9763,0
372036.155,0
372379.047,0
372421.0395,0
372471.3179,0
372587.5611,0
372630.0935,0
372659.78130000003,0
372784.5693,0
372854.5376,0
372972.1988,0
373029.8717,0
373174.1601,0
373305.654,0
373308.50190000003,0
373327.06299999997,0
374060.2042,0
374060.3733,0
374064.9727,0
374487.9892,0
374589.0092,0
374733.6825,0
374765.6118,0
374784.3258,0
374803.8521,0
374840.7987,0
374906.979,0
375033.0521,0
375105.6204,0
375201.101,0
375406.0957,0
375523.0205,0
375562.1683,0
375719.1976,0
376006.154,0
376073.8795,0
376081.727,0
376285.4504,0
376362.0385,0
376419.3335,0
376479.0944,0
376497.796,0
376820.4731,0
376825.5256,0
376988.888,0
377042.654,0
377119.8439,0
377179.6429,0
377244.638,0
377536.6683,0
377627.8004,0
377882.7462,0
378156.6407,0
378218.7819,0
378245.02139999997,0
378906.1754,0
378925.0844,0
378938.8105,0
378938.941,0
378980.486,0
379069.6763,0
379082.6681333333,0
379126.6868,0
379183.4164,0
379330.093,0
379365.2406,0
379404.9662,0
379605.95519999997,0
379773.0256,0
379962.9462,0
380164.0632,0
380204.4606,0
380615.2403,0
381095.5478,0
382328.9854,0
382677.7199,0
382960.8271,0
382980.2644,0
382992.5482,0
383023.2535,0
383133.5173,0
383684.5332,0
383852.8787,0
384041.5631,0
384114.4506,0
384332.5848,0
384474.8966,0
384497.4385,0
384512.19909999997,0
384642.136,0
384715.1066,0
385157.3876,0
385415.1537,0
385489.6261,0
385766.5688,0
385890.0399,0
386036.6215,0
386337.0602,0
386477.9097,0
386551.6842,0
386844.5737,0
386901.2153,0
386992.8099,0
387092.1095,0
387255.8534,0
387749.1487,0
388130.0257,0
388388.1261,0
388551.4382,0
388650.5279,0
388831.198,0
388926.8229,0
389042.2986,0
389262.5669,0
389526.413,0
389667.1172,0
390130.771,0
390273.25769999996,0
390391.6236,0
390408.33,0
390425.4409,0
390839.0923,0
390881.2599,0
391110.329,0
391213.4615,0
391373.33389999997,0
391500.794,0
391747.559,0
392032.1666,0
392158.7474,0
392555.244,0
392611.3664,0
392672.3636,0
393255.61,0
393486.5949,0
393670.7706,0
393878.7672,0
393916.601,0
394010.8072,0
394077.725,0
394354.88049999997,0
394762.2394,0
395226.5995,0
395494.8915,0
395506.8974,0
395911.25800000003,0
396345.6764,0
396931.1349,0
396953.37333333335,0
397307.598,0
397458.0799,0
397506.9608,0
397732.3315,0
397794.7504,0
398052.8897,0
398292.4587,0
398767.2235,0
399267.3565,0
399314.3354,0
399424.2481,0
399448.6709,0
399599.0341,0
399769.4283,0
399807.3526,0
399807.9002,0
400459.9976,0
400478.47239999997,0
400561.52280000004,0
400852.5009,0
400990.84990000003,0
401048.46140000003,0
401052.4707,0
401432.90584,0
401699.7484,0
401706.00488333334,0
401933.6922,0
401993.71866666665,0
402150.7318,0
402190.5672,0
402439.231,0
402526.1617,0
402537.6945,0
402751.8924,0
402889.9655,0
402894.0783,0
403466.9349,0
403544.4798,0
403613.5626,0
403751.3294,0
403850.5226,0
403882.2181,0
404219.4169,0
404786.0399,0
404850.259275,0
404942.8562,0
405145.2665,0
405343.6506,0
405478.6665,0
406089.6914,0
406280.3064,0
406672.8725,0
407738.5624,0
408003.3275,0
408003.439,0
408487.08640000003,0
408516.3588,0
408840.3131,0
409234.5169,0
409528.9857,0
409935.813,0
410023.28130000003,0
410378.236,0
410481.0421,0
410491.9475,0
410492.7791,0
410635.4213,0
410885.5102,0
410915.7504,0
411049.8096,0
411110.317,0
411315.5114,0
411347.69266666664,0
411545.4482,0
411637.707,0
412388.747,0
412799.2302,0
412908.2819,0
413512.8176,0
413534.0695,0
413896.667275,0
413945.8987,0
414030.158,0
414333.73498,0
414355.8961,0
414793.1134,0
414808.6193,0
414923.8282,0
415052.0687,0
415238.6,0
415286.9936,0
415531.5707,0
415580.49450000003,0
415698.3635,0
415977.1245,0
416166.9618,0
416185.979,0
416292.57205,0
417152.5806666667,0
417368.6849,0
417632.4912,0
417797.0882,0
417818.54610000004,0
417883.569,0
418047.6421,0
418245.3655,0
418251.065,0
418426.1405833333,0
418479.207,0
418530.5637666667,0
418647.20231666666,0
418878.058,0
418945.8521,0
419096.7931,0
419114.8507,0
419172.0562,0
419173.0873,0
419304.7656,0
419305.3127,0
419337.1203,0
419394.1692,0
419582.94352,0
419679.2154,0
419724.2147,0
420093.9578,0
420511.6167333333,0
420605.7785,0
421015.48306,0
421058.5502,0
421106.3202,0
421131.8673,0
421157.0465,0
421178.8012,0
421236.6645,0
421705.4811,0
421709.6317,0
421731.0615,0
421900.05319999997,0
421937.0419,0
422335.4647,0
422507.379,0
422532.5507,0
422639.052,0
422682.0193,0
422829.6343,0
423056.3265,0
423187.2197,0
423663.0182,0
423867.5292,0
423944.2047,0
424003.924,0
424234.3076,0
424497.1687,0
424681.6402,0
424722.2694,0
424933.6713,0
424948.031,0
424982.4232,0
426153.9969,0
426171.35272,0
426304.9754,0
426372.1008,0
426413.9007,0
426521.9457,0
426900.5303,0
426924.2046,0
427380.2852,0
427570.3541,0
428130.8531,0
428231.9889,0
428242.260325,0
428762.7992333333,0
428971.2582,0
429009.0033,0
429407.4213,0
429428.1814,0
429627.4338,0
429781.6225,0
429850.761,0
430073.3777,0
430471.92220000003,0
430640.8433,0
430641.96625,0
430717.6987,0
430721.6332,0
430806.9933,0
430852.5445,0
430973.0414,0
431050.0444,0
431135.8626,0
431201.8208,0
431213.3245,0
431624.752,0
431638.1874,0
431663.3529,0
431723.5872,0
431790.7343,0
431814.1422,0
431838.7365,0
431948.0087,0
431956.8606,0
431993.6484,0
432045.5532,0
432086.596,0
432409.8526,0
432444.6825,0
432452.7962,0
432480.324,0
433131.3575,0
433305.3661,0
433317.0146,0
433325.4803,0
433407.2172,0
433764.06440000003,0
433914.9062,0
434304.0154,0
434304.653,0
434356.0969,0
434494.2568,0
434621.7277,0
434676.8013,0
434833.9459,0
435049.2605,0
435158.567,0
435187.2761,0
435312.9703,0
435416.643,0
435608.3012,0
435698.2734,0
435744.3985,0
435778.5156,0
435948.7843,0
435968.9993,0
436148.239,0
436172.7507,0
436357.2603,0
436397.0964,0
436546.0608,0
436676.85,0
436817.1292,0
436933.2408,0
436939.9874,0
437046.7118,0
437196.0628,0
437650.2877,0
437806.6388,0
437963.4616,0
438054.383,0
438093.1835,0
438111.9382,0
438194.6069,0
438248.4544,0
438317.5365,0
438382.3711,0
438622.7088,0
438762.565,0
439025.4684,0
439076.4967,0
439128.055,0
439355.0449,0
439388.2295,0
439480.3158,0
439592.0961,0
439600.5627,0
439749.6196,0
440769.1736,0
440776.427,0
440923.0222,0
441012.7827,0
441280.6313,0
441326.6374,0
441365.7673,0
441441.6593,0
441612.336,0
441953.1571,0
442227.19550000003,0
442255.2329,0
442321.6139,0
442430.1151,0
442855.403,0
443471.2333,0
444178.6813,0
444184.9282,0
444399.6667,0
444764.3113,0
444779.0034,0
444918.6158,0
444941.2512,0
445227.3738,0
445249.7034,0
445363.0739,0
445390.4878,0
445453.2177,0
445501.9113,0
445612.4074,0
445658.864,0
445664.2915,0
445859.5402,0
445886.97239999997,0
445940.0246,0
445998.3586,0
446173.26529999997,0
446535.3436,0
446753.5466,0
446754.6436,0
446942.2171,0
447020.7602,0
447162.7408,0
447218.7386,0
447264.8796,0
447438.1505,0
447449.813,0
447462.0512,0
447849.3617,0
448019.0728,0
448020.2339,0
448059.3651,0
448470.49820000003,0
448473.8998,0
448495.0678,0
448660.2916,0
448703.4117,0
448731.797,0
448786.4062,0
448976.4912,0
448996.4187,0
449199.1773,0
449329.2465,0
449361.8515,0
449608.3861,0
449675.8463,0
449774.3843,0
449790.5576,0
449840.4533,0
449958.7308,0
450006.8187333333,0
450229.1487,0
450401.0785,0
450437.15619999997,0
450686.561,0
450916.6566,0
450948.3679,0
450952.47849999997,0
450998.8642,0
451136.25549999997,0
451214.7434,0
451248.5917,0
451395.4128,0
451464.0172,0
451511.4313,0
451639.4641,0
451871.2229,0
451995.7197,0
452036.75399999996,0
452125.5952,0
452185.194,0
452301.391,0
452309.5436,0
452400.4914,0
452435.1351,0
452446.3159,0
452653.8524,0
452660.90040000004,0
452782.76,0
452938.2504,0
452956.2263,0
453061.0282,0
453065.2082,0
453073.8239,0
453244.5497,0
453601.882,0
453796.401,0
453921.351,0
454005.2256,0
454246.6206,0
454348.8421,0
454478.3423,0
454488.0012,0
454917.4149,0
454941.4509,0
455003.47239999997,0
455017.1934,0
455207.8672,0
455298.5113,0
455302.6141,0
455655.8213,0
455684.1382,0
455791.40410000004,0
455844.0252,0
455866.1488,0
456187.21259999997,0
456448.2262,0
456590.9308,0
456683.2887,0
456697.6056,0
456839.5171,0
456892.703,0
456967.6498,0
457193.4067,0
457219.0227,0
457492.791,0
457855.7403,0
458084.5134,0
458151.1524,0
458174.8649,0
458194.9411,0
458556.3782,0
458689.7437,0
458704.7434,0
458909.484,0
458999.8379,0
459076.079,0
459203.7709,0
459351.982,0
459625.2197,0
459638.5629,0
459842.7887,0
459948.2565,0
459964.53489999997,0
460082.7189,0
460191.8653,0
460429.7218,0
460489.8777,0
460696.0248,0
461247.28729999997,0
461394.7269,0
461404.5162,0
461441.7348,0
461467.956,0
462094.9716,0
462112.5948,0
462128.0014,0
462130.8534,0
462204.3252,0
462223.4059,0
462294.0422,0
462428.9419,0
462456.4536,0
462502.2661,0
462555.466,0
462667.7504,0
462691.5209,0
463015.594,0
463088.6656,0
463102.52520000003,0
463283.6532,0
463335.952,0
463339.9331,0
463764.1316,0
463869.3113,0
464059.1768,0
464177.99450000003,0
464341.9131,0
464403.4426,0
464548.1921,0
464555.2808,0
465014.868,0
465146.8703,0
465177.6612,0
465300.6277,0
466215.0758,0
466237.6507,0
466238.1719,0
467412.9263,0
467642.5594,0
467661.47,0
468350.9502,0
468510.31799999997,0
468647.5706,0
468788.5689,0
469016.5915,0
469231.4555,0
469299.4852,0
469396.0495,0
469547.4771,0
469686.3054,0
469855.4126,0
469977.518,0
470010.4221,0
470015.7549,0
470148.3185,0
470151.7759,0
470264.1921,0
470282.2166,0
470421.963,0
470487.3289,0
470595.4092,0
471098.1774,0
471218.4037,0
471507.4238,0
471513.4432,0
471646.4103,0
471791.0439,0
472022.7527,0
472057.065,0
472274.9048,0
472846.8174,0
472976.2011,0
473361.0789,0
473420.49210000003,0
473494.02509999997,0
473609.2622,0
473702.23840000003,0
474090.1648,0
474295.7714,0
474322.4339,0
474544.5097,0
474557.6569,0
474797.9588,0
475105.6609,0
475269.9421,0
475702.92508,0
476105.9931,0
476321.8254,0
476485.3109,0
476496.0087,0
476625.7768,0
476707.02749999997,0
477057.8175,0
477378.2448,0
477781.3919,0
477783.6153,0
478501.8838,0
479130.78876666666,0
479167.558,0
479382.2286,0
479580.4702,0
479795.3344,0
480104.62,0
480167.5274,0
480441.2994,0
480634.90411666664,0
480736.8464,0
481674.9814,0
482068.9989,0
482310.3473,0
482453.1985,0
482456.123,0
482717.3651,0
483473.4353,0
483645.5181,0
483836.60490000003,0
484184.9594,0
484672.284,0
484680.19006,0
484780.0545,0
484786.1572,0
484816.0669,0
485182.7303,0
485413.82279999997,0
485684.2883,0
485739.3472,0
486050.4767,0
486454.9325,0
486455.424,0
486756.1619,0
486892.30449999997,0
486910.85109999997,0
487058.0121,0
487183.4135,0
487207.9461,0
487224.1163,0
487881.5681,0
488256.9709,0
488366.7955,0
488462.6352,0
488612.7585,0
488780.4609,0
488852.1114,0
489424.2875,0
489553.4952,0
489872.8489,0
489876.7531,0
489957.3189,0
490168.8026,0
490212.0888,0
490254.9694,0
490528.7453,0
490857.5427,0
491366.6825,0
491374.805,0
491994.9714,0
492118.9655,0
492206.0788,0
492247.3055,0
492306.1304,0
492369.2421,0
492635.8991,0
492677.5691,0
492867.58290000004,0
492957.8273,0
493277.6924,0
493488.7096,0
493498.0671,0
493750.274,0
493973.1786,0
494262.8991,0
494480.9031,0
494791.6112,0
495000.2469,0
495334.8188,0
495455.528,0
495741.2124,0
496117.8295,0
496478.8947,0
496493.1069,0
496764.2865,0
497004.141,0
497140.9492,0
497150.23058333335,0
497248.2225,0
497292.6445,0
497309.0097,0
497689.8473,0
498065.4834,0
498513.4191,0
498687.5216166667,0
499233.6664,0
499994.2484,0
500111.8764,0
500323.147875,0
500563.4966,0
500627.5107,0
500663.9349,0
500667.82779999997,0
500673.7032,0
500687.3521,0
500851.7639,0
500858.7724,0
501042.8573,0
501166.7047,0
501532.1139,0
501737.6147,0
501908.2031,0
501931.7127,0
502352.5407,0
502705.8239,0
502798.4613,0
502848.1101,0
503025.8371,0
503057.2529,0
503371.1904,0
503401.0167,0
503633.2954,0
503714.4906,0
503776.2491,0
503822.94909999997,0
504100.6008,0
504151.0626,0
504746.8311,0
504764.48138,0
504973.9082,0
505536.1855,0
505706.0616,0
505752.7606,0
505752.9199,0
506781.980475,0
507169.8057,0
507691.6399,0
507718.9442,0
507837.2612,0
507943.649,0
508560.5685,0
508744.7635,0
509037.227,0
509542.5385,0
509665.7867,0
509708.5073,0
509741.79076666664,0
510040.7991,0
510157.5111,0
510201.9862,0
510533.0591,0
510559.523,0
510611.3423,0
510781.3155,0
510952.6585,0
511052.4479,0
511612.6828,0
511695.2418,0
511837.0074,0
511904.73230000003,0
512001.2719333333,0
512228.8641,0
512229.6699,0
512332.1459,0
512468.3514,0
512502.1751,0
513030.1913,0
513392.3075,0
513728.9871,0
513782.51930000004,0
513806.9905,0
513880.3359,0
514018.3926,0
514110.6529,0
514412.8788,0
514498.0906,0
514694.5888,0
514756.2277,0
514855.7916,0
515637.2372,0
515761.7707,0
515890.799,0
515941.2988,0
516227.9831,0
516241.2547,0
516357.3328,0
516408.6418,0
516443.7565,0
516461.95581666665,0
516493.6907,0
516571.0769,0
516732.6601,0
516858.4866,0
516943.4179,0
516997.4208,0
517019.7602,0
517187.1025,0
517587.908,0
517652.5025,0
517797.9001,0
517869.61340000003,0
518041.4733,0
518072.4561,0
518116.3503,0
518146.2166,0
518280.3996,0
518410.986,0
518464.3366,0
518557.31680000003,0
518673.9251,0
518719.5335,0
518728.733,0
518808.12,0
518826.6692,0
518886.7531,0
519015.3791,0
519037.6993,0
519048.6302,0
519123.654,0
519148.7262,0
519423.2651,0
519542.2582,0
519577.6319,0
519625.84010000003,0
520411.2709,0
520507.9733,0
520546.966,0
520817.8704,0
520841.5351,0
521199.59990000003,0
521241.5064,0
521436.5727,0
521661.2415,0
521725.4424,0
521828.3155,0
521875.295,0
521971.4692,0
521987.8564,0
522005.7832,0
522113.1247,0
522260.561,0
522433.89029999997,0
522517.2425,0
522525.7012,0
522594.66240000003,0
522621.2821,0
522661.2273,0
522683.1902,0
522735.4652,0
523090.5364,0
523224.816,0
523241.1642,0
523572.6998,0
523585.692,0
523645.6081,0
523689.8049,0
523714.1923,0
523916.6413,0
524144.4051,0
524297.0038,0
524461.9497,0
524530.937,0
524539.5771999999,0
524753.8124,0
525094.2906,0
525294.7476,0
525375.912,0
525483.9017,0
525495.5941999999,0
525504.5664,0
525668.95798,0
525780.7725,0
525953.7926,0
526089.8211000001,0
526203.9757,0
526260.9276,0
526374.9267,0
526528.6978,0
526701.4352,0
526794.9955,0
527061.9695,0
527161.8866,0
527222.4878,0
527232.395,0
527367.9066,0
527412.8441,0
527620.9896,0
527633.7247,0
527642.1557,0
528223.3483,0
528827.8262,0
528911.6343,0
529061.8587,0
529208.4704,0
529221.1429,0
529273.9131,0
529300.5824,0
529454.5392,0
529526.4641,0
529831.0282000001,0
530089.1827,0
530109.4653,0
530156.9441,0
530335.9285,0
530690.9114,0
530893.9349,0
530926.4062,0
530963.8108,0
530981.9288,0
531571.5053,0
531750.624,0
531804.4853000001,0
531840.802,0
532077.59,0
532141.0673,0
532380.9759,0
532802.5231,0
532855.1867,0
532882.2986,0
533014.8417,0
533179.0491,0
533197.4268,0
533413.83,0
533623.1273,0
533642.98,0
533854.5192,0
533891.2906,0
533971.0826,0
533975.3273,0
534216.5866,0
534358.6855,0
534483.7228,0
534488.7775,0
534949.8467,0
534956.7343,0
535249.7711,0
535286.2169,0
535352.5971,0
535373.9814,0
535685.01015,0
535861.2219,0
535932.9317,0
536175.0776,0
536279.7021999999,0
536821.0976,0
536885.1122,0
537114.9805,0
537123.2344,0
537185.6292,0
537244.2541,0
537329.9784,0
537500.8663,0
537537.3043,0
537619.0829,0
537726.077,0
537755.9987,0
538106.632,0
538108.4199,0
538264.812,0
538274.6453,0
538339.7273,0
538454.0687,0
538477.337,0
538685.147,0
538687.7742,0
538886.707,0
538945.9846,0
539007.2942,0
539016.645,0
539082.6893,0
539336.1561,0
539523.9412,0
539776.6939,0
539817.5913,0
539925.3954,0
539946.1891,0
539947.5636,0
540161.2032,0
540198.7709,0
540934.0525,0
540957.3224,0
541249.6465,0
541942.1618,0
542098.7599,0
542190.2629,0
542303.7703,0
542418.8804,0
542421.9379,0
542746.4288999999,0
542797.425,0
542851.0974,0
543024.0674,0
543046.2476,0
543116.1293,0
543133.956,0
543628.3114,0
543856.6245,0
543952.0976,0
544008.8871,0
544055.0759,0
544604.0912,0
544976.0188,0
544983.9893,0
544995.6234,0
544996.8822999999,0
545062.6652,0
545318.5417,0
545332.752,0
545487.6398,0
545558.0438,0
545562.3661,0
545562.6674,0
545835.0146999999,0
545860.8943,0
546257.2131,0
546413.6698,0
546642.4053,0
546826.393,0
547036.798,0
547288.507,0
547289.0568,0
547364.4006,0
547367.1559,0
547435.9091,0
547552.0614,0
547622.1619,0
547687.879475,0
547737.0072999999,0
547743.2629,0
547903.9253,0
547918.9504,0
548153.9808,0
548809.0919,0
548850.6728000001,0
548937.1667,0
549012.7018,0
549033.5749,0
549153.8682,0
549192.8877,0
549245.6375,0
549647.6704,0
550072.2069,0
550108.7021,0
550147.7156,0
550248.7494,0
550520.9682,0
550597.9431,0
550648.305,0
550738.8761,0
550921.8189,0
551103.6643,0
551175.964,0
551266.1995,0
551697.5489,0
552129.7263,0
552788.841,0
552798.5245,0
553154.1415,0
553285.3227,0
553400.2366,0
553662.3785333333,0
553674.2276,0
553826.0808,0
554026.8032,0
554158.893,0
554524.3962,0
554701.5821,0
554824.1783,0
554837.4402,0
554989.3117,0
555191.189,0
555859.2098000001,0
556145.521,0
556297.9833,0
556405.7227,0
556670.7716,0
556891.2091,0
556891.7246,0
556922.2292,0
557285.3594,0
557287.27152,0
557392.3783,0
557784.5608,0
557958.7344,0
558374.333,0
558533.6814,0
558638.447475,0
558784.5078,0
558812.5986,0
558876.3177,0
558927.0709,0
558929.0042,0
559218.5427999999,0
559272.9305,0
559312.5093,0
559376.7903,0
559430.1436,0
559589.4153,0
559899.4439000001,0
559973.9358,0
560382.1859,0
560459.9862,0
560506.0671,0
560522.9097,0
561169.2576,0
561587.3671,0
562333.0641,0
563176.8038,0
563262.5514,0
563796.5197000001,0
564001.3999,0
564141.7601,0
564585.6461,0
564695.2938,0
565064.0604666667,0
565456.9319,0
565532.3402,0
565907.1632000001,0
566108.3811,0
566149.6327,0
566150.7522,0
566169.2564000001,0
566218.9854,0
566330.5814,0
566445.0856999999,0
567181.5622,0
568204.3791,0
568745.4414,0
568823.7348,0
568904.3722,0
568979.3798,0
569015.6304,0
569152.9697,0
569248.44732,0
569322.1327,0
569729.7802,0
569894.4417,0
570213.2668,0
570328.3395,0
570835.5185,0
570993.24158,0
571053.2525,0
571117.0313,0
571284.342,0
571430.7009,0
571477.8151,0
571751.7195,0
571776.8232,0
572077.0924,0
572134.9726,0
572218.2497,0
572331.8285000001,0
572338.1228,0
572353.5501999999,0
572424.7457,0
572519.0744,0
573180.0908,0
573321.7868,0
573336.1921,0
573341.3508,0
573421.8376,0
573464.1696,0
573577.8612,0
573782.4137,0
573891.2301,0
574363.3221,0
574367.3859999999,0
574395.2456,0
574440.9812,0
574471.8948,0
574544.92712,0
574660.1802000001,0
575030.6232,0
575234.176,0
575241.4486,0
575326.2121,0
575346.5487,0
575686.2123,0
575859.72045,0
575913.9994,0
575965.3291,0
576626.998,0
576658.5991,0
576846.3060333333,0
577095.832675,0
577396.2257,0
577573.0762,0
577663.24,0
577768.5056,0
578092.6646,0
578099.6769,0
578223.0872,0
578354.2864,0
578404.8301,0
578895.2327,0
579146.0458,0
579172.3574,0
579311.476,0
579594.3948,0
579941.7732,0
580071.9625,0
580304.185,0
580396.4905,0
580571.8704,0
580684.1825,0
580854.2005,0
580974.3376,0
580977.7241,0
581181.96,0
581308.8103,0
581620.83238,0
581820.1711,0
581880.4385,0
582071.3806,0
582206.3343,0
582471.0002,0
582720.6342,0
582829.6525,0
582865.2633,0
583006.6562,0
583190.5092,0
583316.217325,0
583393.6218,0
583668.4898,0
583692.5945,0
583697.025,0
583810.0591,0
584014.8808166666,0
584162.4837,0
584270.17185,0
584273.422,0
584446.8936,0
584465.7397,0
584604.3458,0
584967.80786,0
584970.4866,0
585174.3556,0
585209.7863,0
585389.4726,0
585828.845,0
585886.7565,0
585898.9541,0
586267.8369,0
586526.4298,0
586907.8154,0
586970.1331,0
587289.3805,0
587405.6834,0
587525.7506,0
587561.5557,0
587763.3163,0
587786.1139,0
588254.8471,0
588394.8566,0
588454.5277,0
588523.4305,0
588526.2682,0
588708.5533,0
588866.5983,0
588929.1623,0
589102.3233,0
589119.9303,0
589143.5476,0
589185.0313,0
589206.5932,0
589877.7996,0
590079.9457,0
590332.4775,0
590355.4857,0
590424.0488,0
590559.6908,0
590579.80235,0
590666.3248,0
590711.8407000001,0
590744.5823,0
591071.4291,0
591437.1815,0
591599.5756,0
591729.5825,0
591745.6711,0
591883.8448,0
592015.1213,0
592221.8179,0
592236.0619,0
592378.6479,0
592393.5974,0
592592.64,0
592688.4369,0
592965.0383,0
593519.2413,0
594150.0726,0
594411.1555,0
594576.7445,0
594653.9698,0
594783.8869,0
595068.0234,0
595344.504,0
595458.0828,0
595483.9515,0
595526.9973,0
595796.4529,0
595897.2957,0
596052.8885,0
596081.9453,0
596406.1274,0
596533.1651,0
596778.4807,0
596825.9453,0
597046.3195,0
597139.009,0
597576.3184,0
597894.8239,0
597956.413,0
598161.9016,0
598523.4758,0
598644.8556,0
598726.2217999999,0
598806.8607,0
599177.5689,0
599218.7415,0
599231.2596,0
599245.8692,0
599246.1746,0
599276.0025,0
599286.3803,0
599525.6884,0
599559.5278,0
599722.5283,0
599851.7528,0
600031.8936,0
600133.1641,0
600232.115,0
600787.5688,0
600823.3598,0
600895.4734,0
600999.0959,0
601024.2587,0
601562.0901,0
601795.2475,0
601917.9226,0
601928.4843,0
602202.3115,0
602318.9431,0
602492.0361,0
602626.1101,0
602699.4152,0
602953.8014,0
603426.2495,0
603505.4591,0
603582.0134,0
603741.1842,0
603762.1723,0
603783.1895,0
603912.3751000001,0
603935.473,0
604470.0543,0
605005.3243,0
605158.6688,0
605376.216,0
605664.1105,0
605667.9678,0
605728.4507,0
605754.4765,0
606013.4372,0
606028.3309,0
606464.8912,0
606662.5571,0
606662.9057,0
606774.2195,0
606797.2407,0
606919.293,0
606963.4463,0
607085.0629,0
607113.424,0
607218.3734,0
607272.7172,0
607390.6592,0
607407.7353000001,0
607794.2180999999,0
607920.0395,0
608041.1627,0
608091.7722,0
608321.8792,0
608401.5827,0
608573.2437,0
608621.9517,0
608629.3637,0
608808.4257,0
608961.7428,0
609104.0835,0
609113.6959,0
609188.5345,0
609264.3528,0
609628.8589,0
610113.302,0
610215.0086000001,0
610256.4894,0
610290.797,0
610303.4352,0
610317.1225,0
610346.8347,0
610355.7706,0
610363.2436,0
610609.9228000001,0
610647.73,0
610715.1898,0
610732.6713,0
611275.5827,0
611436.4973,0
611620.5815,0
611747.6348,0
611757.0766,0
611763.6841,0
611790.026,0
611884.4648,0
611950.3467999999,0
612026.637,0
612056.7312,0
612297.6414,0
612471.6793,0
612567.9575,0
612594.1028,0
612805.0153,0
612830.1395,0
613159.4298,0
613271.1647,0
613546.355,0
613603.7676,0
613686.655,0
613695.6774,0
613794.7655,0
613857.2563,0
613900.0052,0
614053.6585,0
614064.6924,0
614133.1341,0
614191.9352,0
614289.3568,0
614289.572,0
614466.4229,0
614568.9911,0
614597.1998000001,0
614626.0421,0
614947.7053,0
615240.4551,0
615333.2171,0
615371.7632,0
615438.6531,0
615624.4055999999,0
615657.5018,0
615678.4408,0
615743.1991,0
615951.6943,0
616114.0063,0
616501.2174,0
616561.0232,0
617057.5516,0
617058.6691,0
617070.5782,0
617200.4013,0
617285.6151,0
617308.2358,0
617853.3571,0
618004.8179,0
618036.8069,0
618052.012,0
618176.7131,0
618242.595,0
618453.1172,0
618465.80595,0
618662.5866,0
618756.9983,0
618773.3479,0
619010.9175,0
619074.7767,0
619099.0082,0
619249.3466,0
619522.5543,0
619631.4207,0
619937.4078,0
620001.19062,0
620310.2441,0
620439.5437,0
620495.5386,0
620575.268,0
620737.394,0
620758.429,0
620764.5035,0
621179.8206,0
621207.1306,0
621349.1977,0
621491.8474,0
621610.7129,0
621628.8184,0
622144.047,0
622176.6912,0
622667.2052,0
622701.1877,0
622732.1989,0
623306.9515,0
623690.5913,0
623880.9726,0
623969.6254,0
624005.0635,0
624484.3791,0
624605.781,0
624705.3332,0
625051.8928,0
625212.8041,0
625488.4484999999,0
625979.8243,0
626134.0034,0
626196.5783,0
626347.6181,0
626398.9981,0
626801.8094,0
626809.5485,0
626860.5405,0
626900.0874,0
626932.9711,0
627126.3572,0
627149.5101,0
627261.264,0
627394.251,0
627431.142,0
627530.7578,0
627577.1386,0
627638.2425,0
627778.1592,0
627814.4726,0
627832.1605,0
628108.7586000001,0
628586.885,0
628778.7365,0
629004.82155,0
629073.241,0
629142.6858,0
629160.797,0
629283.8307,0
629324.7555,0
629484.2994,0
629740.1444,0
629819.2139,0
629846.7204,0
630067.5606,0
630172.3961,0
630207.6434,0
630297.6096,0
630378.722,0
630508.671,0
630571.9982,0
630601.852,0
630758.6108,0
630766.3792,0
630888.1709,0
631014.451,0
631164.7465,0
631180.413,0
631227.4133,0
631261.4384,0
631303.0603,0
631373.6847,0
631458.0396,0
631574.2864,0
631807.4809,0
631957.3895,0
632010.2565,0
632526.889,0
632564.6803,0
632605.4099,0
632624.1301,0
632646.9256,0
632681.4874,0
632804.1565,0
632931.9906,0
633157.2062,0
633181.4913,0
634024.5333,0
634295.5528,0
634366.5847,0
634466.1501,0
634554.1852,0
634708.2617,0
634738.1052,0
634747.79,0
634751.895,0
634823.8595,0
634996.30446,0
635005.1842,0
635549.8949,0
635570.6337,0
635687.8309,0
636124.8695,0
636215.7592,0
636271.9731000001,0
636417.8574,0
636577.1364,0
636611.7106999999,0
636901.6776,0
636970.1415,0
636993.8518,0
637017.9328,0
637056.149,0
637277.8416,0
637319.5915,0
637551.6348,0
637782.9824,0
638112.715,0
638313.7862,0
638425.155,0
638663.4021,0
638716.5183,0
638854.3755,0
638889.8575,0
638906.0139,0
639118.1416,0
639499.3776,0
639705.3102,0
639886.843,0
639897.397,0
639985.9377,0
640177.2775,0
640267.315,0
640644.5102,0
640795.6052999999,0
641206.6112,0
641213.8891,0
641297.6126,0
641302.8295,0
641331.6659,0
641384.4708,0
641584.3717,0
641634.0971,0
641682.5469,0
641727.1012,0
641890.0198,0
642178.1434,0
642311.9014,0
642562.5527,0
642915.4109,0
643034.277,0
643084.7379,0
643504.5054,0
644155.3901,0
644331.6139,0
644483.8078,0
644867.6513,0
645012.9717,0
645053.59,0
645311.1881,0
645498.0595,0
645743.6947,0
646303.3013,0
646517.7733,0
646849.8485,0
646901.0482,0
646983.5246,0
647014.08,0
647027.3589,0
647188.8692,0
647460.3582,0
647550.8581,0
647633.2287,0
648098.5322,0
648303.0121,0
648313.5309,0
648425.6855,0
648532.03,0
649070.3232,0
649076.0938,0
649089.8875,0
649162.1368,0
649180.3313,0
649420.9529,0
649585.9231,0
649626.1052999999,0
649698.8552999999,0
649768.0719,0
649897.4291,0
650025.4018,0
650350.5528,0
650817.8413,0
651063.0787,0
651400.6426,0
651561.149,0
651872.28874,0
651960.0793,0
652024.1377,0
652027.2212,0
652309.1216,0
652367.2954,0
652500.7865,0
652719.0734999999,0
652833.8684,0
652993.9814,0
653050.974,0
653076.4209,0
653145.1086,0
653439.433,0
653887.3602,0
653920.3276,0
654165.3487,0
654170.811,0
654202.9121,0
654297.0807,0
654799.8171,0
654934.504,0
655544.5424,0
655576.044,0
656023.1425,0
656075.7932,0
656501.9127,0
656540.7352,0
656656.456,0
656914.4236,0
656958.05,0
657147.6787,0
657247.5616,0
657734.7133,0
657796.3633,0
658174.4688,0
658338.5166,0
658415.5894,0
658446.3013,0
658506.1776,0
659099.035,0
659193.246,0
659352.3796,0
659854.235,0
660161.2249,0
660243.6701,0
660459.4649,0
660650.9996,0
660788.2274,0
661029.4116,0
661312.4422,0
661513.1138,0
661889.0691,0
662228.4563,0
662550.9679,0
662721.5712,0
662748.4765999999,0
662905.2954,0
663162.1648,0
663713.7114,0
663910.1051,0
663954.2702,0
664018.4468,0
664388.2347,0
664972.8678,0
665000.6532000001,0
665768.5563,0
666428.7997,0
666589.0544,0
666709.8794,0
666944.6487,0
667539.6996,0
667612.1037,0
667652.182,0
667881.7014,0
667956.1898,0
668185.1979,0
668235.0478000001,0
668247.2898333333,0
668263.77546,0
668405.1289,0
668503.0274,0
668543.5466,0
669096.425,0
669206.2676,0
669380.0633,0
669543.3997,0
669585.5873,0
669687.3768,0
669790.2737,0
669805.1068,0
669809.4161,0
671371.8759,0
671450.7681,0
671500.5651,0
671623.7648,0
672151.3108,0
672157.8228,0
672522.2526,0
672525.271,0
672626.0792,0
672878.6336000001,0
672938.1862,0
673103.8814,0
673767.60355,0
673876.9941,0
673920.7539,0
674431.9457,0
674436.1542,0
674485.0928,0
674667.2469,0
674776.8644,0
674782.252,0
675196.6907,0
675251.2666,0
675304.3127,0
675522.91394,0
675587.1339,0
675756.8551,0
675818.9412,0
675875.8827,0
675879.22155,0
675958.422,0
676413.8328,0
677064.4956,0
677244.7039,0
677256.6583,0
677409.9019,0
677522.5436,0
677574.9680999999,0
677808.0353,0
677874.3886,0
677937.9034,0
678152.5602,0
678897.3214,0
679048.2993,0
679504.6754,0
679632.8976,0
680362.6202,0
680768.9469,0
681060.0679,0
681164.0403,0
681227.1094,0
681373.5808,0
681375.6873,0
681464.6459,0
681512.9358,0
681513.0056,0
682030.7786,0
682210.5446,0
682348.3992,0
682392.5964,0
682519.0604,0
682634.0346,0
682671.3676,0
682741.0843,0
682809.46165,0
682828.1576,0
682868.4558,0
682991.0115,0
683122.4168,0
683274.9701,0
683481.6245,0
683556.1007,0
683605.6341,0
683654.8046,0
683691.2162,0
683718.429,0
684160.5468,0
684466.00076,0
684541.3608,0
685138.8086999999,0
685353.7708,0
685354.3242,0
685523.5209,0
685541.4377,0
685671.5978,0
685731.0486,0
685946.9857,0
685954.3383,0
686035.3182,0
686037.7457,0
686268.9187,0
686667.5686,0
686671.0799,0
686815.5145,0
687114.5098,0
687173.8862,0
687442.8464,0
687464.7871,0
687502.2232,0
687517.7262,0
687771.8196,0
687872.1187,0
688117.7556,0
688656.8094,0
688937.9216,0
688998.7351,0
689024.5018,0
689068.0295,0
689184.9108,0
689367.4106000001,0
689530.1543,0
689572.7291,0
689666.377,0
689702.0236,0
689705.9132,0
689746.1569000001,0
690295.0848,0
690337.661275,0
690445.1869,0
690631.6505,0
690646.5529,0
690647.3563,0
690672.025,0
691029.2941,0
691097.0148,0
691237.9419,0
691495.0564,0
691512.2702,0
691630.6622,0
691725.1449,0
691777.5724,0
692045.6392,0
692125.1846,0
692410.0325,0
692428.9752,0
692684.5445,0
692851.9095,0
692906.1721,0
693010.2061,0
693152.8469,0
693202.8368,0
693783.3257,0
693817.7544,0
693890.2188,0
693941.5967,0
693987.7465,0
694406.6704,0
694540.8042,0
694545.6414,0
694548.0228,0
694577.5104,0
694841.3575,0
694907.1746,0
695096.1276,0
695165.6844,0
695233.2111,0
695244.7901,0
695578.0159,0
695626.6345,0
695853.9872,0
696013.3354,0
696043.9161,0
696045.1233,0
696109.9895,0
696192.6613,0
696256.746,0
696274.8322,0
696339.7642,0
696940.3554,0
697008.8534666667,0
697027.5048,0
697042.4978,0
697160.3309,0
697164.0743,0
697204.8545,0
697293.6883,0
697301.9822,0
697321.1473,0
697413.6863,0
697424.7244,0
697529.6618,0
697608.7866,0
697625.6965,0
697642.7066,0
697651.4859,0
697762.5613,0
697840.7578,0
698019.7232,0
698039.1586,0
698140.6921,0
698197.6903,0
698202.7949,0
698299.5975,0
698301.6657,0
698581.3978,0
698586.8314,0
698798.8761,0
698801.2996,0
698972.8559,0
699106.5419,0
699119.5675,0
699267.3286,0
699323.2231000001,0
699446.174,0
699447.7593,0
699460.8921,0
699574.2493,0
699874.345,0
700235.0168,0
701104.8032,0
701234.6235,0
701461.3148,0
701554.0856,0
701669.9726,0
701823.6494,0
701862.9253,0
702143.2388,0
702149.3334,0
702364.1643,0
702639.9258,0
702793.0687,0
703003.402,0
703122.7713,0
703313.4921,0
703415.5663,0
703534.943,0
703540.4844,0
703564.6737,0
703666.1135,0
703705.9618,0
703865.8259,0
704014.4529,0
704078.5832,0
704209.7355,0
704246.6889,0
704318.999,0
704548.6910999999,0
704559.5352,0
704639.5225,0
704693.5304,0
704748.6893,0
704833.3271,0
704861.5033,0
704865.1704,0
705041.1537,0
705273.5312,0
705377.6376,0
705444.4536,0
705630.3222,0
705878.2484,0
706148.9165,0
706313.90088,0
706322.0436,0
706505.9414,0
706977.1456,0
706981.9427,0
706995.0833,0
707266.1909,0
707518.3831,0
707638.3954,0
708290.565,0
708612.545,0
708706.1439,0
708736.7153,0
708816.2976,0
708850.8712,0
708910.1342,0
709033.1255,0
709095.6853,0
709197.7142,0
709536.2032999999,0
709743.5808333333,0
709827.0663,0
710078.0251,0
710208.6262,0
710507.9875,0
710777.2483,0
711322.9121,0
711551.2783,0
711632.8633,0
711996.6145,0
712217.1324,0
712633.7857,0
712770.9505,0
712786.3758,0
712853.8446,0
712895.7889,0
713110.436,0
713157.1334,0
713688.4201,0
713706.9429,0
713769.61,0
713892.145,0
714098.0885,0
714118.3802,0
714209.0928,0
714312.4241,0
714370.6292,0
714610.986,0
714924.5627,0
714988.1005,0
715290.2239,0
715508.8169,0
715967.1412,0
716047.4208,0
716158.1375,0
716200.3802,0
716384.5175,0
716447.613,0
716605.6084,0
716710.1015,0
716748.457,0
717099.6756,0
717187.1047,0
717221.8086,0
717385.3119,0
717439.0871,0
717441.7099,0
717572.9517,0
717596.1245,0
717660.9726,0
717869.6562,0
718097.8172,0
718202.0482,0
718280.1839000001,0
718359.3437,0
718438.9603,0
718564.3205,0
718569.9409,0
718676.8342,0
718719.6051,0
718892.0107,0
719066.6121,0
719260.7156,0
719511.8457,0
719797.7264,0
719826.9028,0
719926.6958,0
720053.2363,0
720086.8728,0
720110.4484,0
720163.591,0
720452.9659,0
720457.8291,0
720470.0225,0
720709.589,0
720797.5915,0
721016.7267,0
721020.5937,0
721057.6275,0
721162.043,0
721401.2834,0
721682.1041,0
721763.03,0
721846.3479,0
722195.847,0
723045.6229,0
723124.6012,0
723141.4276,0
723962.2577,0
724304.7611,0
724353.1568,0
724449.6458,0
724509.416,0
724539.6275,0
724645.355,0
724694.1786,0
724755.1492,0
724915.0631,0
725459.6392,0
725489.6742,0
725982.4251999999,0
725998.3403,0
726437.2964999999,0
726770.7076,0
726915.0877,0
726937.1561,0
726945.2472,0
727094.1808,0
727096.9336,0
727145.9487,0
727300.8767,0
727311.3641,0
727375.3645,0
727467.03,0
727567.3204,0
727906.6063,0
728133.4231,0
728251.5879,0
728256.4017,0
728626.6551,0
728743.5464999999,0
728918.0225,0
729023.185,0
729268.7729,0
729318.4153,0
729420.1172,0
729444.2195,0
729623.233,0
730035.1135,0
730271.9126,0
730582.1178,0
730969.1504,0
731067.271,0
731225.1084,0
731339.1371,0
731549.0152,0
731808.6226,0
731925.9318,0
732084.4958,0
732313.8668,0
732403.1154,0
732572.6307,0
732747.0375,0
733005.1863,0
733573.6393,0
733712.5987,0
733752.42,0
733819.5299,0
733890.8655,0
733977.5471,0
734867.243,0
734969.3355,0
735101.6511,0
735141.742,0
735152.48965,0
735362.7444,0
735429.9014,0
735703.074,0
735731.294,0
736325.9853000001,0
736562.2505,0
736992.9553,0
737127.07575,0
737246.7944,0
737277.8661,0
737366.3563333333,0
737539.3896,0
737576.1442,0
738254.788,0
738409.845,0
738502.1101,0
738544.5809,0
738608.6971,0
738640.5712,0
738673.9028,0
738709.606,0
738790.9842000001,0
739161.0125,0
739222.794,0
739310.4331,0
739382.2385,0
739451.9375,0
739498.6791,0
739646.196,0
739660.5022,0
739749.1437,0
739840.7505,0
740159.7937,0
740213.0048,0
740223.7325833334,0
740484.4842000001,0
740605.731,0
740633.7001,0
740793.2373,0
740802.5279,0
741233.3869,0
741438.7699,0
741457.1274,0
741632.4279,0
741675.1569,0
741963.647,0
742035.2019,0
742233.4631,0
742411.0254,0
742769.854725,0
742949.1711,0
743187.5851,0
743246.1954,0
743311.8189,0
743357.807875,0
743520.723,0
744051.953,0
744115.2859,0
744251.9929,0
744321.4645,0
744406.5506,0
745020.4481,0
745187.3155,0
745365.3626,0
745920.8745,0
746008.223,0
746297.878,0
746393.7308,0
746461.3584,0
746527.3549,0
746631.4541,0
746758.5522,0
746804.3211,0
746874.0655,0
746938.9835,0
746965.3621,0
747034.749,0
747513.4254000001,0
748174.6543,0
748301.5615,0
748309.6374,0
749216.2954,0
749262.5409,0
749343.0585,0
749419.6273,0
749602.5986,0
749610.7311,0
749857.0639,0
750428.8939,0
750500.5088,0
750651.7123,0
750912.3754,0
751277.7231,0
751359.0962,0
751385.6079,0
751389.4057,0
751777.8076,0
751953.3833,0
752488.7835,0
752612.4217000001,0
753069.3189,0
753106.7852,0
753127.5642,0
754244.598,0
754377.1701,0
754625.91096,0
754792.8619,0
754956.1519,0
755040.7792,0
755379.0898,0
755838.9171,0
755898.0748000001,0
755972.3844,0
756032.3762,0
756066.1568,0
756069.7076,0
756338.809325,0
756350.6824,0
757024.7601,0
757095.6158,0
757214.0896000001,0
757351.2254,0
757611.4449,0
757956.0785000001,0
758284.1395,0
758636.1203,0
759094.1115,0
759272.7956,0
759340.917,0
759558.4117,0
759787.5442,0
760037.3227,0
760244.177175,0
760428.9891,0
760565.09844,0
760701.4841,0
760810.33278,0
760893.8338,0
760898.4109,0
760946.9379,0
761185.7,0
761202.573,0
761256.8319999999,0
761551.1983,0
761557.6617,0
761646.2943,0
762214.723,0
762240.8852,0
762343.4616,0
762507.1087,0
762546.5886,0
762733.1473,0
762990.2688,0
763081.7708,0
763553.9327,0
763668.6651,0
763766.0676,0
763925.3531,0
763959.5005,0
764004.1313,0
764057.1223666667,0
764067.8612,0
764889.9839,0
765089.3528,0
765705.6166000001,0
765810.9462,0
765933.6153,0
766245.5572,0
766278.7205,0
766287.0364,0
766290.3195,0
766374.1226,0
766453.4682,0
766704.5691,0
766828.688,0
766950.0625,0
767128.8269,0
767152.8858,0
767345.6978,0
767367.4265000001,0
767419.7371,0
767788.9321,0
767893.3414,0
768028.3428,0
768327.5341,0
768332.533,0
768829.6406,0
768829.719,0
768986.0276,0
769329.1025,0
769683.8318,0
769744.6431,0
769773.6395,0
770193.2274,0
770253.8398,0
770363.4346,0
770626.6847,0
770708.5897,0
771066.9989,0
771154.7002,0
771364.2772,0
771547.3246,0
771685.94736,0
772037.1788,0
772119.397,0
772191.1635,0
772346.1019,0
772524.9517,0
772546.7143999999,0
772577.7304,0
772632.1093,0
772708.3532,0
772837.9736,0
772899.4518,0
772986.0373,0
773252.1487,0
773388.4597,0
773495.26114,0
773541.4251,0
773712.9135,0
774051.6418,0
774583.1509,0
774586.0074,0
774743.5061,0
774929.3195,0
775026.0692,0
775044.7012,0
775540.0774,0
775544.36686,0
775653.1928,0
775737.1803,0
775952.5575,0
776143.6898,0
776172.2426,0
776310.0596,0
776386.7705,0
776656.7775,0
776938.5165,0
777138.1868,0
777158.1808,0
777258.2246,0
777504.1646,0
777504.6962,0
-----Simulation END-----
