-----Simulation 0-----
172943.4486,0
173420.023,0
173471.3424,0
173940.6093,0
173956.0201,0
173971.3894,0
174026.1894,0
174268.1314,0
174575.39919999999,0
174615.4491,0
174654.3254,0
174744.4427,0
174964.7866,0
175103.7851,0
175412.0637,0
175573.8429,0
175819.5115,0
176034.6263,0
176924.3365,0
176971.7298,0
176992.58120000002,0
176996.687,0
177035.4933,0
177137.6831,0
177202.3443,0
177483.9987,0
177569.4481,0
177593.98930000002,0
177832.5151,0
177832.5402,0
178060.2755,0
178147.7764,0
178506.81949999998,0
178534.3461,0
178577.9137,0
178636.5342,0
178637.5907,0
178665.2546,0
178681.7596,0
178724.8339,0
178843.3364,0
179089.6363,0
179094.9932,0
179153.3786,0
179299.7954,0
179507.5903,0
179717.7,0
179803.48930000002,0
179866.8497,0
179906.03710000002,0
180112.5762,0
180343.2881,0
180365.13079999998,0
180423.0274,0
180427.4393,0
180512.835,0
180662.8446,0
180693.9503,0
180729.0841,0
180749.61070000002,0
180772.4791,0
180834.4189,0
180842.1491,0
180882.4958,0
180972.8191,0
181026.6345,0
181353.5508,0
181408.2308,0
181512.1517,0
181553.32,0
181678.3448,0
181772.1248,0
181898.0693,0
182013.8241,0
182467.6344,0
182550.4935,0
182565.23320000002,0
182885.6532,0
183032.2079,0
183040.8811,0
183671.0109,0
183842.196,0
184217.4234,0
184262.2878,0
184289.1662,0
184300.4337,0
184322.1901,0
184907.82510000002,0
185193.8375,0
185295.999,0
185413.6002,0
185623.45620000002,0
185634.66700000002,0
185863.7169,0
185899.9301,0
186079.2567,0
186117.2113,0
186855.47100000002,0
186879.1422,0
186956.2027,0
186959.9077,0
186972.4936,0
187081.3527,0
187126.47950000002,0
187207.2528,0
187869.6612,0
187910.9984,0
187931.17440000002,0
187956.8327,0
187971.8739,0
187982.05550000002,0
188009.73440000002,0
188082.6805,0
188098.6006,0
188181.1721,0
188272.733,0
188327.8241,0
188391.3297,0
188415.2072,0
188793.5462,0
188858.9977,0
189224.3328,0
189319.4429,0
189379.99796666668,0
189427.7387,0
189511.84350000002,0
189608.3261,0
189703.9224,0
189752.9329,0
190033.1598,0
190077.2445,0
190270.60139999999,0
190321.0674,0
190335.32809999998,0
190619.5117,0
190629.7927,0
190658.46,0
190819.2848,0
190838.8585,0
190877.8166,0
190901.46659999999,0
190959.9792,0
191095.99180000002,0
191207.4012,0
191227.309,0
191242.6815,0
191492.81829999998,0
191760.006,0
191794.3642,0
191951.6518,0
192369.58539999998,0
192610.6566,0
192633.4745,0
192922.432,0
193000.0991,0
193281.41210000002,0
193371.0614,0
193399.908,0
193543.6805,0
193580.9667,0
193593.3523,0
193610.4315,0
193654.1596,0
193827.3031,0
194367.3059,0
194368.4509,0
194372.3431,0
194621.3182,0
194664.343,0
194854.8148,0
194924.9861,0
195115.5414,0
195236.4488,0
195436.6351,0
195469.472,0
195509.2526,0
195722.237,0
195784.5047,0
195955.6428,0
196287.9096,0
196303.3738,0
196421.165,0
196635.7206,0
196785.50569999998,0
196802.3598,0
196863.9493,0
197062.0232,0
197109.0681,0
197205.1608,0
197260.1384,0
197332.9787,0
197646.1991,0
197720.3711,0
198088.823,0
198261.29129999998,0
198542.9318,0
198785.0047,0
198868.564,0
199144.4827,0
199150.775,0
199426.1679,0
199444.0699,0
199501.1409,0
199540.6182,0
199683.08490000002,0
199770.2171,0
199825.78340000001,0
200016.4444,0
200069.3487,0
200330.7443,0
200369.1468,0
200762.5444,0
200808.0715,0
200886.34,0
200955.5774,0
201020.277,0
201036.0906,0
201162.4916,0
201349.9107,0
201774.3196,0
201982.8004,0
202078.6372,0
202217.1735,0
202380.9033,0
202426.2881,0
202764.9791,0
203110.999,0
203413.3929,0
203568.8665,0
203661.77419999999,0
203792.9278,0
204023.9534,0
204031.1265,0
204371.975,0
204412.7869,0
204419.8211,0
204650.1908,0
204792.2488,0
204835.8078,0
204887.6981,0
205120.34590000001,0
205187.43660000002,0
205470.864,0
205796.7501,0
206024.8314,0
206239.8539,0
206416.288,0
206424.76870000002,0
206520.1128,0
206715.28830000001,0
206920.9913,0
207131.9377,0
207358.2793,0
207428.12900000002,0
207521.97759999998,0
207708.7366,0
207709.8872,0
207724.4129,0
207901.5583,0
208296.5514,0
208308.6015,0
208753.5478,0
209141.18910000002,0
209149.69939999998,0
209189.0504,0
209232.672,0
209336.42489999998,0
209523.9185,0
209557.20059999998,0
209963.1886,0
210029.09159999999,0
210093.85869999998,0
210854.6568,0
210972.3709,0
210986.6257,0
211243.00819999998,0
211255.77419999999,0
211340.3128,0
211361.01390000002,0
211518.2612,0
211538.76429999998,0
211724.6393,0
211902.6963,0
212155.9649,0
212276.73249999998,0
212383.6617,0
212485.82799999998,0
213062.9278,0
213180.9524,0
213188.8709,0
213269.17560000002,0
213285.0118,0
213548.6837,0
213593.5259,0
213978.1918,3051.926299999992
214007.772,0
214439.7769,0
214578.0159,0
214677.1998,0
214769.332,0
214785.2755,0
214974.6478,0
215109.5538,0
215600.1255,0
215629.3138,0
215661.2432,0
215714.42119999998,0
215860.9028,0
216201.885,0
216315.6251,3479.3044999999984
216528.4631,0
216648.2308,0
216819.8743,0
216845.8089,0
217226.2224,0
217437.4373,0
217463.0541,0
217976.4499,0
218033.7188,0
218049.75773333333,0
218067.177,0
218159.2561,0
218942.8481,0
219082.8687,0
219183.2144,0
219302.74528,0
219581.3279,0
219618.89370000002,0
219699.346,0
219811.9762,269.8274000000092
219839.3014,0
220013.1367,0
220433.67930000002,0
220697.6157,0
220820.5529,0
220831.422,0
220993.2412,0
221321.66379999998,0
221333.909725,0
221411.9179,0
221524.9836,0
221604.1858,0
221636.35820000002,0
221842.3132,0
222438.2829,0
222653.8883,0
222811.8462,0
222828.4341,0
222947.5004,0
223201.5417,0
223515.6419,0
223745.8941,0
223773.3289,0
223913.7869,0
224083.6232,0
224167.20130000002,0
224321.6089,0
224413.479,0
224631.3493,0
224673.3245,0
225064.8003,0
225651.0112,0
225909.2285,0
225995.3357,0
226526.83010000002,0
226599.6218,0
226676.89336666666,0
226715.0639,0
226941.07140000002,0
227015.9761,0
227017.7656,0
227288.4974,0
227649.8344,0
227761.3811,0
227845.997,0
227860.0564,0
228025.1677,0
228025.4074,0
228025.95679999999,0
228288.37780000002,0
228421.0827,0
228533.2585,0
228565.05920000002,0
228788.5184,0
228812.474,0
228943.7343,0
229046.33779999998,0
229097.07,0
229950.269,0
230310.20620000002,0
230435.4635,0
230717.1224,0
230818.7988,0
231072.3274,0
231077.82976666666,0
231258.0821,0
231548.3443,0
231560.92979999998,0
231564.1524,0
232128.6037,0
232387.7109,0
232802.2947,0
233245.0865,0
233412.2036,0
233686.01236666666,0
234370.1462,0
235331.71169999999,0
235377.4105,0
235448.11930000002,0
235499.921,0
235641.0615,0
236166.1677,0
236263.2731,0
236296.3978,0
236404.12,0
236419.0341,0
236462.1798,0
237039.8647,0
237091.2718,0
237240.5679,0
237834.547,0
238075.2446,0
238108.1996,0
238158.1962,0
238194.7797,0
238237.3877,0
238423.2732,0
238426.2448,0
238705.4108,0
238735.2575,0
239060.0547,0
239120.0274,0
239231.5988,0
239457.6833,0
239518.0688,0
239899.4932,0
239985.7046,0
240028.94569999998,0
240131.479,0
240164.6564,0
240224.26635,0
240395.9173,0
240469.9963,0
240494.6341,0
240585.759,0
240601.947,0
240706.8084,0
240707.16389999999,0
241086.3541,0
241259.92,0
241293.1069,0
241367.2403,0
241450.247,0
241736.5161,0
241945.151,0
242143.70799999998,0
242194.18050000002,0
242413.9296,0
242450.0047,0
242594.0427,0
242665.6973,0
242729.8188,0
242957.2822,0
243352.595,0
243591.2727,0
243682.2152,0
243746.136,0
243868.0814,0
244074.3659,0
244131.1536,0
244169.0215,0
244365.5989,0
244579.8952,0
244712.9575,0
245209.12660000002,0
245443.15480000002,0
245458.444625,0
245831.6271,0
245851.718,0
245876.9247,0
245951.01013333333,0
246567.2454,0
246818.4108,0
246962.6311,0
247015.066,0
247015.2633,0
247052.0097,0
247378.91103333334,0
247551.5782,0
247567.428,0
247568.9507,0
247596.9741,0
247685.2408,0
247955.6926,0
248561.9146,0
248720.9374,0
248774.6368,0
248849.2869,0
249537.0986,0
250164.61609999998,0
250397.68246666668,0
250475.9797,0
250548.1498,0
250586.3352,0
250635.625,0
250653.2349,0
250765.8249,0
250909.0392,0
251004.58596,0
251160.72090000001,0
251631.02850000001,0
251804.1522,0
252528.2548,0
252773.01314,0
253136.2481,0
253165.7346,0
253191.0099,0
253201.9008,0
253556.0655,0
253656.3936,0
253676.4632,0
253710.1616,0
253854.9472,0
254007.0729,0
254009.2444,0
254114.6375,0
254382.7802,0
254428.8915,0
254659.0154,0
254661.810075,0
254993.5333,0
255103.8989,0
255214.0535,0
255264.22090000001,0
255267.2329,0
255312.6181,0
255320.8711,0
255627.6366,0
255725.1593,0
256063.20309999998,0
256236.36416666667,0
256236.9376,0
256818.84100000001,0
256835.3718,0
257128.3654,0
257263.2628,0
257375.3282,0
257442.313,0
257631.42086,0
257632.8174,0
257674.4462,0
258168.5598,0
258478.3241,0
258951.733025,0
258981.626,0
259349.3694,0
259410.5189,0
259796.5353,0
259802.594,0
260342.0552,0
260345.1231,0
260399.3478,0
260490.0165,0
260688.9918,0
260699.4593,0
260832.9768,0
261393.2562,0
261829.9304,0
262231.4711,0
262293.423,0
262362.2102,0
262508.6868,0
262532.4896,0
263156.5038,0
263174.0743,0
263273.06059999997,0
263382.1998,0
263506.3524,0
263634.3676,0
263691.9861,0
263738.6283,0
263942.5533,0
264093.787,0
264208.0666,0
264233.468175,0
264331.5716,0
264501.3615,0
264657.595625,0
264786.2942,0
264793.8795,0
264959.063,0
265094.4745,0
265095.4165,0
265206.2943,0
265249.8835,0
265403.2333,0
265477.3995,0
265547.0062,0
265608.7172,0
265727.9286,0
265746.7557,0
265804.2145,0
265828.5788,0
265837.81070000003,0
265878.2243,0
265998.9914,0
266030.584,0
266374.0081,0
266497.6477,0
266557.5602,0
266571.0993,0
266974.5368,0
267379.3774,0
267401.417,0
267505.2078,0
267515.1119,0
267561.1174,0
267612.3105,0
267712.173,0
267825.66359999997,0
267870.1783,0
268094.0797,0
268184.1333,0
268214.8553,0
268797.2698,0
268832.793,0
268941.3947,0
268998.4995,0
269203.2527,0
269455.7477,0
269476.4254,0
269489.5036,0
269639.961,0
269885.179,0
269885.8783,0
270086.74199999997,0
270197.9029,0
270272.9021,0
270450.2612,0
270667.5617,0
270717.7511,0
270993.2763,0
271645.08640000003,0
271663.7059,0
271664.7307,0
271673.5903,0
271863.1076,0
271864.1005,0
272098.049,0
272399.6881,0
272404.27760000003,0
272446.3705,0
272487.3945,0
272496.9983,0
272601.7572,0
272620.4167,0
272793.6957,0
272817.1783,0
272864.3077,0
273056.6549,0
273242.6209,0
273348.7503,0
273623.244,0
273849.81066,0
274050.11950000003,0
274054.7887,0
274192.2647,0
274297.0343,0
274412.7288,0
274436.6899,0
274619.7472,0
274694.1408,0
274830.1683,0
274845.1406,0
274872.8617,0
274898.5474,0
274989.0438,0
275170.7517,0
275247.4818,0
275370.436,0
275659.6752,0
275727.8285,0
275769.237,0
276042.0872,0
276133.2542,0
276279.8546,0
276450.7744,0
276586.5486,0
276669.4265,0
276731.1614,0
276946.6677,0
277044.5065,0
277127.6257,0
277149.5053,0
277205.6719,0
277363.8425,0
277397.8856,0
277767.873,0
278155.9506,0
278323.3717,0
278379.7519,0
278461.3672,0
278493.3122,0
278541.4683,0
278704.8525,0
278904.8049,0
278931.5882,0
278996.1114,0
279048.0258,0
279169.2067,0
279174.6143,0
279185.80059999996,0
279469.0388,0
279573.0389,0
279607.3959,0
279807.2291,0
279975.7431,0
279990.1013,0
280188.0983,0
280402.8473,0
280530.3237,0
280682.2701,0
280747.1643,0
281087.1642,0
281179.6897,0
281278.976325,0
281451.7173,0
281504.5418,0
281707.6799,0
282115.4638,0
282170.0496,0
282174.1243,0
282504.9227,0
282509.3784,0
282586.3353,0
283177.3446,0
283290.0179,0
283372.4263,0
283405.14280000003,0
283490.8553,0
283611.7021,0
284012.48470000003,0
284015.724,0
284124.6162,0
284188.5406,0
284290.845,0
284359.1371,0
284575.9665,0
284597.2314,0
284888.9059,0
285004.065,0
285067.48829999997,0
285520.321,0
285583.6693,0
285590.6842,0
285697.1475,0
285909.0833,0
286129.8985,0
286208.19920000003,0
286353.3978,0
286507.3879,0
286652.8705,0
286702.3036,0
286804.9618,0
286904.301,0
286958.5717,0
287608.1338,0
287670.7463,0
287722.4135,0
287884.1474,0
288115.7313,0
288397.8448,0
288420.9594,0
288556.6388,0
288591.8551,0
288600.6005,0
288646.6404,0
288729.3235,0
288753.0162,0
288773.0837,0
288802.7422,0
288905.4018,0
289026.7636,0
289104.7631,0
289354.1565,0
289373.0709,0
289669.5253,0
289720.1841,0
289742.717,0
289747.7554,0
289771.7512,0
289844.5519,0
289873.6482,0
290048.4467,0
290201.4835,0
290504.1988,0
290535.95290000003,0
290693.4165,0
290739.1262,0
290751.4444,0
290861.8725,0
290998.4713,0
291086.1278,0
291100.9045,0
291628.8084,0
291816.61,0
291980.7433,0
292033.5905,0
292041.6415,0
292105.3088,0
292352.5437,0
292680.9207,0
292717.8489,0
292738.4478,0
292889.9922,0
292900.3448,0
292901.1942,0
292937.3915,0
293188.0216,0
293391.7074,0
293432.7064,0
293688.3338,0
293738.0776,0
293819.7069,0
293820.6371,0
293905.949,0
294005.92189999996,0
294111.821,0
294168.52,0
294543.3883,0
294665.4262,0
294676.5701,0
294816.6426,0
295047.6415,0
295117.9324,0
295187.26912,0
295252.2242,0
295328.49048333336,0
295636.3421,0
295832.662,0
295848.2969,0
296426.7692,0
296557.5286,0
297172.5856,0
297769.9678,0
298335.4237,0
298745.52650000004,0
299396.0808,0
299708.7257,0
299800.19550000003,0
299969.6714,0
300209.7213,0
300329.7931,0
300612.26,0
300763.972,4418.986800000013
301013.16240000003,0
301722.2993,0
301772.41980000003,0
301967.1555,0
301968.8321,0
302254.3097,0
302432.3585,0
302576.5998,159.7262000000337
302748.67,0
303570.3198,0
303830.407,0
304040.4877,0
304176.7904,0
304215.5967,0
304433.05220000003,0
304665.9385,0
304809.0926,0
304903.0737,0
304928.48501666664,0
305003.4807,0
305163.2717,0
305285.8435,0
305384.65958333336,0
305622.3668,0
305688.1245,0
305714.0585,0
305743.3466,0
305744.227,0
305855.9971,0
306113.9226,0
306145.0401,0
306237.5736,0
306550.2171,0
307103.2373,0
307333.82496666664,0
307502.8809,0
307609.7662,0
307627.75881666667,0
308360.4783,0
308818.4503,0
309054.325775,0
309089.082,0
309187.3507,0
309226.4228,0
309226.77009999997,0
309404.0695,0
309429.6346,0
310608.3843,0
310782.3772,0
311038.254225,0
311129.7962,0
311263.4481,0
311333.7316,0
311728.7156,0
311860.62218,0
311975.9441,0
311989.1345,0
311990.374925,0
312094.96238333336,0
312274.552,0
312475.6591,0
312991.4757,0
313475.23,0
313526.0813,0
313601.1298,0
313702.7786,0
314048.0076,0
314115.96259999997,0
314212.107,0
314690.9065,0
314930.8961,0
315053.1085,0
315113.0462,0
315116.6702,0
315154.6223,0
315169.9548,0
315674.2125,0
315677.8823,0
315686.80819999997,0
316196.4642,0
316238.7809,0
316313.8311,0
316350.0109,0
316655.542,0
316696.8012,0
317519.96316,0
317538.6036,0
317728.9856,0
318027.58818333334,0
318051.352,0
318237.8374,0
318434.4292,0
318882.6175,0
319674.9474,0
319811.0195,0
319945.2645666667,0
320749.4925,0
320966.8251,0
321679.2664,0
321726.2105,0
321838.0715,0
321838.6131,0
321900.644,0
321924.3413,0
321931.36950000003,0
322391.42220000003,0
322617.7778,0
322719.4861,0
322788.2441,0
322927.5341,0
323363.4567,0
323552.2043,0
324210.3164,0
324244.3392,0
324344.7117,0
324369.0143,0
324394.2365,0
324656.2504,0
325154.2569,0
325173.1266,0
325298.3263,0
326282.8692,0
326495.0905,0
326652.98829999997,0
326710.4312,0
326736.4324,0
327041.4261,0
327259.03013333335,0
327654.06539999996,0
327731.3165,0
327827.64029999997,0
328361.5035,0
328585.5154,0
328696.1167,0
328817.2251,0
328892.5203,0
328954.8789,0
328974.6596,0
329071.1641,0
329235.2637,0
329382.8992,0
329393.7877,0
329959.525,0
330077.92579999997,0
330148.246,0
330428.7209,0
330431.39663333335,0
330497.5412,0
330619.1466,0
330805.9611,0
331112.9546,0
331156.4339,0
331170.9081,0
331319.0631,0
331363.5136,0
331873.5403,0
331936.9337,0
331953.6609,0
332687.4634,0
332847.2644,0
333681.5927,0
333882.92339999997,0
333960.5736,0
334015.9388,0
334706.6256,0
334708.6746,0
334835.2848,0
334850.4803,0
334853.1789,0
335018.4811,0
335181.7468,0
335289.6902,0
335484.749,0
335541.3728,0
335541.4447,0
335666.5449,0
335791.1474,0
335813.4116,0
335869.8575,0
336224.4611166667,0
336233.576,0
336275.1256,0
336311.4414,0
336829.5783,0
337084.2361,0
337087.14910000004,0
337302.5387,0
337536.0094,0
338001.4812,0
338176.6773,0
338342.7403,0
338375.8525,0
338467.3120166667,0
338656.2262,0
338927.7781,0
339065.9645,0
339072.2906,0
339151.7916,0
339249.437,0
339325.6597,0
339440.8869,0
339709.2928,0
340324.829,0
341272.6524,0
341302.0859,0
341529.4658,0
341531.9496,0
341661.5076,0
341662.8336,0
341992.0867,0
342011.9925,0
342275.8565,0
342353.3978,0
342394.5157,0
342430.49679999996,0
342459.8603,0
342594.5034,0
342608.6123,0
342766.668,0
342845.6738,0
343072.0651,0
343185.82660000003,0
343201.4281,0
343285.7453,0
343592.882,0
343796.2727,0
343800.4373,0
343878.0686,0
343915.2306,0
343985.5133,0
344436.2404,0
344465.2156,0
344468.1193,0
344581.3573,0
344679.9107,0
344738.18385000003,0
344791.9916,0
345364.0859,0
345479.8487,0
346093.4928,0
346298.6157,0
346387.4907,0
346504.5218,0
346970.5935,0
347049.0261,0
347190.7058,0
347355.664,0
347471.8543,0
347472.1228,0
347505.1197,0
347511.0486,0
347568.3616,0
347756.0314,0
347828.1919,0
348009.9662,0
348015.0535,0
348046.5961,0
348089.6044,0
348100.5053,0
348149.3746,0
348215.6234,0
348425.2046,0
348537.8678,0
348646.9232,0
348658.958,0
348694.4888,0
348707.8324,0
348995.7875,0
349065.5335,0
349234.1783,0
349246.7738,0
349592.618,0
349635.4935,0
349777.5438,0
350188.6718,0
350190.5897,0
350287.1425,0
350302.4674,0
350372.2296,0
350381.1934,0
350675.6982,0
350712.5192,0
350877.8976,0
351007.7847,0
351062.8641,0
351201.4283,0
351211.4861,0
351319.6816,0
351351.0505,0
351416.0356,0
351586.8265,0
351686.3298,0
351694.05972,0
351713.6824,0
351760.6121,0
351813.718,0
352152.59010000003,0
352200.2254,0
352559.9803,0
352712.4639,0
352729.7343,0
352800.2618,0
353360.5047,0
353373.5051,0
353747.7352,0
354041.2044,0
354226.6127,0
354344.5328,0
354359.8463,0
354382.7177,0
354438.7064,0
354783.0004,0
354826.5191,0
354959.362325,0
355236.8614,0
355373.7309,0
355398.4486,0
355446.3495,0
355574.719,0
355649.1891,0
355798.5865,0
355982.5037,0
356035.2999,0
356044.6447,0
356094.3589,0
356343.9541,0
356599.3469,0
356931.3987,0
356933.0735,0
357061.4595,0
357084.7184,0
357144.2125,0
357198.2877,0
357244.0678,0
357345.0837,0
357359.1432,0
357930.9089,0
358089.3565,0
358280.5944,0
358366.4962,0
358763.7253,0
358782.8003,0
358982.0785,0
359026.8995,0
359186.514,0
359558.3824,0
359791.5798,0
359855.91359999997,0
360142.4827,0
360268.1226,0
360393.665,0
360436.9148,0
360845.56940000004,0
360889.1799,0
360972.415,0
361026.3973,0
361115.1326,0
361126.1162,0
361271.0148,0
361553.3918,0
361553.8213,0
361656.1574,0
361780.4907,0
361876.3889,0
361896.7816,0
361910.8502,0
362025.0518,0
362121.3842,0
362556.9285,0
363506.1901,0
363584.6087,0
363588.0528,0
363679.5699,0
363895.896,0
363904.7514,0
363918.6421,0
363979.4745,0
364005.7331,0
364012.4562,0
364106.6223,0
364236.10026,0
364403.3701,0
364491.7405,0
364582.9343,0
364615.5128,0
364776.0932,0
364999.3963,0
365056.39139999996,0
365331.1395,0
365390.8546,0
365453.4094,0
365871.301,0
366120.8239,0
366188.4185,0
366289.73199999996,0
366359.6295,0
366396.9577,0
366639.84990000003,0
366643.2602,0
366704.5229,0
366910.3673,0
367130.9322,0
367742.4747,0
367804.2746,0
368034.5725,0
368323.4266,0
368430.0969,0
368480.4481,0
368591.1213,0
368628.0272,0
368634.9856,0
368957.5428,0
369194.4904,0
369320.2283,0
369526.71510000003,0
369553.80449999997,0
369726.7572,0
369861.1868,0
370094.2546,0
370161.4654,0
370214.229,0
370292.8881,0
370390.39639999997,0
370417.3164,0
370468.2723,0
370480.6003,0
370512.3588,0
370520.95660000003,0
370621.2276,0
370656.8915,0
370803.5842,0
370821.8796,0
370857.2575,0
370976.2317,0
371022.3821,0
371309.0208,0
371345.3591,0
371658.7065,0
371717.2735,0
371779.2317,0
371782.6353,0
372164.7147,0
372376.9143,0
372516.8874,0
372535.7828,0
372854.0096,0
372878.3562,0
373113.4658,0
373120.0235,0
373259.7951,0
373367.3459,0
373524.6308,0
373762.7525,0
373973.1989,0
374170.8443,0
374213.8173,0
374534.63080000004,0
374886.2619,0
375398.4667,0
375484.0044,0
375873.7823,0
376040.2749,0
376608.1068,0
376627.4509,0
376776.9963,0
376935.4708,0
377105.494,0
377213.5636,0
377838.1043,0
377845.5258,0
377867.7581,0
377920.4045,0
378023.7132,0
378648.2923,0
378701.3207,0
379010.9156,0
379013.7442,0
379028.836,0
379058.5541,0
379316.6191,0
379320.309,0
379332.8034,0
379360.9917,0
379372.1101,0
379437.5288,0
379483.1665,0
379703.8734,0
379780.6356,0
379786.151,0
379801.8667,0
379931.1498,0
380032.8803,0
380263.2234,0
380590.61699999997,0
380751.7018,0
380835.6002,0
380936.5361,0
380940.7675,0
381214.2092,0
381320.8587,0
381450.4028,0
381520.1609,0
381536.9998,0
381727.357,0
381818.82050000003,0
381889.8296,0
381948.1262,0
382133.2736,0
382348.2504,0
382353.9405,0
382415.544325,0
382653.8462,0
382679.112,0
382759.6712,0
383015.02760000003,0
383053.3726,0
383076.8548,0
383521.0227,0
383882.7311,0
384169.5288,0
384176.412,0
384665.74455,0
384763.6979,0
385115.3291,0
385170.421,0
385826.0817,0
385837.6352,0
385855.6479,0
385941.1908666667,0
386182.7491,0
386192.3153,0
386429.6555,0
386559.6529,0
386707.7618,0
386856.7067,0
386908.0401,0
387247.22479999997,0
387411.6717,0
387672.1354,0
387876.2072,0
388200.3209,0
388235.981,0
388299.7513,0
388611.1289,0
388635.2521,0
389438.4424,0
389847.4349,0
389909.6743,0
390109.4955,0
390112.1864,0
390591.7936,0
390693.5038,0
391377.5814,0
391377.7332,0
391598.1343,0
391829.9011,0
391833.6579,0
392087.7619,0
392357.6493,0
392943.173,0
393207.9498,0
393310.4657,0
393535.7966,0
393654.1976,0
393660.32923333335,0
393705.8788,0
394283.6043,0
394287.4245,0
394443.56200000003,0
394518.25320000004,0
395009.1687,0
395169.01540000003,0
395378.7723,0
395620.5522,0
395623.2944,0
395689.36186,0
395734.3444,0
395870.4927,0
396268.0329,0
396409.88083333336,0
396469.7074,0
396587.703,0
396593.1229,0
396756.5902,0
396993.2649,0
397095.3389,0
397104.9399,0
397121.75443333335,0
397647.61100000003,0
397692.5818,0
397803.7957,0
397938.59979999997,0
397998.3812,0
398019.8085,0
398472.21270000003,0
398475.5216,0
398515.0025,0
398645.5085,0
398760.8849,0
398992.52760000003,0
399109.5843,0
399812.8651,0
399845.8415,0
400928.5297,0
400947.9223,0
401099.4366,0
401128.4662,0
401136.0813,0
401229.5231,0
401356.8857,0
401802.4281,0
401902.84369999997,0
402208.3822,0
402263.4838,0
402406.0227,0
402449.8947,0
402457.7622,0
402588.6144,0
402614.6895,0
402950.0208,0
403262.51156666665,0
403363.62345,0
403363.7116,0
403389.4284,0
403539.284,0
403601.1862,0
403939.6341,0
403980.2459,0
404475.56205,0
404656.0611666667,0
405083.2406,0
405883.8146,0
406202.4620333333,0
406856.1045,0
407398.0677,0
408307.4991,0
408424.0152,0
408444.0321,0
408487.7726,0
408747.0696,0
408759.98589999997,0
408805.7636,0
408825.7625,0
409686.249,0
410008.4212,0
410101.4653,0
410162.0635,0
410164.6421,0
410358.28740000003,0
410399.9956,0
410953.6580333333,0
410993.0787,0
411274.8927,0
411416.6115,0
411502.00943333335,0
411695.8026,0
411696.7377,0
411956.2807,0
412045.61340000003,0
412177.0758,0
412492.5224,0
412838.8985,0
412900.0394,0
412922.8092,0
413043.4102,0
413139.93756,0
413334.5421,0
413715.6185,0
413905.0975,0
413916.3502,0
414207.5255,0
414488.9489,0
414568.0685,0
414591.7624,0
414733.9493,0
414800.4674,0
414807.8844,0
415093.8748,0
415407.3015,0
415528.2772,0
415830.5777,0
416310.88300000003,0
416352.4907,0
416595.7552,0
416797.6002,0
416855.2734,0
416864.6801,0
416889.8143,0
417241.7311,0
417268.2023,0
417525.1838,0
417579.8430333333,0
417832.5509,0
417899.2724,0
417990.4352,0
418191.9305,0
418473.1699,0
418674.9799,0
418738.0898,0
418766.9868,0
418983.3772,0
419000.74199999997,0
419178.2046,0
419271.7058,0
419950.5337,0
420199.4248,0
420211.4015,0
420215.3171,0
420496.4231,0
420599.2119,0
420763.3019,0
420851.1913,0
421297.3358,0
421427.2637,0
421717.0555,0
421726.3601,0
422343.4079,0
422387.5882666667,0
422628.6602,0
422642.3208,0
423004.5304,0
423231.6525,0
423659.6812,0
423846.3056,0
423894.3835,0
424138.1219,0
424438.7438,0
424749.4298,0
425390.8052,0
426332.3135,0
426739.2676,0
426893.7845,0
426965.7726,0
427051.2606,0
427658.4716,0
427662.4199,0
427864.5425,0
427933.3215,0
428095.08759999997,0
428140.0083,0
428172.0449,0
428399.4015,0
428614.9238,0
428731.1054,0
428998.7479,0
429021.524,0
429044.8767,0
429083.9149,0
429200.1568,0
429365.1906,0
429489.3877,0
429620.2133,0
429623.0977,0
429809.4781,0
429817.8657,0
429876.4452,0
429923.0184,0
429947.4784,0
430158.6282,0
430290.7962,0
430343.769,0
430367.0356,0
430515.9549,0
430576.3323,0
430985.0894,0
431126.4892,0
431147.138,0
431350.8203,0
431744.1837,0
431887.9409,0
432048.7071,0
432071.4757,0
432231.2715,0
432250.4741,0
432655.0752,0
432661.47318,0
432963.9017,0
433057.3616,0
433111.2907,0
433252.6528,0
433410.054,0
433555.5252,0
433595.1495,0
433637.882,0
433832.4408,0
433846.012,0
434095.6292,0
434575.5032,0
434712.1249,0
434913.2908,0
435234.2357,0
435235.0706,0
435757.6336,0
436247.2031,0
436396.113,0
436405.25289999996,0
436405.7651,0
436439.6585,0
436455.3411,0
436527.7195,0
436847.91839999997,0
437029.5193,0
437065.5173,0
437114.0524,0
437115.4733,0
437168.7586,0
437407.2734,0
437414.3281,0
437525.3851,0
437564.6972,0
438006.9098,0
438320.878,0
438619.79061666667,0
438785.0887,0
438793.7888,0
438938.94180000003,0
439114.5636,0
439221.6649,0
439226.1674,0
439247.1385,0
439326.8888,0
439390.2375,0
439516.259,0
439659.83136,0
439756.36089999997,0
439771.3188,0
439806.9653,0
440141.0031,0
440208.6244,0
440334.971,0
440355.4335,0
440703.2281,0
440775.4077,0
440838.8756,0
440869.9785,0
440908.9102,0
441062.9458,0
441228.4203,0
441282.1972,0
441418.7839,0
441523.6516,0
441541.7957,0
441848.3625,0
441894.1288,0
442038.3185,0
442127.8713,0
442223.3315,0
442232.6474,0
442360.4473,0
442550.4458,0
442685.8249,0
442852.176,0
442877.85109999997,0
442942.1243,0
443123.0673,0
443457.0579,0
443495.6379,0
443497.6238,0
443512.4736,0
443647.26170000003,0
443693.1804,0
443958.1649,0
444068.93200000003,0
444326.6704,0
444407.4818,0
444619.1458,0
444620.1724,0
444697.68929999997,0
444752.3121,0
444770.8163,0
444818.5749,0
444988.54740000004,0
445077.8615,0
445082.4813,0
445101.4488,0
445222.7386,0
445336.6294,0
445391.2025,0
445651.2683,0
445656.5564,0
446224.8127,0
446273.8112,0
446407.8621,0
446419.7756,0
446471.9422,0
446486.2534,0
446654.54819999996,0
446759.922,0
447132.4689,0
447184.0821,0
447657.2316,0
447814.2115,0
447857.0781,0
447878.0617,0
447886.7266,0
447902.9043,0
447927.4615,0
448016.0421,0
448168.9256,0
448355.6135,0
448403.5586,0
448517.2305,0
448714.1088,0
448905.4043,0
448917.0601,0
449046.8711,0
449506.8352,0
449882.9787,0
449902.0576,0
450041.9107,0
450143.08979999996,0
450206.4476,0
450242.8776,0
450357.3101,0
450532.481,0
450598.0783,0
450720.4952,0
450992.9828,0
451052.7593,0
451080.6214,0
451117.12899999996,0
451122.6348,0
451155.399,0
451207.0699,0
451376.18570000003,0
451376.4564,0
451539.4328,0
451629.0052,0
451761.153,0
451880.0368,0
452008.3077,0
452070.8283,0
452578.902,0
452627.0287,0
452641.9466,0
452774.7143,0
452984.20279999997,0
453046.7268,0
453150.8083,0
453248.2854,0
453317.3211,0
453530.3432,0
453544.85109999997,0
453607.4112,0
453840.75430000003,0
453937.1534,0
453969.4386,0
454026.8006,0
454158.8787,0
454160.5585,0
454868.55079999997,0
455035.0857,0
455053.5413,0
455131.8462,0
455473.9413,0
455499.388,0
455580.0939,0
455581.8898,0
456024.5308,0
456209.9011,0
456271.5771,0
456363.14269999997,0
456617.2924,0
456776.6703,0
457164.8471,0
457437.3221,0
457583.9582,0
457695.9207,0
457723.3622,0
457726.5006,0
457865.5273,0
458305.2789,0
458466.6093,0
458479.5749,0
458779.6695,0
458787.4389,0
458889.2013,0
458968.10719999997,0
459098.83640000003,0
459171.6649,0
459191.8763,0
459307.3669,0
459396.2104,0
459441.0099,0
459464.2792,0
459610.0874,0
459955.0966,0
460058.1691,0
460059.3813,0
460130.6627,0
460161.47479999997,0
460295.9802,0
460830.3002,0
460869.8408,0
461024.0874,0
461273.6343,0
461285.8217,0
461331.593,0
461347.4406,0
461385.812,0
461401.194,0
461428.5113,0
461728.8212,0
461867.0131,0
461988.3713,0
462333.2171,0
462458.5017,0
462718.0915,0
462967.4755,0
463136.2312,0
463171.1875,0
463186.0266,0
463231.0245,0
463239.5463,0
463261.7048,0
463389.1187,0
463662.3326,0
463966.9987,0
463990.9771,0
464014.8877,0
464293.4273,0
464332.3764,0
464688.09979999997,0
464942.6651,0
464974.5051,0
465007.8639,0
465048.4578,0
465298.6384666667,0
465358.1287,0
465506.3788,0
465609.4501,0
465939.9613,0
465941.8466,0
465957.0302,0
465972.4252,0
466049.1642,0
466251.1704,0
466513.3533,0
466711.0549,0
466717.3664,0
466832.9798,0
466836.2521,0
467104.3165,0
467286.5482,0
467529.3672,0
467703.3019,0
468024.5653,0
468233.6671,0
468273.93669999996,0
468508.7955,0
468981.214,0
469260.2841,0
469271.3416,0
469362.3974,0
469394.4631,0
469404.0209,0
469499.0171,0
469682.57790000003,0
469881.2702,0
470092.366,0
470316.53255,0
470633.5648,0
470661.58999999997,0
470832.3644,0
470838.6939,0
470844.7023,0
471239.2522,0
471283.9314,0
471306.2336,0
471313.8553,0
471454.2026,0
471626.6849,0
471660.8047,0
471921.9793,0
472473.7383,0
472588.6395,0
472657.2341,0
472868.2083,0
473104.67720000003,0
473256.0026,0
473524.7927,0
473586.455,0
473655.944,0
473756.7448,0
473899.3379,0
474277.254,0
474315.6479,0
474514.2288,0
474571.2907,0
474789.424,0
475020.4907,0
475023.5619,0
475049.6276,0
475130.7699,0
475156.3027,0
475300.1555,0
475338.3586,0
475373.4874,0
475541.0377,0
475584.9763,0
475793.4966,0
475995.7244,0
476459.9769,0
476843.1696,0
476890.3542,0
477300.6603,0
477690.4578,0
477779.3625,0
477800.3551,0
478395.3678,0
478642.2044,0
478774.951,0
479397.9352,0
479461.0237,0
479713.739,0
480404.9918,0
480468.0123,0
481707.2667,0
481839.46259999997,0
481903.079,0
481942.2676,0
482482.2254,0
482735.6408,0
483815.0081,0
484003.0011,0
484031.6593,0
484262.2269,0
484395.9943,0
484893.63175,0
484918.041325,0
485026.4988,0
485080.3762,0
485476.5889,0
485618.7568,0
485858.8686,0
485937.1514,0
486252.60730000003,0
486401.43258,0
486661.4376,0
486961.2417,0
486988.3992,0
486997.3792,0
487309.4752,0
487435.25930000003,0
487538.2485,0
487572.43330000003,0
487615.8784,0
487695.94299999997,0
487740.06526666664,0
488424.9774,0
488777.6085,0
489018.740925,0
489287.18429999996,0
489467.8198,0
489573.09109999996,0
489583.5084,0
489593.1361,0
489621.5699,0
489730.5224,0
489731.56565,0
490337.74580000003,0
491067.5674,0
491288.7934,0
491321.288,0
491444.6865,0
491834.2539,0
492211.01143333333,0
492298.0402,0
492528.37975,0
492628.0231,0
492672.4394,0
492731.23470000003,0
492824.51399999997,0
492938.7264,0
493187.9684,0
493603.5574,0
493769.2809,0
494034.1762,0
494073.49210000003,0
494624.241,0
494713.9793,0
494973.0879,0
494983.4484,0
495362.08640000003,0
495421.2095,0
495505.132,0
495605.6662,0
495923.5613,0
496075.22510000004,0
496131.2196,0
496239.4624,0
496665.2071,0
496678.9831,0
496800.1058,0
496958.0008,0
496961.9135,0
497159.6731,0
497207.2798,0
497344.2041,0
497361.495,0
497366.08030000003,0
497714.2422,0
497723.7376,0
497956.4396,0
498152.0369,0
498167.9371,0
498629.587,0
498642.5673,0
498789.2882,0
498967.5723,0
498996.1969,0
499190.4443,0
499214.0587,0
499243.4526,0
499407.7487,0
499689.5784,0
499719.8839,0
499887.5193,0
500005.6516,0
500073.3845,0
500083.3839,0
500088.6949,0
500318.9347,0
500324.0938,0
500551.0165,0
500569.812,0
500584.200225,0
500647.8065,0
500825.7647,0
500902.3596,0
500906.6936,0
501032.0662,0
501123.88773333334,0
501274.8231,0
501450.2147,0
501615.4477,0
501832.64864,0
501904.3013,0
502449.4539,0
502513.7697,0
502524.5232,0
502617.8771,0
502775.9618,0
502855.03763333336,0
503113.2951,0
503263.8551,0
503529.4397,0
503549.6149,0
503574.10794,0
503711.9438,0
503788.2535,0
504154.331,0
504215.6361,0
504549.59010000003,0
504591.7438,0
504660.5598,0
504716.8429,0
504789.2489,0
505104.9956,0
505336.1693,0
505550.1412,0
505754.1949,0
505951.9012,0
506372.6415,0
506599.2031,0
506666.1234,0
506697.854,0
506703.8773,0
506780.5498,0
506926.931,0
507409.9561,0
507501.8104,0
507612.7811,0
507676.535,0
507712.3089,0
507889.6371,0
508123.9488,0
508258.127,0
508331.321,0
508348.9329,0
508392.5007,0
508512.8687,0
508682.5123,0
508840.1691,0
508982.9007,0
509144.9672,0
509165.5478,0
509356.578,0
509390.4316,0
509463.2724,0
509643.33530000004,0
509763.5149,0
509802.048,0
510266.47479999997,0
510312.5872,0
510684.5971,0
510744.9584,0
510947.9581,0
511217.742,0
511395.4512,0
511588.0007,0
511618.2851,0
511936.2618,0
511965.7696,0
512441.0008,0
512781.3959,0
512821.8221,0
512864.8002,0
513168.1618,0
513339.9349,0
513351.3505,0
513971.174,0
514170.5341,0
514499.845575,0
514732.1258,0
514877.6239,0
514940.7901,0
515372.4829,0
515658.1788,0
515826.5333,0
516053.4077,0
516061.4244,0
516087.6887,0
516295.4308,0
516562.1418,0
516584.3889,0
516728.6108,0
516918.05855,0
517108.1861,0
517138.79579999996,0
517165.4078,0
517446.83770000003,0
517490.5094,0
517640.3269,0
517713.1587,0
518002.2119,0
518068.47609999997,0
518220.3889,0
518252.6196,0
518343.8565,0
518725.7287,0
518734.6012,0
518816.3428,0
518827.8035,0
518830.1648,0
518857.454,0
518860.9927,0
518912.4723,0
519066.0082,0
519104.4691,0
519350.0046,0
519390.98589999997,0
520243.54469999997,0
520453.79689999996,0
520676.67676666664,0
520779.8662,0
521407.3996,0
521435.5345,0
521557.5109,0
521614.4343,0
521881.4008,0
522091.935,0
522103.8521,0
522183.5866,0
522362.6696,0
522607.7971,0
522635.4654,0
522720.2559,0
522748.4756,0
522969.9118,0
523364.4933,0
523417.9107,0
523720.91359999997,0
523955.495,0
523979.84739999997,0
524312.1898,0
524409.2869,0
524621.2444,0
524685.3441,0
524731.2721,0
524857.0122,0
524944.339,0
524952.9205,0
525182.9934,0
525201.6908,0
525299.4807,0
525636.5737,0
525932.4224,0
526399.3679,0
526431.3062,0
526654.3054,0
526793.9972,0
526909.5441,0
527074.2328,0
527084.6277,0
527231.5809,0
527267.8953,0
527372.3308,0
527482.1741,0
527534.8352,0
527606.3303,0
527782.7142,0
527799.264,0
527907.8159,0
528068.5609,0
528265.9348,0
528282.6441,0
528401.9991,0
528449.1836,0
528541.4659,0
528617.5085,0
528687.4214,0
528828.7057,0
529008.669,0
529130.1966,0
529366.9758,0
529474.7122,0
529723.3122,0
529790.1427,0
529875.9307,0
529958.8846,0
529975.0133,0
530121.3742,0
530211.471,0
530298.023,0
530352.2993,0
530373.5557,0
530504.7755,0
530537.9709,0
530540.5037,0
530941.3632,0
531262.34,0
531366.1651,0
531463.2894,0
531474.2384,0
531613.0219,0
531939.9634,0
532379.6708,0
532466.9687,0
532475.7342,0
532533.83316,0
532564.7565,0
532566.8567,0
532652.0222,0
532697.4114,0
532709.2471,0
532729.1551,0
532778.645,0
533005.2736,0
533254.7359,0
533458.4985,0
533611.0101,0
533884.9144,0
534273.1827,0
534362.9474,0
534404.7247,0
534405.8517,0
534430.1863,0
534571.0997,0
534938.1078,0
535189.9008,0
535215.696,0
535325.4447,0
535376.3309,0
535481.8307,0
535490.6248,0
535545.72,0
535657.7732,0
535726.607,0
535938.7084,0
536119.0741,0
536394.9273,0
536420.3958,0
536538.1024,0
536628.728,0
536795.8938,0
536968.463,0
537011.9693,0
537110.6558,0
537161.7801,0
537376.6163,0
537436.4009,0
537501.3426,0
537681.8992999999,0
537813.6049,0
537887.748,0
538203.2397,0
538319.8409,0
538356.9487,0
538390.9403,0
538698.2761,0
538795.2084,0
539303.6559,0
539309.0335,0
539427.6617,0
539501.9317,0
539541.5577,0
539581.3633,0
539632.0703,0
539905.4537,0
539938.4249,0
539991.7247,0
540255.8958,0
540462.0876,0
540488.8831,0
540514.8326,0
540642.171,0
540645.1746,0
540735.3782,0
540737.7239,0
540915.0658,0
541216.8705,0
541387.167,0
541417.4913999999,0
541609.5431,0
541614.1644,0
541677.1359999999,0
541795.2389,0
541978.9064,0
542028.7284,0
542105.3348,0
542174.2649,0
542358.567,0
542560.0943,0
542750.1204,0
542760.1062,0
542885.5019,0
543103.8757,0
543597.5257,0
543653.4094,0
543661.7439,0
543702.3642,0
543805.7863,0
543827.3287,0
543861.0235,0
543881.0674,0
544010.7057,0
544079.7366,0
544392.5782999999,0
544678.3464,0
544719.9492,0
545050.2194000001,0
545072.7065,0
545084.8288,0
545143.6909,0
545362.3354,0
545501.5793,0
545595.3454,0
545658.5159,0
545837.802,0
545896.5429,0
546282.1541,0
546365.4885,0
546445.8245999999,0
546594.6414,0
546712.7308,0
546906.1586,0
546908.748,0
547038.5137,0
547062.0732,0
547063.0357,0
547120.07482,0
547364.1709,0
547527.2765,0
547686.6958,0
547718.8555,0
548272.525,0
548340.2208,0
548370.6165,0
548567.4796,0
548717.398,0
548911.0203,0
549082.4131,0
549436.3355,0
549482.7544,0
549576.9486,0
549697.2286,0
549771.0991,0
549858.3323,0
549896.7437,0
549972.6454,0
550014.1514,0
550135.4882,0
550339.8069,0
550359.3336,0
550393.1424,0
550487.296,0
550874.1934,0
550920.1137,0
550923.9847,0
550983.8973,0
550989.408,0
551067.2407,0
551143.3543,0
551536.0292,0
551730.2261,0
552068.6668,0
552157.9136,0
552342.7342,0
552434.4572,0
552449.1972,0
552645.7797,0
552847.0415,0
552884.5011,0
552928.4426,0
553107.0981000001,0
553389.9807,0
553426.0819,0
553598.7672,0
553604.1086,0
553621.5867,0
553871.8398,0
553889.8633,0
553935.1431,0
553942.2755,0
554644.6353,0
554798.5271000001,0
554979.2128,0
555579.29975,0
555967.6114,0
555989.9761,0
556024.6816,0
556304.2367,0
556319.8566,0
556468.0294,0
556664.5006,0
556965.6814,0
556997.1251000001,0
556999.5734999999,0
557138.6607,0
557370.0667,0
557539.5995,0
557743.871,0
557849.4418,0
557930.0409,0
557983.404,0
558181.9253,0
558242.6606000001,0
558250.5904,0
558917.0327,0
559154.0699,0
559271.8989,0
559333.7337,0
559424.6436,0
559812.1931,0
559911.1792,0
560028.4548,0
560171.5902,0
560225.7515166666,0
560295.9772,0
560714.2293,0
560884.3703000001,0
561129.6716,0
561196.5266,0
561319.6972,0
561622.2566,0
561822.978,0
561935.5604,0
561995.3033333333,0
562289.531,0
562505.7183,0
562518.2875,0
562846.5117,0
562915.6714,0
563432.2496,0
563586.0246,0
563770.5867,0
564086.1632,0
564125.3776,0
564126.7588,0
564562.0085,0
564692.1125,0
564698.8074,0
565160.7352,0
565250.0517,0
565455.6541,0
565634.2991,0
565879.1283,0
566248.1947,0
566268.8323,0
566440.9762,0
566685.0517,0
566775.79546,0
567165.5449,0
567245.4397,0
567951.3775,0
567999.0192,0
568201.2204,0
568934.5946,0
568986.4672,0
569073.2083,0
569300.3692333334,0
569338.3908,0
569461.8288,0
569524.8373,0
569564.2935,0
569606.6905,0
569824.8234,0
569901.2435,0
570035.3808,0
570074.0813,0
570159.0251,0
570174.8196,0
570466.4284,0
570783.0141,0
571117.8743,0
571359.5882,0
572287.2639,0
572333.9664,0
572365.8351,0
572402.5517,0
572717.7043999999,0
572795.524,0
572817.0901,0
572988.4129,0
573373.018,0
574183.6051,0
574321.1457,0
574479.0924,0
574535.9801,0
574746.1589,0
574764.1712,0
574839.1859,0
574857.9013,0
574992.60958,0
575095.7483,0
575500.2762,0
575511.0813,0
575542.6002,0
575565.7572,0
576242.7451,0
576286.8001,0
576320.303375,0
576416.8104,0
576687.1011,0
576791.6631,0
577194.3785,0
577350.4754,0
577495.4936,0
577544.7942,0
577814.8658,0
578070.8391,0
578172.5183,0
578232.3391,0
578342.9331,0
578407.0515,0
578558.9299,0
579329.8654,0
579464.2204,0
579472.9922,0
579712.8352,0
579823.2281,0
580350.9218,0
580357.2971,0
580362.9937,0
580385.6349,0
580943.4277,0
581114.8138,0
581252.677,0
581569.381,0
581591.4132,0
581780.8094,0
581812.9812,0
581931.7032999999,0
581937.8426,0
582039.4136,0
582045.1303,0
582113.8982,0
582583.9352,0
582942.3304,0
583234.0377,0
583248.1711,0
583319.13188,0
583428.8922,0
583653.4694,0
583871.3243,0
583914.8747,0
583922.7633,0
583959.6346,0
584172.4618,0
584551.7053,0
584588.8477,0
584906.3604,0
585906.2653,0
586316.7845,0
586617.1528,0
586883.335,0
586893.7939,0
587063.2671,0
587175.1508,0
587239.7944,0
587379.4859,0
587652.0935,0
588223.9975,0
588373.5939,0
588433.0771999999,0
588499.61785,0
588575.232,0
588608.0697999999,0
589127.8065,0
589148.6967,0
589185.1923,0
589387.5975,0
589669.8535,0
589673.5929,0
589740.7981,0
590418.8346,0
590715.6572,0
590729.1441,0
590802.1426,0
590818.470475,0
591228.6469,0
591329.5281,0
591356.0832,0
591581.91546,0
592133.1956,0
592489.2982,0
592515.2537,0
592581.3643,0
592800.2326,0
593323.4929,0
593324.4044,0
594043.517,0
594115.7118,0
594127.3057,0
594129.4502,0
594265.2228,0
594336.96,0
594520.6082,0
594538.3937,0
594776.7584,0
594858.0733,0
594915.6779,0
595310.1285,0
595535.483,0
595622.59105,0
595780.0138,0
595792.3379,0
595907.9894,0
595952.9345,0
595954.6212,0
595989.0243,0
596021.3656,0
596101.7632,0
596585.9371,0
596820.4355,0
596936.8964,0
596960.3259,0
597178.5166,0
597355.8149,0
597389.9998,0
597493.9102,0
597513.6554,0
597905.9697,0
597908.1764,0
597927.7901,0
597937.8288,0
597946.2854,0
598087.5139,0
598289.1712,0
598523.5278,0
598572.8635,0
598593.0037,0
598650.3398,0
599133.494,0
599161.768,0
599707.8324,0
599838.4847333333,0
599847.3271,0
599850.9249833333,0
600102.2008,0
600323.0575,0
600449.9186,0
600683.3537,0
600788.9855,0
600861.9155,0
600875.2503,0
601027.2208,0
601218.8796,0
601390.1904,0
601428.0257,0
601469.8671,0
601863.323,0
601931.3899,0
602335.4975,0
602686.8258,0
603009.3588,0
603341.6488,0
603553.2545,0
603733.906,0
603748.7461,0
603892.1089,0
604156.8573,0
604441.3845,0
604444.322,0
604803.4544,0
604854.6217,0
604901.857,0
604982.0295,0
605101.8874,0
605251.1348,0
605374.6506,0
605475.2677,0
605487.7024,0
605523.3714000001,0
605552.6048,0
605938.825,0
606029.0671,0
606254.6589666667,0
606310.8505,0
606343.1052,0
606586.4309,0
606857.9843,0
606864.9086,0
607343.0388666666,0
607560.54656,0
607627.8219,0
607673.6902,0
607772.7129,0
607985.1466,0
608041.8393999999,0
608340.5211,0
608381.7265,0
608572.2655,0
608583.9812,0
608668.227,0
608742.245,0
608746.0122,0
609048.4955,0
609051.09084,0
609167.1089999999,0
609647.793475,0
609967.8802,0
610000.5297,0
610295.9517,0
610382.9725,0
610523.4911,0
610983.454,0
611198.7964,0
611221.9688,0
611333.5496,0
611757.5095,0
612015.6285333333,0
612038.2995,0
612313.045075,0
612481.0977,0
612544.5161,0
612648.6107,0
612690.4354,0
612707.1792,0
612746.8341,0
612753.4176,0
613020.2404,0
613033.5648666667,0
613078.2184,0
613562.0668,0
613713.3023,0
613732.1742,0
613940.6919,0
614045.1812,0
614123.5782,0
614313.278,0
614393.2138,0
614413.646,0
614674.8533,0
614793.9575,0
614794.7713,0
614882.2799,0
614884.1762,0
615062.9118,0
615256.137,0
615304.187,0
615548.9918,0
615592.23,0
615902.2564,0
616014.7861,0
616222.2331,0
616240.2885,0
616419.4709,0
616572.9109,0
616787.7141,0
616797.0233,0
616863.2817,0
616896.09756,0
617355.5619,0
617449.4385,0
617456.0075,0
617788.2285,0
617910.6069,0
618043.5309,0
618319.4867,0
618331.8177,0
618455.0744,0
618569.4869,0
618774.1006,0
618826.1679,0
619071.13025,0
619088.3172,0
619110.1708,0
619114.1549,0
619217.2424,0
619283.9457,0
619294.8241,0
619320.6267,0
619455.1253,0
619461.9345,0
619482.7008,0
619611.1626,0
619735.7505,0
619995.9151,0
620016.541,0
620083.4427,0
620138.8392,0
620240.0334,0
620720.3059,0
620825.0056,0
620924.7257,0
620944.1532000001,0
621070.226,0
621170.4268,0
621195.2838,0
621360.6204,0
621390.3376,0
621526.2585,0
621766.1413,0
622126.6348,0
622141.4436,0
622143.3697,0
622190.5891,0
622464.9188,0
622531.4333,0
622960.4424,0
623045.5865,0
623362.5878,0
623398.4223,0
623503.9736,0
623551.7065,0
623736.4499,0
623956.1769,0
624057.6855,0
624128.0424,0
624160.8416,0
624163.4382,0
624442.3041,0
624465.3754,0
624538.4766,0
624719.5965,0
624878.9224,0
624914.7158,0
625131.1479,0
625345.0729,0
625359.2812,0
625360.5029,0
625498.1713,0
625541.1753,0
625671.9319,0
625770.7731999999,0
625983.1353,0
626313.5348,0
626415.0925,0
626426.0766,0
627154.8347,0
627367.8646,0
627533.1188,0
627643.4504,0
627644.3741,0
627818.3843,0
627922.5301,0
627990.5338,0
628454.4421,0
628634.8212,0
628637.5774000001,0
628822.7702,0
628972.0236,0
629042.5563,0
629276.3873000001,0
629574.1905,0
629777.0783,0
629840.9253,0
629956.5903,0
630165.0408,0
630165.8874,0
630280.0432,0
630435.5873,0
630526.01,0
630775.9779,0
630807.9196,0
630817.1835,0
630998.1684,0
631268.2207,0
631292.6805,0
631322.9922,0
631344.3443,0
631664.2443,0
631838.7674,0
631895.3309,0
631924.0257,0
632014.4491,0
632046.7731,0
632055.8136,0
632514.275,0
632665.7704,0
633159.678,0
633307.3134,0
633460.8910000001,0
633564.2008,0
633627.778,0
633676.9018,0
633885.9483,0
633995.8491,0
634030.2072000001,0
634059.0856,0
634189.7549,0
634222.4155,0
634503.0093,0
634854.0061,0
634983.3814,0
635033.2871,0
635373.2297,0
635696.7078,0
635760.4785,0
635792.3231,0
635963.013,0
636389.9134,0
636858.7502,0
636870.8282,0
637119.7499,0
637266.5462,0
637287.5936,0
637612.3653,0
637859.3117,0
637981.5726,0
638017.7542,0
638085.8309,0
638095.1809,0
638106.3029,0
638299.139,0
638307.8321,0
638320.7708,0
638355.5045,0
638384.903,0
638597.2844,0
638618.3035,0
638954.6983,0
639121.5958,0
639124.8313,0
639489.5829,0
639515.9961,0
639727.4606999999,0
640194.3921,0
640201.8114,0
640267.001,0
640286.3442,0
640535.8242,0
640874.4306,0
640949.0591,0
640985.0260000001,0
641321.7798,0
641361.9893,0
641391.6191,0
641400.4553,0
641712.0381,0
641732.0318,0
641753.0623,0
641764.8953,0
641900.5041,0
641998.9811,0
642129.4554,0
642155.5044,0
642341.1363,0
642452.5227,0
642453.4424,0
642525.8419,0
642587.8462,0
643018.1707,0
643134.9755,0
643201.2285,0
643417.6113,0
643501.7804,0
644291.9427,0
644294.2419166666,0
644395.665,0
644509.202,0
644561.1217,0
644573.1359999999,0
644620.73242,0
644931.1562,0
645497.9114,0
645634.1496,0
645712.4029,0
646384.3152000001,0
646476.1358,0
646658.2398,0
646837.1741,0
646915.7642,0
647065.9026,0
647212.5825,0
647256.3058,0
647290.1185,0
647292.75,0
647688.5136,0
647693.4937,0
647788.9134,0
648011.5486,0
648074.4434,0
648471.6422,0
648538.60214,0
648733.7664,0
648914.6608,0
649279.0656,0
649300.9227,0
649624.8793,0
650179.6552,0
650224.2109,0
650316.7805999999,0
650470.6685,0
650637.2598,0
650702.8154,0
650801.5869,0
650914.4421,0
651033.612,0
651111.7586000001,0
651388.5081,0
651483.0224,0
651655.8092,0
651689.46568,0
651702.5277,0
651875.03098,0
652023.6694,0
652335.0432,0
652366.6749,0
652574.0473,0
652675.1109,0
652789.5318,0
652847.7284,0
652905.0325,0
653072.8894,0
653091.0417,0
653108.91892,0
653223.4003,4946.348999999929
653403.617,0
653545.0864,0
653548.0702,0
653617.8257,0
653686.2775,0
653814.4221,0
653827.6997,0
654006.8731,0
654115.792,0
654260.8339,0
654493.0431,0
654605.4922,0
654686.2411,0
655131.0756,0
655182.7366,0
655672.3899,0
655843.188,0
655886.2092,0
656433.5782,0
656608.0401,0
656621.8309,0
656868.6385,0
656982.847,0
657044.4689,0
657306.0154,0
657757.9461000001,0
657798.5134,0
657921.851,0
658004.911,0
658082.8214,0
658154.9865,0
658177.5965,0
658564.4514,0
658599.6431,0
658629.1155,0
659043.8177,0
659340.3285000001,0
659432.5676,0
659723.1518,0
659975.1808,0
660968.3373,0
661343.4629,0
661452.6774,0
661700.6882,0
661774.8242,0
662188.8137,0
662315.1287,0
662624.353325,0
662793.625,0
663529.7833,0
663619.5786,0
663623.233,0
663638.7393,0
663837.994,0
664149.9294,0
664175.5081,0
664408.5017,0
664631.5326,0
664663.9501,0
664968.5892,0
665050.17676,0
665105.2427,0
665179.5061,0
665426.5099,0
665540.52576,0
665734.8696,0
666272.5168,0
666372.1654,0
666405.7643,0
666429.1125,0
666590.8811333333,0
667445.3640000001,0
667586.9645,0
667626.5106,0
668350.6995,0
668456.0053,0
668615.3449,0
668647.0248,0
668706.7175,0
668756.2896,0
668819.1826,0
668901.6278,0
669108.9542,0
669168.5165,0
669326.3194,0
669442.1894,0
669703.0223,0
669806.0907,0
670058.2765,0
670063.3881,0
670414.4895,0
670420.9279,0
670495.5456,0
670569.3518000001,0
670762.4078,0
670889.9287,0
671011.40965,0
671475.1871,0
671607.5674,0
671697.0406,0
671955.4267,0
672250.6101,0
672426.0279,0
672495.9697,0
672790.5354,0
673679.7417,0
673902.85552,0
674188.4275,0
674215.5734999999,0
674431.9385,0
675142.5379,0
675483.4891,0
675992.6549,0
676203.711,0
676286.3905,0
676304.0879,0
676330.6807,0
676370.1107,0
676646.0311,0
676844.4144,0
676891.9193,0
676969.8109,0
677157.7199,0
677291.9329,0
677346.1518,0
677535.7451,0
677768.1495,0
678099.0393000001,0
678562.779,0
678817.3993,0
678865.4229,0
679050.1737,0
679088.0745,0
679531.3587,0
679541.4581,0
680104.9398,0
680479.4647,0
680536.4653,0
680542.9108,0
680716.5773,0
681079.5731,0
681374.6797,0
681446.7858,0
681932.8781,0
681972.9921,0
682149.5226,0
682153.9725,0
682255.1407,0
682279.685,0
682393.64792,0
682445.703,0
682469.3241,0
682736.1828,0
682917.7984,0
682970.2106,0
683227.1913,0
683289.3084,0
683973.5339,0
683983.6832,0
684072.4245,0
684098.0093,0
684170.6367,0
684296.0303,0
684357.5989,0
684721.7203,0
684983.3105,0
685049.855,0
685490.469,0
685729.4268,0
685883.9437,0
686025.6426,0
686030.4739,0
686058.862,0
686529.1965,0
686589.3531,0
686626.089,0
686800.85,0
686900.3554,0
687053.9458,0
687123.9616,0
687142.3467999999,0
687184.3887,0
687473.574,0
687562.3996,0
687652.5495,0
687698.8413,0
687794.6939,0
687924.091,0
688295.7669,0
688693.0596166666,0
688722.5726,0
688855.3059,0
688883.6083,0
689067.6555999999,0
689133.9567,0
689255.385,0
689315.1382,0
689343.5481,0
689486.9795,0
689585.4174,0
690140.462,0
690508.5421,0
690572.4817,0
690588.9473,0
690640.4572,0
690712.7757,0
690859.7892,0
690918.1532000001,0
691214.8494,0
691261.2721,0
691505.998,0
691526.804,0
691964.4834499999,0
692007.4059,0
692112.5023,0
692316.3057,0
692560.7635,0
692614.5451,0
692804.7749,0
692900.4634,0
693001.0792,0
693248.9936,0
693471.4293,0
693555.8456,0
693686.9449,0
694196.4725,0
694245.5186,0
694291.8576,0
694356.0085,0
694465.1807,0
694484.1433,0
694609.6426,0
694695.2795,0
694730.4981,0
694852.6401,0
694898.0387,0
695016.865,0
695236.5195,0
695421.2959,0
695457.3025,0
695919.809,0
695985.0113,0
696330.2569,0
696974.1839,0
697044.2691,0
697406.923,0
697712.7284,0
697985.3832,0
698026.037,0
698122.3485,0
698158.0747,0
698162.2189,0
698343.7728,0
698601.3992,0
698690.7111,0
698936.0953,0
698987.8244,0
698996.5505,0
699067.7827,0
699488.1243,0
699568.271,0
699568.6682,0
699617.439,0
699698.849,0
699942.7394,0
700024.96406,0
700033.2445,0
700108.3074,0
700233.9635,0
700776.0472,0
700867.5332,0
700965.0061,0
701058.4234,0
701082.8499,0
701095.5816,0
701164.776,0
701246.934,0
701327.5807,0
701463.5113,0
701505.1759,0
702394.8299,0
702572.2963,0
702584.1333999999,0
702661.6457,0
702698.12,0
702852.4709,0
702984.6991,0
703090.7358,0
703127.9184,0
703260.6152,0
703408.0924,0
703520.07155,0
703611.2051,0
703727.5568,0
703951.6933,0
704612.6428,0
704742.0316,0
705029.7908,0
705061.1042,0
705065.9725,0
705111.1648,0
705190.3261,0
705194.1588,0
705303.821,0
705352.8225,0
705387.9497,0
705452.6592,0
705533.2458,0
705660.6645,0
705814.7841,0
706112.1946,0
706454.959,0
706711.9427,0
706745.4596,0
706823.9594,0
706910.0595,0
707321.2162,0
707486.7919,0
707512.8586,0
707552.3986,0
707787.5128,0
707807.4336,0
708317.1926,0
708329.489975,0
708342.7385,0
708672.892,0
708745.8108,0
708862.348,0
708908.88535,0
708956.7361,0
709078.6276,0
709154.3131,0
709395.6675,0
709488.8438,0
709634.4383,0
709748.7453,0
709864.7529,0
710639.9327,0
710710.533,0
711042.5978999999,0
711086.6305,0
711288.6346,0
711329.1086,0
711520.0421,0
711582.9013,0
711705.8386,0
711945.3442,0
712199.7096,0
712501.3228,0
712794.5676,0
712909.4155,0
712962.3702,0
713372.5174,0
713605.2166,0
713905.5392,0
713955.7909,0
713996.9978,0
714008.3576,0
714016.142,0
714018.8065,0
714076.1269,0
714352.5558,0
714737.354,0
714752.5804,0
714776.5799,0
714884.2825,0
715061.3603000001,0
715124.5021,0
715270.4742,0
715313.3763,0
715321.7825,0
715364.3581,0
715386.7816,0
715528.8222,0
715847.5836,0
715976.2448,0
715992.2685,0
716373.8623,0
716388.5663,0
716472.0268,0
716538.5234,0
716642.5017,0
716686.9797,0
716707.9443,0
716809.0849,0
716812.3527,0
717150.5657,0
717348.8692,0
717399.8665,0
717544.6668,0
717623.4554,0
717736.3332,0
717943.5854,0
718142.7854,0
718215.2426,0
718601.8504,0
718698.6808,0
718718.8751000001,0
718787.8328,0
718795.0706,0
718868.683,0
718974.6335,0
718999.3411,0
719053.0367,0
719173.7655,0
719717.7106999999,0
719938.4196,0
720188.34,0
720341.3393999999,0
720362.2551,0
720539.7003,0
720828.2791,0
720988.6602,0
721001.0421,0
721050.7854,0
721173.3398,0
721176.3517,0
721247.3568,0
721369.3269,0
721854.187575,0
722092.9508,0
722155.9679,0
722209.1697,0
722566.8119,0
722641.6024,0
722694.588,0
722768.0499,0
722824.9321,0
722826.4812,0
723032.982,0
723398.9051,0
723417.8131,0
723466.1211,0
723564.3418,0
723612.4924,0
723621.4181,0
723624.2117,0
723803.3052000001,0
723911.2819000001,0
724002.5905,0
724076.9419,0
724102.0363,0
724125.2261,0
724161.4033,0
724225.4165,0
724294.1712,0
724708.5273,0
724920.6537,0
724981.8036,0
725156.2746,0
725386.3566,0
725448.1554,0
725950.4979,0
725969.4293,0
726431.3382,0
726509.4824,0
726644.2554,0
726774.6378,0
727360.6176,0
727399.95,0
727500.7657999999,0
727702.9148,0
727771.2648,0
728135.4425,0
728227.5053,0
728373.0182,0
728693.4047000001,0
728753.772,0
728817.8422,0
729014.2966,0
729108.3910333334,0
729441.6487,0
729608.7629,0
730065.132875,0
730114.2406,0
730292.2135,0
730465.5566,0
730515.7138,0
730522.3504,0
730899.2401,0
731319.1779,0
731435.5776,0
731555.5737,0
731556.8889,0
731800.5174,0
732043.1848,0
732210.6804,0
732216.2685,0
732362.2704,0
732515.9944,0
732679.6906,0
732694.5842,0
732807.2869,0
732821.4594,0
732945.6467,0
733084.1673,0
733385.5802,0
733621.2671,0
734164.8778,0
734353.6825,0
734517.1608,0
734847.1284,0
734949.8183,0
735074.7717,0
735077.3138,0
735134.6155,0
735201.8154,0
735623.7574,0
735900.206,0
735960.1087,0
736222.3245,0
736312.7368,0
736431.2053,0
736445.6984999999,0
736540.6648,0
736792.8095,0
737368.3081,0
737994.0861,0
738005.5751,0
738260.4674,0
738310.1393,0
738555.9466,0
738579.2963,0
738854.5461333334,0
738862.4187,0
738997.9715,0
739037.1713,0
739044.448,0
739482.2329,0
739800.1811,0
739986.3848,0
740175.0365,0
740585.1789,0
740739.4872,0
740986.9082,0
741062.0057,0
741112.5031,0
741338.9764,0
741344.0604,0
741579.2691,0
741918.5855,0
742087.1204,0
742238.16268,0
742479.5105,0
742650.5032,0
743055.6375,0
743063.0388,0
743110.4468,0
743239.5479,0
743500.6248,0
743616.2021,0
743624.3449,0
743709.8263,0
743892.6923,0
743938.2333,0
743960.7489,0
743978.5497,0
744007.4476,0
744229.5604,0
744234.6414,0
744253.5687,0
744604.1154,0
744693.1721,0
744756.6081000001,0
744903.9972,0
745047.6058,0
745490.0759,0
746013.7539,0
746194.7344,0
746672.9081,0
746768.0349,0
747183.6195,0
747535.2623,0
747756.1147,0
747913.579,0
748375.6561,0
748807.9824,0
749005.41884,0
749148.2905,0
749671.9008,0
749745.2918,0
750067.3654,0
750154.36356,0
750174.2428,0
750261.3361,0
750271.0773,0
751256.8359000001,0
751462.7871,0
751771.752,0
751788.3753,0
751859.1267,0
751975.9854,0
752016.3174,0
752138.6566,0
752380.8252,0
752467.0715,0
753098.8056,0
753337.8566,0
753628.1211999999,0
753921.0327,0
753935.0414,0
754119.7136,0
754400.9116,0
754615.8636,0
754702.5017,0
754706.7772,0
754724.4839,0
754814.1946,0
754945.9731000001,0
755022.55044,0
755401.4724,0
755414.7311,0
755591.941,0
755649.73994,0
755778.0541,0
755855.931,0
756166.2889,0
756615.1917,0
756885.3549,0
757714.6011,0
757834.5079,0
757895.3513,0
758150.4502,0
758529.9626,0
758872.9553,0
759328.5718,0
759353.5168,0
759436.6676,0
760091.3219,0
760104.2786,0
760228.8829,0
760700.41106,0
760768.7927,0
760784.731,0
760820.9316,0
760869.3875,0
760923.327,0
761046.9521999999,0
761260.1926,0
761285.8193,0
761303.4071,0
761312.638,0
761314.6045,0
761484.2702,0
761654.2686333334,0
762266.3797,0
762336.467,0
762377.6005,0
762438.5286,0
762451.4163,0
762453.0256,0
762831.1426333333,0
762874.6595,0
762969.6668,0
763054.4712,0
763082.2459,0
763103.4689,0
763366.5047,0
763527.0948,0
763688.6485,0
763716.0405,0
763998.6679,0
764036.1772,0
764324.6162,0
764355.2708,0
764492.4987,0
764523.5142,0
764866.1756,0
764926.1962,0
765184.7431,0
765197.7229,0
765229.8832,0
765401.111,0
765975.9671,0
766153.8635,0
766235.7144,0
766531.7872,0
766770.3279,0
767089.7167,0
767984.9656,0
768013.3049,0
768087.442,0
768130.2708,0
768148.7304,0
768190.2019,0
768227.0256,0
768534.9011,0
768691.4134,0
768943.2204,0
769093.3758,0
769149.5758,0
769284.3975,0
769296.8066,0
769379.1541,0
769426.2096,0
769466.4834,0
769579.9937,0
770117.5222,0
770212.4374,0
770506.5914,0
770805.7739,0
770972.0613,0
771221.8945666667,0
771258.1866,0
771269.2101,0
771476.169,0
771530.4619,0
771640.0627,0
771785.1846,0
771972.9386,0
772182.3256,0
772667.8899,0
772761.7262,0
772886.837,0
772943.2646999999,0
773328.1416,0
773484.0351,0
774094.30886,0
774175.2116,0
774359.8113,0
774382.8739,0
774547.2285,0
774834.005,0
774958.1459,0
775315.5887,0
775416.0383,0
775783.792,0
775835.9834,0
775846.3232,0
776010.7545,0
776058.4266,0
776394.2543,0
776601.1951,0
776961.7217,0
777106.0587,0
777245.6624,0
777281.535,0
777459.7148,0
-----Simulation END-----
