-----Simulation 0-----
172898.3713,0
172939.2667,0
173000.2682,0
173043.9337,4955.614899999986
173410.2414,0
174054.10330000002,0
174185.1244,0
174234.6729,5459.964500000002
174289.6146,0
174351.7151,0
174526.2959,0
174568.3525,0
174575.8064,0
174611.9242,2337.3367000000144
174625.5208,0
175033.9283,14262.824400000012
175112.8217,0
175379.8659,0
175423.5504,0
175603.066,0
175611.1417,0
175723.6853,0
175757.6122,0
175766.2226,0
175795.30560000002,0
175847.7827,0
175902.3478,0
176471.28590000002,0
176982.383,0
176996.5647,0
177453.7026,15985.512300000002
177721.4119,0
177746.7333,0
177848.718,0
178167.8614,0
178199.2723,0
178231.3898,0
178297.0889,13600.983999999997
178334.9717,0
178431.3245,0
178845.8604,0
178911.6,0
179048.5007,0
179068.4024,0
179252.8868,0
179255.1901,0
179401.9532,0
179537.9158,23214.336299999995
179620.5576,0
179640.1232,984.3826999999874
179698.50089999998,0
179802.7357,0
179845.1051,0
179852.6345,0
179968.6159,0
179979.8938,4620.743799999997
180072.2894,9451.06640000001
180147.6625,0
180176.89860000001,0
180245.63199999998,0
180250.8813,0
180527.1428,0
180545.881,0
180668.6381,16857.321000000025
180705.3705,0
181129.8609,0
181178.4193,0
181413.47090000001,0
181873.2944,0
181940.2117,1209.649000000005
182032.3387,0
182059.503,13260.853600000002
182084.9688,0
182109.3301,0
182226.0444,3808.1979000000283
182250.9711,0
182378.5058,29005.557900000014
182672.7429,0
182715.3087,0
182719.4795,22296.520699999994
182755.541,0
183043.5769,0
183055.8733,10812.782399999996
183184.4924,0
183393.2713,0
183507.97340000002,0
183632.1845,0
183638.1481,0
183664.6352,0
184227.0721,0
184247.4814,738.6712999999872
184378.3353,0
184391.9089,6762.664600000018
184397.6617,0
184439.713,11419.972499999974
184693.5256,9304.892699999997
184761.7342,0
184970.7032,0
185050.3928,0
185194.7201,0
185315.4639,5902.092000000004
185410.96169999999,0
185458.9543,0
185461.692,0
185543.1769,0
185647.2848,0
185999.856,0
186003.5327,8166.996500000008
186243.4265,0
186318.291,0
186470.935,0
186515.814,26739.035600000003
186584.26905,0
186668.9645,1315.6382999999914
186671.7289,2235.9880999999878
186769.5086,0
187134.8779,0
187605.8952,13610.95120000001
187908.3547,0
188031.8246,0
188058.688,0
188201.8157,0
188251.725,28957.527499999997
188512.0507,0
188891.5513,1301.4615999999805
189102.22580000001,0
189118.2779,0
189249.4704,6968.860099999991
189435.4359,4121.217100000009
189655.916,29527.988500000007
189663.2428,0
189739.12339999998,0
189757.04869999998,0
189788.9068,0
189819.59889999998,0
189962.3497,0
190100.0115,0
190109.2368,0
190143.39620000002,0
190344.1598,5200.87950000001
190575.14669999998,0
190779.244,14747.171600000001
190813.77909999999,0
190836.1183,0
190849.2833,2221.936400000006
191020.6209,0
191122.682,0
191207.9582,0
191223.7805,0
191312.0954,0
191370.2527,0
191433.1956,30851.590216666664
191474.7598,0
191671.6733,0
191737.8434,0
191912.5234,7339.91810000001
192062.4904,0
192115.6922,0
192136.918,0
192268.8,12556.0092
192295.8908,0
192514.5169,11612.9767
192613.5777,22437.677200000006
192663.508,0
192678.0057,0
192692.0206,7455.583400000003
192886.7524,2595.658400000015
192967.1788,0
193046.5571,0
193058.9226,24407.3303
193271.261,9817.296999999991
193511.8641,0
193530.6181,8699.852500000008
193593.0706,0
193738.32140000002,0
193878.2523,22754.4988
193884.0938,0
193893.146,0
194060.7568,2216.401899999997
194093.0562,0
194229.1441,0
194297.65279999998,0
194305.122,8482.8505
194367.51630000002,0
194548.8413,0
194853.0693,0
194992.71600000001,0
195110.144,0
195208.1556,13017.195000000007
195252.0514,18295.4418
195334.0015,22428.871400000004
195562.1079,2643.0203000000038
195588.6336,0
195763.4804,0
195954.9559,0
196063.1434,23272.372600000002
196195.62790000002,0
196509.6165,0
196657.2692,0
196693.3168,0
196723.0362,8352.09580000001
196981.5986,19064.1091
197013.1375,0
197151.4823,0
197239.5289,0
197522.7798,0
197569.43540000002,0
197742.4226,6561.7929
197782.3507,0
197824.5547,0
197858.1864,8973.008000000002
198001.0063,19300.98550000001
198369.9562,19486.281099999993
198472.581,16028.80780000001
198511.5631,0
198519.8408,0
198558.4217,0
198566.1282,0
198595.1807,0
198629.7823,25559.858399999997
198760.0643,0
198896.28220000002,0
198937.8358,5444.834900000016
198991.9622,0
199031.0954,0
199152.7226,0
199506.1144,0
199512.2977,4640.3979999999865
199641.3504,0
199655.5461,0
199713.5291,21951.870000000024
199757.282,0
199995.8338,0
200005.9999,0
200944.4695,0
200964.6624,0
201046.8936,25253.90088333335
201067.4366,20291.285899999988
201153.351,0
201238.7093,0
201461.602,0
201678.88880000002,0
201863.0161,18743.41690000001
201943.0838,0
202095.4653,12686.101400000014
202245.9281,0
202251.477,0
202319.06290000002,0
202367.247,10564.083000000013
202728.89789999998,0
202872.9826,0
203070.99599999998,0
203459.4074,23171.117333333328
203549.6996,9408.197799999994
203627.6193,0
203715.6675,0
203818.5976,0
204083.59889999998,0
204157.4925,0
204257.3342,6398.636400000018
204484.0006,0
204571.2346,0
204747.04200000002,0
204769.777,0
205197.0474,18394.150900000008
205339.2872,0
205470.46110000001,0
205526.0724,119.57949999999255
206367.3127,0
206420.93,0
207061.5161,0
207080.4839,0
207516.6337,0
207652.1886,0
208283.0271,0
208507.1289,0
208576.2846,0
208814.7224,0
208941.52659999998,0
208996.33000000002,0
209189.6766,0
209212.3152,0
209382.893,0
209481.29859999998,0
209954.8765,0
210337.678,0
210550.16460000002,0
210780.861,0
211240.6104,0
211284.03220000002,0
211304.7242,0
211321.2972,0
211532.9913,0
211565.5722,0
211671.1177,0
211730.1598,0
211846.222,0
212190.8119,0
212470.2285,0
212570.99800000002,0
212761.1514,1779.2584999999963
212853.2965,0
212880.307,0
212896.7994,0
213032.6472,0
213687.2295,0
213707.2988,0
213833.5343,0
213841.34399999998,0
213929.2953,0
214239.0632,13816.240699999995
214329.0528,3185.4972600000037
214353.6519,0
214357.151,0
214807.6922,0
215069.9582,0
215078.0147,0
215268.9586,6056.607400000008
215444.3966,0
216448.27386666666,0
216460.8821,0
217132.3325,0
217210.3564,0
217234.38079999998,0
217402.8973,0
217534.8957,0
217536.5847,0
217545.7757,0
217630.2296,0
217834.1566,0
218161.1317,0
218286.1796,0
218530.2157,0
218580.406,0
218833.06949999998,0
218870.91210000002,0
218993.3066,3002.9336000000185
219049.3224,0
219137.0628,0
219188.6819,0
219210.364,0
219271.65840000001,0
219318.2136,0
219686.0826,0
219729.3282,0
219810.8111,0
219862.41820000001,0
220137.4223,0
220299.2348,819.863800000021
220393.4068,0
220615.87410000002,0
220704.3665,0
221012.941,0
221301.4231,0
221393.5004,0
221469.6137,0
221596.603,0
221721.8306,0
222138.3676,3252.0315999999875
222174.6473,0
222194.2887,0
222323.3444,0
222386.7893,0
222540.6104,0
222721.1694,0
222877.5435,0
223097.3042,0
223272.1869,0
223403.2137,0
223526.8331,0
223663.4367,0
223723.4272,0
224038.0415,0
224085.5495,1897.9189999999944
224091.1142,0
224154.9443,972.1619000000064
224279.1302,0
224342.3968,0
224669.9251,0
225042.1422,0
225586.4115,0
226158.7745,0
226313.1797,0
226330.9022,0
226348.0225,0
227032.5166,0
227183.4408,0
227404.8743,0
227460.0301,0
227543.1624,0
227552.6878,0
227580.8971,0
227781.1277,0
227915.9124,0
228113.5887,0
228130.95990000002,0
228172.4784,0
228179.8304,0
228202.7021,0
228491.01929999999,0
228580.3696,0
228683.4345,0
228742.6099,0
228837.1984,0
229034.85080000001,0
229412.5598,0
230375.0449,0
230447.53830000001,0
230555.4634,0
230596.3688,0
231196.0013,0
231925.2828,0
232068.4509,4419.785600000003
232241.4946,0
232340.2743,0
232410.6076,0
232783.8849,0
232791.3858,0
233025.2956,0
233254.0444,0
234020.05180000002,0
234113.7576,0
234365.8345,0
234683.5032,0
234756.29580000002,0
235043.8329,6563.363500000007
235086.8127,10780.25357500001
235213.4973,0
235350.2902,0
235819.2033,0
235854.6857,0
236132.5671,0
236145.7575,0
236185.5453,0
236277.1101,0
236288.0105,0
236349.1566,0
236500.5772,0
236553.4933,0
236613.3576,0
237050.7416,0
237061.8164,10332.963199999998
237165.14423333333,0
237219.22580000001,0
237235.859,0
237372.2672,0
237383.5442,7389.588799999998
237414.3779,0
237632.4618,0
237693.00280000002,0
237716.90963333333,0
237828.6526,0
237840.2356,0
237893.8781,0
238003.2844,0
238009.3373,0
238031.7473,0
238571.5436,0
238880.8024,0
239117.1551,0
239218.6983,0
239359.2651,0
239377.8279,10178.991700000013
239388.9882,0
240089.8723,0
240125.42440000002,0
240183.5028,2410.9517999999807
240511.85570000001,0
240580.077,0
240782.802,0
241288.5328,0
241357.2428,0
241447.4195,13783.189799999993
241488.8845,0
241554.881,0
241627.8682,0
242093.02539999998,0
242671.7539,0
242835.5712,0
242916.5551,0
243510.4106,0
243824.3731,0
243984.4888,0
244086.3769,0
244222.9204,0
244445.5474,0
244806.952,0
245105.2461,0
245582.31650000002,0
245594.4834,0
245760.9677,0
245806.065,0
245850.9026,0
245863.7003,8026.632599999983
246015.8103,0
246025.9642,0
246201.71779999998,0
246206.5543,4556.359999999986
246293.1432,0
246790.7293,0
246933.3917,0
246976.149,0
247378.39250000002,0
247432.85869999998,0
247817.58,12875.322999999975
247847.3268,0
247847.3798,0
247964.0618,0
248148.34399999998,0
248268.17440000002,0
248380.1334,0
248541.2275,0
248691.8032,0
248822.32760000002,0
248825.3469,0
248868.9239,0
249026.3802,0
249155.483,0
249475.8516,0
249502.8912,0
249703.80479999998,0
249724.8909,0
249776.2485,0
250057.4329,0
250287.5521,0
250308.2741,0
250340.3132,0
250429.08370000002,0
250631.8151,0
250741.2114,0
250805.0881,0
250879.3939,0
251107.6016,0
251199.9441,0
251811.59470000002,0
251830.0777,0
251860.3439,0
251881.52049999998,0
251961.6497,0
251990.1189,0
252024.2434,0
252051.0244,0
252109.6983,0
252334.0048,0
252356.9603,0
252408.4195,0
252918.14179999998,0
253091.4908,8530.039900000003
253127.89740000002,0
253501.0128,0
253525.5588,0
253837.1419,0
253952.3767,0
254068.7794,0
254167.5675,0
254173.7572,0
254379.6152,0
254476.3279,16834.775900000008
254529.6538,0
254673.7488,0
255115.1939,0
255152.1929,3075.206999999995
255244.9689,0
255601.6581,0
255740.4111,0
255808.6791,0
256094.5181,0
256159.5839,0
256202.2708,0
256296.3638,0
256426.3426,0
256702.3126,0
256742.3378,0
256765.7155,0
256895.9789,0
257024.1105,0
257163.0181,0
257179.9276,0
257190.4606,0
257393.6254,0
257550.628,0
257771.5403,0
257773.9228,0
257785.614,529.5155000000086
258018.8251,25615.646699999983
258262.2687,11741.424499999994
258373.5203,0
258400.6216,0
258450.673,0
258536.8592,0
258544.8388,0
259056.1877,0
259098.8883,0
259109.1647,0
259260.151,0
259346.9198,0
259358.0108,0
259643.0226,0
259967.0434,10575.10639999999
259995.6801,0
260014.9377,0
260268.0298,0
260289.096,0
260341.91019999998,0
260405.8209,0
260579.8119,0
260615.5248,0
260889.1788,0
261002.7785,1922.5811333333259
261367.1269,0
261479.8586,0
261512.9717,0
261538.6877,0
261562.8194,0
261608.457,8281.568299999984
261736.7012,0
261756.8478,0
261777.6036,0
261859.5526,0
262000.3951,0
262106.1483,0
262376.7957,0
262736.5691,0
263106.2702,20843.910400000022
263136.0182,0
263185.9145,0
263191.2586,0
263298.9225,0
263363.5693,0
263432.5354,0
263453.7202,0
263494.7704,1482.8738999999769
263596.6,0
264016.8243,0
264032.86340000003,0
264152.2641,2058.3021999999764
264319.6479,0
264324.8955,0
264343.9407,0
264524.84979999997,0
264849.2887,0
264972.171,0
264983.5524,0
264987.8186,0
265027.7283,0
265060.4214,6406.537400000001
265071.1798,0
265270.8558,0
265467.67850000004,0
265725.8418,0
266003.4973,3141.0175000000163
266304.2463,0
266474.1481,0
266712.5479,0
267186.0301,0
267242.8336,7982.1211000000185
267715.9635,0
267791.706,0
267792.3419,0
267866.4469,0
267886.3151,0
267944.0621,0
267945.6362,0
268123.0084,0
268147.2405,0
268166.2547,16.131899999978486
268200.3112,0
268253.8516,0
268480.8753,0
268602.4019,0
268728.5587,0
268853.62679999997,0
269037.9821,0
269073.0237,0
269930.7835,0
270006.7941,0
270282.5953,0
270586.6645,0
270599.1354,8838.473700000031
270917.5785,0
270939.19299999997,0
270983.83759999997,0
270984.8291,0
271191.6219,0
271287.8408,0
271293.2789,347.86109999998007
271419.5687,0
271434.4935,0
271466.3468,0
271487.1941,0
271584.9204,0
271768.6375,0
271803.174,0
271877.7858,0
271905.8719,0
272080.43319999997,0
272119.5859,0
272639.7928,0
272915.3918,0
273165.255725,0
273433.1112,0
273630.8221,0
273686.4071,17638.65710000001
273775.9498,0
274211.1795,2155.8951000000234
274212.1075,25715.732866666658
274215.7828,0
274642.0761,0
274820.7666,21384.541599999968
274990.2033,0
275071.5331,0
275216.0075,0
275272.1855,0
275379.6413,0
275472.5715,0
275499.0927,0
275528.0923,0
275569.9642,0
275673.2363,0
275691.0121,0
275958.9783,0
276015.3028,0
276039.8404,0
276349.5478,0
276434.051,0
276646.4922,0
276797.4197,29538.412700000015
276827.1999,0
277034.0745,25235.194799999997
277268.3807,0
277277.0114,0
277356.3126,0
277644.0972,0
277762.768,0
277773.8238,0
277831.2871,30075.065300000017
277861.13,0
277886.7414,0
278097.8073,0
278133.968,0
278483.044,0
278672.1183,0
278716.9249,0
279057.2259,0
279130.1515,0
279281.7962,19242.228899999987
279367.9121,0
279469.01410000003,0
279611.8735,0
279706.919,12654.475099999981
280051.4241,0
280072.3635,0
280149.58,30418.758316666674
280338.1304,0
280407.3382,20560.194799999997
280412.82039999997,0
280608.5132,0
280694.7909,0
280766.9737,0
280789.3943,371.1154000000097
280943.6241,0
280968.19539999997,0
281429.7601,0
281492.95889999997,0
281590.2724,0
281715.5236,0
282071.5419,0
282304.399,27113.490699999966
282390.7523,27771.783800000005
282582.5781,17420.821599999967
282750.46880000003,0
282872.4045,0
283011.0766,10938.639899999951
283025.9991,0
283054.9727,0
283132.275,9158.279700000014
283134.6052,23135.80189999999
283343.8233,0
283641.969,0
283824.8324,0
283904.44909999997,0
284232.6014,0
284288.7878,18598.261200000008
284340.7306,0
284439.3879,0
284546.2747,0
284575.0084,0
284583.2602,0
284955.914,0
285285.8825,0
285309.4218,0
285726.2894,0
285758.2075,0
285828.919,0
285851.8169,0
285953.8066,0
286012.8459,0
286043.9545,0
286081.1515,0
286220.4666,26419.116874999978
286348.438,22004.543400000024
286505.7665,0
286510.3586,9277.465599999996
286550.8784,0
286807.8291,0
287026.8907,0
287166.5296,0
287208.4911,0
287340.8492,1543.3062999999966
287381.6559,0
287482.5857,0
287533.57,0
287685.5281,8423.402499999967
287890.9214,0
287944.6276,0
288013.4961,26765.779099999985
288124.22,0
288174.0543,0
288257.7409,0
288350.9415,0
288416.2494,3826.8571999999695
288418.29079999996,0
288612.0924,4078.8299000000115
288819.4489,19325.661599999992
289084.5707,0
289149.0031,0
289577.5873,0
289664.0629,0
289690.7618833333,0
289851.8419,26154.449000000022
289851.8959,23706.776300000027
289975.3235,0
290083.7633,0
290464.1812,15357.176899999962
290572.1089,0
290605.0406,0
290907.2295,0
290965.5682,0
291250.4982,18277.0306
291275.1148,20302.921099999978
291327.8282,0
291527.475,22033.426199999987
291583.9209,0
291699.9181,0
291789.67,0
291839.2503,0
291906.75690000004,0
291994.2148,0
292171.8434,0
292514.38560000004,0
292575.4118,0
292580.1477,0
292670.542,0
292696.6532,0
292739.7154,0
293244.1882,0
293606.88289999997,0
293667.5307,0
294013.1798,0
294266.3486,0
294491.2669,0
294634.717,0
294798.64029999997,0
294810.273,0
294844.6914,0
294916.0357,0
295037.3121,0
295390.9506,2200.7546999999904
295396.2539,19501.496800000023
295424.0248,0
295505.04819999996,0
295528.6987,0
295676.1709,0
295713.7665,0
295977.4834,0
296057.6024,0
296394.701,0
296586.8112,0
296758.6036,0
296835.82,7580.3670000000275
296987.04709999997,0
297238.8563,0
297296.4214,0
297351.0061,0
297404.13659999997,0
297847.4595,0
297936.3917,17839.50140000001
297947.7195,0
298030.85752,0
298069.8875,0
298087.0769,0
298157.74214,0
298320.9991,0
298371.5635,0
298382.6153,0
298502.1431,0
298582.3691,3840.5989999999874
298735.4745,0
298849.3761,0
298889.4997,0
298957.7147,0
298969.9926,3418.6058000000194
298988.7062,0
299044.7278,0
299305.25549999997,0
299379.6021,0
299406.8722,0
299412.7037,766.1126333333668
299504.7433,0
299599.5888,0
300001.2002,0
300171.09380000003,0
300240.7689,0
300479.0702,0
300534.9324,0
300589.0554,0
301058.2489,0
301152.4606,0
301202.7352,0
301272.3407,0
301393.85970000003,0
301412.3791,0
301486.0581,0
301529.0273,0
302042.9473,0
302099.3702,0
302267.0307,0
302374.8778,0
302395.8628,1516.3624999999884
302433.4363,0
302474.0512,0
302553.6101,0
302630.1414,2005.125800000038
302806.5031,0
303328.7749,0
303502.5042,0
303521.6622,0
303622.2476,0
303644.0304,0
303785.41949999996,0
304150.0213,0
304186.0934,0
304258.9123,0
304269.3441,0
304516.2789,0
304610.0331,0
304646.3865,0
305195.8752,0
306221.1145,0
306349.4959,0
306381.2404,9821.66220000002
306437.7697,0
306491.8875,0
306570.831,0
306646.1378,1334.8430999999982
306691.6769,0
306726.18901666667,0
306926.68570000003,0
306962.0095,0
307009.9425,0
307320.93799999997,0
307397.7829,0
307612.1574,0
307613.0363,0
307775.8223,0
308060.9226,0
308073.3977,0
308325.9318,0
308441.8469,0
308612.166,0
308661.777,0
308911.7064,0
309138.0923,0
309445.36171666667,0
310006.48018333333,0
310316.7414,0
310748.0561,0
310838.5317,0
310983.5316,0
311090.85083999997,0
311196.9929,0
311208.36563333333,0
311592.2899,0
311606.7319,0
311938.8548,0
312236.2649,0
312366.5214,0
312422.9838,0
312559.5382,0
313124.5768,0
313168.574,0
313428.0824,0
313778.5426,0
314105.8348,0
314204.3272,0
314210.8196,0
314417.72,0
314727.6211,0
314805.80079999997,0
314854.1282,0
315399.4855,0
315416.0387,0
315522.0409,0
315583.962,0
315704.6541,0
315722.7386,0
315870.7917,0
316077.20660000003,0
316285.7599,5089.0380000000005
316558.9971,0
316814.2122,0
316857.2578,0
316939.7187,0
317184.2678,0
317278.4646,0
317281.2916,0
317806.0175,0
318445.5275,0
318993.0487,0
318997.4896,0
319048.1349,3804.3435000000172
319286.45160000003,0
319295.592,0
319610.2191,11351.689199999964
319731.9667,0
319923.4319,0
320080.8692,0
320142.6413,0
320446.7298,0
320495.479,10078.367800000007
320871.8659,0
321009.8079,0
321550.4852,0
321983.124,0
321990.4171,0
322180.3766,0
322354.5946,0
322975.76300000004,0
323140.797,0
323315.8868,0
323320.6436,0
323346.394,0
323372.5936,0
323970.17220000003,0
324052.98,0
324166.2819,0
324213.7962,0
324485.8369,0
324513.4648,0
324881.7296,0
325104.1462,3328.8097000000416
325145.2644,0
325345.4476,0
325410.7933,0
325554.3179,9167.059300000023
326034.71048,0
326442.9342,0
326572.2469,0
326790.1412,0
327397.1421,0
327531.0751,0
327618.8889,0
327815.813,0
328053.137,0
328158.4678,0
328214.2135,0
328323.3043,6223.164600000018
328476.2262,0
328633.1437,0
328699.0789,0
328719.3827,0
329647.13,0
329732.0073,6359.994200000016
329983.2805,0
330202.9247166667,0
330632.6112,0
331700.9829,0
331806.4984,0
331980.5591,0
332015.9196,1082.9108000000124
332043.2079,13622.849099999992
332272.7897,0
332286.9071,5090.3045000000275
332332.72490000003,0
332528.7824,0
332578.0701,0
332673.7587,0
332808.2949,9738.32879999996
332854.3875,0
333166.9061,0
333605.5813,0
334109.0571,1808.1910999999964
334128.9856,0
334181.296,0
334532.4716,0
334609.77780000004,0
334831.2732,0
335345.2994,0
335411.6064,7916.920600000012
335676.4019,0
336095.8811,0
336261.9161,6259.7696
336283.0457,0
336340.3336,1242.861900000018
336493.404,0
336512.2914,0
336656.58,0
336834.01170000003,0
336835.0701,0
336839.188775,0
336915.1655,0
337169.9738,0
337215.6772,0
337221.6816,0
337264.84990000003,0
337512.2805,0
337539.9526,0
337540.5331,2984.649399999995
337657.9006,0
337923.0968,0
337948.4263,0
338017.4942,0
338100.3389,0
338184.4298,0
338251.18200000003,0
338516.858,0
338651.2305,0
338684.7527,0
338695.2394,0
338708.4869,0
338903.995,0
338907.3029,0
338943.9083,0
338951.3093,0
339068.1187,18902.445599999977
339174.9299,0
339337.3812,0
339500.375,0
339595.4391,0
339884.8193,0
339985.1909,0
339986.83770000003,0
340389.8935,0
340470.3741,0
340659.1332,0
340940.2289,0
341653.8982,0
341690.7317,0
341797.7256,0
342018.3271,0
342264.9741,4153.103300000017
342268.9607,0
342390.83640000003,0
342521.5308,0
342568.3276,0
342596.4903,0
342863.4015,0
342897.7557,0
342945.05449999997,0
342964.105,0
343241.7486,0
343325.0923,10867.01370000001
343468.8712,1290.4694000000018
343550.9638,1079.2158000000054
343681.6451,0
343774.6477,0
344063.496,0
344214.6304,0
344246.7784,0
344417.0793,0
344423.8362,0
344648.7677,0
344679.39,0
344690.693125,0
344811.7945,0
344929.9709,0
344931.914,0
344951.9814,0
345134.5521,0
345157.53740000003,0
345239.3467,0
345326.6038,14271.35639999999
345378.9429,0
345461.6235,0
345580.2747,0
346100.9741,0
346310.8608,0
346609.9697,0
346712.1959,0
346957.1486,0
347064.273,0
347159.8974,0
347179.3636,0
347225.9923,0
347702.6846,0
347722.1003,0
347755.3711,0
347808.4547,0
348277.4344,14560.074300000037
348595.0955,0
348838.3649,0
348927.0505,23914.087300000014
349005.8766,0
349193.8298,0
349252.8853,0
349272.7259,0
349293.2212,13657.482900000003
349712.6681,0
349863.1971,0
349907.6205,0
349933.9053,0
349977.6543,0
350266.7175,9845.031100000022
350381.0361,0
350529.2891,0
350536.0354,0
350544.0567,0
350593.347,0
350669.4568,0
350771.6107833333,0
351042.15619999997,0
351062.1546,0
351380.40843333333,0
351430.1845,0
351548.1005,0
351699.4267,0
351717.8618,0
351885.599,0
351942.6156,0
352156.55460000003,0
352249.1355,21891.485950000002
352282.4432,0
352282.8715,0
352627.4881,0
352656.6423,0
352767.7119,0
352875.472,0
352917.2712,13544.505999999994
352960.3852,0
352964.82889999996,0
353071.6242,6919.407300000021
353095.1614,0
353193.7932,0
353324.7666,10501.382199999993
353351.2217,0
353555.26529999997,0
353560.569,0
353640.70160000003,0
353690.4694,0
353939.9167,0
353998.0423,0
354126.435,22613.117499999993
354478.6738,0
354554.8299,0
354737.5852,0
354798.1598,0
354843.671,0
354893.6472,0
354943.2387,0
354950.9096166667,0
355042.8933,0
355048.1442,0
355100.5324,0
355429.18200000003,0
355533.3668,0
355636.4711,0
355720.4878,0
356317.5064,0
356396.8435,0
356498.33400000003,0
356670.40020000003,0
356708.5498,13871.092599999974
356746.3767,0
356809.6551,0
356999.6251,0
357251.3707,10077.249500000034
357258.998,0
357343.9575,0
357393.3646,0
357410.4453,0
357442.6066,0
357485.7294,0
357573.4538,0
357646.1485,3628.0039000000106
357867.7927,0
357893.8158,0
357928.12210000004,0
358339.9496,0
358428.6474,0
358517.2198,0
358530.4694,0
358577.5683,0
358790.5421,0
358836.6676,0
358897.903,0
359317.94550000003,0
359328.5758,0
359443.9275,0
359468.6051,0
359589.0946,0
359596.4159,0
359661.3504,0
359675.80079999997,0
359815.4913,0
359829.2615,0
359853.7743,0
359937.434,0
359963.1477,0
360485.1458,7516.541599999997
360955.6498,0
361194.2358,0
361200.5331,0
361203.7057,0
361483.2758,0
361498.9464,0
361753.8846,0
361806.0747,0
362077.0727,19519.96410000004
362111.675,0
362200.1609,0
362390.5088,0
362514.5699,0
362526.1344,19372.99859999999
362957.1535,0
363146.7783,0
363346.5484,8241.911000000022
363409.4713,0
363480.4323,0
363510.5896,0
363519.9787,0
363687.6077,19295.40989999997
363980.3338,0
363997.6843,674.5745999999926
364050.7929,14695.607499999984
364487.3448,0
364635.8547,0
364737.397,0
365030.427,3686.8452000000398
365173.9554,0
365310.074,0
365596.3366,0
366086.0505,0
366112.7233,13438.325725000002
366140.7878,0
366172.6694,0
366504.7747,0
366824.4364,0
366915.9527,0
367195.5308,0
367608.8553,0
367645.6702,0
367753.0287,0
368108.8232,0
368142.8436,6484.347100000014
368255.1672,0
368435.2851,0
368555.6667,433.57809999998426
368640.27780000004,0
368810.3658,0
368914.5462,0
369077.4524,26413.0735
369117.1062,3570.0484999999753
369318.3728,0
369452.5893,0
369521.9662,0
369689.5653,18176.47470000002
369879.0382,0
369937.9702,0
370024.8832,0
370025.23490000004,0
370064.9072,10659.11050000001
370081.4899,0
370168.4936,0
370212.0649,19471.72849999997
370427.656,0
370476.5843,0
370535.0538,21692.796399999992
370711.9157,11440.852899999998
370785.78469999996,0
370896.5009,7102.803399999975
371023.15390000003,0
371123.1431,0
371270.8388,0
371790.4436,17170.20630000002
371946.0179,0
371982.3503,24698.156599999988
372333.0349,16064.51820000005
372466.9068,0
372586.2133,0
372724.93004999997,0
372838.1951,0
373360.3687,0
373398.4228,0
373775.4774,0
373814.9134,0
373819.1204,0
373986.452,0
374050.3611,0
374050.7983,0
374065.6682,0
374102.97719999996,0
374291.3412,0
374630.5335,0
374637.7875,0
374661.2258,0
374719.9702,21774.277299999958
374776.5884,9614.34600000002
374803.2212,0
374848.8621,0
375131.9055,0
375284.253,4351.3898000000045
375299.0934,0
375482.6254,0
375585.1824,0
375904.6968,0
376271.0483,0
376274.4151,0
376437.5523,0
377056.6338,0
377314.2784,0
377325.4889,0
377400.0289,0
377502.997,0
377622.2783,0
377720.1858,0
377773.8558,8752.106100000034
378096.0701,0
378162.6137,0
378266.1103,0
378294.7893,0
378317.2956,0
378334.5992,0
378407.228,0
378469.6479,0
378479.9753,0
378607.0118,12572.26609999995
378722.0851,0
379194.3924,0
379339.8314,0
379781.0097,0
380000.2333,5631.546700000006
380018.1021,0
380106.9447,0
380152.4811,0
381222.7033,0
381411.3518,0
381926.248,7640.72080000001
382012.059,0
382024.655,0
382091.89696,0
382244.4476,0
382276.6902,0
382637.1248,16837.338359999994
383071.0257,0
383292.4476,0
383557.7933,4273.2285000000265
383888.224,0
383986.13,0
384064.7574,0
384523.325,1601.1614999999874
384531.331,0
384774.038,0
384791.2066,0
384967.1228,0
385015.04720000003,0
385083.7119,0
385314.57070000004,0
385380.9084,0
385542.1687,0
385686.8058,0
385778.6925,0
385818.4104,0
385821.788,0
385904.2932,2186.636200000008
386109.94195,0
386507.167,0
386539.9572,0
387185.6896,0
387278.3048,0
387636.35730000003,0
388404.1105,0
388529.1896,0
388547.1394,0
388849.6018,950.3019000000204
388946.8022,0
388984.5514,0
389226.3462,0
389285.9974,0
389295.7808,0
389331.653,0
389344.4045,0
389684.9685,0
390057.02890000003,0
390416.538,0
390431.6816,0
390616.5486,0
390852.64269999997,0
390929.2885,1735.1532000000007
391042.2691,0
391042.8361,3215.6107000000193
391187.4685,0
391296.70160000003,0
391307.4069,0
391420.8399,0
391436.2405,0
391656.9149,0
391698.4183,1355.7771000000066
392021.6186,0
392100.1119,0
392310.9504,0
392407.4547,0
392828.81070000003,0
392861.8284,0
393005.32680000004,0
393033.66599999997,0
393251.1079,0
393290.8898,0
393581.5322,0
393675.2136,0
393815.5058,0
394207.7998,0
394504.1058,0
394563.6437,648.1509500000393
394575.136,7787.275199999975
394624.5304,0
394867.8351,0
394965.5103,0
394977.8613,0
395319.8719,0
395376.4675166667,0
395416.911,0
395421.4377,0
396034.3332,0
396094.0423,0
396099.3382,0
396114.0822,0
396216.6902,0
396889.0485,11101.319399999978
397264.4561,0
397312.8617,5608.486399999994
397469.71880000003,0
397673.4522,1706.2298999999766
397775.585,251.2172000000137
398021.9304,0
398055.3428,0
398113.7287,0
398172.4596,6266.921120000014
398183.5152,0
398206.5610666667,0
398472.8571,0
398513.517,0
398854.3195,0
399065.9671,0
399495.104,0
399584.8172,0
399614.1543,0
400029.5777,0
400368.0789,0
400522.024,1706.8298999999533
400719.1442,0
400792.6502,0
400828.47,0
401068.0058,0
401093.92960000003,0
401329.7941,0
401349.4736,0
401376.1006,0
401550.5129,0
401710.5421,0
402025.6102,0
402188.3584,0
402891.2762,0
403084.4579,0
403131.04839999997,0
403237.32790000003,0
403836.3826,0
403841.9433,0
403856.7622,0
403966.7395,0
404002.983,9223.379799999995
404238.4941,0
404324.557,1012.2133999999496
404335.1849,0
404380.9177,0
404675.3382,0
404909.0014,0
405142.7237,0
405189.7456,0
405197.4149,1942.3164999999572
405573.17590000003,0
405602.1372,0
405695.63049999997,0
405797.2712,0
405798.4306,0
405801.4476,0
405858.09750000003,0
405874.262,0
406246.524,0
406317.3188,0
406797.9399,0
406854.5771,0
407186.3808,0
407194.3611,0
407359.8438,0
407378.5445,0
407605.92339999997,0
407744.0965,0
408074.26558,0
408546.2212,0
408684.15598333336,0
408763.5226,0
409214.6714,0
409300.0492,1056.172900000005
409534.8108,13511.200399999972
410196.503,0
410255.5762,0
410361.1027,0
410390.8972,0
410433.7854,0
410520.09849999996,0
410549.8637,0
410803.25820000004,0
411005.3155,0
411253.0609,0
411409.7785,0
412202.6358,0
412530.9263,15150.741299999994
412573.3782,0
412662.6069,0
413682.3113,0
413810.7669,0
413848.72109999997,0
413854.4366,0
414236.4765,0
414376.1835,0
414397.91969999997,0
414816.5113,0
414919.7672,0
415097.8834,0
415221.8138,0
415226.42590000003,0
415559.6833,11738.767099999997
416199.29839999997,0
416222.7398,1349.2740999999805
416294.7866,0
417549.256,0
417707.2144,0
417950.9055,0
418425.4488,10099.958700000017
418566.4853,0
418726.8586,4260.745349999983
419043.278,0
419103.419,0
419676.6675,0
419801.43940000003,0
419817.1173,15496.311799999967
419883.7593,0
419897.9081,7347.171900000016
420021.2256,0
420050.6167,0
420128.4707,9261.22470000002
420363.2894,0
420446.4806,0
420548.4639,0
420586.7063,0
420602.2021,14368.643500000006
420603.618,0
421082.7995,0
421148.3251,0
421304.4442,0
421484.7155,0
421562.4719,0
421649.3926,0
421718.05090000003,0
421742.4828,0
421747.2896,0
421815.2319,0
421963.3406,0
422118.7256,0
422370.2922,0
422465.7724,0
422572.0125,0
422634.9657,0
423033.1549,0
423037.06429999997,0
423093.0245,0
423151.5695,0
423172.5698,0
423190.6423,19777.944599999988
423202.8738,0
423350.01529999997,0
423542.5152,0
423597.094,0
423780.3782,0
423802.38320000004,0
424057.1258,0
424189.5901,14252.805899999978
424201.6472,10256.696200000006
424236.2659,0
424339.1086,0
424545.4074,0
424591.9722,0
424900.49820000003,0
425002.4498,0
425005.2295,0
425102.0985,0
425205.4115666667,0
425495.4534,0
425686.21499999997,0
425718.7055,0
425851.4762,10489.73702499998
425898.7223,0
425945.4789,0
426204.4284,0
426221.603,0
426534.4025,0
426621.7735,3988.538100000005
426635.9844,0
426865.6216,0
426890.665,0
426949.7562,11799.74550000002
426977.0237,0
426985.0404,0
426993.74450000003,0
427011.9364,0
427103.3096,0
427107.69305,0
427536.7966,0
427585.5561,0
427602.0068,0
427730.8425,0
427814.9754,3848.866800000018
427823.0589,0
427837.5946,0
427900.83019999997,0
427956.0441,0
428009.0939,0
428026.4812,0
428329.69,0
428466.5342,0
429011.2586,0
429023.2088,0
429164.2327,0
429183.2708,0
429199.1655,0
429511.3101,0
429557.6388,0
429608.4166,0
430018.17579999997,0
430186.2625,0
430377.1548,0
430381.5577,0
430488.7471,0
430552.3353,0
430696.6781,0
430727.3009,0
430781.9673,0
430930.4673,0
431031.0912,0
431264.46510000003,0
431431.0157,1347.8839000000153
431437.0734,0
431549.424,0
431660.92209999997,0
431669.8582,0
431690.891,0
431818.9048,0
431855.1961,0
431959.4018,0
432026.9278,0
432031.1639,0
432134.0503,0
432196.0651,0
432243.6472,0
432356.7529,0
432409.4117,0
433015.9346,0
433098.371,0
433129.0799,0
433210.1534,0
433266.7798,0
433402.2588,0
433418.0939,0
433769.6005,0
433799.7807,0
433855.0799,0
434017.098,0
434055.0571,4439.182799999951
434094.1988,0
434189.536,0
434554.12,0
434742.6068,0
434787.6801,0
434820.4723,0
434954.57420000003,0
434975.0602,0
435099.2612,0
435104.4801,0
435134.85360000003,0
435546.4101,0
435824.7398,0
435932.6344,0
436093.9481,1867.5286999999662
436234.3604,0
436266.6713,0
436441.3406,0
436582.7333,15762.2745
436668.0284,0
436674.428,0
436702.4425,0
437160.3248,0
437185.9474666667,0
437326.6231,0
437444.3992,0
437636.23905,0
437865.3331,0
437942.3115,0
437954.6033,0
438508.8887,20224.027000000002
438628.4304,0
438631.4466,0
438834.2829,0
439089.4933,0
439336.19310000003,0
439376.1227,0
439455.5871,0
439470.945,0
439844.5182,0
440087.66000000003,0
440174.3864,11878.263299999991
440265.3863,0
440275.5298,0
440301.0625,0
440345.23219999997,0
440386.618,9859.253000000026
440387.2603,0
440540.1982,0
440621.4343,0
440655.49199999997,0
440702.2959,4.160200000042096
441134.372,0
441148.1024,0
441287.0455,0
441306.8933,0
441388.28119999997,0
441514.6532,0
441586.3544,0
441644.41969999997,0
441814.4205,0
441911.9231,0
442104.9082,0
442169.7643,0
442272.4166,0
442329.6441,0
442360.1951,0
442438.0743,0
442644.1498,0
442666.5563,2152.7479000000167
442805.205,0
443119.1723,0
443378.3748,0
443667.8244,0
443803.1699,0
443883.745,0
444021.9657,1911.6872166666435
444084.1071,0
444331.0342,0
444403.2732,2666.3040000000037
444460.3014,0
444468.6261,0
444675.7094,0
444716.1534,0
444803.5111,0
444839.7269,0
445030.6082,8045.719700000016
445367.3865,3403.3810999999987
445381.24439999997,0
445418.2577,0
445494.82420000003,0
445534.3712,0
445629.596,0
445705.3788,0
445850.44,14049.992499999993
445996.5755,0
445998.4422,0
446128.6101,0
446140.7885,0
446145.9496,0
446250.9963,0
446558.7333,14099.755800000043
446560.3882,0
446585.7615,0
446619.6627,0
446766.656,0
446830.7809,0
446873.7958,0
447065.8693,5639.394200000039
447142.5186,0
447518.1589,0
447529.64486666664,0
447551.0529,0
447555.3515,0
447652.90989999997,0
447730.9484,0
447811.4939,0
447831.925,0
448077.6609,0
448097.5307,0
448301.6792,0
448349.4215,0
448807.04110000003,0
448863.3852,0
448874.82039999997,0
448980.98219999997,0
448993.8772,0
448995.4793,0
449476.8795,7864.778499999957
449742.5621,0
449850.2581,0
449895.54579999996,0
449909.792,0
449977.39,9309.440300000017
450389.9755,0
450729.425,0
451002.3308,0
451072.29475,0
451105.6173,0
451222.427,0
451544.4171,0
451561.5111,0
451795.2822,0
451816.298,0
451905.0398,0
452074.8604,0
452211.1092,0
453031.3797,0
453113.8737,15228.28350000002
453182.5392,0
453357.2417,0
453392.6995,0
453517.6277,0
453519.08400000003,0
453654.9539,0
453681.5267,0
454130.8831,0
454305.1521,17509.80290000001
454335.2661,0
454476.2648,0
454492.5949,23252.70258333336
455375.6382,0
455443.8999,0
455474.6828,0
455522.887,0
455588.0692,22020.355700000015
455735.7467,0
455855.1471,0
455968.1339,0
456438.0841,0
456449.3087,0
456505.0718,0
456532.7229,0
457032.4587,0
457238.6657,0
457248.9901,0
457251.0109,0
457343.4857,0
457509.69200000004,0
457531.6665,0
457570.1947,5184.309000000008
457584.8032,0
457646.7417,0
458069.6966,0
458145.3773,0
458631.4385,0
458771.4256,0
458833.95389999996,0
458881.7522,0
459110.2446,0
459145.0316,0
459577.066,0
459805.5383,1294.1226000000024
459876.1352,0
460133.4535,0
460134.1582,0
460157.2885,0
460345.7645,13876.463199999998
460361.5133,0
460480.2041,0
460771.0658,0
460852.4909,0
461037.893,23937.654699999955
461059.6084,2829.9729000000516
461217.99309999996,0
461337.2988,0
461578.9452,0
461705.2025,0
461850.737,0
461893.9358,0
462130.9804,0
462370.5092,0
462420.506,0
463074.4279,0
463200.3367,0
463244.32779999997,0
463354.7163,0
463378.0385,0
463541.5992,0
463582.6238,0
463622.7101,0
463929.191,0
464072.2761,0
464137.7676,16203.833100000047
464314.2855,0
464613.8892,0
464645.107,20816.83480000001
464807.7518,67.95660000003409
464899.83499999996,0
464918.953,0
464987.6825,0
465259.6354,0
465311.7349,0
465335.6743,0
465336.4449,0
465791.9246,87.80500000005122
465832.5663,0
465926.0105,0
465986.3581,0
466116.48230000003,0
466194.9934,1569.4610999999568
466301.1465,2014.9432999999844
466880.3781,145.2147999999579
467295.5249,0
467467.7719,0
467520.5669,0
467555.308,0
467693.3494,0
467861.3333,0
468289.4916,0
468347.2602,0
468443.9226,0
468568.7838,1375.8150333333178
468640.1419,1500.609300000011
469081.7498,1032.5233000000007
469344.5298,0
469431.6003,0
469470.8761,0
469536.4094,0
469974.9277,0
470026.5358,0
470151.8472,0
470323.3434,0
470544.5185,0
470767.9233,0
470882.6322,5690.425500000012
470918.6225,0
471355.5879,0
471415.3066,0
471459.8934,0
471758.3189,0
471785.0524,0
471940.93200000003,0
472062.73329999996,0
472142.6383,0
472408.2916,0
472504.6087,0
472684.4204,0
472766.9067,0
472913.7967,0
472932.6653,0
473131.1264,0
473250.6083,0
473304.1803,0
473459.51170000003,0
473661.1701,0
474042.424,0
474086.0846,0
474096.9812,0
474100.9503,0
474414.6788,2646.106599999999
474591.4093,0
474701.3721,0
474711.1585,0
474869.3977,0
474885.0605,713.8413000000292
474937.1037,0
475142.9581,0
475176.1436,0
475212.3825,0
475219.1229,0
475536.1656,0
475695.9644,0
475843.1267,0
475879.7725,0
475981.7385,0
476149.1834,0
476462.0303,0
476587.9731,0
476741.6027,0
476784.26529999997,0
476943.0162,0
477222.8809,0
477285.6098,0
477347.8902,0
477502.2814,0
477542.8466,0
477964.9213,0
478312.8108,42.15820000000531
478632.2817,0
478640.2796,0
478663.7694,0
478692.9796,0
478885.755,0
478914.9557,0
478985.0445,0
479553.7169,4186.618299999973
479569.4267,0
479585.0907,0
479593.2085,0
479637.8228,0
479992.4273,0
480041.2661,0
480211.0209,0
480253.61100000003,0
480270.051,0
480372.39029999997,0
480382.4696,0
480404.3277,0
480441.5993,0
480452.21530000004,0
480823.0039,0
480842.5489,0
480865.5614,0
481046.9129,0
481605.3405,0
481721.5817,0
481843.64029999997,0
481919.15708,0
481945.1546,0
481996.5243,5791.846299999976
482005.2695,0
482153.13,0
482293.52249999996,0
482361.2964,0
482379.3579,0
482648.633,0
482774.9903,0
482947.6806,2507.405000000028
483296.4387,0
483435.5598,0
483677.45259999996,0
483978.55319999997,0
484325.0477,0
484375.58,0
484403.71880000003,0
484430.82948,0
484492.1591,5589.572979999997
484579.6025,0
484677.5028,0
484825.9733,0
484850.2046,0
484921.3658,0
485138.1148,0
485299.1847,0
485406.7937,0
485730.3388,0
486043.9182,0
486053.14,0
486310.8799,0
486714.011,0
486881.1806,0
487092.9287,0
487236.5287,0
487242.1687,0
487380.1978,0
487672.5135,0
487907.6932,0
487934.5782,0
488261.00695,0
488262.0494,0
488283.8661,0
488356.5679,0
488495.2808,0
488675.0023,0
488882.4706,0
489119.7888166667,0
489201.7307,2073.463400000008
489297.9028,0
489976.9826,0
490090.1488,0
490248.5989,0
490481.0463,0
490679.4744,0
490686.1846,0
490968.1124,0
491235.0896,0
491657.7007,0
491716.6702,0
491848.7235,0
491945.0856,697.2322999999742
491955.5269,0
492122.9476,0
492220.9201,0
492241.909,0
492398.2372,0
492984.2369,1864.346833333373
493239.621,12131.96067999996
493417.0949,0
493694.9225,0
493695.9655,0
493777.6301,0
493911.9891,0
494177.6248,12599.942150000017
494188.1813,0
494561.0102,0
494573.0411,0
494587.393,272.3747166666435
494658.2181,0
494874.0672,0
494923.32660000003,0
494970.9084,0
495073.0652,0
495136.7156,0
495365.4548,0
495367.8382,0
495742.701,0
495965.7489,1357.2918000000063
496006.6089,0
496321.8671,0
496592.2726,0
496645.3851,0
496934.9062,0
496947.5368,0
497559.0969,0
497636.9717,0
497743.8513,0
497935.7894,0
498662.8963,0
498796.1169,0
498941.99820000003,0
499381.5121,0
499506.1764,0
499843.8039,0
500106.5806,0
500221.8142,0
500262.3561,0
500370.4629,0
500432.5064,0
500519.8642,0
500566.87069999997,0
500870.6248,0
500928.3663,0
500929.5243,0
501281.6247,0
501289.0747,0
501368.8448,0
501601.7771,0
501774.1397,0
502277.04839999997,0
502349.839,0
502360.0453,0
502533.4769,0
502918.2791,0
502931.788,0
503538.9367,0
503565.188,0
503586.9926,3653.8448000000208
503802.2052,0
503973.3042,0
504272.0969,0
504579.091,0
504971.89890000003,0
505015.5590333333,0
505229.3679,0
505443.1894,0
505616.4581,0
505720.0119,0
505873.2093,0
506148.2991,0
506232.6772,0
506303.5346,0
506347.2595,0
506441.2949,0
506578.5472,3665.561859999958
506669.1314,0
506867.3033,0
507164.3402,0
507697.3702,0
507719.5845,4650.5552000000025
508045.3191,0
508439.7331,0
509007.2889,0
509379.2847,0
509423.6044,0
509580.7324,0
509632.68559999997,0
509731.7594,0
509744.9834,0
509798.573,0
509982.7472,0
510136.956,690.2087000000174
510149.2335,0
510188.5131,0
510231.3708,0
510364.5737,0
510513.9283,0
510554.8881,0
510614.6708,0
510842.0955,0
511121.5815,0
511279.7685,0
511573.076,0
511588.3105,0
511592.1864,0
511858.24809999997,0
511967.1976,0
512273.4275,0
512500.2948,0
512584.3128,0
512608.7493,20224.51370000001
512649.3783,0
512909.602,0
512977.2854,0
513007.2703,0
513022.6602,0
513123.554,0
513193.8477,0
513335.5025,0
513528.5405,0
513573.9184,0
513620.9003,0
513677.1435,0
513890.9734,0
514136.9792,0
514618.9351,0
514830.2695,0
515288.9743,0
515290.768,0
515372.1797,0
515457.67579999997,0
515523.8112,0
515613.3728,0
515667.8771,0
515709.1081,0
515753.4886,0
515982.338,0
516299.7766,0
516333.9951,0
516533.7817,0
516542.7622,24133.494999999995
516590.5163,1942.2434000000358
516599.626,0
516671.1327,18496.10639999999
516752.3749,0
516913.5974,4570.397600000026
517177.9786,3584.0355599999893
517196.4381,0
517293.2462,0
517331.6083,0
517509.3184,0
517664.6802,0
517881.8783,0
517999.7361,0
518021.234,5471.280800000008
518207.7648,0
518366.5003,0
518753.6652,0
518973.7096,0
519028.0023,0
519086.7602,0
519436.5457,0
519564.7526,0
519787.0338,0
519795.3434,0
520035.1706,0
520035.5455,0
520159.7477,0
520334.5078,0
520379.9438,0
520404.1831,0
520444.5384,0
521108.9544,0
521252.4007,0
521361.5583,0
521409.7266,0
521487.1028,0
521801.8863,0
522006.4711,0
522101.6375,2883.0947666667053
522289.2855,0
522327.0294,3581.973100000003
522331.931,0
522394.8597,7138.055999999982
522525.0738,0
522557.1877,2284.7476000000024
522599.4512,13579.643700000015
522774.5689,0
522813.8203,0
522833.4637,0
522848.3209,0
522934.5344,3218.1909999999916
522961.2602,1175.498200000031
522969.1767,0
522997.90154,0
523049.2264,0
523176.9266,7217.045199999993
523284.8607,0
523583.0667,0
524000.9214,0
524097.2532,0
524175.127,0
524265.3844,0
524315.849,0
524440.2494,0
524551.8245,0
524605.8248000001,0
524667.5313,0
524772.3614,0
524780.9266,0
525113.561,0
525216.5487,0
525339.461,0
525405.789,0
525484.2352,0
525928.0872,0
525974.7012,5468.250800000038
526201.4787,0
526303.794,22505.834399999992
526451.9811,0
526902.9628,0
526905.6028,0
526949.9091,0
527024.3037,0
527483.0166,0
527514.1308,0
527583.943,0
527662.8411,0
527713.0321,0
527996.7513,0
528046.6222,0
528169.9949,0
528240.2513,0
528283.3532,0
528477.6057,0
528600.282,0
528693.8343,0
528712.7108,20098.243000000017
528767.4302000001,0
528945.1209,22547.739499999967
529160.869,1482.673899999936
529278.6680000001,0
529343.6402,0
529459.2768,21044.157266666647
529459.9936,0
529468.0184,0
529600.2091,0
529717.7465,0
529752.0702,0
529805.9587,0
529897.4344,0
530027.9444,0
530054.921,0
530234.7046,0
530276.3931,0
530400.256,0
531018.3669,0
531058.9216,0
531091.0112,0
531122.8018,0
531299.6953,0
531338.9296,0
531350.3365,0
531434.0373,0
531506.6924,0
531568.4218,0
531585.427,25546.37300000002
531656.601,0
531777.5655,18791.454400000046
531833.5675,0
531868.6211,0
531967.5961,0
532471.162,0
532700.3989,0
532757.6377,0
532775.5606,0
532905.5528,0
532991.1003,3496.659100000048
533003.0212,0
533024.0489,0
533088.9746,0
533185.5179,0
533280.1085,12172.331099999952
533297.9687,0
533405.3666,0
533494.8438,0
533734.2594,0
533774.7768,0
533901.2892,22007.12288333336
533989.5664666666,0
534264.6342,0
534306.9987,0
534307.1192,0
534362.7568,16351.269499999995
534714.3677000001,0
535000.0107,0
535004.8702,0
535120.5959,0
535121.3209,0
535491.8908,0
535615.9875,0
535698.8678,0
535727.8728,0
535806.284,0
535843.4537,0
535915.1404,0
535964.7024,0
535991.3539,0
536156.9006,0
536179.0142,0
536188.6347,0
536226.7917,0
536236.1709,0
536336.645,0
536444.5967,0
536446.9067,0
536616.5538,0
537301.5268,0
537356.8751,0
537503.5899,0
537671.3867,0
537865.675,0
537979.0722,0
538147.664,0
538235.0216,19666.69723999995
538253.4062,0
538305.5304,0
538431.5482,0
538652.6273,11293.015300000086
538821.6603,0
538863.5796,6284.925600000075
539298.899,0
539455.2567,0
539644.8113,0
539714.4076,0
539736.5856,0
539755.0637,0
539898.3403,0
539910.9103,19847.509900000005
540156.4637,0
540278.4919,0
540380.4681,9839.547300000093
540648.7481,0
540840.0459,0
541039.1412,0
541658.4969,0
541704.1359999999,0
541732.5232,6720.422700000112
541878.1157,0
542036.4973,0
542167.8663,0
542277.4518,0
542422.2975,0
542423.1423,0
542831.4265,6221.075599999982
542898.0582,12956.094333333313
542921.4634,0
543015.7018,0
543021.9272,0
543063.7257,0
543076.382,0
543425.8501,0
543798.2131,0
544007.0327,0
544119.8329,0
544228.3567,0
544433.7656,0
544572.5705,0
544683.4221,0
544836.2033,0
545226.3936000001,0
545307.7192,12941.316100000055
545447.4615,15456.52053999994
545502.7615,0
545520.4365,0
545574.8462,0
545746.5234000001,0
545970.1778,0
546061.9948,0
546629.5541,0
546635.6312,0
546658.2916,0
546822.9219,0
546896.2661,0
547122.6766,0
547571.2151,0
547640.8857,0
547877.3624,0
547920.7427000001,0
547950.6444,17884.431783333304
548118.5727,0
548461.7294,0
548851.3734,0
548887.7608,0
548928.0836,0
549027.4319,0
549142.6606000001,0
549199.7019,0
549249.3078,0
549424.9298,0
549442.5778,0
549555.8076,0
549803.145,0
549898.6326,0
549956.26,0
550029.0135,0
550396.1006,0
550491.3166,0
550810.5652,0
550817.2511,0
550932.0428,0
551020.4235,0
551328.8389,0
551344.0536,0
551447.0364,0
551760.9865,0
552093.1682,0
552323.8209166666,0
552354.9815,0
552450.7133,0
552461.0183,0
552466.0407,0
552539.4088,0
552644.3951,0
552689.9802,0
552739.7929,0
552740.5581,5305.246400000062
553027.2274,0
553245.4503,0
553324.071,0
553631.8188,0
553869.203,0
553906.0042,0
553987.8069,0
554291.7558,0
554582.4814,0
555073.6129000001,0
555407.4832,0
555680.512,0
555686.3221,0
555894.801,0
556281.29,0
556351.4074,0
556428.0638,0
556433.057,0
556469.4643,1230.3156799999997
556630.9167,0
556921.8202,0
557045.5301,0
557114.1461,0
557139.4108,0
557353.1910999999,0
557431.4574,0
557542.2017,0
557662.6436,0
557833.5877,0
557896.6182,0
557972.3967,0
558151.5167,0
558362.4231,0
558577.997,0
558747.197,0
558791.4519,362.1516166666988
559264.6385,0
559292.9658,0
559365.2849,0
559567.599,0
559610.2858,4242.3591000000015
559902.9524,0
560129.8612,0
560213.8149,0
560238.851,0
560372.8577,0
560525.9623,0
560545.6692,0
560669.1983,0
560671.2255,0
560874.896,0
560970.1116,0
561005.6501,0
561012.8799,0
561053.0925,0
561230.8556,0
561376.2912,0
561582.1878,0
561670.6956,0
561755.2152,0
561768.9323,0
561805.9135,0
561948.9413,0
561972.0017333333,0
561981.7999,0
562264.7897,0
562310.9119,0
562461.5365,0
562484.8179,0
562563.4319,0
562855.5937,0
562985.9503,0
563174.7081,0
563390.8743,0
563434.5048,0
564141.1831,0
564250.2789,0
564312.2561,0
564315.6543,0
564335.9966,0
564576.8766,0
564659.0729,0
565662.1773,0
565686.5599,0
565784.4347,0
565827.3453,0
565969.8107,0
566267.6844,0
566391.5626,0
566424.7076,0
566687.7645,0
566806.7906,0
567385.1808,0
567460.8356999999,0
567778.6234,0
568214.2523,0
568315.0771999999,0
568593.9976,0
568670.7649000001,0
568833.9577,0
568875.5163,0
569036.9745,0
569064.6243,0
569170.4358,0
569309.9322,0
569381.6242,0
569663.1015,0
570047.7294,0
570155.2015,0
570172.0415,0
570564.8958,0
570730.9138,0
571124.3552,0
571371.9773,2498.1150200000266
571741.6218,0
571778.5032,0
571852.7686,0
572135.1327,0
572152.4576,0
572333.8849,0
572448.868,0
573071.2025,0
573157.5473,0
573184.4881,0
573355.4169,0
573568.1893,1376.5044999999227
573680.3158,0
573848.8694,0
574511.6837,0
574962.143,0
575096.3103,0
575229.7171,0
575702.7179,0
575793.1987,961.9148999999743
575941.7259,0
576123.5207,0
576648.5191,206.83980000007432
576738.2422,0
576759.9318,0
576998.8874,7480.588800000027
577104.4928,0
577342.401125,0
577515.55,4972.030733333435
577808.2789,0
578074.8531,0
578111.8576,0
578192.3764,0
578273.2452,0
578354.8064,0
578370.9225,0
578376.6485,0
579148.007,0
579425.0285,0
579425.3806,0
580548.3472,0
580548.9366,0
580566.7944,0
580609.1731,0
580661.2044,0
580670.6999,0
580961.7219,0
581150.821,12634.02800000005
581237.7671,0
581255.9944,0
581576.5751,9541.795739999972
581616.9253,0
582216.3572,0
582447.2249,0
582481.8362,0
582809.2756,0
582836.1356,0
582857.12,0
582976.1568,0
583061.9373,0
583339.7645,0
583484.7015,0
583501.154,0
583572.3024,0
583821.0245,0
584262.1013,0
584276.1486,0
584423.9109,0
584443.0305,0
584465.8419,0
585122.2689,0
585129.8518,0
585174.3741,6744.287499999977
585257.5426,0
585325.0462,0
585427.5667,482.8991999999853
585499.4814,0
585612.0679,0
585665.8489,0
585695.7437,0
586096.4961999999,0
586337.2527,1537.7091999999247
586447.9509,0
586495.5851,0
586596.7733,3865.3786000000546
586626.4299,0
586813.4245,0
587043.7023,2674.509866666631
587228.8749,0
587243.00626,0
587547.0176,0
587636.0153,0
587705.9249,0
587847.6788999999,0
587899.0973,0
587976.7212,0
587980.6091,0
588173.9782,0
588448.2207,18465.900249999948
588469.6825,6155.040299999993
588517.6966,0
588812.8639,0
588898.2202,0
588958.7088,0
588990.2413,0
589055.7101,10392.645800000057
589084.8354,0
589130.307,8115.52005000005
589207.8142,0
589288.1477,0
589340.7966,0
589477.5094,0
589510.6455,0
589516.1897,0
589555.7677333333,0
590203.634,9715.511300000013
590227.3338,5273.669400000013
590230.4363,0
590336.1782,0
590657.8316,0
590748.8967,0
590835.5627,0
590840.6124,0
590938.5385,0
591051.7387,0
591110.7853,0
591112.9812,0
591264.9298,0
591274.4181,0
591514.5167,0
591563.1056,0
591798.0025,0
592014.8169,0
592058.9458,0
592165.158,0
592239.4673,0
592303.6574,0
592610.7265,0
592748.0345,0
592848.2984,0
592916.2406,0
593368.2047,6389.130899999989
593720.4617,0
593913.2506,0
594107.1915,0
594380.7919,0
594497.3123,0
594528.3892,0
594914.6285999999,0
594960.879,0
595123.7001,0
595191.4239,8546.937200000044
595200.7542,0
595475.4449,0
595640.0174,2551.9383999999845
595823.5442,0
596121.3064,0
596139.6876,0
596452.2329,0
596639.0711000001,0
596746.4228000001,0
597173.0334,0
597563.9011,0
597694.809,0
598017.9894,0
598037.8077,0
598068.2602,0
598291.9753,0
598792.8408,0
598883.7626,0
599118.3597,0
599471.9092,0
599645.9907,402.88489999994636
600169.1752,0
600210.3713,0
600292.0793,0
600323.0983,0
600368.0525,0
600576.344,0
600592.9852,0
600868.2954,0
601025.4465,0
601058.545,0
601265.0857,0
601379.7227,0
601613.0201,5580.154600000009
601718.3049,0
601780.2838,0
601965.1102,3941.924633333343
602169.0065,0
602181.1896,0
602251.5206,0
602386.4808,0
602467.6408,0
602502.8809,0
602633.3119,0
602801.0587,0
602866.2083,0
602931.26605,0
602934.6443,0
603119.2603,0
603125.7465,0
603162.4424,0
603280.6146,0
603502.6569000001,0
603570.9498,0
603777.1468,2145.4741999999387
603881.8259,0
603906.94,0
603944.9791,0
603973.3531,0
604136.92255,0
604528.2901,0
604644.0824,0
604669.8353,0
604799.848,0
604835.9425,0
605083.0346,0
605151.3362,18244.036199999973
605330.7732,0
605402.8429,0
605575.3212,0
605713.7719,0
605776.0675,0
605860.5381,3670.7299999999814
605958.5903,0
605985.6644,0
606049.7631,245.10060000000522
606129.5843,0
606386.0606,0
606436.2005,0
606464.9922,0
606472.1655,0
606493.8958,0
606500.79,0
606594.0234000001,0
606618.2745,15272.957400000072
606694.4643,0
606791.8954,0
607525.8998,0
607593.8943,0
607671.1115,0
607801.4653,0
608031.7589,6523.771500000032
608299.4551,0
608379.9382,0
608506.7204,0
608568.4697,0
608953.853,0
608981.4479,0
609018.5592,0
609081.1421,0
609195.7376999999,0
609214.4363,5137.337099999888
609660.2934,0
609711.1697,0
609763.1561,0
609767.6429,0
609905.0433,0
609917.2066,14675.21920000005
609926.4141,0
609964.2257,0
609984.0072999999,0
610169.7956,0
610252.8003,0
610259.8535,0
610338.7474,17197.981499999994
610440.7964,0
610525.0708,0
610571.477,0
610588.9653,0
610806.3758,0
610887.8327333333,0
610947.1033,0
611080.4528,0
611123.9286,0
611238.7542,0
611522.1517,0
611539.4998,0
611929.923,9174.30589999992
612058.6964,7642.491833333392
612171.5475,15934.170000000042
612431.8435,0
612468.7717,0
612478.0663,0
612548.866,0
612758.626,0
612816.382,0
613354.4602,0
613460.3600999999,0
613668.2117,0
613732.3759,0
613870.4086,0
613992.6904,0
614063.5011,0
614164.8125,0
614191.789,0
614253.3971333334,0
614388.3509,0
614486.1762,0
614558.0582,0
614710.5548,0
614787.3941,0
614789.6962,0
614930.6608333334,0
615247.7899,0
615368.3184,0
615385.2705,0
615429.2415,0
615504.8199,0
615601.7191,0
615604.3537,0
616197.9724,0
616275.9204,0
616351.8812,0
616398.0972,3271.8251000000164
616613.6714,0
616630.0443,0
616669.9111,2983.1339000000153
616681.4508,0
616691.3805,5623.787899999996
616775.1971,0
616990.669,0
617313.3699,0
617454.017,0
617569.1959,0
617603.3458,4304.340899999952
617616.4558,0
618038.0768,0
618038.1862,0
618251.5613,0
618688.5324,0
618862.0427,0
619409.237,0
619422.8025400001,0
619522.8258,0
619612.3592,202.00189999991562
619909.2694,5000.794600000023
619919.3911,0
620209.3587,0
620352.8936,4686.111399999936
620433.2652,0
620542.3764,0
620568.8271999999,0
620570.4836,0
620724.1691,0
620926.3174,0
620972.2655,0
621171.26,0
621233.0651,0
621421.1605,0
621481.4976,7221.664499999955
621892.6147,0
622088.8984,6580.993999999948
622332.0737,0
622441.7826,0
622516.0343,156.52980000001844
622595.3533,0
622680.8424,4352.368599999929
622951.5642,0
623059.1941,0
623071.0828,0
623075.1899,0
623117.329,0
623220.1812,0
623569.6692,0
623802.5545,15394.198800000013
623838.6128,0
624010.4771,0
