-----Simulation 0-----
172863.4712,0
173067.66330000001,0
173155.6193,0
173249.7053,0
173338.1118,0
173377.4501,0
174054.1257,0
174151.9602,0
174655.97879999998,0
174741.2427,0
175013.7082,0
175186.1096,0
175409.4253,0
175666.3157,0
175728.85450000002,0
175946.0063,0
176086.9689,0
176373.83539999998,0
176438.9358,0
176491.14179999998,0
176546.0251,0
176798.26309999998,0
176827.7669,0
176836.9432,0
176854.38760000002,0
177106.1053,0
177125.9596,0
177240.858,0
177337.1634,0
177361.4767,0
177476.31160000002,0
177570.26870000002,0
177709.4738,0
177814.0807,0
177840.8402,0
177865.21480000002,0
178409.2437,0
178640.1493,0
178680.2827,0
178823.7514,0
178887.7401,0
179722.1613,0
179885.3536,0
179989.365,0
180022.9339,0
180211.3243,0
180389.7165,0
180671.2833,0
180710.8218,0
180837.9235,0
180863.81089999998,0
181116.7622,0
181713.4549,0
181748.0851,0
182154.9915,0
182183.9723,0
182704.5088,0
182842.0104,0
182924.2613,0
183118.8513,0
183199.3846,0
183282.63569999998,0
183382.8503,0
183442.611,0
183459.7633,0
183626.0171,0
183687.4935,0
183978.6118,0
184182.5419,0
184224.5262,0
184241.404,0
184447.6349,0
184870.271,0
185838.9087,0
185960.72269999998,0
186165.1046,0
186192.4646,0
186397.51380000002,0
186640.1745,0
186723.74109999998,0
186756.3216,0
186811.9155,0
186970.9731,0
187014.2529,0
187076.8298,0
187082.8503,0
187160.4196,0
187183.2416,0
187359.3433,0
187702.4047,0
187776.4061,0
187810.88319999998,0
187935.0227,0
188125.81579999998,0
188156.3233,0
188380.209,0
188398.2728,0
188693.92369999998,0
188713.9108,0
188741.9995,0
188867.1841,0
189052.9186,0
189250.954,0
189271.8022,0
189658.1554,0
189761.89429999999,0
190047.0207,0
190161.6219,0
190182.09159999999,0
190193.9061,0
190645.204,0
190657.7266,0
190821.0943,0
190927.362,0
191039.5662,0
191210.9652,0
191402.344625,0
191435.3086,0
191654.7247,0
191696.0904,0
191926.8267,0
192130.2076,0
192267.5906,0
192306.8009,0
192516.8581,0
192673.7268,0
193026.6738,0
193047.5624,0
193084.00209999998,0
193105.1673,0
193119.0048,0
193130.0294,0
193577.0027,0
193607.4682,0
193650.5588,0
193763.5746,0
193817.9728,0
193837.6576,0
193947.8748,0
194026.5108,0
194078.7928,0
194199.0767,0
194469.9906,0
194482.1343,0
194496.7416,0
194572.7821,0
194741.0496,0
194794.23619999998,0
194974.4703,0
195067.789,0
195168.3215,0
195442.6107,0
195660.0992,0
195701.0843,0
195926.7318,0
195995.33909999998,0
196081.2573,0
196387.2665,0
196506.0621,0
196800.3344,0
197020.5374,0
197224.7028,0
197227.8576,0
197307.4668,0
197510.2486,0
197560.6605,0
197703.4088,0
197758.957,0
198113.1093,0
198123.9477,0
198366.0498,0
198441.22090000001,0
198606.5018,0
198758.6466,0
198769.5289,0
198851.4555,0
199076.6638,0
199378.18099999998,0
199439.1089,0
199507.9904,0
199524.2345,0
199645.9667,0
199650.76,0
199682.8143,0
199684.287,0
199794.908,0
199795.7399,0
199832.9271,0
199857.37170000002,0
199944.073,0
200205.682,0
200312.7828,0
200314.8145,0
200343.9048,0
200434.6975,0
200438.9699,0
200878.7339,0
200905.6668,0
200953.3108,0
200955.4419,0
201117.8256,0
201158.0851,0
201200.0963,0
201279.0099,0
201287.914,0
201436.7387,0
201495.0832,0
201525.97460000002,0
201528.4166,0
201532.4984,0
201638.12219999998,0
201702.9508,0
201703.9302,0
201745.73249999998,0
201785.8069,0
201954.14860000001,0
202012.2954,0
202041.0663,0
202189.4081,0
202237.1909,0
202328.7975,0
202598.1361,0
202710.68910000002,0
202991.8981,0
203011.8644,0
203275.881,0
203433.8056,0
203697.5976,0
203798.6659,0
203846.34769999998,0
203855.6084,0
204031.4356,0
204051.8947,0
204241.2905,0
204712.4075,0
204721.9975,0
204885.9515,0
204914.41389999999,0
204920.6051,0
204983.1562,0
205015.1862,0
205150.01929999999,0
205559.1653,0
205755.9671,0
205847.71110000001,0
206240.44640000002,0
206426.3044,0
206495.7407,0
206638.1116,0
206813.0104,0
206841.8916,0
206921.3985,0
206971.00579999998,0
206980.52289999998,0
207001.2596,0
207080.5043,0
207106.9575,0
207121.1111,0
207246.0129,0
207629.5144,0
207662.9876,0
207714.8453,0
208342.92369999998,0
208407.6391,0
208515.72326666667,0
208555.24800000002,0
208632.4909,0
208958.818,0
209084.7323,0
209103.95758,0
209418.2072,0
209436.063,0
209636.2681,0
210103.03220000002,0
210227.63929999998,0
210239.2789,0
210254.5471,0
210321.4589,0
210539.1375,0
210539.66879999998,0
211157.8276,0
211196.9066,0
211201.818,0
211233.8344,0
211262.3261,0
211400.7669,0
211420.52740000002,0
211878.6673,0
211916.15993333334,0
211994.4787,0
212023.3099,0
212128.0295,0
212518.6046,0
212714.3228,0
212786.155,0
212844.1904,0
212963.0883,0
213096.3987,0
213321.3191,0
213655.008,0
213832.65350000001,0
213882.41210000002,0
213966.7976,0
214289.134,0
214318.7305,0
214397.5447,0
214454.573,0
214571.6919,0
214631.3784,0
214745.3413,0
215379.9743,0
215438.73739999998,0
215451.1626,0
215479.8509,0
215614.3782,0
215721.59970000002,0
216501.62099999998,0
216845.4083,0
217235.1532,0
217288.0378,0
217353.1784,0
217421.7706,0
217788.67119999998,0
218095.43829999998,0
218272.3397,0
218641.9566,0
218664.6724,0
219147.0109,0
219193.6438,0
219412.8393,0
219868.1909,0
220019.11609999998,0
220089.987,0
220171.534175,0
220715.02538,0
220743.8746,0
221276.96279999998,0
221623.0314,0
222080.5988,0
222127.1731,0
222173.5936,0
222205.8066,0
222329.2358,0
222359.19150000002,0
222965.675,0
223201.9557,0
223328.4352,0
223600.8821,0
223894.7921,0
224204.1846,0
224364.7839,0
225156.2112,0
225183.97,0
225409.68170000002,0
225841.0285,0
225935.848,0
225976.51380000002,0
226024.483,0
226122.686,0
226446.9236,0
226601.2458,0
226988.2201,0
227129.1402,0
227465.8196,0
227693.4278,0
227972.9674,0
228044.7495,0
228160.5335,0
228189.6022,0
228265.41019999998,0
228570.5613,0
228570.8057,0
228766.6548,0
228838.1753,0
229048.8647,0
229436.5214,0
229583.28830000001,0
229831.04739999998,0
230029.1619,0
230135.9192,0
230408.6623,0
230550.5911,0
230667.1644,0
230734.3009,0
231047.7474,0
231078.9326,0
231109.3739,0
231716.58,0
232324.1398,0
232359.7556,0
232540.8159,0
232705.35619999998,0
233083.42190000002,0
233182.0701,0
233239.501,0
233364.7958,0
233573.4735,0
233605.9941,0
233861.4902,0
233960.86729999998,0
234082.9119,0
234119.7534,0
234393.7718,0
234399.5667,0
234672.6299,0
234874.8426,0
234974.9107,0
235275.1618,0
235451.3793,0
235470.7772,0
235592.998,0
235661.451,0
235808.4435,0
235922.92190000002,0
236003.7288,0
236225.2199,0
236552.0606,0
236787.8105,0
236995.9701,0
237061.6377,0
237435.14768,0
237558.8794,0
237774.2576,0
238149.0445,0
238238.674,0
238525.8027,0
238767.5533,0
238774.56650000002,0
238997.5667,0
239474.75396666667,0
239625.9376,0
239746.026,0
240363.8269,0
240448.3597,0
240501.9345,0
240567.9598,0
240572.3322,0
240924.6773,0
241461.94961666668,0
241539.9797,0
241780.40480000002,0
241952.3772,0
241996.9784,0
242030.0021,0
242057.24910000002,0
242088.2702,0
242300.4927,0
242332.5915,0
242593.9479,0
242742.8188,0
242865.2598,0
243083.5698,0
243259.0526,0
243433.1499,0
243496.1599,0
243579.2554,0
244146.5222,0
244288.5837,0
244519.8621,0
244839.8408,0
245641.9712,0
245652.75890000002,0
245656.6055,0
246013.7407,0
246120.9158,0
246124.7103,0
246195.0952,0
246458.7337,0
246532.6979,0
246762.8175,0
246870.0002,0
247303.2134,0
247332.976,0
247554.2085,0
247709.546,0
247827.1836,0
248080.9079,0
248144.9747,0
248361.3976,0
248389.35259999998,0
248422.3309,0
248457.5164,0
248615.8855,0
248732.2287,0
249128.7744,0
249152.4845,0
249250.7287,0
249267.2257,0
249348.7237,0
249374.9054,0
249816.7288,0
249890.2894,0
249988.3977,0
250083.8842,0
250414.4836,0
250438.0952,0
251343.1335,0
251381.274,0
251681.7501,0
251929.7223,0
252044.3707,0
252158.2526,0
252184.5718,0
252527.86206666665,0
252538.5152,0
252725.49881666666,0
252774.9208,0
252892.41019999998,0
253066.55060000002,0
253579.4686,0
253812.6545,0
253971.940325,0
254041.9605,0
254158.8218,0
254200.6791,0
254293.6667,0
254385.63280000002,0
254739.9145,0
255449.5006,0
255528.206,0
255659.3422,0
255837.6697,0
255994.87984,0
256240.77756666666,0
256790.2017,0
256889.69030000002,0
256955.9561,0
257306.8973,0
257500.7164,0
257890.8028,0
257928.9552,0
258241.0988,0
258556.1426,0
258603.3062,0
258608.602,0
258693.0019,0
258785.1464,0
258972.185,0
259024.217675,0
259221.9737,0
259497.4193,0
259616.1777,0
259802.5435,0
260240.6764,0
260480.0915,0
260503.66999999998,0
260518.6251,0
260714.4849,0
260848.8961,0
261104.4518,0
261208.5053,0
261416.3244,0
261430.0792,0
261448.8764,0
261694.6419,0
261701.6291,0
262434.6467,0
262632.369,0
262700.4131,0
263104.9457,0
263128.456025,0
263317.1161,0
263516.5912,0
263527.0938,0
263533.1593,0
263586.3832,0
263608.3784,0
263823.854,0
264090.6593,0
264094.4399,0
264112.2688,0
264917.3153,0
265141.41136666667,0
265414.3774,0
265947.0652,0
265974.3402,0
266355.7356,0
266365.7828,0
266396.0574,0
266495.5681,0
266931.938,0
267014.8683,0
267022.5462,0
267115.2308,0
267168.4424,0
267232.2894,0
267236.3284,0
267397.9328,0
267466.8297,0
267659.02760000003,0
267761.9043,0
267799.9885,0
267826.2923,0
268003.4792,0
268343.3568,0
268448.2391,0
268502.5217,0
268531.7251,0
268651.431,0
268679.1938,0
268710.389,0
268730.6491,0
268948.8638,0
269033.62,0
269084.9168,0
269491.3816833333,0
269610.6476,0
269873.2667,0
270430.1114,0
270638.6156,0
270771.153,0
271392.4794,0
271520.7818,0
271707.0855,0
271800.9014,0
271863.8461,0
271882.6575,0
271988.072,0
272068.0893,0
272075.47853333334,0
272259.8358,0
272334.0784,0
272352.6866,0
272471.3874,0
272694.0631,0
272817.4758,0
272862.563,0
272998.0875,0
273038.7841,0
273288.8338,0
273303.6014,0
273338.6632,0
273415.7873,0
273447.95900000003,0
273534.7436,0
273590.6086,0
273831.23490000004,0
273880.429,0
273886.5377,0
273893.93,0
273924.6943,0
274015.2584,0
274077.3674,0
274077.7535,0
274333.8827,0
274347.6191,0
274348.9149,0
274594.7896,0
274776.8315,0
274870.3405,0
275284.4424,0
275439.6313,0
275616.28130000003,0
275664.4511,0
275665.331,0
275798.4142,0
275899.065,0
275961.455,0
276008.3759,0
276181.0372,0
276262.7655,0
276277.2356,0
276313.8321,0
276411.919,0
276444.9478,0
277164.6216,0
277397.5859,0
277473.7335,0
277520.9622,0
277637.1487,0
277640.922,0
277725.207,0
277827.59990000003,0
277911.3545,0
277933.8494,0
278095.0792,0
278166.8235333333,0
278173.9148,0
278187.9388,0
278239.9674,0
278265.361,0
278307.277,0
278417.6333,0
278633.9189,0
278692.6162,0
278852.9179,0
278894.0848,0
279391.4302,0
279672.3322,0
280034.073,0
280099.6115,0
280347.3079,0
280458.66610000003,0
280474.5236,0
280605.9128,0
280790.5594,0
280878.7504,0
280983.206,0
281012.01159999997,0
281036.4052,0
281150.4235,0
281456.7575,0
281491.8973,0
281562.224,0
281753.831,0
282213.7662,0
282352.2843,0
282745.029,0
282752.3423,0
283131.0995,0
283133.54980000004,0
283159.905,0
283522.079,0
283660.0305,0
283786.57420000003,0
283956.263,0
283971.377,0
283992.75789999997,0
284123.2204,0
284235.7269,0
284335.6067,0
284540.7374,0
284624.7055,0
284641.4631,0
284712.5507,0
285133.9488,0
285158.9014,0
285395.6976,0
285493.6959,0
285553.3167,0
285894.2031,0
286106.6451,0
286172.9497,0
286200.902,0
286421.7412,0
286511.39650000003,0
286635.6817,0
286643.3712,0
286666.5163,0
286674.6415,0
286761.7128,0
286791.8645,0
286918.4145,0
287054.0743,0
287093.4568,0
287435.2769,0
287553.42590000003,0
287589.5196,0
287937.0367,0
288195.8054,0
288516.00430000003,0
288570.7891,0
288652.85349999997,0
288747.7732,0
289045.8822,0
289177.5611,0
289609.4835,0
289654.9321,0
289796.46510000003,0
289805.9729,0
289868.4961,0
290001.0747,0
290333.0627,0
290353.0485,0
290388.68346666667,0
290388.7831,0
290470.0881,0
290687.2505,0
290824.8237,0
290994.0609,0
291310.7032,0
291525.0914,0
291599.8963,0
291869.01749999996,0
292204.5108,0
292288.7502,0
292378.4673,0
292386.8033,0
292435.2697,0
292890.1642,0
293013.735,0
293094.8049,0
293110.8956,0
293245.0859,0
293377.00800000003,0
293718.7366,0
294150.2244,0
294153.6853,0
294220.3166,0
294265.1264,0
294436.9799,0
294689.2779,0
294723.2461,0
294869.4263,0
295084.7624,0
295138.7156,0
295494.37320000003,0
295840.542,0
295867.3452,0
296103.1988,0
296550.2544,0
296789.1544,0
297210.1528,0
297350.5341,0
297666.0943,0
297771.766,0
297849.7418,0
297983.3028,0
298095.4097,0
298259.8933,0
298727.7749,0
298850.0648,0
298926.4343,0
299263.129,0
299296.5611,0
299762.8076,0
299839.81653333333,0
300115.0052,0
300262.4984,0
300411.7695,0
300827.6372,0
301200.5729,0
301320.6323,0
301872.8821,0
302004.3011,0
302023.8095,0
302041.8514,0
302067.8676,0
302114.4052,0
302197.6496,0
302218.51430000004,0
302295.4905,0
302462.7402,0
302779.1964,0
302828.8783,0
303314.7096,0
303534.7595,0
303793.7431,0
303797.3923,0
303797.8725,0
303902.58019999997,0
304210.2402,0
304278.4419,0
304463.5007,0
304577.2411,0
304607.5906,0
305001.5695,0
305204.1168,0
305391.9564,0
305416.8752,0
305578.9477,0
305625.7018,0
305707.6894,0
305736.477,0
306035.7854,0
306135.8518,0
306364.5599,0
306540.3206,0
306753.4935,0
306817.98699999996,0
307322.3625,0
307703.1392,0
307741.2542,0
307783.0551,0
308114.2927,0
308216.8189,0
308235.0299,0
308334.7644,0
308492.8435,0
308545.77175,0
308662.9482,0
309039.3125,0
309052.3458,0
309212.7382,0
309450.8547,0
309722.31316666666,0
309734.506,0
310178.0656,0
310440.339,0
310649.3527,0
310726.3527,0
310798.9882,0
311209.4057,0
311293.5841,0
311361.8233,0
311482.25434,0
311655.8507,0
311868.978,0
311925.21109999996,0
312141.4237,0
312141.9983,0
312280.8279,0
312449.3362,0
312673.2329,0
312997.9967,0
313084.566,0
313169.4174,0
313373.43940000003,0
313523.6989,0
313922.4366,0
314053.57,0
314092.5994,0
314116.6806,0
314424.0978,0
314429.7626,0
314568.8066,0
314602.7268,0
314772.3658,0
314885.4651,0
314940.5292,0
314976.8025,0
315002.01190000004,0
315237.3907,0
315274.5041,0
315405.8494,0
315448.1622,0
315718.0249,0
316002.7147,0
316088.3306,0
316092.9112,0
316347.00190000003,0
316786.38426,0
317021.8955,0
317147.8385,0
317394.4831,0
317539.09030000004,0
317545.0323,0
317720.1516,0
318036.39269999997,0
318271.0593,0
318775.9315,0
319159.8246,0
319204.4586,0
319609.23,0
319627.2440333333,0
319826.8602,0
320064.9594,0
320378.9183,0
321019.2258,0
321426.7302,0
321488.0456,0
321606.2184,0
322075.5343,0
322372.928,0
322723.8166,0
323167.1581,0
323206.9896,0
323232.5033,0
323737.1539,0
323739.3172,0
323994.6526,0
324056.4261,0
324072.8806,0
324084.5858,0
324190.7954,0
324387.8204,0
324406.427,0
324523.46739999996,0
324720.554,0
324834.2042,0
324881.1424,0
326285.7481,0
326445.8475,0
326555.0065,0
326593.2111,0
326939.0431,0
327046.0241,0
327238.855,0
327767.4076,0
327810.6244,0
327975.5117,0
328010.8563,0
328184.8975,0
328955.4630666667,0
328971.539,0
329219.2636,0
329220.0317,0
329345.4052,0
329411.7875,0
329745.5916,0
330101.4102,0
330246.1215,0
330461.22239999997,0
330651.412,0
330731.0921,0
331144.2628,0
331175.672,0
331194.8878,0
331475.3475,0
331525.4517,0
332060.3178,0
332254.537,0
332364.3085666667,0
332548.6959,0
332591.9733,0
332785.03740000003,0
332898.727375,0
333103.6428,0
333141.3318,0
333299.5809,0
333416.1303,0
333762.87543333333,0
334063.3552,0
334283.5976,0
334507.9979,0
334592.8472,0
334643.0692,0
334760.3335,0
334906.9608,0
335032.3994,0
335048.9401,0
335159.5367,0
335374.999,0
335377.8968,0
335386.795,0
335490.2684,0
335584.2553,0
335824.2115,0
336080.2038,0
336516.4806,0
336551.581,0
336747.5224,0
336862.5338,0
337137.9009,0
337272.9375,0
337552.2801,0
337695.0451,0
337791.4055,0
337806.1257,0
337811.3372,0
337836.87805,0
338013.02855,0
338074.95,0
338322.3958,0
338411.8665,0
338559.5744,0
338611.8682,0
338882.0186,0
339253.5868,0
339468.5946,0
339474.7154,0
339665.309,0
339802.5852,0
340252.60109999997,0
340266.0574,0
340351.4597,0
340769.95415,0
340866.62930000003,0
340979.8129,0
341028.0749,0
341165.7523,0
341192.2494,0
341419.3581,0
341429.0376,0
341681.8491,0
341799.0033,0
341883.7645,0
342167.91240000003,0
342254.2009,0
342288.1123,0
342344.1079,0
342550.3744,0
342974.6664,0
343525.7514,0
343603.8236,0
343691.2111,0
343954.0772,0
344298.6858,0
344676.5945,0
344696.8617,0
345443.5331,0
345511.1361,0
345708.9556,0
345848.0036,0
346144.2535,0
346189.3925,0
346350.2914,0
346475.1384,0
346508.155,0
346514.88289999997,0
346539.9434,0
346589.57064,0
346592.9313,0
346837.71270000003,0
346967.8173,0
346984.7351,0
346985.2163,0
347097.1876,0
347147.0514,0
347164.3291,0
347285.1932,0
347342.6443,0
347375.9699,0
347519.3363,0
347677.8373,0
347982.5574,0
348184.4922,0
348391.3132,0
348397.6315,0
348453.0786,0
348807.5964,0
348935.8988,0
349195.3936,0
349372.4469,0
349534.4306,0
349621.59380000003,0
349743.282475,0
349869.1433,0
350133.99809999997,0
350222.9587,0
350286.9451,0
350350.1452,0
350534.1206,0
350543.4739,0
350639.102,0
351088.6345,0
351177.8426,0
351233.0106,0
351310.673,0
351570.6345,0
351778.9462,0
351782.0878,0
352009.342,0
352066.0618,0
352343.7214,0
352764.4294,0
352845.2174,0
353202.1648,0
353312.0299,0
353444.73470000003,0
353490.6069,0
353569.0089,0
353594.3739,0
353780.7549,0
353866.9587,0
354034.4448,0
354168.0173,0
354180.267,0
354353.1375,0
354437.0876,0
354585.5884,0
354725.2215,0
355043.3125,0
355188.6039,0
355311.8581,0
355431.0137,0
355449.9435,0
355756.0123,0
355921.6695,0
356365.5075,0
356632.9771,0
356808.5062,0
356834.2147,0
356848.3973,0
357121.9285,0
357251.8892,0
357362.6478,0
357390.6824,0
357404.8199,0
357452.6221,0
357593.9535,0
357816.9204,0
357931.5785,0
358059.8095,0
358347.624,0
358573.21869999997,0
358877.7135,0
358902.0809,0
359058.1452,0
359149.1185,0
359232.1167,0
359404.69626666664,0
359444.28740000003,0
359457.2291,0
359623.0966,0
359643.9978,0
359800.1266,0
360714.0081,0
360779.50430000003,0
360809.63430000003,0
360989.2059,0
361021.0793,0
361134.1455,0
361289.8147,0
361506.77,0
361711.33030000003,0
362048.8948,0
362270.6765,0
362447.0922,0
362523.8018,0
362576.02760000003,0
362710.2832,0
362801.3285,0
362858.2234,0
362970.4225,0
363031.796,0
363318.4069,0
363326.1221,0
363347.747,0
363356.1768,0
363692.4654,0
363697.1006,0
363733.9776,0
364181.0026,0
364339.7002,0
364358.7529,0
364515.95530000003,0
364885.5547,0
364910.9735,0
365251.6339,0
365362.2069,0
365427.6116,0
365567.2636,0
365792.6411,0
365813.7756,0
365823.7194,0
365827.9527,0
365948.06779999996,0
366088.3456,0
366185.6114,0
366348.6347,0
366367.1984,0
366449.41240000003,0
366469.8041,0
366580.7336,0
366693.2046,0
366766.5931,0
366867.4075,0
366869.5527,0
366907.9623,0
367039.411,0
367052.19539999997,0
367288.3078,0
367321.45680000004,0
367410.6018,0
367465.96270000003,0
367499.6206,0
367626.0092,0
367674.3579,0
367764.5416,0
367898.5694,0
368147.1938,0
368247.6746,0
368339.5176,0
368345.6052,0
368538.3444,0
368591.9574,0
368594.2462,0
368661.5364,0
368967.4895,0
369318.7273,0
369578.7725,0
369813.3132,0
369894.4108,0
370228.9032,0
370283.9016,0
370385.9008,0
370770.7557,0
370906.43799999997,0
370974.8689,0
370995.0144,0
371315.2997,0
371410.5451,0
371620.7405,0
371669.5285,0
371980.7557,0
372106.4927,0
372259.4669,0
372590.26769999997,0
372716.9291,0
372888.9232,0
372953.2179,0
372994.0032,0
373126.7229666667,0
373132.9522,0
373392.1569,0
373562.16969999997,0
373625.7103,0
373949.747,0
374210.8608,0
374458.0571,0
374611.8225,0
374625.4339,0
374725.7788,0
374731.7879,0
374792.4352,0
374878.0384,0
374968.3715,0
375240.3217,0
375452.3507,0
375522.2367,0
375558.4844,0
375632.7293,0
375689.8504,0
375771.7818,0
375837.7749,0
375852.78229999996,0
376009.9777,0
376237.0604,0
376432.7612,0
376450.6773,0
376857.1065,0
376861.9578,0
376923.3693,0
377178.81909999996,0
377307.6087,0
377686.5544,0
377826.9487,0
378056.9079,0
378218.27509999997,0
378329.8843,0
378676.46869999997,0
378767.8658,0
378775.1957,0
378806.3526,0
378845.6224,0
378944.71140000003,0
379005.8689,0
379035.8207,0
379121.7437,0
379218.71510000003,0
379684.075,0
379699.5734,0
379764.4695,0
379996.2428,0
380058.8111,0
380177.2645,0
380216.7772,0
380490.2942,0
380510.2228,0
380702.3112,0
380759.1401,0
380819.8019,0
380890.1217,0
380947.5426,0
381002.9953,0
381078.9472,0
381591.56429999997,0
381751.8767,0
381757.9156,0
381807.0718,0
381905.2189,0
382060.3041,0
382176.6647,0
382914.00529999996,0
382972.881,0
383083.9327,0
383646.0701,0
384056.0381,0
384206.6676,0
384436.3615,0
384608.9857,0
384613.3477,0
384859.2048,0
384915.3524,0
384974.949,0
385100.2993,0
385268.7008,0
385311.0073,0
385401.6772,0
385749.5915,0
385957.8852,0
385958.76780000003,0
386283.81085,0
386391.2765,0
386479.2632,0
386884.9233,0
386967.36340000003,0
387094.3955,0
387682.427,0
387754.3566,0
387937.2792,0
388051.0922,0
388073.9378,0
388120.8931,0
388184.1415,0
388208.8308,0
388220.7684,0
388253.6643,0
388267.048,0
388505.2633,0
388623.1644,0
388743.2124,0
388930.44330000004,0
389215.4442,0
389414.6655,0
389424.4932,0
389518.2017,0
389806.7218,0
389873.3221,0
390188.63670000003,0
390203.3933,0
390430.0519,0
391136.3724,0
391197.725,0
391294.2081,0
391522.5342,0
391596.2845,0
391874.9294,0
391981.5143,0
392141.7281,0
392436.9554,0
392536.62820000004,0
392825.1626,0
392880.6709,0
392911.4875,0
393172.79240000003,0
393575.7754,0
393602.7625,0
393640.9396,0
393842.5439,0
393993.1724,0
394095.9423,0
394154.3531,0
394403.66651666665,0
395069.3245,0
395114.6477,0
395264.3663,0
395409.8386,0
395516.6399,0
395617.312,0
395711.4694,0
396212.4568,0
396225.2857333333,0
396278.2183,0
396748.9141,0
396832.6641,0
397345.3363,0
397367.78662,0
397631.7626,0
397683.0363,0
398305.3279,0
398360.9416,0
398402.8185,0
398449.1463,0
398774.3018,0
398796.1929,0
398931.4137,0
398954.15229999996,0
399080.251,0
399141.3036,0
399182.1344,0
399336.9303,0
399585.5904,0
399690.1267,0
399898.9476,0
400234.1644,0
400459.1323,0
400469.0151,0
400509.1355,0
400859.6655,0
401040.9518,0
401298.1773,0
401344.1212333333,0
401614.2625,0
401847.4421,0
401855.0979,0
401884.3995,0
402093.0467,0
403227.5394,0
403357.1874,0
403534.9315,0
403898.2443,0
404186.1325,0
404236.5236,0
404449.5745,0
404684.82649999997,0
404849.0254,0
404998.7598,0
405264.4572,0
405507.538,0
405868.9329,0
405878.3062,0
405984.5497,0
406460.2684,0
406689.8555,0
407021.542,0
407023.3784,0
407433.73970000003,0
407525.2998,0
407562.6105,0
407676.8369,0
407817.3024,0
408076.567,0
408190.7207,0
408597.5074,0
408977.9455,0
409080.3361,0
409469.3161,0
409781.4792,0
410077.7931,0
410105.8345,0
410370.0271,0
410414.0403,0
410655.6308,0
410667.62924,0
410736.56298,0
411082.8718,0
411105.7713,0
411116.5096,0
411185.1953,0
411918.5197,0
412070.1742,0
413003.75549999997,0
413029.2182,0
413248.7774,0
413308.512,0
413497.0453,0
413583.7168,0
413656.5345,0
414016.6761,0
414106.6344,0
414533.7301666667,0
415384.0769,0
415396.543,0
415457.0914,0
415991.2553,0
416069.2373,0
416115.21400000004,0
416208.2736,0
416468.86230000004,0
416522.0644,0
416550.3479,0
416722.3018,0
416782.2621,0
416834.0994,0
416923.8011,0
417054.705,0
417258.8176,0
417545.43384,0
417587.8165,0
417992.893,0
418112.3743,0
418282.7769,0
418298.2046,0
418362.3049,0
418562.9235,0
419123.5348,0
419242.74843333336,0
419361.0516,0
419522.105,0
419693.6118,0
420050.9377,0
420141.0117,0
420257.8661,0
420336.5997,0
420550.509,0
420719.5079,0
420769.0104,0
420926.5717,0
421015.563,0
421114.63910000003,0
421260.3704,0
421426.6082,0
421538.7591,0
421602.9886,0
421791.9666,0
421981.8914,0
422069.9233,0
422678.6246,0
422710.4906,0
422785.0721,0
422803.7769,0
423135.4031,0
423183.1774,0
423219.0939,0
423234.4623,0
423668.43319999997,0
423755.0871,0
423768.3858,0
424003.4704,0
424091.138,0
424310.776,0
424352.819,0
424410.2138,0
424920.5586,0
425329.36498,0
425363.0268,0
425404.7331,0
425628.96,0
425646.928,0
425720.0764,0
425780.6613,0
425793.9251,0
425820.6278,0
425852.6151,0
425943.6605,0
426299.4502,0
426526.90009999997,0
426943.3062,0
427154.2925,0
427169.2454,0
427610.958,0
427956.0708,0
428380.7554,0
428572.3907,0
428573.1451,0
428634.4962,0
428705.8417,0
428809.7608,0
428953.3436,0
428999.4233,0
429167.9992,0
429196.0093,0
429392.2824,0
429575.9732,0
429715.6303,0
430211.4046,0
430219.36865,0
430386.2097,0
430423.6679,0
430456.8164,0
430489.7598,0
430802.7117,0
431914.972,0
431979.0567,0
432007.22363333334,0
432215.68319999997,0
432229.3607,0
432389.1313,0
432435.0808,0
432585.9187,0
432862.9076,0
432952.1474,0
433191.09,0
433210.2004,0
433229.7636,0
433572.75419999997,0
433623.6205,0
433835.7936,0
433856.5065,0
434063.2496,0
434258.7135,0
434300.1212,0
434603.6525,0
434649.8083,0
435362.1843,0
435609.76780000003,0
435872.4874,0
436012.3408,0
436116.1221,0
436181.9541,0
436184.6753,0
436193.0722,0
436377.7472,0
437028.248675,0
437074.5427,0
437077.5376,0
437163.4863,0
437246.6102,0
437321.7908,0
437405.026,0
437439.6911,0
437456.0335,0
437618.56070000003,0
437650.5899,0
437667.7024,0
437812.4083,0
437957.78729999997,0
438171.3024,0
438215.938,0
438316.8559,0
438350.1775,0
438399.1988,0
438842.1666,0
438982.3643,0
439200.1789,0
439538.3495,0
439762.9181,0
439871.5121,0
439906.3174,0
439988.70869999996,0
440060.4415,0
440343.59474,0
440360.1851,0
440663.123,0
440856.0958,0
440864.5923,0
440947.6786,0
441112.7133,0
441232.9609,0
441258.7629,0
441315.4554,0
441401.3222,0
441567.8362,0
441699.8421,0
441817.61950000003,0
441853.7212,0
441856.0522,0
441923.8478,0
442148.27139999997,0
442479.7485,0
442515.9308,0
442613.5095,0
442655.922,0
442830.8105,0
442833.1923,0
442841.118,0
442867.561,0
442869.1348,0
442974.9888,0
443179.639,0
443263.5089,0
443460.6076,0
443503.7612,0
443626.10360000003,0
443702.6275,0
443874.6942,0
444987.173,0
445138.2189,0
445284.7435,0
445467.4037,0
445598.7326,0
445717.8183,0
445905.5182,0
445980.9058,0
446010.7041,0
446073.0851,0
446161.3301,0
446408.5435,0
446620.2015,0
446760.3625,0
446890.44550000003,0
446901.51540000003,0
446948.8663,0
447005.5897,0
447065.8849,0
447187.2891,0
447417.5511,0
447439.2976,0
447569.6118,0
447867.5295,0
448178.59380000003,0
448227.3258,0
448228.8618,0
448246.1632,0
448405.7099,0
448505.3523,0
448601.4682,0
448891.3879,0
449214.9757,0
449244.9175,0
449294.6776,0
449374.904,0
449771.603,0
450116.8719,0
450162.7169,0
450351.3857,0
450446.7571,0
450530.6963,0
450611.3055,0
450678.5693,0
450758.377,0
450907.3301,0
451019.5716,0
451053.2211,0
451080.9716,0
451093.7096,0
451182.175,0
451210.7754,0
451258.1729,0
451400.8981,0
451563.0922,0
451939.1202,0
451961.6,0
452056.165,0
452117.58,0
452247.0353,0
452347.8992,0
452396.0513,0
452429.73840000003,0
452430.524,0
452472.1649,0
452600.6701,0
452941.3763,0
453136.3249,0
453193.7074,0
453280.184,0
453540.2522,0
453869.1779,0
453937.0021,0
453956.88910000003,0
454012.6284,0
454021.1634,0
454096.41285,0
454144.5514,0
454154.6809,0
454381.3673,0
454503.9422,0
454642.6273,0
454684.33389999997,0
454917.3482,0
454929.8243,0
454958.4465,0
454975.8155,0
455003.1886,0
455042.7019,0
455126.1588,0
455262.8109,0
455314.5776,0
455384.3272,0
455425.6783,0
455442.503,0
455468.4503,0
455963.4655,0
456095.6558,0
456207.3393,0
456552.8982,0
456593.8084,0
456638.6831,0
456761.4218,0
456957.1558,0
457118.8548,0
457330.491,0
457340.1317,0
457343.5247,0
457495.3166,0
458055.9429,0
458108.5946,0
458265.7239,0
458400.8672,0
458408.7681,0
458457.5552,0
458531.2192,0
458534.5701,0
458546.1805,0
458672.0642,0
458756.8888,0
458816.0016,0
458908.9961,0
459141.6986,0
459157.9607,0
459658.375,0
459768.9193,0
459835.65630000003,0
460003.6266,0
460181.5684,0
460199.4424,0
460548.9388,0
460569.6678,0
460627.078,0
460673.2721,0
460751.9924,0
460796.6743,0
460823.9205,0
460883.2561,0
460940.2376,0
460995.6242,0
461017.859,0
461144.89410000003,0
461290.12690000003,0
461296.9208,0
461641.3409,0
462044.4073,0
462047.89,0
462164.7195,0
462169.0185,0
462667.6377,0
462694.7351,0
462711.986,0
462772.2733,0
462929.7607,0
463144.7382,0
463227.7077,0
463545.0978,0
463587.357,0
463884.226,0
464037.6254,0
464227.8619,0
464303.171,0
464484.7055,0
464677.7439,0
464747.558,0
464928.6727,0
465011.4442,0
465469.3197,0
465579.1486,0
465677.5623,0
465695.7919,0
465931.1111,0
466017.836,0
466050.5621,0
466105.0158,0
466212.4695,0
466735.0812,0
466851.7824,0
466937.7456,0
467248.643,0
467681.4678,0
467776.1528,0
468095.077,0
468280.6762,0
468740.806,0
468756.59739999997,0
469327.76,0
469366.8294,0
469421.288,0
469471.4949,0
469792.1876,0
469804.3503,0
469856.77390000003,0
470093.351,0
470417.0941,0
470468.2806,0
470753.6814,0
470893.9611,0
470926.6288,0
471111.4598,0
471217.80429999996,0
471596.8735,0
472016.7111,0
472051.5569,0
472316.217,0
472395.83759999997,0
472579.2981,0
472763.3582,0
472901.9466,0
472983.399,0
473267.7586,0
473392.5764,0
473525.8497,0
473697.9588,0
473708.57779999997,0
474132.6903,0
474372.4221,0
474526.5396,0
474675.1635,0
474780.2727,0
474784.6369,0
474844.6985,0
475020.6974,0
475144.3314,0
475178.2658,0
475225.9322,0
475463.5132,0
475577.0456,0
475758.7026,0
476018.2106,0
476178.05819999997,0
476331.8407,0
476398.7041,0
476781.4253,0
477326.098,0
477533.7534,0
477551.1098,0
477665.9778,0
477671.1082,0
477838.3431,0
478124.7943,0
478166.2516,0
478233.3151,0
478691.5283,0
478715.069,0
478793.2317,0
478797.6175,0
478814.997,0
478877.8174,0
478918.7046,0
479279.99809999997,0
479901.88112,0
480215.8271,0
480217.44,0
480333.2501,0
480556.6221,0
480696.14280000003,0
480765.3408,0
480946.8546,0
480961.4582,0
480980.0552,0
481036.76430000004,0
481143.9121,0
481404.0774,0
481620.34010000003,0
481703.2168,0
481872.4353,0
481946.817,0
482030.43929999997,0
482077.7441,0
482847.7274,0
483229.9328,0
483498.0464,0
483547.3018,0
483715.3688,0
484227.3991,0
484327.9676,0
484534.5927,0
484666.1331,0
484823.5989,0
484938.2121,0
485160.51285,0
485392.6448,0
485554.9195,0
485593.6045,0
486146.4311,0
486882.1699,0
486933.6049,0
487096.4404,0
487594.5655,0
487958.0618,0
487961.4104,0
488673.67590000003,0
489692.238,0
489832.3417,0
489843.9134,0
490868.0725,0
491002.5549,0
491428.7961,0
491801.9999,0
491888.9163,0
491964.78729999997,0
491990.4048,0
492084.1375,0
492590.41,0
493190.9212,0
493459.3198,0
493653.072,0
493740.9919,0
493881.1787,0
494097.7353,0
494485.8456,0
494671.1203,0
494741.8868,0
494821.01595,0
494947.437,0
494966.4138,0
495082.0129,0
495301.1357,0
495332.0186,0
495465.6387,0
495668.6297333333,0
495766.9078,0
495780.1282,0
495781.034,0
495824.8814,0
495934.5202,0
496146.583,0
496298.9303,0
496347.092,0
496386.8304,0
496516.6161,0
496753.1581,0
497152.8373,0
497431.8138,0
497446.2964,0
497507.8347,0
497606.7501,0
497949.7779,0
498101.9398,0
498243.8663,0
498598.4181,0
498657.651,0
498837.6716,0
498966.8842,0
498976.2577,0
499029.67826,0
499101.0308,0
499262.726,0
499308.4107,0
499352.8638,0
499363.5615,0
499592.6532,0
499783.5044,0
500029.2724,0
500040.451,0
500290.194025,0
500574.8919,0
500637.8696,0
500814.3624,0
501018.9006,0
501020.3439,0
501042.40260000003,0
501327.4039,0
501388.1019,0
501408.0933,0
501438.658,0
501452.89272,0
501537.8606,0
501679.4895,0
501696.0269,0
502113.8791,0
502168.6431,0
502270.5834,0
502584.4612,0
503050.6555,0
503065.8913,0
503080.7182,0
503342.8304,0
503402.8997,0
503746.378,0
503752.4272,0
503760.1424,0
503852.3307,0
504149.7647,0
504496.0333,0
504660.3095,0
504726.8772,0
504818.7342,0
504883.1979,0
504894.001,0
505026.674,0
505499.9904,0
505764.1172,0
505778.0206,0
505915.2026,0
506030.0006,0
506209.6032,0
506329.3547,0
506381.9008,0
506384.0961,0
506528.6264,0
507030.5743,0
507211.74450000003,0
507257.102,0
507282.19223333336,0
507480.8651,0
507507.3978,0
507604.0359,0
508430.44920000003,0
508570.8764,0
508649.8648,0
508753.8751,0
508825.4282,0
509016.6643,0
509109.5694,0
509146.0825,0
509272.5412,0
509302.8379,0
509464.3702,0
510136.0432,0
510207.4994,0
510360.7907,0
510396.9754,0
510635.5112,0
510645.5329,0
510762.4596,0
510892.6084,0
511030.8812,0
511281.6727,0
511355.347,0
511463.8231,0
511584.6795,0
511790.9409,0
512129.9984,0
512328.5379,0
512409.7037,0
512660.3883,0
512833.0895,0
512884.5274,0
513464.4003,0
513488.614,0
513536.3749,0
513728.7175,0
513916.2533,0
513995.3267,0
514017.9701,0
514240.4213,0
514465.559,0
514658.8876,0
514667.4101,0
514798.9932,0
514910.63049999997,0
515045.0558,0
515247.0393,0
515420.4077,0
515619.9398,0
515715.8015,0
515889.3756,0
516099.3939,0
516406.0897,0
516433.9958,0
516590.0403,0
516820.93200000003,0
517169.026,0
517274.70279999997,0
517419.7438,0
517675.1452,0
517926.1841,0
518119.3159,0
518275.3338,0
518444.1538,0
518629.9674,0
518860.1873,0
518896.5228,0
519198.291,0
519306.9715,0
519398.3767,0
519477.34010000003,0
519501.0879,0
519540.7599,0
519746.4755,0
519980.001,0
519996.6484,0
520035.2382,0
520210.185,0
520394.5147,0
520395.0246,0
520725.8281,0
520846.8423,0
521076.4186,0
521219.9369,0
521481.7448,0
521675.7199,0
521696.9885,0
521723.1912,0
521833.74916666665,0
521952.1044,0
522032.88844999997,0
522172.3628,0
522608.7978,0
522612.86329999997,0
522651.0435,0
522651.3096,0
522708.3624,0
522928.7069,0
523200.9839,0
523256.3907,0
523264.35719999997,0
523312.6182,0
523327.5389,0
523535.3983,0
523669.5888,0
523677.0763,0
523993.4502,0
524058.9091,0
524252.95,0
524376.6475,0
524492.9927000001,0
524551.5663,0
524837.2872,0
524848.007,0
525036.7238,0
525096.6555666666,0
525288.6216,0
525307.175,0
525319.3096,0
525931.781,0
525945.5218,0
526315.65285,0
526465.0882,0
526628.2043,0
526669.6796,0
526688.3008,0
526702.0793,0
526734.8506,0
526805.6324,0
526869.8512,0
526969.3229,0
527060.8941,0
527213.7348,0
527263.9907,0
527289.9067,0
527323.1073,0
527470.9662,0
527494.4713,0
527612.2034,0
527681.3723,0
527702.7699,0
527751.9088,0
527897.4678,0
527953.2304,0
527969.9742,0
528006.606,0
528160.1174,0
528237.9222,0
528538.8353,0
528717.8727,0
529190.2696,0
529342.9568,0
529871.7492,0
529887.3375,0
529897.219,0
529992.8663,0
530254.3326,0
530291.6824,0
530307.8343,0
530408.6787,0
530468.6731,0
530864.2491,0
530949.1274,0
531063.0585,0
531538.3881999999,0
532018.3021,0
532046.0909,0
532174.3385,0
532245.6011,0
532336.4811,0
532375.8839,0
532437.3981,0
532499.8486,0
532526.2334,0
532611.3062,0
532804.3433,0
532878.3875,0
533137.892,0
533148.2686,0
533187.5436,0
533208.6518,0
533226.6677,0
533340.0493,0
533453.3634,0
533539.6389,0
533860.0131,0
534042.0865,0
534145.3417,0
534189.0553,0
534200.5219,0
534755.3238,0
534823.2887,0
534878.8441,0
534910.5647,0
535120.53,0
535132.1771,0
535189.4959,0
535254.6893,0
535266.2437,0
535351.8844,0
535389.222,0
535454.9861,0
535553.1602,0
535670.4649,0
535846.1775,0
536140.092,0
536176.6456,0
536180.7741,0
536278.3038,0
536476.450875,0
536629.6904,0
536730.1855,0
536750.5524,0
536914.3165,0
537171.8548,0
537361.285,0
537392.1333,0
537522.3811,0
537704.7359,0
537731.8146,0
538047.5183,0
538088.2057,0
538172.4466,0
538335.44,0
538581.7243,0
538603.2861,0
538666.4101,0
538702.475,0
538751.5569,0
538995.1698,0
539096.5495,0
539163.8746,0
539218.2077,0
539349.6559,0
539696.8336,0
539912.2082,0
540170.9614,0
540764.5585,0
540837.3114,0
540892.59,0
541140.1946,0
541157.6814,0
541237.2995,0
541409.0506,0
541431.0664,0
541509.1136,0
541843.0555,0
541845.5838,0
541935.7866,0
542185.9987,0
542231.3484,0
542566.8889,0
542740.9287,0
542790.3127,0
542886.6618,0
543011.7768999999,0
543117.8642,0
543559.0041,0
543811.1836,0
543994.5246,0
544009.1231,0
544064.5711000001,0
544073.2801,0
544284.4675,0
544482.955,0
544485.697,0
544586.1104,0
544604.4283,0
544936.7043,0
545158.1459,0
545324.3651,0
545556.3038,0
545622.5925,0
545680.1328,0
545735.7557,0
546279.7793,0
546301.1092,0
546466.844,0
546541.8617,0
546735.1281,0
547154.1462,0
547184.1357,0
547415.4606,0
547417.5565,0
547474.0867,0
547513.5814,0
547637.7834,0
547940.0531,0
547971.8472,0
548331.0817,0
548410.4123,0
548642.7866,0
548787.7699,0
548967.9732,0
548990.7259,0
549001.2552,0
549057.4291000001,0
549075.9146,0
549100.2736,0
549406.7001,0
549501.6943,0
549773.0851,0
549916.188,0
549992.134,0
550031.7683,0
550074.0203,0
550103.7943,0
550196.7501,0
550202.6179,0
550384.9179,0
550443.9565,0
550528.7723,0
550541.8589,0
550927.87,0
551111.2339999999,0
551123.4997,0
551466.4001,0
551651.99,0
551671.4048,0
552706.8822999999,0
552733.6246,0
552845.1794,0
553086.1722,0
553205.9934,0
553258.3085,0
553375.0247,0
553592.8197,0
553609.7255,0
553743.7424,0
554432.2811,0
554482.6492,0
554741.7291,0
554865.091,0
554981.9713,0
555005.3501,0
555052.504,0
555118.9847,0
555165.9765,0
555444.2925,0
555784.1091,0
555849.3963,0
555926.0496,0
556005.7651,0
556071.9163,0
556226.9278,0
556366.8277,0
556447.647,0
556628.982,0
556762.0538999999,0
556808.7941,0
556924.8525,0
556998.0204,0
557029.2254,0
557244.0105,0
557533.8591,0
557649.3249,0
557660.9185,0
557687.5898,0
557818.6694,0
558568.0003,0
558799.3018,0
559219.8585,0
559639.4194,0
559648.2867,0
559650.0511,0
559691.5445,0
560054.8291,0
560142.3698,0
560154.9046,0
560296.4553,0
560393.8464,0
560820.31,0
560848.0255,0
561048.0949,0
561080.7447,0
561094.421175,0
561267.4364,0
561357.1317,0
561811.9118,0
561820.1226,0
561902.5047,0
562070.0333,0
562423.8928,0
562533.3211000001,0
562781.4854,0
562840.9153,0
563279.4394,0
563459.6364,0
563519.4624,0
563563.6222,0
563577.7597,0
564157.4203,0
564367.5647,0
564469.2174,0
564505.8873000001,0
564932.5006,0
564955.4449,0
565274.2985,0
565913.3642,0
566017.2666,0
566153.3594,0
566170.7689,0
566301.738,0
566335.2501,0
566601.389,0
566667.5806,0
566749.8655,0
566910.5852,0
566934.0792,0
566977.9854,0
566997.8343,0
567274.5794,0
567917.8167,0
568014.1065,0
568495.0713,0
569888.7055,0
570212.7339,0
570282.3477,0
570304.4476,0
570434.1072,0
570487.9859,0
570550.9599,0
570681.485,0
571056.5901,0
571408.5993,0
571416.7688,0
571443.1569000001,0
571601.861,0
571615.7442,0
571633.8439,0
572148.5628,0
572153.642,0
572348.74,0
572514.988,0
572610.7941,0
572751.1607,0
572916.2617,0
572977.0229,0
573044.0745,0
573386.4041,0
573715.9575,0
574014.3748,0
574096.4451,0
574261.9127,0
574449.5733,0
574451.0035999999,0
574451.1193666667,0
574464.0191,0
574667.9567,0
574906.7967000001,0
575047.9134,0
575237.351,0
575381.2637,0
575381.5777,0
575709.3365,0
575826.88,0
575962.3192,0
576609.9113,0
576714.2552,0
576748.6566,0
576928.76242,0
577274.9483,0
577341.5031,0
577547.5832,0
577567.5758,0
577809.5023,0
577991.9474,0
578205.1506,0
578258.6322,0
578324.4924,0
578485.7862,0
578561.7494,0
578615.9537,0
579088.9049,0
579413.9762,0
579596.8663999999,0
579958.6379,0
580279.7406,0
580284.9625,0
580291.7972,0
580592.7104,0
581196.522,0
581372.355,0
581634.6061,0
581750.5112,0
581944.9067,0
582235.6638,0
582681.8777,0
582694.4953,0
582718.4943,0
582853.8744,0
582945.8557,0
583980.069,0
584056.0001,0
584556.1283,0
584631.7058,0
584781.0155,0
585374.7149,0
585606.8663999999,0
585742.7727,0
585775.4613,0
585842.52532,0
585884.8258,0
586467.4353,0
587060.7087,0
587078.6601,0
587233.9479,0
587234.0994,0
587313.9962,0
587489.7821,0
587502.0457,0
587970.1269,0
588029.1499,0
588598.4991,0
588693.692,0
588745.4150666667,0
588945.5984,0
589483.6154,0
589801.2504,0
589897.2153,0
589929.2485,0
590085.2894,0
590204.3118,0
590630.4501,0
591110.1472,0
591281.502,0
591328.3347,0
591477.6908,0
591745.9724,0
591953.8859,0
591976.1669,0
592096.214,0
592343.37014,0
592466.7299,0
592501.5328,0
592708.962,0
592882.6716,0
593817.2385,0
594051.3467999999,0
594075.2689,0
594251.2949,0
594254.8769,0
594327.1269,0
594974.1781,0
595000.5108,0
595033.5320666666,0
595124.2631,0
595251.7907,0
595448.6824,0
595739.2724,0
595896.5475,0
595994.5252,0
596236.3234,0
596455.1853,0
597199.3179,0
597280.4818,0
597358.9649,0
597379.5582,0
597419.7907,0
597459.1848,0
597534.2917,0
597550.3785,0
597668.2533,0
597693.1392,0
597845.558,0
598070.6943,0
598205.7775,0
598264.2546,0
598413.7483,0
598426.1428,0
598594.5824,0
598604.0718,0
598680.1446,0
598696.8698,0
598726.1453,0
598791.2794,0
598848.616,0
598875.5658,0
598996.0189,0
599469.5197,0
599702.6199,0
599823.5284,0
599839.6735,0
600084.6895,0
600152.2789,0
600224.486,0
600292.6477,0
600506.9381,0
600508.247,0
600548.25972,0
601184.3913,0
601498.5201,0
601520.8357,0
601548.2482,0
601558.6142,0
601688.23444,0
601746.8454,0
601834.0468,0
602319.6796,0
602425.8877,0
602559.6251,0
602744.4219,0
602759.2657,0
602796.0381,0
603066.0458,0
603203.4018,0
603433.7134,0
603634.9992,0
603782.0527,0
603797.0774,0
603856.2488,0
603905.3553,0
603958.1343,0
604075.3109,0
604093.94,0
604894.8985,0
604963.2046,0
605012.1366,0
605377.1981,0
605521.1639,0
605552.6148,0
605688.1297,0
606204.2512,0
606222.598,0
606659.2723666667,0
606692.2148,0
606950.3052000001,0
607033.9355,0
607607.2959333333,0
607641.7372,0
607842.3409,0
607932.5194,0
608357.0339,0
608402.7216,0
608551.7122,0
608671.87995,0
608945.1359,0
609271.5006,0
609290.1596,0
609485.8449,0
609583.7936,0
609677.1718,0
609730.9198,0
609753.9039,0
609791.2013,0
609793.2956,0
609840.5642,0
609927.0685,0
610165.6526,0
610231.5626,0
611047.982,0
611186.6232,0
611363.7516,0
611662.7322,0
611703.4972,0
611859.8209,0
611924.2723,0
612199.0649,0
612479.4674,0
612556.0874666667,0
612641.3907,0
613019.9406,0
613046.7259,0
613222.9795,0
613317.0387,0
613482.2749,0
613600.2423,0
613634.2137,0
613988.0208,0
614203.8997,0
614441.9102,0
614533.7823,0
614542.8896999999,0
614616.0265,0
614713.7467,0
614758.0625,0
615265.3557,0
615300.4424,0
615645.743,0
615776.2606,0
615970.731,0
616053.4017,0
616219.4559,0
616253.6882,0
616325.6462,0
616366.0559,0
616491.9072,0
616816.4335,0
616884.0462,0
617107.6773,0
617158.2498,0
617701.6778,0
617779.2401,0
617850.0078,0
617904.7574,0
618262.1138,0
618512.1398,0
618729.2354,0
618738.9548,0
618778.2766,0
618815.5358,0
618838.8277,0
619042.68,0
619150.8501,0
619305.3129,0
619439.8047,0
619578.208,0
619734.8338,0
619865.4769,0
619902.1768,0
620033.0497,0
620223.6688,0
620432.9147,0
620609.7004,0
620668.3961,0
620690.9608,0
620730.9675,0
620872.847,0
621141.0325,0
621347.7634,0
621367.6942,0
621396.8866,0
621448.4684,0
621517.9199,0
621724.9202,0
621791.7452,0
622307.5947,0
622667.9088,0
622671.9889,0
622947.2247,0
623125.7794,0
623182.0121,0
623265.3654,0
623269.6751999999,0
623307.8675,0
623318.9912,0
623439.7324,0
623488.7344,0
623492.9046,0
623605.2075,0
623774.061,0
623953.4067,0
624211.5045,0
624352.6063,0
624425.6305,0
624697.635,0
624768.2295,0
624850.2881,0
625186.5267,0
625317.9977,0
625353.1768,0
625374.2251,0
625619.5617,0
625919.7415,0
626072.2093,0
626109.4791,0
626127.2398,0
626147.8954,0
626180.9754,0
626187.321,0
626218.2562,0
626425.574,0
626520.1289,0
626548.2911,0
626660.6934,0
626802.7072,0
626852.8485,0
627273.79,0
627298.7889,0
627439.0709,0
627532.434,0
627533.9623,0
627726.4685,0
627759.0817,0
627794.2676,0
627823.0955,0
627871.0204,0
627903.7568,0
628133.4969,0
628296.5068,0
628384.0801,0
628403.0977,0
628740.6984,0
628979.6887,0
629269.7266,0
629396.4474,0
629503.0024,0
629653.2953,0
629719.0662,0
629853.3536,0
629943.6374,0
630233.9724,0
630241.1653,0
630266.6243,0
630323.9552,0
630431.7681,0
630482.2419,0
630757.5816,0
630856.675,0
631065.53,0
631315.2951,0
631391.1557,0
631436.2339999999,0
631578.8902,0
631660.0758,0
631702.2782000001,0
631725.9807,0
631807.7748,0
631810.9975,0
631880.9507,0
631931.9462,0
632048.6281,0
632058.347,0
632098.8637999999,0
632164.7309,0
632227.8839,0
632239.4157,0
632272.313,0
632456.264,0
632553.373,0
632698.7765,0
632806.2205,0
632873.0265,0
632912.7527,0
633382.0853,0
633498.5099,0
633564.2318,0
633715.6077,0
633813.5160000001,0
633945.4973,0
634021.0702,0
634168.2986,0
634201.7329,0
634262.9911,0
634428.2823,0
634544.0926,0
634673.1891,0
634743.6369,0
634748.5572,0
634817.2944,0
635123.8415,0
635315.3827,0
635418.3633,0
635455.320125,0
635468.051,0
635585.6642,0
635628.7336,0
635712.5966,0
635789.5405,0
635935.2336,0
636087.7486,0
636098.0143,0
636108.7794,0
636185.1578,0
636636.9915,0
636808.2372,0
636952.8365,0
636987.3127,0
637053.3708,0
637477.6105,0
637651.1562,0
637882.9924999999,0
638301.8597,0
638311.6347,0
638487.0758,0
638503.3543,0
638630.6439,0
638846.4728999999,0
638945.9176,0
639111.0605,0
639725.3861,0
639771.7593,0
639793.133,0
639833.6574,0
639922.4908,0
640033.2504,0
640186.1704,0
640272.8004,0
640759.4703,0
640918.3905,0
641113.9488,0
641215.7739,0
641470.9483,0
641530.7945,0
641799.4032000001,0
641881.8842,0
642116.1406,0
642205.2568,0
642326.1753,0
642507.0184,0
642519.5323,0
642578.7892,0
642793.1647,0
643258.9503,0
643399.9895,0
643434.7054,0
643469.1993,0
643653.4395,0
643844.1059,0
643927.3657,0
643939.1809,0
643988.7964999999,0
644074.3030833333,0
644074.3693,0
644332.0817,0
644354.7005,0
644397.0522,0
644583.7644,0
644640.2435,0
644679.807,0
644697.4139,0
644716.5241,0
645287.5461,0
645527.1811,0
645609.4614,0
645747.4838,0
645957.1244,0
646144.5911,0
646294.2252,0
646633.644,0
646634.3367,0
646647.1497,0
646857.6114,0
646929.1958,0
647048.6605,0
647065.8519,0
647093.4825666667,0
647114.4333,0
647291.7114,0
647478.7232,0
647563.7757,0
647717.1489,0
647743.2537,0
648255.4965,0
648412.2433,0
648538.9417,0
648606.6205,0
648647.8309,0
648762.6597,0
648822.6663,0
648886.3361,0
649302.6378,0
649309.6628,0
649375.0831,0
649503.8033,0
649691.1438,0
649726.7177166666,0
649774.3362,0
650017.544,0
650224.1322,0
650329.3529,0
650433.62102,0
650566.4755,0
650742.7566,0
650771.3202,0
650972.0981000001,0
651000.4734,0
651017.5507,0
651182.3938,0
651387.7869,0
651413.9972,0
651501.7984,0
651641.5184,0
652564.5334,0
652944.5163,0
653196.9312,0
653242.8396000001,0
653273.0334,0
653414.4603,0
653479.1094,0
653911.8559,0
654240.5354,0
654811.2735,0
655208.277,0
655605.5769,0
655693.0198,0
655698.551,0
655753.4003,0
656121.502,0
656374.0032,0
656446.035,0
656551.8914,0
657437.8831,0
657680.9199,0
657838.5413,0
658215.3655,0
658439.5965,0
658443.7851,0
658601.6423,0
658941.0244,0
659173.2679,0
659418.0659,0
659828.8119,0
660022.9884,0
660036.3644,0
660367.0881,0
660752.2705,0
660820.49,0
660893.6312,0
660906.7683,0
661006.5847,0
661543.323,0
661672.5033,0
661718.7114,0
661726.2833,0
662060.2561,0
662099.9548,0
662118.7672,0
662417.0116,0
663103.4845,0
663263.2526,0
663326.08708,0
663683.4963,0
664152.064,0
664182.4954,0
664426.1693,0
664646.5219,0
664886.8944,0
665207.6827,0
665226.0161,0
665306.6477,0
665852.2098,0
665890.5201,0
666009.9898,0
666557.4336,0
666633.6240000001,0
666701.3283,0
666729.5434,0
667110.9406,0
667233.774,0
667539.4363,0
667974.96315,0
668022.014,0
668273.3786,0
668411.40424,0
668493.1125,0
669092.9844,0
669121.3052,0
669183.0141,0
669484.2561,0
669910.6142,0
669959.7757,0
670028.3649,0
670298.9724,0
670447.3466,0
670713.4003,0
671060.6375,0
671421.6897,0
671514.5767,0
671626.7506,0
671889.0123,0
671973.4316,0
672123.7253,0
672552.0715,0
672728.4615,0
672733.8157,0
672883.2531,0
673072.9913,0
673190.0665,0
673684.1116,0
674085.5371,0
674152.6614,0
674192.6784,0
674198.4005,0
674311.1691,0
674333.2718,0
674336.8824,0
674382.8634,0
674562.8687,0
674659.9737,0
674711.2444,0
674745.2566,0
674847.3092,0
674870.9872,0
674926.6934,0
675060.3157,0
675154.6905,0
675542.9438,0
675956.7507,0
676290.1348333333,0
676395.9302,0
676679.48488,0
676799.6048,0
677000.7606,0
677441.7095166667,0
677583.0362,0
677917.8161333334,0
678054.0913,0
678059.8119333333,0
678198.634125,0
678247.3892,0
678756.5743,0
679141.7526,0
679390.4098,0
679438.9465,0
679492.9772,0
679610.8602,0
679886.9922,0
680570.5617,0
680729.94072,0
680928.0548,0
680992.5671,0
681035.2918,0
681230.6899,0
681392.6126,0
681430.8607,0
681527.5218,0
681570.4616,0
681738.5997,0
682273.6535,0
682323.7848,0
682507.4328,0
682510.0999,0
682602.9259,0
682618.9506,0
683001.3753,0
683214.9775,0
683255.3374,0
683562.7694,0
683674.027,0
683743.2662,0
683757.0329,0
684143.9323,0
684186.7083,0
684458.5566,0
684837.7589,0
684938.4322,0
685304.7896,0
685505.6431,0
685607.8235,0
685722.6804,0
685732.9806,0
686275.1862,0
686327.4642,0
686383.0189,0
686457.4331,0
686534.493,0
686559.3803,0
686970.1026,0
687087.7323,0
688175.9579,0
688529.1236,0
688561.1233,0
688845.4873,0
688889.7139,0
688958.3326,0
689144.7539,0
689153.1382,0
689280.20495,0
689292.1647,0
689399.0693,0
689456.0463,0
689698.2844,0
689777.8191,0
689943.6799,0
690105.9202,0
690188.56608,0
690224.555,0
690258.5099,0
690403.8269,0
690414.406175,0
690679.2535,0
690945.406,0
691002.4068,0
691037.2981,0
691303.4612,0
691467.188,0
691568.3856,0
691641.544,0
691777.2956000001,0
692056.734,0
692154.809,0
692228.6589,0
692434.5786,0
692450.55815,0
692472.30066,0
692487.3875,0
692552.9918,0
692916.1959,0
692950.6436,0
693018.6733,0
693043.4824,0
693103.0492,0
693267.0776,0
693336.9373,0
693427.9481,0
693527.7686,0
693590.9332,0
693907.4521,0
693925.8819,0
693927.8882,0
693995.0421,0
694094.5185,0
694197.7335,0
694436.6434,0
694441.9013,0
694543.894,0
694610.2956,0
694901.4893,0
694929.3757,0
695192.0627,0
695242.6686,0
695275.9814,0
695477.125,0
695530.0802,0
695569.2098,0
695598.0215,0
696061.0802,0
696175.2259,0
696252.2643,0
696354.4921,0
696523.1392,0
696625.2936,0
696696.4397,0
696704.2491,0
696806.2392,0
696810.9795,0
696917.9484,0
696991.536,0
697074.2029,0
697387.8992,0
697626.2331,0
697661.4169,0
697801.0859,0
697938.0699,0
698155.2295,0
698161.5079,0
698209.588,0
698448.1455,0
698461.8987,0
698552.7856000001,0
698664.527,0
698671.7543,0
698683.5164,0
698739.3091,0
698839.3899,0
699088.0038000001,0
699250.0817,0
699348.982,0
699426.2496,0
699449.0062,0
699673.9018,0
699910.4161,0
699992.0128,0
700029.5066,0
700176.8817,0
700267.2696,0
700291.922,0
700485.4419,0
700542.0433,0
700575.0856,0
700766.7294,0
700789.2929,0
700872.4519,0
700939.0264,0
700944.5266,0
701044.2264,0
701302.7067,0
701456.9108,0
701726.6893,0
701811.8903,0
701929.7088,0
702007.606,0
702166.5429,0
702347.9758,0
702368.0257,0
702573.7286,0
702582.5436,0
702732.860525,0
702826.7732,0
702865.098,0
702963.0711000001,0
703115.0587,0
703316.0851,0
703339.1622,0
703502.8209,0
703536.2578,0
703783.5055,0
703830.5435,0
703931.3971,0
704343.2673,0
704578.8573,0
704633.91184,0
704704.3719,0
704824.7116,0
705052.9443,0
705105.9219,0
705150.6063,0
705283.453,0
705415.2345,0
705493.2275,0
705494.95474,0
705625.5211,0
705636.2673,0
705684.0218,0
705694.532,0
706180.9605,0
706195.374,0
706223.1396,0
706292.2371,0
706441.3372,0
706852.2061,0
707014.4968,0
707292.3102,0
707383.9203,0
707392.6078,0
707430.956,0
707614.8805,0
707739.3167,0
707892.3135,0
707911.7249,0
707988.4456,0
708008.5955,0
708183.7444,0
708272.7267,0
708572.6372,0
708709.5291,0
709022.2021,0
709240.2334,0
709352.7879,0
710043.7824,0
710239.4493,0
710259.6864,0
710350.804,0
710405.5422,0
710832.4295,0
710985.7609999999,0
710987.3813,0
711056.0811,0
711199.2781,0
711603.2773,0
711691.4202,0
711704.3029,0
711748.1403,0
711842.4973,0
712617.0045,0
712637.1542,0
712688.9929,0
712737.9495,0
712979.8407000001,0
713069.5517,0
713551.8703,0
713698.4933,0
713931.0589000001,0
714097.7572,0
714345.9384,0
714352.6769,0
714674.6888,0
714985.4302000001,0
715007.7203,0
715168.409,0
715395.0756,0
715406.7753,0
715828.9382,0
715851.7844,0
715867.4779,0
715931.8879,0
716092.0824,0
716176.4936,0
716407.3066,0
716432.36,0
716467.4423,0
716489.0295,0
716744.113,0
717344.1959,0
717373.1365,0
717471.5893,0
717709.2321,0
717768.2996,0
717887.6777,0
717925.1126,0
717973.0145,0
717983.3005,0
718067.3665,0
718135.1418,0
718184.7603,0
718234.9206,0
718251.437,0
718371.3393,0
718441.0794,0
718542.3052000001,0
718648.0972,0
718813.299,0
718826.0252,0
718993.3796,0
719218.6311,0
719257.4105,0
719478.2203,0
719774.6993,0
719810.6196,0
719855.4539,0
719993.9410999999,0
720103.6318,0
720278.2869,0
720308.7682,0
720350.5305999999,0
720681.6848,0
720982.5707,0
721016.0403,0
721390.7732,0
721526.0724,0
721538.08,0
721548.3748,0
721894.2895,0
721954.7822,0
721974.186,0
722166.9542,0
722261.8552,0
722601.5453,0
722714.249,0
722744.7221,0
722763.7441,0
722962.8091,0
723319.6998000001,0
723323.384,0
723577.6443,0
723680.4358,0
723861.9972,0
724875.1862,0
725138.0003,0
725622.6409,0
725711.7826,0
725953.0112,0
726097.8803,0
726202.8208,0
726797.256,0
727212.9859,0
727235.212,0
727271.0466,0
727422.2019,0
727465.3267,0
727742.8658,0
727761.0924,0
727941.7253,0
727990.7303,0
728203.1324,0
728205.1694,0
728272.611,0
728516.8603000001,0
728914.8257,0
728986.4273,0
729331.1584,0
730505.003,0
730567.9997,0
730597.1803,0
730870.2906,0
730906.648,0
731367.6659,0
731417.6561,0
731532.0802,0
731566.0957,0
731665.483,0
732008.1163,0
732345.2937,0
732448.3369,0
732528.5879,0
732647.8373,0
733005.3096,0
733378.1368,0
733673.2911,0
733824.029,0
734025.6316,0
734048.95002,0
734348.6347,0
734397.5368,0
734533.8975,0
734668.5251,0
734711.9703,0
734788.9074,0
734816.2602,0
734970.7102,0
735051.3160999999,0
735161.0726,0
735197.9696,0
735223.3553,0
735302.8656,0
735390.8528,0
735532.1283,0
735613.3797,0
735713.3989,0
735927.8015000001,0
735978.0249,0
736038.9797,0
736110.2281,0
736302.7478,0
736613.6639,0
736864.3302,0
736888.0524,0
736889.13,0
736959.8657,0
737229.706,0
737478.9512,0
737485.298,0
737568.5403,0
737636.4637,0
737711.4335,0
737908.9342,0
737952.1236,0
737989.2911,0
738003.2844,0
738065.4739,0
738155.4537,0
738381.6776,0
738710.7224,0
738781.9059,0
738961.83855,0
739154.4225,0
739297.8114,0
739339.6385,0
739428.5047,0
739496.7854,0
739540.6475,0
740315.9183,0
740449.5291,0
740520.5085,0
740590.4815,0
741184.8945,0
741638.63395,0
742311.6158,0
742526.10734,0
742659.8745,0
742662.3629000001,0
742684.6729,0
742712.4209,0
742951.3735,0
743144.3139,0
743308.952,0
743475.7435,0
743626.73724,0
743933.1864,0
744276.757325,0
744509.4892,0
744552.5463,0
744696.0955,0
744710.8258,0
744800.5302,0
744804.6689,0
745499.206,0
745622.3831,0
745726.2304,0
746219.2012,0
746232.0452,0
746287.1229,0
746317.8516,0
746713.8694,0
746861.6307,0
746986.2195,0
747502.6582,0
747509.4791,0
747555.4321,0
747572.2063,0
747572.6116,0
747805.6302,0
747812.9356,0
748223.0074,0
748321.1599,0
748467.1806,0
748623.1695,0
748778.0094,0
748836.6396999999,0
748998.5588,0
749093.6309,0
749954.7938,0
749960.4211,0
750388.0833,0
750395.5369,0
750427.8802,0
750640.0427999999,0
751623.0681,0
751722.9428,0
752257.3437,0
752926.9165,0
753562.4937,0
753789.7773,0
753972.4322,0
754136.7771,0
754261.1932,0
754291.0695,0
754318.8921,0
754601.0744333334,0
754800.1573,0
754998.5328,0
756057.6576,0
756472.8063333334,0
756512.8345,0
756887.067,0
757578.3576,0
757796.5535,0
757812.825,0
758094.2826,0
758550.0124,0
758839.5891,0
759165.3854,0
759399.5995,0
759417.5089,0
759420.8362,0
759832.0439,0
760064.1233,0
760070.3733,0
760421.4629,0
760600.8797333334,0
761023.4358,0
761297.4582,0
761465.6095,0
761843.6035,0
761869.2892,0
761956.9198,0
762606.9802,0
762787.7024000001,0
763202.8059,0
763425.5609,0
763541.5337,0
763586.7286,0
763591.4412,0
763681.1195,0
763768.3102,0
763915.1914,0
764064.1217,0
764433.61222,0
764474.8156,0
764530.9582,0
765058.8819,0
765079.143,0
765080.3253,0
765674.4774,0
765700.6984,0
766076.4536,0
766078.4089,0
766239.2671,0
766496.0215,0
766514.6268,0
766548.4085,0
766580.4397,0
766591.0956,0
766842.4933,0
766939.0409,0
767020.3043,0
767244.8201,0
767597.3573,0
767723.4604,0
767797.5352,0
768155.3969,0
768160.2282,0
768406.046,0
768499.4965,0
768572.3749,0
768841.8495,0
768886.9682,0
769063.9866,0
769106.1652,0
769238.1224,0
769502.5545,0
769505.4799,0
769636.4984,0
769736.0546,0
769798.0068,0
769941.3428,0
770059.1648,0
770138.0611,0
770410.8445,0
770524.5353,0
770556.6118,0
771074.3106,0
771088.1304,0
771226.1723,0
771311.0275,0
771362.3258,0
771573.1958,0
771636.453,0
771693.4624,0
771765.8371,0
771885.424,0
772392.5095,0
772514.1938,0
772584.5009,0
772840.892,0
772850.3768,0
773041.7011,0
773095.5035999999,0
773246.1333,0
773271.5133,0
773282.4419,0
773309.668,0
773428.7483,0
773516.1155,0
773745.6621,0
773777.6103000001,0
773893.6679,0
774224.1383,0
774284.4878,0
774304.9514,0
774396.2359,0
774417.9727,0
774747.1198,0
774801.54792,0
775034.254225,0
775193.7574,0
775451.5642,0
775669.7385,0
775710.1039,0
776250.9026,0
776338.6101,0
776736.7074,0
777312.7751,0
777511.6243,0
777541.6892,0
-----Simulation END-----
