-----Simulation 0-----
172869.0703,0
172908.5007,0
172934.4326,0
172968.4183,0
172995.22950000002,0
173068.4878,0
173081.88880000002,0
173223.8137,0
173228.4605,0
173267.53889999999,0
173398.86920000002,0
173888.2188,0
173899.826,0
173919.3703,0
174046.4021,0
174185.8171,0
174225.9136,0
174321.0416,0
174413.09960000002,0
174445.9826,0
174496.4796,0
174579.213,0
174747.1633,0
174816.47526,0
175137.6992,0
175153.0216,0
175237.8139,0
175308.626,0
175320.36310000002,0
175450.6449,0
175537.5309,0
175549.03586666667,0
175661.65649999998,0
175709.7333,0
175834.1199,0
175840.7112,0
175873.7256,0
175976.59352,0
176004.3775,0
176007.0719,0
176027.8249,0
176037.95630000002,0
176479.2138,0
176489.6085,0
176744.0803,0
176776.0549,0
176820.0712,0
176887.8711,0
176902.778,0
176952.4164,0
176984.54200000002,0
177106.6193,0
177166.08490000002,0
177260.69150000002,0
177289.4692,0
177301.63880000002,0
177333.986,0
177381.267,0
177614.8519,0
177669.1652,0
177858.3551,0
177899.3109,0
177972.8393,0
177998.6191,0
178040.2613,0
178056.4485,0
178058.96480000002,0
178063.1932,0
178070.3253,0
178188.195,0
178297.04,0
178303.832,0
178311.783,0
178343.5288,0
178385.9057,0
178424.17362,0
178592.10450000002,0
178650.6574,0
178669.4766,0
178808.4353,0
178903.9563,0
178947.05430000002,0
179228.46110000001,0
179243.0356,0
179248.1463,0
179456.8532,0
179515.6076,0
179535.3336,0
179552.282,0
179705.60259999998,0
179892.12290000002,0
179929.9612,0
179973.122,0
180162.67475,0
180243.7921,0
180402.59786,0
180561.8469,0
180614.1322,0
180619.4925,0
180813.1101,0
181012.6096,0
181534.355,0
181634.113,0
181722.2827,0
181846.993,0
181955.8015,0
181977.8678,0
182031.4333,0
182043.84889999998,0
182114.782,0
182179.5607,0
182219.1464,0
182263.6409,0
182277.5358,0
182321.239,0
182578.2253,0
182579.3486,0
182592.8348,0
182661.0227,0
182671.3204,0
182877.9691,0
182892.2914,0
182922.7242,0
183138.9582,0
183143.5328,0
183317.0106,0
183344.0156,0
183354.9054,0
183359.96169999999,0
183405.75,0
183525.3922,0
183579.1329,0
183647.8664,0
183648.1143,0
183682.4816,0
183819.1379,0
183996.678,0
184002.0241,0
184139.1879,0
184157.5039,0
184172.9708,0
184338.98810000002,0
184423.6416,0
184540.6905,0
184564.7416,0
184588.6328,0
184790.166,0
184807.3787,0
184852.0076,0
184879.7941,0
184918.9838,0
184922.5794,0
184973.1102,0
185083.065,0
185086.5689,0
185198.52659999998,0
185295.7392,0
185300.8204,0
185337.1909,0
185557.7508,0
185811.0169,0
186050.0365,0
186156.4899,0
186163.6606,0
186171.0425,0
186173.1736,0
186212.9339,0
186251.2105,0
186446.413,0
186604.5976,0
186694.4157,0
187102.4116,0
187225.7124,0
187297.9851,0
187385.2978,0
187457.8749,0
187534.8665,0
187576.3978,0
187631.077,0
187777.41173333334,0
187975.00329999998,0
187985.1788,0
187991.3111,0
188027.1666,0
188081.2361,0
188129.6745,0
188149.4974,0
188348.20750000002,0
188518.95799999998,0
188612.0804,0
188700.86729999998,0
188859.49300000002,0
188865.54330000002,0
188899.1206,0
189091.1285,8346.237499999988
189230.8855,0
189258.8912,0
189305.6389,0
189313.4287,0
189411.9081,0
189545.0229,0
189833.7297,0
189889.753,0
189913.5729,0
190042.8329,0
190094.2461,0
190190.0265,0
190227.0599,0
190472.6274,0
190493.52289999998,0
190581.54129999998,0
190743.6519,0
190862.8568,0
191189.2575,0
191222.5651,0
191347.8748,0
191352.2169,0
191389.6189,0
191514.2502,0
191577.6759,0
191635.3068,0
191661.4315,0
191850.4747,0
191857.5041,0
191904.6378,0
191947.5803,0
192002.7199,0
192033.6472,0
192037.1581,0
192213.4305,0
192230.9425,0
192407.21480000002,0
192438.3806,0
192475.36800000002,0
192494.2529,0
192649.3616,0
192738.0561,330.9366999999911
192768.1606,0
192836.2953,0
192922.2323,0
192976.4437,0
193248.40519999998,0
193272.0215,0
193431.2012,0
193591.7247,0
193659.6475,0
193725.00579999998,0
193734.3126,0
193904.21289999998,0
193940.7443,0
193955.3355,0
194027.4327,0
194140.46,0
194157.9054,0
194239.8562,0
194250.08419999998,0
194266.85869999998,0
194385.1399,0
194486.1536,0
194881.2346,0
194901.903,2214.6042000000016
195013.2573,0
195095.0679,0
195302.1228,0
195457.91210000002,0
195465.96600000001,0
195553.4474,2232.2060000000056
195683.4924,0
195768.64250000002,0
195816.0073,0
195821.2886,1830.4992999999959
195935.0766,0
196058.2689,0
196059.8854,0
196130.8592,0
196152.077,0
196198.704,0
196272.0251,0
196441.9087,0
196444.8388,0
196483.8471,0
196530.9774,3189.0541000000085
196693.8389,0
196776.286,0
196792.512,0
196801.1408,2764.3127000000095
196846.886,0
196870.6632,0
196990.2081,0
197111.499,0
197346.1427,0
197461.08370000002,0
197967.6082,0
198067.3933,0
198126.4224,0
198297.93050000002,0
198441.0226,0
198793.9088,2579.543000000005
198886.4529,0
198909.5207,0
199040.5248,0
199045.6983,0
199099.7667,0
199184.0108,0
199194.45,0
199245.0513,0
199306.1698,0
199325.5859,0
199422.1782,0
199521.0281,0
199557.2905,0
199806.9181,0
199820.6323,0
199848.7267,0
199996.4705,0
200015.562,0
200092.1495,0
200339.1886,0
200418.56900000002,0
200455.7049,0
201090.5173,0
201325.8041,0
201442.9456,0
201489.34399999998,0
201499.013,0
201522.6791,0
201576.51380000002,0
201769.9211,0
201888.2108,4738.468699999998
202033.8121,2723.373500000016
202072.3694,0
202182.6709,0
202580.0164,0
202783.5874,0
202831.4524,0
202882.74844,0
202940.2278,0
203116.4201,0
203317.2187,0
203328.8193,0
203495.1456,0
203550.0121,0
203560.6379,0
203714.5657,0
203766.9644,4748.55799999999
204029.5669,0
204065.8958,0
204212.3973,0
204256.9544,1163.666499999992
204268.18790000002,0
204521.8627,0
204681.8799,0
204819.8966,0
204830.285,0
204888.7571,0
205009.4221,0
205066.5909,0
205071.2405,0
205114.9045,0
205458.0322,2427.431899999996
205506.6248,0
205765.6735,0
205777.251,0
205854.7384,0
206018.93774,0
206020.2784,0
206157.9902,0
206253.5966,0
206382.5694,0
206501.46779999998,0
206503.7201,0
206516.7252,0
206549.8669,2280.728700000007
206561.6878,0
206762.1177,0
206873.4127,0
206921.9257,0
207252.964,0
207253.4281,0
207373.5398,0
207480.3583,1988.022100000002
207592.3951,0
207865.4174,0
208205.0459,6945.198100000009
208427.1004,0
208672.8548,0
209069.397,0
209382.85139999999,0
209424.8498,0
209479.79869999998,0
209641.05463333335,0
210104.856,9459.066399999982
210153.3324,0
210211.78590000002,0
210383.0675,0
210441.2557,0
210780.3544,0
210783.874,0
210810.8885,0
210834.8542,0
210853.0749,0
210860.45799999998,0
211139.1415,0
211372.8039,0
211530.6819,0
211622.6969,0
211672.96899999998,0
211825.4409,0
211863.5815,0
211985.6104,8470.281300000002
212004.1757,0
212294.7047,0
212496.7104,0
212531.0712,0
212819.8609,0
212996.4575,0
213059.219775,0
213070.63439999998,0
213205.9064,0
213272.9972,13013.04860000001
213426.1862,3086.0476999999955
213446.4608,0
213484.3419,0
213546.5787,0
213556.6167,950.8479999999981
213583.34132,0
213711.3505,0
213757.0729,742.9861000000092
213809.3764,0
214173.0262,0
214323.5064,0
214366.9744,0
214443.6478,0
214589.1289,0
214911.4564,0
215206.6104,0
215212.4351,0
215259.9124,0
215261.8382,0
215379.1524,0
215454.4529,0
215501.7377,6449.5147
215531.0729,0
215757.453,0
215779.76799999998,0
215941.3293,0
215955.452,0
216141.2979,0
216275.77813333334,0
216293.826,0
216353.7973,0
216470.9405,0
216477.71240000002,0
216654.3293,0
217132.4448,4890.301299999992
217577.7861,0
217610.4115,0
217698.4912,0
217866.4705,0
217868.58768333335,0
217874.7427,0
218028.4809,0
218154.96659999999,0
218156.684825,0
218297.2923,0
218308.9099,0
218346.61119999998,0
218513.68218333332,0
218518.84,0
218636.8784,1067.1545999999798
218669.2195,17488.28270000001
218709.3982,0
218764.0475,0
218765.49044,0
218884.2242,0
218898.52360000001,0
219211.29129999998,0
219353.9326,0
219391.1347,0
219463.4647,0
219580.3549,0
219643.9834,0
219733.7569,0
219978.1154,0
220070.1617,0
220192.9055,0
220413.8016,113.97849999999744
220453.101,1862.2044999999925
220526.1133,0
220962.7683,0
220971.8099,0
221044.0703,0
221096.8724,0
221098.4044,0
221102.7466,0
221306.3644,0
221441.6262,0
221462.0289,0
221647.9124,0
221744.5937,6366.0889000000025
221958.1959,0
222013.0488,0
222134.0774,0
222512.0235,0
222772.4255,0
222897.5925,0
222927.3121,0
222984.4442,0
222985.3883,0
223042.7665,0
223068.0343,0
223093.024,0
223282.0055,802.5709999999963
223325.54320000001,0
223357.3652,0
223383.7701,0
223533.36,0
223597.3531,0
223764.0301,0
223768.25933333332,0
223786.4469,0
223798.4439,0
223816.3868,0
223868.05670000002,0
224027.6852,0
224146.3617,0
224154.7298,0
224510.2444,0
224563.8956,0
224932.6294,1738.4809999999998
225017.82812,0
225253.6936,0
225420.48200000002,0
225485.2967,0
225508.1818,0
225699.8747,0
225989.3917,0
226030.7978,0
226234.7182,0
226321.4595,0
226345.59106666668,0
226542.3341,0
226694.3727,0
226824.9147,0
226898.9991,0
226986.485,0
227259.89059999998,0
227412.5443,0
227442.8958,0
227721.1441,0
227726.8801,0
227818.7278,0
227896.5789,3901.5734999999986
228307.41580000002,0
228309.6411,0
228499.0043,0
228520.2115,0
228560.2523,0
228755.5802,0
228792.5003,0
228821.81873333332,0
228897.1502,0
228930.2156,0
229047.8404,0
229318.715,0
229429.3156,0
229448.0229,0
229720.6181,0
229735.5981,0
229829.12290000002,0
229977.3997,0
230057.7926,0
230294.0273,0
230482.0114,0
230611.8896,0
230618.9585,0
230652.42979999998,0
230703.10139999999,0
230861.7319,0
230874.8233,0
231093.2024,0
231581.7242,0
231900.5837,0
231964.1031,0
232014.0076,0
232116.0934,0
232117.4298,0
232127.3038,0
232256.8032,0
232280.907,0
232315.4985,0
232368.8752,0
232417.9123,0
232582.9156,0
232608.355,0
232666.811,0
232719.7444,8346.432100000005
232739.9608,0
232751.2789,0
232912.8442,0
232994.6857,0
233381.764,0
233705.037,0
233774.62410000002,0
233809.893,0
233820.60820000002,0
233847.771,0
233969.0944,0
234008.9291,0
234141.1468,0
234144.3988,0
234150.50040000002,0
234210.6769,0
234473.78732,0
234481.69508,0
234660.4959,0
235062.571,0
235176.7219,0
235270.5912,0
235308.3168,0
235345.98619999998,0
235461.3977,0
235525.3027,0
235639.3126,0
235708.6857,0
235716.92320000002,0
236135.9034,0
236147.5453,0
236264.3894,0
236277.2636,0
236367.9706,0
236429.655,0
236552.5214,0
236629.4241,0
236661.9371,0
236692.4074,0
236837.1417,0
236871.01846666666,0
236908.3325,0
236940.0715,0
236951.6179,0
237023.8089,0
237317.0722,13062.719699999987
237614.2391,0
237642.8353,0
237673.711,0
237846.0534,0
237948.36171666667,0
238342.0833,0
238620.2586,0
238642.4314,0
238693.101,0
238735.0824,0
238740.3961,0
238861.1282,0
239081.9737,0
239389.8024,0
239411.1404,0
239456.0444,0
239823.40230000002,0
239841.2649,0
239978.1477,0
240057.47509999998,0
240076.0698,0
240098.4688,0
240098.5426,0
240108.5603,0
240510.8581,0
240574.2012,0
240598.1065,0
240602.4114,0
240719.5618,0
240979.8492,0
241040.8497,0
241096.3509,0
241121.3266,0
241459.09159999999,0
241529.0387,0
241561.6019,0
241576.52419999999,0
241662.0904,0
241664.5326,0
241672.3853,0
241942.0371,0
241977.5125,0
241998.3973,0
242038.7306,0
242147.6314,0
242300.3246,0
242377.5429,0
242467.661,0
242542.7463,0
242593.3233,0
242759.8301,0
242816.7701,0
242892.54200000002,0
242894.2553,0
242921.2641,0
242968.0385,0
243083.7665,0
243433.16389999999,0
243515.6268,0
243794.56339999998,0
244143.347,0
244283.5866,0
244300.1918,0
244350.962,0
244441.64393333334,0
244472.09436,0
244615.309,0
244703.0324,0
244784.3366,0
244851.013,0
244930.36920000002,0
244994.5752,0
245021.3186,0
245249.8546,0
245590.5811,0
245603.6857,0
245605.6272,0
245650.336,0
245663.3365,0
245847.3926,0
246156.5873,0
246268.76188333333,0
246272.5968,0
246424.57069999998,0
246569.6515,0
246674.94150000002,0
246784.95416666666,0
246803.4206,0
246928.3948,0
246986.0525,0
247028.4835,0
247043.9961,0
247337.4896,0
247388.1315,0
247526.0022,0
247626.7438,0
247634.9356,0
247690.0227,0
247703.5246,0
247753.8404,0
247879.4516,0
248011.3059,0
248161.9209,0
248192.9686,0
248346.48,0
248380.9888,0
248382.4227,0
248388.9503,0
248436.86920000002,0
248471.2853,0
248771.866,0
249002.20620000002,0
249259.8162,0
249439.8723,0
249489.1815,0
249660.0471,0
249705.5246,0
249730.5013,0
249765.1069,0
249774.7857,0
249841.6236,0
250017.0856,0
250112.7154,0
250155.7811,0
250315.5946,0
250386.6702,0
250470.6537,0
250582.1873,0
251152.2747,0
251429.1993,0
251663.0246,0
251857.4981,0
252060.9098,0
252081.0128,0
252106.43050000002,0
252307.9994,0
252459.60820000002,0
252461.1862,0
252474.4059,0
252481.74670000002,0
252500.0247,0
252667.4997,0
252729.61119999998,0
252867.9324,0
252884.2555,0
252936.9306,0
253017.0734,0
253102.0939,0
253110.5798,0
253142.98129999998,0
253167.95919999998,0
253231.2098,0
253375.71048,0
253594.4476,0
253634.2644,0
254095.1585,0
254096.7933,0
254179.7424,0
254227.6361,0
254388.7485,0
254968.918,0
255055.1421,0
255115.813,0
255199.7947,0
255211.3957,0
255242.5778,0
255320.2359,0
255406.8889,0
255493.0111,0
255675.2076,0
255839.78710000002,0
255914.9226,0
256044.8213,0
256081.5166,0
256131.21850000002,0
256160.926,0
256482.4536,0
256492.1097,0
256564.43,0
256669.35090000002,0
256769.1384,0
256910.6144,0
257058.07020000002,0
257065.0771,0
257093.8701,0
257213.18420000002,0
257242.56900000002,0
257244.2664,0
257323.83896,0
257453.1715,0
257560.3255,0
257686.3469,0
257711.60210000002,0
258277.03399999999,0
258331.7103,0
258465.6521,0
258476.3695,0
258496.0435,0
258613.0098,0
258660.5397,1917.8066999999864
258884.6631,6606.8027
258952.87780000002,0
259011.4363,0
259091.4928,0
259177.293,0
259712.3791,0
259795.8694,0
259802.7294,0
259811.5914,0
259949.283,0
260039.9356,0
260041.9505,0
260064.7388,0
260158.8811,0
260168.84399999998,0
260237.2925,0
260283.6773,0
260300.20679999999,0
260321.8642,0
260350.5397,0
260362.241,0
260363.7027,496.21140000000014
260386.00628333332,0
260402.0834,0
260707.52850000001,0
260753.1643,0
260883.5053,0
261006.5907,0
261105.7494,0
261200.49,0
261356.68349999998,0
261377.7277,0
261565.151,0
261637.0396,0
261763.1391,5398.563850000006
261795.5813,0
261832.25280000002,0
261846.6153,0
261868.69,0
261905.6844,0
261932.9061,0
261941.430475,0
261947.6037,0
262118.2778,0
262194.5608,0
262251.6451,0
262261.2732,0
262262.0189,0
262419.94299999997,0
262476.1596,0
262746.3875,0
262891.9856,0
262959.296,0
262980.48589999997,0
262981.9275,0
263089.3542,0
263131.84,0
263178.9386,0
263268.7576,0
263294.4716,0
263374.7007,0
263418.326,0
263474.9677,0
263519.2994,0
263747.7601,0
263813.6555,0
263990.4671,0
263992.9072,0
264230.6499,0
264241.7899,0
264473.3435,0
264498.5021,0
264505.8505,0
264541.69663333334,0
264592.8861,0
264778.6091,0
264833.6816,0
264862.445,0
265085.2538,0
265271.2514,0
265394.9644,0
265435.9972,45.023400000005495
265475.7717,0
265644.6772,0
265678.84990000003,0
265731.941,0
265795.8851,0
265837.8469,0
265925.1765,0
265953.38300000003,0
265992.6277,0
265994.4942,0
266128.8362,0
266305.3389,0
266306.7382,0
266508.1908,0
266526.75450000004,0
266683.0791,0
266787.602,0
266826.8993,0
266919.4807,0
266919.72568,0
267001.3267,0
267022.9985,0
267063.0361,0
267146.8862,0
267347.5811,0
267349.4465,0
267410.1702,0
267504.69598333334,0
267559.3148,0
267569.8007,0
267614.6233,0
267628.1958,0
267700.7032,0
267814.175,0
267823.7645,0
267885.705,833.8115000000107
268008.3812,0
268052.1909,0
268332.7581,0
268357.4042,0
268417.5751,0
268582.63049999997,0
268712.6631,0
268722.1753,0
268755.6193,0
268780.6009,0
268826.3023,0
268901.1552,0
268977.2203,0
269189.4856,0
269407.6343,0
269523.3893,0
269601.3727,0
269787.0038,0
269885.0518,0
269952.26060000004,0
270034.8786,0
270040.2103,0
270281.3944,0
270301.9479,0
270372.8505,0
270382.83640000003,0
270463.9203,0
270512.05449999997,0
270535.9448333333,0
270546.2164,0
270568.7256,0
270625.2301,0
270633.0633,0
270711.9607,0
270792.9655,0
270986.1778,0
270990.2213,0
271149.9739,0
271165.8248,0
271272.1821,0
271368.9654,0
271447.3234,0
271513.105,0
271607.28859999997,0
271634.7476,0
271660.5819,0
271684.3627,0
271973.5805,0
271985.9667,0
272013.7973,0
272070.496,0
272141.2964,5235.114300000016
272292.4916,0
272330.2517,0
272540.9849,0
272612.5521,0
272621.5889,0
272775.9167,0
273236.9564,0
273344.9771,0
273353.7567,0
273483.53740000003,0
273514.1574,0
273637.9923,0
273691.8093,0
273732.9814,0
273775.7336,0
273813.4317,0
273866.8382,0
273884.4907,0
273998.98219999997,0
274056.8608,0
274063.1757,0
274080.5421,0
274106.3982,0
274125.9175,0
274195.3947,0
274261.8457,0
274301.86089999997,0
274397.219,0
274493.3285,0
274622.1527,0
274727.4218,0
274971.408,0
275007.3169,0
275068.5336,0
275266.9697,0
275373.6187,0
275475.3636,0
275647.6747,0
275747.9106,0
275929.8974,0
275999.6784,0
276090.48589999997,0
276099.1431,0
276126.3901,0
276130.4422,0
276214.4364,0
276274.4807,0
276469.0228,2733.3328999999794
276608.07779999997,0
276683.40260000003,0
276737.2973,0
276780.2387,0
276787.22609999997,0
276966.3649,0
277032.5006,0
277473.3369,0
277475.63646,0
277611.9441,0
277681.4083,0
277701.9523,0
277849.1313,0
277970.52150000003,0
278127.4664,0
278128.2217,0
278297.0124,0
278313.4267,0
278482.86710000003,0
278644.7915,0
278707.0603,0
278715.46270000003,0
278735.7496,646.9103999999934
278942.6551,0
278969.1379,0
278981.0699,0
278983.184,0
279325.188,1327.3262000000104
279357.2158,0
279395.8914,8913.10460000002
279662.4064,0
280167.7139,0
280236.3127,0
280286.1396,0
280351.3382,0
280483.64509999997,0
280484.3687,0
280890.7897,0
280941.55590000004,0
281145.6676,0
281282.5403,0
281448.1996,0
281466.3579,0
281486.1495,0
281491.3908,0
281633.9619,0
281693.2843,0
281738.1725,0
281753.2914,0
281789.632,0
281928.44909999997,0
282149.2744,0
282201.3155,0
282260.631,0
282335.26529999997,0
282369.3213,0
282397.3581,0
282693.4549,0
283112.457,0
283145.8354,0
283147.8602,0
283238.9464,0
283288.2758,0
283332.4033,0
283403.5069,0
283498.8933,0
283532.2937,0
283711.3694,0
283796.925,0
283801.2789,0
283824.4262,0
283834.97010000004,0
283946.6272,0
284038.8644,0
284091.7509,0
284337.5314,0
284394.343,0
284405.7075,0
284738.4283,0
284869.3482,0
285035.0903,0
285103.7341,0
285107.33400000003,0
285280.3767,0
285363.1594,0
285776.6589,0
285787.0946,0
285830.0722,0
285912.3646,0
286063.4519,0
286148.7204,0
286249.673,0
286697.2254,0
286819.35109999997,0
286877.1531,0
286910.0302,0
287142.213,0
287174.0944,0
287217.8459,0
287293.2198,0
287447.31570000004,0
287566.1648,0
287723.2851,0
287894.534,0
287981.4159,0
288017.5722,0
288156.634,0
288162.69680000003,0
288218.2754,0
288506.8621,0
288585.8611,0
288604.4479,0
288690.6084,4560.723800000036
289119.3817,0
289200.19909999997,0
289456.5756,0
289655.9106,0
289746.2303,0
290253.8004,0
290342.4603,0
290446.747,0
290608.941,0
290818.73470000003,0
290829.7077,0
290884.6964,0
291154.8925,138.38370000000577
291277.8561,0
291447.4422,0
291508.3019,0
291577.0287,0
291594.2094,0
291595.59849999996,0
291615.9787,0
291658.129,256.0358000000124
291759.3319,0
291765.6064,0
291889.9667,0
291893.3481,0
291990.0874,0
292003.9144,0
292051.4745,0
292144.7291,0
292354.9285,0
292457.8825,0
292496.7645,0
292725.0747,0
293070.4151,0
293234.875,0
293443.9808,0
293539.9984,17818.42849999998
293574.2845,0
293682.1089,0
293705.0649,0
293791.6166,0
293853.7058,2730.6876000000047
293940.8614,3646.1204000000143
293983.1303,0
294005.2628,0
294139.3655,0
294139.3894,0
294344.9071,0
294357.7717,0
294566.65009999997,0
294807.9068,0
295234.5207,0
295273.1798,0
295320.3479,0
295405.1416,0
295577.0664,0
295829.9235,0
295891.3091,320.37180000002263
295931.8696,0
296449.1137,0
296491.6256,0
296539.4111,0
296955.9152,0
297106.6606,0
297203.7645,0
297302.667,0
297424.7953,0
297426.8977,0
297673.1353,0
297883.4251,574.3092000000179
297901.7427,0
298222.89,0
298309.2771,0
298349.6186,0
298372.4105,0
298455.3753,0
298472.4151,0
298673.2511,0
299064.7697,0
299086.8554,0
299121.2939,0
299195.60750000004,0
299249.9504,0
299258.2516,6574.762700000021
299367.6028,0
299461.1089,0
299528.6338,0
299564.6032,0
299685.059,0
299695.6767,0
299709.7491,0
299711.2047,0
299908.93799999997,0
300001.577,0
300089.78489999997,0
300124.8662,0
300210.1543,0
300301.1839,0
300691.2427,0
300843.52806,0
300864.0761,0
300880.185,0
301240.3036,0
301265.2898,0
301268.6603,0
301662.0324,360.3070000000298
301854.0353,0
301908.6063,0
301947.7839,0
302007.1339,0
302096.2605,0
302121.9055,0
302256.7372,0
302302.6798,0
302417.7839,0
302551.4019,0
302643.70889999997,0
302660.6841,0
302872.295375,0
302916.0806,0
302920.2163,0
302923.2223,0
302926.5848,1999.3206000000355
303038.66240000003,0
303431.5591,0
303459.6315,0
303467.1824,0
303554.2153,0
303629.9547,0
303870.1121,0
303951.1243,0
304300.8696,0
304320.987,0
304423.12549999997,0
304566.104,0
304569.2784,0
304600.6902,0
304712.4992,0
304717.5622,0
304812.2956,0
304867.2997,0
304884.167,0
304903.1927,0
305062.2422,0
305198.1276,0
305394.071,0
305873.9934,3298.9162999999826
305953.91099999996,0
306189.3406,0
306420.0127,0
306432.9399,3240.077500000014
306450.9935,0
306604.3291,12540.756799999974
306751.274,3370.648599999957
306843.6977,0
307011.5408,0
307199.0058,0
307200.0318333333,0
307203.0335,0
307261.24820000003,0
307283.93546,0
307320.9447,0
307706.4022333333,0
308126.6687,0
308231.192,13774.141499999969
308316.3275,0
308336.0096,13588.987199999974
308487.2911,0
308664.1398,0
308791.1021,0
308853.4096,0
309014.7666,0
309062.6888,7709.641400000022
309165.1152,0
309549.197,0
309657.6728,0
309697.8763,0
309846.1308,11705.447400000005
309941.8273,0
309978.3933,0
309984.049,0
310372.3826,0
310417.0662,0
310455.2818,0
310513.2939,0
310532.5286,0
310566.1319,0
310591.9177,0
310673.0574,0
310776.7699,0
310789.4585,0
311064.6216,0
311337.6067,0
311369.9279,0
311414.3382,0
311547.1372,0
311631.8763,0
311640.26558,0
311668.1551,0
311797.9294,0
312160.1263,0
312210.3024,0
312398.7795,8066.480299999996
312436.4992,0
312642.8438,0
312726.0874,0
312803.5983,0
312920.6705,0
313157.07514,0
313166.0777,0
313208.1067,0
313218.6202,0
313245.3808,0
313508.6725,0
313517.7842,0
313695.4487,0
313753.524,0
313766.8972,0
313905.4164,0
313928.7529,0
314191.5771,0
314206.4306,0
314273.7419,0
314299.3568,0
314388.3056,0
314467.1786,0
314618.70149999997,0
314888.972275,0
315018.7885,0
315072.9893,0
315219.0661,0
315453.7325,0
315626.1712,0
315627.5243,0
315930.3567,0
316000.4277,30522.693700000003
316047.7362,0
316131.3138,3832.826000000001
316233.91949999996,0
316252.0357,0
316438.6191,0
316664.3039,0
316861.12080000003,0
316889.6742,0
317075.3113,0
317391.8946,0
317571.951,0
317617.2712,0
318177.7085,0
318480.501,0
318488.23132,0
318490.0107,0
318508.11325,0
318658.7669,0
318697.12,0
318750.7132,0
318764.7453,0
318997.08964,0
319005.8228,0
319351.534,0
319550.0035,0
319673.7446,0
319673.7791,0
319777.3763,10185.674800000037
319780.0609,0
319846.522,0
320738.4604,0
320840.6012,11267.708799999964
320872.8063,0
321072.5209,0
321655.7893,0
321784.91969999997,0
321845.9733,0
321875.04949999996,0
322074.5183,12923.704099999974
322121.2144,0
322145.9304,0
322385.3784,0
322399.7843,0
322411.6545,0
322526.907,0
322616.8056,17289.645900000003
322629.2191,0
322676.5355,0
322827.8827,0
322966.806,0
322992.4183,0
323039.5471,0
323100.3759,0
323493.7143,0
323600.6626,0
323697.6777,0
323739.2454,0
323890.4177,0
323912.7859,0
324014.1632,0
324095.1929,0
324212.4364,0
324214.8576,0
324399.9066,0
324419.4836,0
324438.8755,0
325034.967,0
325085.474,0
325104.2494,0
325266.588,0
325273.0748,0
325431.0513,0
325489.3878,0
325496.3162,0
325540.53729999997,0
325625.5269,0
325986.0125,0
326006.4719,0
326018.2354,0
326108.3842,0
326145.7593,0
326468.2815,0
326783.31296666665,0
326802.43940000003,0
326910.576,0
326973.3503,7929.657799999986
327104.4639,0
327109.4384,0
327216.7724,0
327262.6273,0
327330.1086,0
327465.4442,0
327865.1233,0
327994.54839999997,0
328060.7398,0
328104.6266,0
328164.0677,0
328194.5348,0
328420.6625,0
328512.0481,0
328519.85970000003,0
328520.2295,0
328785.1559,0
328969.1465,0
329055.3758,0
329201.01529999997,0
329246.1258,0
329283.7866,0
329284.9722,0
329387.4789,0
329624.6488,0
329709.7022,0
329838.06429999997,0
330075.5698,0
330108.0985,0
330354.5721,0
330380.665,0
330447.28254,0
330497.0496,0
331108.0068,0
331221.1385,0
331270.3497,0
331291.8764,0
331359.0237,0
331473.8341,0
331495.2708,0
331612.5718,0
331847.0068,0
331969.3396,0
331969.5342,0
331971.3195,0
331974.4587,0
332053.8479,0
332181.244,0
332225.5071,0
332227.5432,4922.715400000045
332251.2032,0
332321.1231,0
332356.69305,0
332372.5556,0
332579.8248,0
332705.6474,0
332713.1286,0
332799.2554,0
332872.603,0
332961.7055,0
333271.8999,0
333319.9364,0
333359.3294,0
333409.82785,0
333444.6775,0
333510.2614,0
333602.0933,0
333781.5284,0
333822.45160000003,0
333857.3283,0
334023.0853,0
334081.4487,0
334282.4811,0
334287.4792,0
334326.2327,0
334355.83056,0
334436.9763,0
334491.99100000004,0
334611.4916,0
334651.5747,0
334894.2905,0
334974.91000000003,0
334992.1122,0
335067.7684,0
335115.35730000003,0
335197.9048,0
335321.6381,0
335348.0404,0
335398.8269,0
335528.61,0
335687.52208,0
335717.0229,0
335803.1855,0
335815.5539,0
335826.1454,4611.98279999994
335886.31799999997,0
335994.0212,0
336117.7508,0
336141.7415,0
336333.1548,0
336341.5946,0
336356.83019999997,0
336431.4072,0
336577.6607,0
336650.564,0
336656.22490000003,0
336704.3063,0
336711.7866,0
336721.4416,0
336746.8486,0
336773.21259999997,0
336775.69326,0
336812.8844,0
337072.057,0
337185.54071666667,0
337327.5829,0
337425.2458,4072.1830999999656
337603.1422,0
337605.64,0
337607.3971,0
337628.4117,0
338081.6237,0
338178.8748,0
338180.6781,0
338323.8655,0
338587.6618,0
338608.5678,0
338843.0981,0
338882.6901,0
338909.6163,0
338956.9858,0
339080.6421,0
339175.6753,0
339194.1988,0
339424.11069999996,0
339439.5968,0
339498.60418,0
339688.1156,0
339797.5299,0
339953.1818,0
339960.8795,0
339977.4015,0
340002.5135,0
340478.1961,0
341043.8211,0
341175.23905,0
341177.8074,0
341267.7498,0
341297.8889,0
341535.238,0
341601.3402,0
341678.612,0
341826.4548,0
341967.5324,0
341968.4215,0
341978.6581,0
342027.3013,0
342034.7966,0
342211.5417,0
342237.3514,0
342461.0426,0
342463.9019,0
342468.841,0
342650.1897,0
342675.7398,0
342724.2558,0
342744.8885,0
342875.4599,0
342942.4098,0
342960.8782,0
342981.3115,0
343109.0145,0
343158.1589,0
343181.428,0
343228.9528,1249.628000000026
343542.5757,0
343555.82948,0
343705.66000000003,0
343717.6196,0
343780.2614,0
343822.3863,0
343827.6441,2245.6156999999657
343861.2275,0
343911.1146,0
343923.2603,0
343995.8412,0
344110.8267,0
344181.4343,0
344279.6162,0
344333.36340000003,0
344493.9178,0
344508.9998,0
344514.40249999997,0
344516.9442,0
344520.58030000003,0
344738.4466,0
344810.2569,3801.987699999998
345130.8703,0
345177.3323,0
345238.2829,0
345308.4205,0
345781.4166,0
345990.6532,0
346066.9733,0
346220.2099,0
346391.49199999997,0
346416.00695,0
346449.0822,0
346458.7649,0
346472.633,0
346525.41969999997,0
346803.2808,0
346813.1139,0
346822.4348,0
346895.088,0
346931.0651,0
346934.844,0
346971.7397,0
346975.5843,0
347340.0273,0
347407.6932,0
347457.5372,0
347589.1037,0
347657.2405,0
347978.9457,0
347995.3382,0
348258.9686,0
348304.1534,0
348413.7269,0
348557.8816,0
348612.9954,0
348863.28599999996,0
348885.562,0
348997.7367,0
349161.2695,0
349334.8326,0
349498.7205,1793.7917250000173
349524.4422,0
349560.9374,0
349585.7565,0
349688.6213,0
349717.4255,0
349729.0743,0
349783.6792,4552.796900000016
349902.3544,0
349981.3748,0
350131.2672,0
350180.8799,0
350192.3012,0
350237.7809,0
350413.656,0
350436.7958,0
350461.9895,0
350503.384,0
350525.3946,0
350583.3326,0
350595.2855,0
350772.3182,0
350806.3343,0
350943.596,0
351114.02886,0
351136.0068,0
351169.904,0
351204.192,0
351240.9541,0
351364.0836,0
351393.7605,0
351394.3466,0
351440.1939,0
351686.6982,0
351723.647,0
351782.15020000003,0
351922.33023333334,0
351940.7885,0
352161.0782,0
352448.3078,0
352451.0396,0
352462.4984,0
352502.40619999997,0
352864.6413,0
352974.2182,0
352978.2197,0
353024.453,0
353119.2088,0
353182.2581,0
353357.2595,0
353364.6003,0
353380.6061,0
353524.792,0
353548.2461,0
353588.6312,0
353725.3729,0
353731.9225,0
353781.9481,0
353818.3797,0
353837.6215,0
353860.4571,0
354030.2969,0
354100.66000000003,0
354108.3209,0
354173.7615,0
354191.2455,0
354231.185,0
354298.3006,0
354316.2732,0
354467.6101,0
354478.5343,0
354540.0818,1118.4208999999682
354555.0672,0
354638.7626,0
354883.0983,0
354973.0534,0
355076.5111,0
355116.021,0
355168.6378,0
355193.14,0
355207.6089,0
355236.1961,0
355364.298,0
355624.6382,0
355666.8604,0
355759.577,0
355762.9781,0
355879.0263,0
355960.90989999997,0
356084.3138,0
356151.8784,0
356159.5188,0
356296.9755,0
356498.5971,0
356505.5087,0
356547.199,0
356729.8217,0
356831.3328,0
357181.4941,0
357224.8509,0
357246.1764,0
357448.82039999997,0
357476.5393,0
357507.0348,0
357693.1717,0
357694.3342,0
357941.2661,0
358022.1448,0
358042.8963,0
358073.1478,0
358080.2417,0
358124.6346,0
358305.3837333333,0
358446.4633,0
358521.3125,0
358548.4959,0
358570.2353,4603.864100000006
358576.8255,0
358660.4954,0
358793.5747,0
358912.7156,0
359016.6519,0
359032.1484,0
359132.3191,0
359197.837,0
359218.2078,0
359333.7467,0
359363.0629,0
359462.3105,0
359528.8559,0
359649.17000000004,0
359683.2791,0
359893.33499999996,0
359987.7265,0
360076.6828,0
360119.7179,0
360223.92209999997,0
360309.3877,4048.893700000015
360464.8501,945.7161999999662
360467.887,0
360572.3449,0
360598.0961,0
360635.4151,0
360666.2072,0
360688.301,0
360768.0005,2041.8913000000175
360911.6751,0
361033.89890000003,0
361068.8032,0
361123.4163,0
361148.6086,0
361296.3185,2848.8300000000163
361305.7798,0
361361.9387,978.1823999999906
361450.2119,0
361599.3652,0
361676.1928,0
361735.964,0
361865.1471,0
361925.6702,0
362082.2867,0
362115.6642,0
362155.2848,0
362345.2875,5381.704499999993
362377.2587,0
362413.839,0
362445.5512,0
362618.9344,6858.6035000000265
362822.32,0
363050.2239,0
363125.3773,0
363192.6906,9622.785799999954
363263.8309,0
363271.5244,0
363344.6616,0
363425.8173,0
363426.6932,0
363525.91969999997,0
363618.1016,0
363716.22479999997,0
364012.3398,0
364038.8735,0
364176.7719,0
364387.2885,0
364644.7838,3329.3533999999636
364671.3033,0
364702.9468,0
364731.7843,0
364804.0488,0
364822.2192,0
364852.4554,0
364854.2021,4900.770200000028
365018.0284,5492.851399999985
365233.4213,109.47609999997076
365700.5642,0
365706.01410000003,0
365837.6657,0
366013.4535,0
366016.506,0
366155.2743,0
366447.6333,0
366555.4279,0
366564.8923,0
366582.7675,0
366705.6825,0
366932.3824,0
367032.1565,0
367186.1442,0
367215.976,0
367336.6185,0
367726.2794,0
367790.2422,0
367908.0971,0
367956.2855,0
368029.201,0
368048.1058,0
368072.1308,795.2542999999714
368185.8039,0
368298.07409999997,0
368320.1119,0
368322.7977,2998.6689999999944
368513.5963,0
368698.8006,0
368736.7349,0
368797.65150000004,0
368825.4488,0
369425.7132,0
369449.7599,0
369519.1304,12056.536100000027
369568.4501,0
369614.6708,0
369627.1995,0
369629.91339999996,0
369655.8881,0
369745.6743,0
369968.4449,0
370082.0385,0
370147.4985,1525.810999999987
370160.6014,0
370175.5298,0
370294.4902,0
370330.6029,0
370354.1738,1353.9694000000018
370376.1512,0
370558.2963,0
370739.5398,0
370795.6502,0
370797.8592,0
371042.742,1592.3839000000153
371089.7508,0
371210.5889,0
371595.9054,0
371606.1864,0
371621.7404,0
371719.0453,0
371727.9145,0
371821.8099,0
371874.2613,0
372379.2146,0
372392.103,0
372520.2935,0
372525.0599,0
372536.07660000003,0
372715.2258,0
372955.203,0
373038.7047,0
373107.4567,8413.198499999999
373187.9862,43.633399999991525
373209.2709,0
373274.3217,2199.013699999952
373291.612,0
373393.9501,0
373477.6864,520.0470000000205
373642.7978,7904.288600000029
374011.148,0
374081.8615,0
374196.5466,0
374243.8462,1257.1542000000481
374248.0212,3627.089100000041
374350.7415,0
374548.6225,0
374749.4314,1371.4529999999795
374765.4276,0
374821.2964,2963.563599999994
374913.3113,0
374985.5327,5165.773300000001
375183.16599999997,0
375376.5909,0
375680.13049999997,0
375844.7802,0
375914.3825,0
375959.7109,0
375971.4262,0
376040.0422,0
376161.1491,0
376183.9644,0
376281.6083,0
376425.2277,0
376677.3323,2359.9990000000107
376708.1264,0
376724.8457,5521.48119999998
377133.937,2865.7146000000066
377135.34770000004,0
377172.6652,0
377229.7041,0
377246.1833,0
377326.58759999997,0
377394.3245,2812.4151999999885
377570.8639,4256.731499999994
377582.8565,0
377649.5269,0
377821.0051,538.3680000000168
377863.2594,0
378401.237,0
378410.1593,0
379006.5585,0
379147.39029999997,0
379151.3345,0
379253.9439,10590.226900000009
379430.62735,0
379513.7274,5399.541199999978
379691.1854,0
380101.2855,0
380165.997,16963.17729999998
380235.6966,0
380294.3173,0
380351.6604,0
380368.5433,0
380404.3978,3655.9596999999485
380464.3131,1171.9942000000156
380509.3727,0
380721.5689,0
381002.5963,0
381002.891,5960.507800000021
381188.255,0
381219.9422,1019.7826999999816
381234.4711,0
381241.6669,0
381335.1547,0
381424.3887,9669.66730000003
381515.0167,0
381531.3342,0
381677.8649,5836.583799999964
381814.4173,0
382040.0652,2979.3386000000173
382083.0597,7077.9065999999875
382277.0597,0
382294.8156,0
382413.2444,0
382573.9504,4749.275999999954
382716.417,3230.8890000000247
382800.9628,2870.7496999999858
382870.8177,0
383009.0667,0
383237.2336,0
383297.5296,0
383416.7298,366.1302999999607
383797.0162,3122.807700000005
383856.1171,0
383862.601,0
383935.7244,8238.617299999984
384515.1797,0
384777.84988,0
384809.507125,0
384869.0928,0
384991.2102,0
385071.0785,0
385162.9768,0
385174.7198,0
385299.0023,0
385421.59010000003,0
385497.4115,0
385515.9035,0
385602.7099,4816.486900000018
385608.94299999997,0
385612.4953,0
385660.0457,0
385714.1307,0
385748.2788,0
385989.2389,1498.1367000000319
386219.6549,19548.395300000033
386228.9473,2880.5862000000197
386283.93115,0
386443.4696,0
386457.8649,0
386478.8518,6666.426099999982
386722.9885,6357.303899999999
386859.6916,0
386944.6659,1746.5852000000305
387109.3382,10282.921900000016
387197.4632,0
387374.637,2663.664999999979
387505.8676,0
387520.5731,0
387833.43960000004,0
388038.9317,10923.10619999998
388039.5003,9916.752600000007
388079.66229999997,0
388096.4,7394.452000000048
388204.3586,23140.156099999964
388221.1615,0
388284.4593,0
388400.3728,0
388420.1606,0
388742.1148,0
389016.6198,0
389061.1277,0
389182.5782,0
389405.1423,10526.37400000001
389478.9398,0
389959.4798,0
390067.1667,15140.578800000018
390511.7323,0
390576.7746,0
390720.0112,0
390796.5388,0
390861.577,0
390890.6665,0
390930.4307,0
391006.7388,0
391028.2401,0
391101.5495,0
391364.0489,0
391463.3715,0
391627.8961,0
391803.4507,0
391923.9333166667,0
392128.85699999996,0
392137.1142,0
392137.6682,3630.2735000000102
392181.1262,0
392247.6784,18576.898399999947
392300.0319,0
392323.6598,0
392672.1485,0
392949.9498,0
393110.6679,0
393163.0796,0
393190.3666,0
393247.8731,7562.521700000041
393424.9834,0
393442.2655,0
393579.6097,0
393688.4146,7338.34500000003
393719.3717,0
393819.6426,0
394137.6621,0
394171.6894,0
394183.9349,0
394306.191,8439.916499999992
394478.00303333334,0
394485.4859,11741.247300000046
394551.1749,0
394620.9281,8797.6777
394684.7954,0
394833.1217,131.79120000003604
394969.233,0
394972.5538,0
395019.9384,1543.4712999999756
395233.887,0
395403.2031,17407.7194
395446.9321,9314.966399999976
395607.9032,0
395878.9033,0
395880.4195,9060.633900000015
395901.2993,0
395908.742,21825.973000000056
395965.1994,755.6687999999849
396044.5482,0
396323.758,0
396381.6057,0
396393.6926,0
396493.9318,0
396551.7478,22084.332999999984
396642.5067,25428.68220000004
396788.5197,8687.598700000031
396931.1221,1492.911999999953
397158.4198,7053.50959999999
397222.7293,0
397231.9871,1421.9431000000332
397290.19680000003,0
397336.148,1424.0939999999828
397787.8085,7138.181933333341
398056.06680000003,0
398063.1178,11591.925999999978
398149.6603,0
398168.9612,0
398207.8007,0
398243.7571,0
398312.2856,8085.525900000008
398477.4876,7762.111199999985
398521.5585,0
398582.221,0
398610.6619,0
398845.4605,0
398919.9476,13472.525000000023
399085.6265,0
399278.3585,0
399518.6087,0
399565.9084,0
399615.7473,0
399894.3034,0
399913.22191666666,0
400122.1712,0
400175.0956,0
400276.2054,6124.50079999998
400347.3409,0
400528.1098,9592.13519999996
400667.8417,0
400746.1827,0
400765.0242,0
400837.56059999997,0
400850.5134,0
400941.6964,0
400979.382,0
401070.5843,5887.255799999984
401124.7339,0
401473.8365,0
401486.9849,0
401579.8,0
401855.0962,0
401868.4663,4712.878399999987
401891.9533,3712.622700000007
402130.5346,0
402226.1104,0
402391.5039,0
402967.7997,0
403229.65,3119.1974000000046
