-----Simulation 0-----
172898.3713,0
172905.1301,0
173069.9239,0
173410.2414,0
173994.944,0
174054.10330000002,0
174185.1244,0
174289.6146,0
174351.7151,0
174468.4268,1468.1585999999952
174526.2959,0
174568.3525,0
174575.8064,0
174625.5208,0
174792.4821,0
174928.1296,0
175112.8217,0
175359.15,0
175379.8659,0
175485.8728,0
175593.3663,2573.62579999998
175603.066,0
175611.1417,0
175723.6853,0
175757.6122,0
175766.2226,0
175792.99271666666,0
175795.30560000002,0
175802.7258,2863.459099999978
175847.7827,0
175902.3478,0
175962.4052,0
176032.0724,0
176471.28590000002,0
176956.6096,0
176982.383,0
176996.5647,0
177741.9375,0
177746.7333,0
177761.6591,0
178199.2723,0
178231.3898,0
178313.9745,2890.424100000004
178334.9717,0
178417.84649999999,0
178431.3245,0
178655.7405,0
178700.0208,0
178845.8604,0
178883.6751,0
178911.6,0
179048.5007,0
179068.4024,0
179252.8868,0
179299.0434,1462.5071999999927
179401.9532,0
179413.3719,0
179586.6384,0
179620.5576,0
179677.0418,1955.6299
179712.7908,0
179852.6345,0
179968.6159,0
180176.89860000001,0
180545.881,0
180610.8792,365.2472000000125
180642.9215,115.7786999999953
180673.1056,384.8155333333416
180705.3705,0
180776.1507,0
181413.47090000001,0
182084.9688,0
182109.3301,0
182131.1596,0
182190.9606,0
182220.3683,2375.263200000016
182250.9711,0
182335.0424,2084.1610999999975
182642.8413,2495.178799999994
182755.541,0
182779.4411,4611.579700000002
183043.5769,0
183119.5992,0
183184.4924,0
183318.5425,4063.3524000000034
183393.2713,0
183453.964,0
183632.1845,0
183638.1481,0
183664.6352,0
184227.0721,0
184253.6618,4555.160900000017
184378.3353,0
184435.7408,0
184572.6053,0
184738.6904,2294.9171999999962
184904.6768,5101.941099999996
185050.3928,0
185143.28029999998,0
185236.4372,0
185353.3262,0
185372.9582,178.23809999998775
185458.9543,0
185820.1252,409.1635000000242
185822.2715,0
185999.856,0
186180.2067,2671.3966000000073
186318.291,0
186470.935,0
187006.3947,4291.08600000001
187066.9236,0
187189.4664,2791.804700000008
187294.61,6164.749099999986
187304.1604,4631.417499999981
187572.7522,0
187690.8234,964.6505999999936
187886.2806,3055.515000000014
188031.8246,0
188058.688,0
188169.4464,6186.762699999992
188370.9404,0
188450.6575,1866.3884499999986
188450.9854,7272.566099999996
188512.0507,0
188839.3545,4626.484299999982
188957.3562,7084.061799999996
189061.7351,2258.838599999988
189102.22580000001,0
189105.5147,3791.2958999999973
189206.8936,321.715200000006
189239.0613,2995.6348
189739.12339999998,0
189757.04869999998,0
189788.9068,0
189937.4934,1508.7877000000153
190100.0115,0
190109.2368,0
190384.4492,5622.7149999999965
190575.14669999998,0
190580.2892,1462.0113000000129
191020.6209,0
191122.682,0
191162.1447,0
191194.1096,1233.7624999999825
191218.3295,0
191307.2933,0
191474.7598,0
191737.8434,0
191844.3549,0
191930.4377,127.27370000001974
192295.8908,0
192444.3759,1132.2805000000226
192458.0126,6914.835699999996
192469.7829,7008.090899999981
192622.9019,5032.812199999986
192919.0876,0
192967.1788,0
192985.3168,5830.640799999994
193046.5571,0
193363.4187,8392.71550000002
193474.6738,4065.309899999993
193884.0938,0
193893.146,0
194093.0562,0
194204.3107,2088.6185000000114
194297.65279999998,0
194548.8413,0
194666.2609,4703.911200000002
194793.2633,4502.169300000009
194794.1539,1282.2897999999986
194853.0693,0
195505.4465,9858.161699999997
195588.6336,0
195763.4804,0
195846.2224,7644.406699999992
195954.9559,0
196097.0612,4602.535399999993
196611.5467,101.93020000000251
196657.2692,0
196837.8855,0
197006.6066,4328.60089999999
197271.50699999998,0
197410.2768,6202.318599999999
197449.2828,4785.774799999985
197620.7073,6806.928200000024
197639.9942,4046.92359999998
197782.3507,0
198011.5988,998.4612999999954
198372.073,4142.928899999999
198412.4001,10504.045400000003
198444.6871,620.1324000000022
198548.117,8728.518100000016
198760.0643,0
199031.0954,0
199289.163,10661.816099999996
199513.4319,4520.715899999981
199612.2446,5873.92319999999
199624.1793,7561.688899999979
199641.3504,0
199757.2811,1191.1528999999864
199995.8338,0
200131.3414,1619.7783000000054
200174.2123,2903.5875000000233
200188.8908,1630.4690999999875
200269.2036,6127.70180000001
200457.8072,876.5845000000263
200676.2727,9004.599400000006
200944.4695,0
201461.602,0
201566.8664,7063.015500000009
201678.88880000002,0
201817.7567,2150.342000000004
201843.5448,0
202209.767,5516.450199999992
202319.06290000002,0
202448.7101,3295.9874999999884
202681.5477,4086.3669999999984
202728.89789999998,0
203070.99599999998,0
203193.9945,948.0664000000106
203627.6193,0
203759.4614,6519.932499999995
203818.5976,0
204083.59889999998,0
204315.3842,3350.7217999999993
204645.6918,5139.577400000009
205012.6161,7740.7083000000275
205339.2872,0
205395.9296,9200.301699999982
205470.46110000001,0
205493.8335,14123.580799999996
205521.6098,11154.093499999988
206052.7816,4899.430599999992
206208.46,8685.680200000003
206561.8764,6804.594400000002
206793.0331,8273.192299999995
206890.2373,0
207303.7042,8407.421999999991
207639.5383,7983.992199999979
207652.1886,0
208464.1734,0
208466.59470000002,0
208510.5976,0
208576.2846,0
208996.33000000002,0
209044.8577,16907.939699999988
209052.619,11901.136700000003
209206.3211,4459.279099999985
209481.29859999998,0
209524.2811,311.92989999998827
209581.4398,3214.1270999999833
209849.9084,5692.415899999993
210027.7142,11035.751999999979
210088.9064,16595.905500000023
210223.527,3802.597000000009
210263.3713,1051.056099999987
210337.678,0
210639.9319,6155.931299999997
210780.861,0
210981.8929,0
211237.8176,6573.33600000001
211284.03220000002,0
211304.7242,0
211321.2972,0
211359.4423,0
211543.9118,0
211671.1177,0
211846.222,0
212461.49300000002,0
212530.0976,0
212635.3485,9762.365900000004
212835.1408,1691.5852599999926
212939.6581,7533.1651999999885
213042.2434,8471.00880000001
213083.4456,990.0875999999989
213375.0381,9352.27773333335
213442.8059,18332.661900000006
213627.1488,11375.671799999982
213929.2953,0
214152.5602,2586.988000000012
214353.6519,0
214373.7227,9418.965200000006
214807.6922,0
214954.5266,1120.9923000000126
215085.34100000001,0
215095.0796,6812.052499999991
215126.6083,1285.2643000000098
215266.6478,2369.848400000017
215343.2276,2872.9991000000155
215452.4662,1765.2367000000086
215761.6944,2881.387400000007
215795.9991,7288.870199999976
215852.7554,9316.189199999993
215889.992,6700.315399999992
216939.7715,478.8894000000146
217402.8973,0
217672.5546,5445.363700000016
218027.7577,9839.155100000004
218567.9449,8017.780299999984
218580.406,0
218767.8373,9953.114900000015
218818.7078,11738.223900000012
218833.06949999998,0
218837.5044,5984.2079000000085
218886.336,0
218984.5716,2536.29773333334
218986.3707,6415.372699999978
219210.364,0
219218.4768,21359.77900000001
219686.0826,0
219691.4425,2154.857799999998
219788.4576,3798.084600000002
219810.8111,0
219862.41820000001,0
219869.5821,5512.431099999987
219934.1456,7776.888099999982
220103.2077,5668.853000000003
220137.4223,0
220370.0015,10415.125
220390.3499,2556.1933000000136
220481.7152,2851.4856000000145
220495.9299,16780.262399999978
220524.0698,2978.294099999999
220560.4116,5116.014999999985
220821.6795,0
220974.5582,9244.398400000005
221012.941,0
221356.6717,1627.3435000000172
221469.6137,0
221596.603,0
221721.8306,0
221862.504,6784.4892999999865
222194.2887,0
222414.3464,10544.035300000018
222540.6104,0
222572.8561,5338.47530000002
222865.3555,4270.0869999999995
223272.1869,0
223329.0657,2935.6589000000095
223470.1117,4333.048899999994
223660.5438,4388.885399999999
223666.1698,12133.178500000009
223706.3888,4227.017800000001
224295.5604,12104.748499999987
224580.0017,3186.5013000000035
224677.9548,5489.272900000011
224717.582,11684.934799999988
224775.8761,11068.577300000004
224785.4801,5467.266499999998
224910.694,631.5637999999744
224961.0856,7750.729200000002
225057.4234,15674.530399999989
225466.1755,3278.545000000013
225621.9351,3298.5907000000007
225848.4883,2125.0610999999917
226169.0192,2765.8055000000168
226313.1797,0
226330.9022,0
226447.579,5831.704899999982
226742.0657,0
226798.1431,3615.36069999999
227019.4588,2677.0620000000054
227032.5166,0
227183.4408,0
227307.9533,5133.305999999982
227340.1662,10207.833700000017
227352.7117,623.8585000000021
227363.6018,1015.5793000000122
227520.3112,6815.944699999993
227552.991,4831.821599999996
227580.8971,0
228130.95990000002,0
228172.4784,0
228179.8304,0
228660.3367,169.317400000029
228683.4345,0
228819.3398,5155.903099999996
228837.1984,0
228852.6754,372.2060000000056
228873.1492,5995.605700000015
229034.85080000001,0
229072.506,1519.8181999999797
229515.3489,3356.5744000000122
229768.5988,11371.015600000013
230161.4221,0
230175.7542,7078.4499999999825
230259.5916,2716.429200000013
230302.7495,1722.3799
230303.7361,1104.8999000000185
230555.4634,0
230667.3154,1924.7054999999818
230750.0551,5163.64360000001
230798.6073,0
230948.6537,954.6982999999891
230955.4046,7428.57150000002
231130.4423,3725.5679999999993
231184.2459,3535.5806000000157
231287.2729,912.2280000000028
231413.8528,12883.637099999993
231925.2828,0
232241.4946,0
232340.2743,0
232579.8941,4663.981700000004
232627.7862,11125.912500000006
232681.2346,4478.532500000001
232783.8849,0
232791.3858,0
233006.1797,10619.390400000004
233025.2956,0
233147.032,5033.443300000014
233547.4868,5766.3591000000015
233688.4069,4831.7925000000105
234020.05180000002,0
234365.8345,0
234450.7188,6990.688699999999
234850.7796,19780.821400000015
234894.9129,6267.256400000013
235211.5062,10541.58110000001
235262.2195,4814.681199999992
235445.7191,689.4232999999658
235612.6693,670.4122999999963
235854.6857,0
236018.1757,0
236277.1101,0
236288.0105,0
236349.1566,0
236613.3576,0
237057.6754,147.83483333332697
237165.14423333333,0
237219.22580000001,0
237235.859,0
237414.3779,0
237447.6592,396.9175999999861
237632.4618,0
237837.0677,0
237893.8781,0
238009.3373,0
238080.2337,387.230899999995
238144.1464,0
238153.6262,2940.1289000000106
238195.9651,2376.7618000000075
238444.9319,1891.438599999994
238553.8786,5299.834199999983
238649.87410000002,0
238787.3533,0
239098.8646,218.06220000001485
239117.1551,0
239247.9287,2747.3514999999898
239983.7665,0
240034.71,3888.952499999985
240089.8723,0
240125.42440000002,0
240278.7859,1060.087599999999
240422.5086,9226.507299999997
240511.85570000001,0
240566.8609,4381.315600000002
240580.077,0
240582.7135,2742.477899999998
240928.6002,2896.852899999998
241094.5313,6411.028099999996
241225.0609,3508.151266666682
241288.5328,0
241488.8845,0
241650.1943,0
241869.9938,6405.849900000001
242052.9803,5920.41320000001
242073.1251,1290.3231000000087
242262.3598,0
242621.0705,0
242690.502,4861.849400000006
242916.5551,0
243441.8269,4052.838699999993
243510.4106,0
243546.7425,1991.861499999999
243984.4888,0
244086.3769,0
244222.9204,0
244445.5474,0
244784.2083,15.66711666667834
244806.952,0
244914.0529,2242.298999999999
245196.7109,0
245527.6345,6168.369399999996
245582.31650000002,0
245591.2675,7306.568399999989
245594.4834,0
245595.3101,490.06400000001304
245647.4172,7644.132799999992
245760.9677,0
246042.7881,236.7231000000029
246201.71779999998,0
246293.1432,0
246463.1543,447.34399999998277
246531.5388,1970.0879000000132
246612.7323,761.829700000002
246790.7293,0
247035.9034,5408.035200000013
247149.7417,5792.498900000006
247259.007,0
247378.39250000002,0
247432.85869999998,0
247907.6686,1881.704400000017
247964.0618,0
248033.1476,1099.7558999999892
248148.34399999998,0
248194.9366,11539.21199999997
248496.37463333333,0
248541.2275,0
249026.3802,0
249236.3339,2715.4897000000055
249730.82168333334,0
249776.2485,0
250057.4329,0
250308.2741,0
250340.3132,0
250730.5866,1905.2397000000055
250805.0881,0
250847.8747,0
250879.3939,0
250915.8047,0
251243.148,1539.343200000003
251317.9626,0
251416.4893,2547.565399999992
251507.563,766.3515999999945
251811.59470000002,0
251830.0777,0
251881.52049999998,0
252024.2434,0
252051.0244,0
252109.6983,0
252253.8959,393.55199999999604
252334.0048,0
252408.4195,0
252412.7616,11883.630800000014
252746.7513,1639.149700000009
252918.14179999998,0
252968.20130000002,0
252996.2056,1197.3258999999962
253127.89740000002,0
253210.6578,6234.508799999981
253285.9559,0
253326.8887,0
253501.0128,0
253622.1256,0
253837.1419,0
253952.3767,0
254068.7794,0
254261.4455,5993.271099999984
254348.2069,3919.1231999999727
254816.5404,4184.725299999991
254863.33610000001,0
254947.7722,5444.880999999994
255188.8908,3227.2410999999847
255383.9056,7536.525800000003
255478.62410000002,0
255512.7411,5225.189000000013
255563.6626,6871.859400000016
255700.2224,7852.895599999989
255740.4111,0
255765.5725,0
256094.5181,0
256661.9892,8281.85580000002
256742.3378,0
256765.7155,0
257000.7998,1809.891499999998
257024.1105,0
257163.0181,0
257401.2743,82.06389999997918
257520.7168,1712.0376999999862
257579.2665,8756.93889999998
257721.6259,2119.967800000013
257812.7555,5822.636599999998
258226.695,1330.7161000000197
258286.2205,661.4851999999955
258373.5203,0
258400.6216,0
258528.1264,1863.1836000000185
258544.8388,0
258965.2418,9489.390199999994
259098.8883,0
259641.1124,5111.458600000013
259643.0226,0
259769.4315,52.60550000000512
259801.349725,0
259817.0743,459.0635000000184
259941.7024,8741.758300000016
259971.6536,5804.086099999986
260268.0298,0
260341.91019999998,0
260550.2337,4390.649800000014
260579.8119,0
260847.09100000001,0
260929.18,6255.431199999992
261021.9729,3628.3475000000035
261142.103,736.2821000000113
261247.717,0
261512.9717,0
261526.2524,6281.28349999999
261562.8194,0
261756.8478,0
261777.6036,0
262011.8965,0
262324.9525,5134.491900000023
262353.8936,8180.136400000018
262376.7957,0
262446.5404,7331.346499999985
262475.0088,474.61370000001625
262862.4798,0
262936.5347,1199.833500000008
262957.5115,8577.896300000022
263021.0693,2981.5019999999786
263365.9949,4019.0750999999873
263474.7594,0
263932.0231,3917.0853999999817
264023.9671,591.4317000000156
264032.86340000003,0
264034.3124,968.3289999999688
264324.8955,0
264600.588,4263.159199999995
264732.1078,388.1671000000206
264733.8227,1036.4298000000417
264952.3184,0
265005.9393,4716.843300000037
265164.4095,6108.221799999999
265189.6835,870.0356000000029
265227.6286,1210.804300000018
265322.034,8142.10639999999
265782.8647,972.7872999999672
266085.9561,0
266123.2688,432.742200000037
266327.5758,13970.615499999985
266348.0378,5458.858999999997
266348.047,4488.494400000025
266407.1404,8635.600099999981
266466.8598,10264.588999999978
266485.8703,8035.1973
266517.7866,2340.2637000000104
266589.0747,10162.732099999994
266763.5389,5224.8511999999755
267386.098,2314.9182000000146
267450.4366,4264.522100000002
267703.4981,3359.6035000000265
267792.3419,0
267866.4469,0
267999.945,558.2633999999962
268123.0084,0
268449.2187,5150.296200000041
268456.5899,3484.418900000048
268480.8753,0
268602.4019,0
268747.9819,0
269154.9528,1968.9227000000537
269602.4282,1716.1131000000169
269669.2215,0
269743.7952,3439.5488999999943
269879.4167,3166.8687999999966
269930.7835,0
270006.7941,0
270193.8286,2381.480900000024
270292.3035,2346.667299999972
270306.7778,2106.466599999985
270452.1516,11342.986899999989
270485.7685,5458.0401999999885
270806.366,8700.21769999998
270865.1395,5965.454099999974
270894.918,5169.07620000001
270983.83759999997,0
270983.9063,4509.758199999982
270984.8291,0
271028.0755,2880.8349999999627
271077.3665,2129.060999999987
271466.3468,0
271584.9204,0
271587.0103,0
271830.0281,0
271881.7164,6610.860599999956
271905.8719,0
271910.5197,11914.839600000007
271933.7511,13396.891899999988
272258.4276,2764.378800000006
272315.0051,1123.383199999982
272513.6963,1541.502600000007
272540.0049,11060.146299999993
272555.8413,1969.1767999999574
272639.7928,0
272980.3183,1211.6807999999728
273178.7303,816.8612999999896
273259.2467,12643.721900000004
273345.9083,1858.7141999999876
273497.0525,63.94130000000587
273559.3009,9034.451100000006
273630.8221,0
273962.8163,10771.557700000005
274215.7828,0
274262.0343,0
274604.9625,0
274608.3252,11244.755900000047
275158.094,5664.306699999957
275379.6413,0
275496.7086,5595.787699999986
275612.4806,2963.2594999999856
275817.9275,2844.459900000016
275900.2601,793.2557999999844
276039.8404,0
276414.3385,11426.519900000014
276575.6775,1585.474199999997
276724.4382,374.89039999997476
277290.847,1818.2754999999888
277293.6567,8262.824099999969
277379.0083,9125.156699999992
277517.0729,284.1799000000465
277522.2212,875.7290000000503
277762.768,0
277913.9353,0
278444.6406,14848.040600000008
278541.8226,1264.8111999999965
279468.302,11240.536500000046
279539.7118,4092.284400000004
279567.9824,4351.974899999972
279631.3554,10902.796700000006
279849.1202,237.24670000001788
280031.7716,3125.8585999999777
280043.2451,4084.266799999983
280051.4241,0
280421.2145,19054.0876
280688.8616,2591.054300000018
280918.6622,5847.12910000002
281139.2105,12066.186799999967
281429.7601,0
281492.95889999997,0
281584.0913,5893.079199999978
281665.9813,12627.999199999962
281730.2907,8814.89890000003
282166.8566,2545.7180999999982
282374.3999,2170.1940000000177
282479.5486,14535.486499999999
282544.4342,0
282750.46880000003,0
282829.9925,10952.20669999998
282850.7221,11562.881300000008
282872.4045,0
283287.0582,12341.640400000033
283493.3865,18025.707999999984
283779.1318,7763.828999999969
284298.1309,0
284301.9906,5585.065700000036
284439.3879,0
284546.2747,0
284550.9189,4138.098500000022
284620.1157,3194.357100000023
284703.4125,6569.444499999983
284896.8363,1591.951000000001
284970.4731,4792.5717000000295
285081.0209,13000.587700000033
285196.61,13141.325599999982
285227.2828,4460.309100000013
285548.5507,10906.474600000016
285587.3554,11713.455699999991
285778.0692,16924.442400000058
285797.9626,8024.138800000015
285953.8066,0
286081.1515,0
286188.3295,4598.057099999976
286256.3162,15317.123200000031
286505.7665,0
286679.911,16832.296100000036
286839.7932,3788.207700000028
287006.1398,11436.175600000017
287026.8907,0
287283.164,6314.968600000022
287482.5857,0
287483.397,3142.6663999999873
287533.57,0
287564.9946,6870.203699999955
287744.6356,10100.538399999961
287778.7398,8309.725699999952
287868.8776,15796.440899999987
288223.6642,4581.6952000000165
288329.6775,10973.364899999986
288359.4787,7415.854599999962
288457.7526,12784.516300000018
288907.5312,8821.594100000046
289494.2066,3696.6636999999755
289760.7043,18326.2108
289818.7746,9721.884300000034
290370.9065,2019.9649999999674
290709.7573,5400.3354999999865
290798.5511,17022.60129999998
290974.4348,12302.316500000015
291327.8282,0
291432.0173,9103.604300000006
291650.8425,3393.1016000000527
291761.895,7172.502800000017
291787.8251,3613.7707999999984
291894.2439,11551.405399999989
291906.75690000004,0
291943.7118,18778.456074999995
292242.1385,8417.306099999987
292284.1747,8832.205599999987
292575.4118,0
292868.0342,21064.860199999996
292880.6496,6867.8036999999895
292894.1208,4949.493199999968
292928.6379,15067.507899999968
293047.0837,16219.88380000001
293103.8534,9199.404300000053
293499.924,6346.464299999992
293667.5307,0
293826.389,95.42010000004666
293989.7161,5045.186300000001
294013.1798,0
294404.0685,16400.061199999996
294407.7647,11578.153899999976
294702.6173,1512.421399999992
294844.6914,0
294993.8674,14655.736999999965
295037.3121,0
295277.7879,13206.245999999985
295583.3622,9032.483799999987
295583.964,3250.276099999959
295634.9633,5062.854400000011
295715.4199,6674.094799999963
295719.8587,1453.5100999999559
295756.6435,14458.420800000022
295918.2427,5146.760500000033
296032.0146,6947.443900000013
296247.807,5642.766399999964
296394.701,0
296568.8655,8677.944100000022
296608.9813,10882.691899999976
296885.7079,2143.937799999956
297129.2854,1577.898600000015
297633.5558,2104.8570999999647
297711.1824,11859.365500000014
297870.1979,1892.7145000000019
297928.9488,12100.029800000018
298069.8875,0
298369.6115,19886.567500000005
298422.3272,6428.112399999984
298627.0355,0
298689.6075,21421.226800000004
298965.545,2206.9414000000106
299009.4803,4210.840000000026
299239.2044,4428.931400000001
299504.7433,0
299605.629,16579.6299
299616.0934,20220.036300000036
299945.753,9861.989700000035
299998.4562,12391.970399999991
300001.2002,0
300025.0916,19952.728100000008
300138.8782,2842.4567999999854
300171.991,3871.8527999999933
300482.4253,25210.23979999998
300623.589,2302.5898999999627
300673.4758,15717.561800000025
300710.6214,0
301017.2315,11404.799499999965
301530.0031,3027.859999999986
301613.0361,6978.319100000022
301620.4896,8949.947599999956
301632.9177,17099.65519999998
301775.7176,12111.654699999955
302001.5551,8757.366900000023
302239.4529,4152.375999999989
302256.3493,15047.858200000017
302474.0512,0
303248.0638,11744.2733
303427.9329,4781.341833333368
303438.281,15487.404700000014
303488.0674,2429.818499999994
303651.9574,5804.497900000017
303816.8099,19472.418683333322
304016.2025,3136.7021999999997
304023.3667,5640.751400000008
304068.5872,11896.743799999997
304150.0213,0
304258.9123,0
304481.9268,6324.184660000028
304516.2789,0
304891.4709,22891.24900000001
304966.0477,5921.319900000002
305233.7662,6344.266500000027
305617.9198,7587.062279999955
306189.5541,18316.73080000002
306382.6413,5847.708900000027
306385.5996,7080.344100000046
306746.3653,9759.318200000038
307385.1609,11880.112700000056
307533.7842,13042.517300000007
307612.1574,0
308103.5577,12045.95530000003
308364.9581,3053.6633999999613
308612.166,0
308737.3317,11386.325599999982
308976.9598,4790.866399999999
309138.0923,0
309161.3462,17322.095900000015
309228.0403,7611.878499999992
309279.0047,8799.934499999974
309286.5328,10437.156699999992
309330.6507,8178.190100000007
309409.8898,7880.862499999988
309617.7784,7518.408200000005
309719.4006,6075.370200000005
309725.4713,24439.58879999997
309753.5999,8481.259199999971
309950.2673,18984.699100000027
310417.1112,0
310448.3945,13252.506899999978
310542.4364,6757.016900000046
310821.618,7492.843099999998
310878.8183,18298.670600000012
310969.6397,22551.34890000004
311079.4379,14104.460500000045
311090.85083999997,0
311196.9929,0
311282.5126,15858.487800000003
311366.0818,7863.5775999999605
311403.6974,16487.661699999997
311606.7319,0
311682.9416,12083.352799999993
311878.3368,5528.84090000001
312207.5912,7011.716000000015
312394.2857,22418.96220000001
312518.9656,12278.196699999971
312559.5382,0
312571.8029,8949.555300000007
312704.7144,5778.028699999966
312752.6603,5742.717799999984
312804.6699,21220.748999999953
313361.0026,5102.472699999984
313365.3232,16126.4669
313645.3163,12720.7353
313886.2329,15150.758399999992
313958.443,7266.766100000008
314016.3131,10494.650900000008
314105.8348,0
314163.9562,6090.558500000043
314322.7826,13168.530299999984
314328.141,10058.796900000016
314468.8274,12035.391100000008
314510.6576,16139.094099999988
314733.5231,20052.37699999998
314803.5518,7482.61380000005
314842.1831,4003.6514000000316
315007.0274,15600.155200000037
315030.1007,17641.723999999987
315306.7322,22792.34659999999
315366.2802,19652.513699999952
315402.5737,12848.963600000017
315491.9023,14902.846900000004
315570.6712,6658.964799999958
315722.7386,0
315767.3363,12283.04700000002
315768.7062,9330.93650000001
315907.1321,4710.410199999984
316202.744,3779.760200000019
316241.535,5258.003399999987
316348.2505,14935.871400000004
316857.2578,0
316939.7187,0
317184.2678,0
317185.2788,4818.757399999944
317268.2281,15001.197400000005
317714.901,2860.772800000035
317795.4627,981.2504999999655
317920.769,16434.710899999947
318004.5985,4226.055900000036
318200.6933,11708.805799999973
318288.4479,1009.9833000000217
318569.1003,9907.32329999999
318702.0186,12131.187600000005
318840.1302,3596.338800000027
318851.0809,18226.065300000017
318975.1943,7382.904399999999
319029.6912,10968.76860000001
319230.4043,5026.077099999995
319637.4364,0
319651.7535,4252.267999999982
319862.6662,9856.186016666645
319923.4319,0
319978.6802,11695.235199999996
320548.2868,5820.665700000012
320962.7738,1667.1818000000203
321240.2413,12917.959900000016
321496.5389,14770.349883333314
321550.4852,0
321953.2788,10744.913166666636
322132.6465,7921.8268999999855
322271.0509,3825.5233999999473
322350.8599,2185.1867999999668
322434.5701,11686.514000000025
322457.1464,3464.097700000042
322975.76300000004,0
323576.1822,13847.44399999996
323792.2353,3711.3660999999847
324084.8063,14639.44458333333
324101.5618,0
324116.4361,8700.397400000016
324264.3124,1909.717799999984
324285.0811,14183.195999999996
324312.3184,3440.452500000014
324407.8752,8823.91320000001
324513.4648,0
325037.3583,4894.717000000004
325159.0158,21030.48729999998
325343.8275,8062.535900000017
325376.4643,9671.810200000007
325550.0496,2565.814400000032
325810.9639,23768.016599999974
325822.4529,6536.001299999945
326034.71048,0
326259.4144,1504.7829999999958
326442.9342,0
326549.9856,1204.5380000000005
326572.2469,0
326928.4632,13803.886400000018
327047.1086,20085.099099999992
327224.1633,3908.2765000000363
327236.5087,1825.7153999999864
327550.6709,5560.253800000006
327618.8889,0
327676.1353,278.99320000002626
327747.6971,1920.7486999999965
327846.2018,20179.848100000003
328053.137,0
328337.8436,806.7685000000056
328381.2806,9383.791000000027
328576.7451,10770.727599999984
328587.7563,22366.641799999983
328726.9372,5406.293599999975
328995.4904,3239.033700000029
329198.6742,18351.711300000024
329369.7143,4224.449900000007
329548.8116,7368.434999999998
329561.6966,1062.2847000000183
329686.6213,17069.911000000022
329788.6203,5574.824100000027
330002.1465,0
330114.3202,159.77760000003036
330350.6551,8575.318599999999
330634.5682,5752.838599999959
331068.8562,15546.815299999958
331118.1245,1470.9944999999716
331165.9444,232.93559999996796
331294.7206,3800.034800000023
331641.7169,1985.8563999999897
332017.0409,4201.227899999998
332128.8954,151.39919999998529
332266.3485,285.78940000000875
332272.7897,0
332332.72490000003,0
332458.0786,0
332578.0701,0
332589.4405,60.65810000000056
332781.1947,0
333056.6235,9710.229500000016
333056.7566,9003.776600000041
333155.887,8670.050099999993
333166.9061,0
333182.376,13450.4093
333237.8466,936.9806000000099
333260.6938,6064.091200000024
333298.013,8933.457099999941
333497.2136,6707.072400000005
333531.5263,2898.915100000042
334058.4365,12075.3125
334128.9856,0
334181.296,0
334437.6697,5976.097800000047
334483.5831,5784.504199999967
334609.77780000004,0
334893.7046,21545.949199999974
335334.628,0
335345.2994,0
335426.5797,30816.5466
335859.3586,0
336135.7906,1579.9069000000018
336365.8337,82.78800000000047
336493.404,0
336512.2914,0
336828.904,733.0228999999817
336835.0701,0
337006.4629,3479.1809999999823
337221.6816,0
337248.4613,5441.962900000042
337264.84990000003,0
337539.9526,0
337858.1355,9381.9093
337948.4263,0
338172.9254,5499.166700000002
338251.18200000003,0
338516.858,0
338651.2305,0
338823.4557,10104.072999999975
338836.3772,2179.797199999972
338907.3029,0
338943.9083,0
339049.6606,1126.5638000000035
339122.9132,171.9194000000134
339174.9299,0
339219.9192,524.6797999999835
339305.5099,1121.080100000021
339448.1935,3771.791599999997
339513.7965,4981.324900000007
339898.606,1786.7352000000537
340259.4712,2236.0089000000153
340389.8935,0
340470.3741,0
340594.6103,1094.2353000000003
340788.1434,1450.7621999999974
341118.6328,3902.955600000045
341491.4211,3833.520499999984
341613.3555,11630.075000000012
341797.7256,0
341969.2899,0
342018.3271,0
342178.4018,0
342256.0478,4155.708900000027
342284.0426,23869.5061
342390.83640000003,0
342471.748,0
342557.1086,0
342559.8219,2574.630999999994
342664.3789,0
342672.9277,1732.6988000000129
342897.7557,0
342952.3568,1261.6251000000047
342964.105,0
342971.038,9365.45669999998
343314.7656,4410.770599999989
343365.4102,8534.136999999988
343681.6451,0
343871.6934,11017.305899999978
344031.4169,10314.05680000002
344051.5707,13848.645983333292
344063.496,0
344392.1978,0
344579.1731,21438.376099999994
344690.693125,0
344929.9709,0
345134.5521,0
345157.53740000003,0
345295.9731,5700.533999999985
345378.9429,0
345417.4791,2580.0218999999925
345457.3077,217.96100000001024
346031.71,570.086500000034
346254.5141,1322.6000999999815
346361.5052,3793.1775999999954
346436.1098,9520.944299999974
346668.2449,357.38409999996657
346957.9204,2631.152999999991
347007.697,10173.685299999954
347064.273,0
347159.8974,0
347284.1937,0
347722.1003,0
347808.4547,0
347854.1071,0
348498.3224,742.9513000000152
348694.479,5749.424500000023
348838.3649,0
348842.2574,0
349120.0395,75.8188000000082
349193.8298,0
349440.9766,5666.328900000022
349863.0832,3150.887300000002
349863.1971,0
349907.6205,0
349983.2004,0
350109.257,12939.283200000005
350157.3967,21524.252999999968
350189.726,12677.44550000003
350500.3148,0
350509.5587,7913.068399999989
350529.2891,0
350676.6534,140.61800000001676
350957.4674,3778.103800000041
351042.15619999997,0
351060.0122,7818.263600000006
351102.4323,6887.801899999962
351235.6304,6423.8359000000055
351241.7702,0
351599.4987,5367.823600000003
352044.0726,1374.6158000000287
352110.8022,1339.1914166666684
352264.0565,2908.8710999999894
352282.4432,0
352438.0134,14420.51919999998
352476.5923,2763.9242000000086
352627.4881,0
352755.2434,8106.011899999983
352966.5959,16127.407125000027
352995.4928,1052.877199999988
353560.569,0
353596.4374,1679.8234999999986
353640.70160000003,0
353690.4694,0
353808.8198,7198.8500999999815
353810.0067,8858.025300000038
353813.8177,6639.69650000002
353939.9167,0
353953.0505,0
353998.0423,0
354554.8299,0
354829.6892,12560.728500000027
354863.6024,1988.1303999999654
354893.6472,0
354904.431,14917.59329999995
354915.5917,10668.81329999998
355042.8933,0
355695.3062,5101.959199999983
356156.0182,0
356268.6978,1470.5380000000005
356329.3087,7734.213199999998
356396.8435,0
356425.5179,5363.363299999968
356554.8365,7282.110599999956
356570.9242,4871.497499999998
356911.9949,2174.4097000000183
357082.4124,3061.059899999993
357287.1123,16627.979099999997
357343.9575,0
357440.7077,7463.053400000033
357523.4927,6979.435999999987
357647.6481,6217.463600000017
357761.9799,5479.108399999968
358138.4292,0
358339.9496,0
358422.4607,4867.195400000026
358456.0757,15934.544899999979
358603.4183,0
358897.903,0
359052.9206,5430.832500000019
359165.1915,9231.286200000031
359484.9674,11782.282800000045
359596.4159,0
359659.1075,1791.3147999999928
359661.3504,0
359812.9775,3544.4608000000007
360047.4979,7279.786000000022
360311.9818,4762.565400000021
360353.6322,17490.230700000015
360564.5282,13338.535900000017
361032.3497,8544.020100000023
361074.9469,6785.0218999999925
361500.111,7794.205599999987
361529.432,4529.806899999967
361634.0614,6683.151783333335
361689.5572,12436.671899999958
361806.0747,0
361820.4665,10272.36599999998
361979.2333,9010.62910000002
361990.8166,9374.342100000009
362119.8049,5234.958799999964
362200.1609,0
362514.5699,0
362532.1019,4185.455200000026
363352.4525,10678.054925000004
363480.4323,0
364196.8916,11540.249299999967
364323.2091,15317.33249999996
364389.6779,4945.750400000019
364391.5618,6981.116500000004
364487.3448,0
364635.8547,0
364868.0216,5973.85679999995
365135.9434,3652.667599999986
365622.161,10574.016800000041
365682.6421,4482.108999999997
366132.1455,12787.900399999984
366549.6102,376.9407999999821
366821.4748,10607.08030000003
367178.0203,9735.413699999976
367232.0123,9838.64770000003
367383.2576,0
367939.2953,13095.624300000025
367952.8573,14922.132199999993
367973.3964,11475.062399999995
367977.206,16708.170999999973
368064.8241,5107.670600000012
368336.5041,13393.265400000033
368538.2541,0
368848.462,13211.990899999975
368941.4549,7282.958400000003
369044.2843,7850.048499999975
369200.3028,9524.502000000037
369227.5184,2722.743699999992
369739.8831,11021.440899999987
369937.9702,0
370215.8119,2019.9514999999665
370248.82409999997,0
370476.5843,0
370608.3586,6025.323799999955
370714.1337,11899.4902
371338.997,14592.620299999951
371840.9624,14355.233000000007
371946.0179,0
372158.7929,9012.014599999995
372180.3493,20023.79469999997
372243.07,15572.669799999974
372286.5279,0
372404.2785,7666.881500000018
372473.5352,12510.387500000012
372483.1008,20765.239
372493.6164,7319.661000000022
372611.2794,1825.4947000000393
372903.4477,0
372986.1794,15058.057299999986
373164.1973,17735.01529999997
373398.4228,0
373870.8947,3909.0390999999945
373892.1627,12688.456999999995
373986.452,0
374049.3355,8452.998900000006
374050.7983,0
374291.3412,0
374345.9954,8311.249699999986
374395.1771,6273.088499999954
374494.1318,12050.460199999972
374620.6382,5954.892899999977
374630.5335,0
375440.5745,7035.811699999962
375492.133,5443.858999999997
375966.2986,20245.810799999977
375990.2801,12580.808799999999
376039.7395,16571.13440000004
376067.361,5639.704999999958
376718.8825,16903.391200000013
376807.5304,5684.387300000002
376890.8358,4304.622499999998
376920.8331,8280.555299999949
376994.7426,15495.796199999982
377022.9409,4298.010850000021
377302.075,0
377502.997,0
377642.4654,3592.1043000000063
377875.8022,16879.891599999974
377986.4231,25026.037899999996
378265.3292,14754.739599999972
378317.2956,0
378458.001,13147.926999999967
378831.2457,18893.81170000002
378863.7097,11110.680999999982
379349.2289,627.1437999999616
379490.0776,6144.114300000016
379508.7202,5733.242800000007
379540.606,5290.347600000037
379790.4949,21273.27509999997
379968.6925,16174.994999999995
380087.7403,21659.09289999999
380152.4811,0
380403.7129,6588.799499999965
380503.2209,16395.863700000045
381072.8734,5619.20610000001
381342.7546,6856.342399999965
381433.9992,16271.756800000032
381702.4932,15902.70676000003
381775.9955,12965.62969999999
381959.9578,6374.775399999984
382019.6588,18039.324999999953
382038.4942,11105.630999999994
382091.89696,0
382372.8249,0
382598.2884,19078.30970000004
382860.1653,8574.638099999982
383042.6465,4747.857199999969
383354.4996,13246.02899999998
383358.0073,286.98159999999916
383410.1225,24573.45490000001
383595.1563,23765.89479999995
383933.6701,8850.262400000007
384021.8526,5925.782499999972
384050.9573,4032.855199999991
384305.0225,4707.696600000025
384481.6321,0
384610.4159,9807.194699999993
384680.2005,9381.107099999965
384765.4412,11927.24609999999
385015.04720000003,0
385083.7119,0
385093.4459,2848.9982999999775
385182.8473,5898.28250000003
385778.6925,0
385821.788,0
386157.441,26568.34639999998
386232.6554,12597.217899999989
386843.9211,1025.5106999999844
387170.7834,9856.505000000005
387228.1173,12859.430699999968
387441.2262,13688.753099999973
388043.7793,18644.420600000012
388045.2688,25654.76000000001
388123.4639,4058.706499999971
388291.7272,4403.503200000036
388549.6735,9441.878099999973
388657.4102,18632.527000000002
388844.669,6567.978799999983
388887.9975,5170.340499999991
388924.7712,6002.607699999993
388984.5514,0
389099.7749,7877.071600000025
389125.6922,21016.869000000006
389185.9222,19306.88399999996
389331.653,0
389358.0908,19332.855899999966
389520.6286,11358.01490000001
389604.3304,9497.385699999984
389635.9544,3848.225299999991
389672.3425,7894.356200000038
389758.3966,11278.421299999987
390022.8217,9140.397899999982
390257.5798,23062.049
390343.9548,1397.1526000000304
390404.3361,0
390625.5704,4515.628450000018
390774.7801,5807.657299999963
391009.6279,8984.972899999993
391061.6456,10324.087999999989
391514.2063,3955.4021000000066
392021.0486,15871.8174
392065.6918,14665.662899999996
392159.4956,5371.6348
392577.6758,6037.718600000022
392680.4538,18577.476600000053
392861.8284,0
393005.1679,1697.7609999999986
393110.5825,16507.050000000047
393369.0315,8577.824900000007
393644.0572,1543.945299999963
393661.2714,10368.823800000013
393667.3894,10770.074900000007
393675.2136,0
393940.5144,17666.0993
394122.7304,7615.5633999999845
394244.4443,8557.638500000001
394396.1718,5866.982200000028
394416.8494,9642.811400000006
394419.0979,5133.1005000000005
394507.5421,12398.337900000042
394580.9692,7395.279600000009
394584.1881,5239.783600000024
394784.6177,3487.916099999973
394815.7151,5589.368899999943
394965.5103,0
394977.8613,0
394986.5647,14615.003599999996
395059.6856,28143.732900000003
395503.2873,4082.4474000000046
395549.5628,6355.427499999991
395647.3471,3336.396700000041
395718.2365,1902.7307000000146
395779.0089,11407.175700000022
395929.1422,7525.031699999992
396034.3332,0
396114.321,6429.352499999979
396166.3318,8339.10639999999
396312.9745,6023.314400000032
396451.934,5409.6649000000325
396600.3334,6183.795400000003
396600.6406,2392.8408000000054
396647.217,6590.18809999997
396739.889,5887.246300000057
396842.9776,16376.91459999996
396911.6516,29302.796299999987
396935.5725,2067.7373999999836
397131.167,5426.791700000002
397264.4561,0
397917.6033,7948.225600000005
398183.5152,0
398611.6054,23128.97999999998
398633.0813,5342.191500000015
398815.1941,0
399220.6725,13839.764099999971
399360.7199,4918.136500000022
399584.8172,0
399721.2667,11962.759299999976
399740.3712,33654.32069999998
399755.5118,11091.255099999951
399802.7063,18391.354500000016
400333.5399,5553.936699999962
400368.0789,0
400371.0694,8349.450799999991
400609.209,14244.165699999954
400664.0868,4696.864499999967
400762.6385,5442.766599999974
400792.6502,0
401086.6526,3408.6171999999788
401132.0314,3110.100999999966
401271.9495,5055.259299999976
401329.7941,0
401517.0307,6095.5929999999935
401616.213,8875.142899999977
401668.7758,319.30219999997644
401710.5421,0
401980.4658,5956.8554
401998.6359,10093.097420000006
402258.4161,2644.2617999999784
402515.5265,5135.34149999998
402891.2762,0
403016.023,3520.9189999999944
403248.671,12254.378999999957
403255.0984,0
403587.1337,5380.57263333333
404164.0744,16264.7745
404165.8428,11758.388099999982
404260.6835,13644.134900000005
404332.4324,15642.64850000001
404335.1849,0
404542.9403,6070.083199999994
404901.2599,12072.449199999974
405142.7237,0
405463.5679,6950.050900000031
405543.0543,2130.356599999999
405573.17590000003,0
405798.4306,0
405801.4476,0
405906.5372,9807.199000000022
406140.518,5312.04800000001
406145.8143,5077.808500000043
406159.5992,14723.358699999982
406170.5789,2933.2509999999893
406316.3569,1641.018700000015
406324.2768,12408.784050000017
406737.0664,0
406804.9151,16462.27389999997
406813.3401,17517.559299999964
407143.235,11766.7674833333
407186.3808,0
407194.3611,0
407329.7393,8104.130000000005
407395.5977,7366.01999999996
407413.0575,41272.269700000004
407579.4072,0
407612.1351,7702.749899999995
407653.5878,28313.756399999955
407665.2525,14083.720299999986
407705.2113,0
407728.3379,930.3979999999865
407744.0965,0
407831.5101,1973.4125999999815
408013.7367,29747.62640000001
408325.4901,0
408515.0862,2268.562200000044
408638.9003,23096.7316
408897.2175,12803.175200000056
408955.5196,18523.83799999999
409214.6714,0
409936.7842,0
410000.4902,4398.353000000003
410153.5048,6841.161199999973
410196.503,0
410302.4106,13294.554700000037
410390.8972,0
410510.5685,1964.347299999965
410828.1786,0
410867.933,0
410914.6808,5040.418799999985
411005.3155,0
411234.3571,19341.182499999995
411302.6366,941.5339000000386
411350.6142,6969.69650000002
411409.7785,0
411597.8165,4743.23940000002
412012.1493,6214.878099999973
412043.8092,15985.420600000012
412202.6358,0
412265.1922,24628.834899999958
412530.0727,6212.753900000011
412573.3782,0
413270.1046,11081.746199999994
413854.4366,0
413857.3454,0
414236.4765,0
414345.0371,400.086100000015
414376.1835,0
414397.91969999997,0
414466.11325,0
414993.323,0
415097.8834,0
415127.32721666666,0
415561.9255,0
415778.939,1930.217900000047
415809.1948,24152.279900000023
415983.4038,12126.641599999974
416115.6952,18060.352400000033
416199.29839999997,0
416209.3554,5659.491700000013
416253.3678,5000.306900000025
416374.9669,7690.81091666664
417039.0132,6783.436999999976
417527.5111,17716.01079999999
417531.5524,2378.321079999965
417707.2144,0
417722.3097,11267.717199999955
417825.3278,23500.53370000003
418016.3785,0
418108.1948,16732.094199999992
418214.6938,2567.604159999988
418566.4853,0
418719.9582,47696.80429999996
418856.5471,0
418979.1523,3752.726399999985
419261.8827,0
419344.8214,23230.73920000001
419346.7227,3984.9835249999887
419480.1336,4258.3197999999975
419676.6675,0
419801.43940000003,0
419883.7593,0
419904.1604,19185.016200000013
419978.6467,12600.102199999965
420324.5407,9254.491200000048
420446.4806,0
420901.9031,17770.854700000025
421044.0092,17077.269699999946
421082.7995,0
421136.2736,1115.0480000000098
421562.4719,0
421649.3926,0
421742.4828,0
421815.2319,0
421963.3406,0
422014.2404,0
422318.1244,570.8347999999532
422370.2922,0
422413.3063,1826.5999999999767
422633.2354,0
422672.1842,0
423172.5698,0
423187.7935,0
423202.8738,0
423350.01529999997,0
423542.5152,0
423688.2908,0
423966.1086,0
424058.084,0.958199999993667
424111.446,2393.395099999965
424182.8264,6633.570400000026
424230.5951,0
424481.8296,679.4463999999571
424536.6266,0
424537.9049,2419.179300000018
424545.4074,0
424591.9722,0
424892.656,3588.21179999999
424934.6803,4386.216400000034
425005.2295,0
425102.0985,0
425397.1822,2304.1576999999816
425686.21499999997,0
425700.0082,204.55479999998352
425772.0614,871.563199999975
426041.8857,1702.7771000000066
426534.4025,0
426635.9844,0
426679.6424,8728.736900000018
426865.6216,0
426939.3038,0
427011.9364,0
427459.8618,14797.2549
427554.6616,1835.9561000000103
427617.035,1671.556099999987
427690.0034,696.2588999999571
427774.5726,14988.34090000001
427823.0589,0
427900.83019999997,0
427983.6782,1779.2498000000487
428009.0939,0
428083.6418,1862.0387999999803
428217.8425,261.7984000000288
428357.9699,28.27990000002319
428373.9817,1396.9579999999842
428789.3727,951.7780999999959
429011.2586,0
429023.2088,0
429127.5866,6767.217399999965
429183.2708,0
429511.6094,9460.992700000003
429590.3562,2487.0466000000015
429644.0517,5863.6735000000335
430018.17579999997,0
430377.1548,0
430381.5577,0
430430.0195,243.75699999998324
430434.5805,0
430552.3353,0
430696.6781,0
430781.9673,0
430805.9196,1197.503000000026
431277.4772,2616.464200000046
431337.5747,0
431437.0734,0
431648.1786,8611.114300000016
431669.8582,0
431674.7012,1763.801299999992
431800.4475,0
431813.5803,4922.915299999993
431878.4458,1389.698700000008
432134.0503,0
432337.3267,0
432489.724,462.7961999999825
432554.7166,358.6514999999781
432705.9187,8469.652799999982
432858.9358,6960.213499999954
432999.9802,2472.6152
433129.0799,0
433210.1534,0
433344.6619,0
433402.2588,0
433567.7097,0
433756.796,1725.632099999988
433799.7807,0
433881.2134,2190.3224000000046
434081.1954,513.4819000000134
434108.6934,10511.599400000006
434155.574,3225.106700000004
434524.4532,324.90179999999236
434554.12,0
434836.4054,3175.4833000000217
435232.2994,6936.176299999992
435269.1767,134.3230999999796
435455.5438,5944.2336999999825
435584.3809,3729.184799999988
435623.9497,6066.310899999982
435686.9674,7956.124899999995
436005.0373,72.40290000004461
436674.428,0
436751.9153,1205.5052000000142
436795.3492,0
436802.5542,1827.494000000006
436866.9967,8372.989900000044
436973.7961,1499.9119000000064
436993.5253,4534.5478
437302.0133,4945.26039999997
437316.9813,10331.940899999987
437799.4949,472.8717999999644
437865.3331,0
437942.3115,0
438075.3402,0
438106.0546,3001.574499999988
438277.5266,3457.0542999999598
438289.2258,1188.9874999999884
438495.2302,2228.5589000000036
438628.4304,0
439056.9674,13851.555833333347
439057.6082,1172.01800000004
439187.8964,14185.446600000025
439455.5871,0
439844.5182,0
439989.0452,899.5519000000204
440083.2573,707.1345999999903
440422.8508,3259.7831000000006
440655.49199999997,0
441085.0255,5260.285700000008
441483.5712,32720.04859999998
441514.6532,0
441613.9102,12449.67749999999
441644.41969999997,0
441721.4247,7627.225899999961
441911.9231,0
442081.6661,678.7368999999599
442460.5861,6226.22570000001
443097.7134,9328.112900000007
443474.0283,12442.937099999981
443669.4874,12120.063399999985
443690.3279,3303.067599999951
443783.9483,14584.782799999986
443883.745,0
444087.174,9132.599799999967
444192.7164,17085.023349999974
444251.817,29262.003800000006
444331.0342,0
444359.5422,2622.573000000033
444460.3014,0
444716.0327,6857.143799999962
445229.1888,3798.376099999994
445234.0272,4932.964700000011
445309.0078,13349.606000000029
445404.2879,12994.876199999999
445411.2475,2973.1732000000193
445418.4432,3452.1366999999736
445794.402,12527.622199999983
446128.6101,0
446140.7885,0
446439.0788,4334.170600000012
446550.9104,3316.4059000000125
446758.3265,13340.232600000047
447279.381,4160.208700000017
447551.0529,0
447625.5056,3957.681199999992
447772.5886,41.64020000002347
447811.4766,13956.396699999983
447923.8365,8205.575099999958
447951.8743,4238.010700000043
448271.0851,9639.638500000001
448321.3133,6894.838199999998
448884.7115,7682.933499999985
448993.8772,0
448995.4793,0
449085.1689,4924.375399999961
449232.6263,9144.966299999971
449265.3345,3635.7384999999776
449742.5621,0
449895.54579999996,0
450068.3644,4737.420500000007
450073.735,15884.198999999964
450209.5259,4828.281500000041
450232.3011,6429.131200000003
450436.1724,5017.914699999965
450588.0828,31544.804799999984
450975.5329,12549.124100000015
450992.9285,6189.417399999977
451027.0936,12192.810700000031
451072.29475,0
451096.5669,5601.742699999944
451230.0604,3132.5297000000137
451462.9391,4632.158200000005
451821.9392,4252.035200000042
451847.523,5378.221699999995
451849.5423,5082.886299999955
451857.1841,4025.259100000025
452076.0333,9431.883499999996
452139.2273,4996.708700000017
452154.055,19055.68400000001
452299.519,10189.240516666614
453349.3561,16908.01549999998
453628.9983,13353.468499999959
453654.9539,0
453785.8591,4911.038700000034
453891.4846,5957.550100000051
453968.622,17266.17949999997
454322.3611,9705.253599999996
454909.7972,12580.153099999996
455076.0809,5166.288899999985
455327.5098,10858.883700000006
455525.6032,4234.840599999996
455570.88,5180.904500000004
455576.557,4015.0458999999682
455675.6192,16204.674200000009
455722.3642,3336.4785000000265
455921.5207,0
456453.153,8641.65909999999
456804.432,16459.199800000002
456874.9563,5330.539199999999
456943.0043,17606.81119999994
456978.2592,6248.834199999983
457004.5288,9351.618900000001
457074.6098,14269.40479999996
457108.3861,9335.625600000028
457111.9269,19925.979433333327
457311.9163,8448.531099999964
457751.5668,4070.040099999984
457908.6407,4551.398999999976
457946.9792,12241.600399999996
457987.6878,20827.363000000012
458037.694,6242.411800000002
458145.3773,0
458155.0298,3756.8850000000093
458201.0264,7418.705499999982
458380.3006,20425.6973
458599.0229,6368.044799999974
458679.9068,11124.555300000007
459022.8694,12768.64790000004
459243.9201,3781.974899999972
459629.4651,5522.509099999967
459792.8598,10985.818699999945
460221.9491,4830.670000000042
460425.1538,9202.726799999946
460852.4909,0
460968.1745,0
461176.3422,5550.442299999995
461202.0564,2972.4209000000264
461217.99309999996,0
461224.6025,5780.7025999999605
461367.4039,17822.41109999997
461403.0145,4152.003599999996
461591.185,975.1021000000183
461890.795,6155.048299999966
462301.1737,2143.8851999999606
462524.9409,7050.258099999977
462667.2051,536.2247000000207
462895.959,1002.023199999996
463084.027,11009.166599999997
463125.6853,5615.993299999973
463139.8283,16554.06679999997
463180.127,7509.560699999973
463199.2719,21612.91749999998
463260.2786,16100.993100000022
463447.6228,6914.8999000000185
463466.6532,4170.292499999981
463887.8726,21718.10830000002
463951.7977,10045.314699999988
464083.085,5311.659400000004
464613.8892,0
464747.0388,13744.707999999984
464987.6825,0
465038.7659,21660.391100000008
465335.6743,0
465691.3046,1566.6879999999655
465761.6029,0
465824.8526,12432.153099999996
466113.1887,2758.472400000028
466714.5934,2428.3902000000235
466993.8589,6618.215599999996
467298.7382,4584.882199999993
467428.1401,3845.5163000000175
467520.5669,0
467553.4987,11585.364799999981
467693.3494,0
467749.7641,18768.7819
467889.5711,12034.423999999999
468094.9137,9139.5196
468267.3062,9433.352300000028
468763.0229,4921.543599999975
468965.5546,15446.470599999942
468975.2146,0
469034.1841,12010.76900000003
469112.7905,3801.0556000000215
469116.2479,11867.257800000021
469609.3277,14086.440700000036
469974.9277,0
470323.3434,0
470400.1958,0
470721.0678,15396.50350000005
470918.4657,0
471033.8079,7655.76939999999
471232.3729,6261.833099999989
471388.3958,29424.390399999975
471591.3383,11531.524000000034
471831.8076,18694.608599999978
472021.8173,26487.4461
472340.3901,11003.09130000003
472443.6326,14858.829399999988
472539.8219,13658.069699999993
472614.319,15375.653300000005
472682.8183,5543.285700000008
472882.389,6798.955900000001
472893.9173,6489.4761999999755
472975.5196,5782.550833333342
472976.6218,18845.738700000045
473004.2625,6269.099199999997
473146.1886,12765.496299999999
473459.51170000003,0
473522.3976,25444.73670000001
473667.8579,5223.935300000012
473675.3224,34575.130799999984
473706.2692,4235.393099999987
473822.9718,691.8453999999911
473924.5767,3218.316599999962
473981.7582,8722.122799999954
474042.424,0
474096.9812,0
474238.4157,12387.67869999999
474248.2727,2105.634399999981
474382.7776,2788.8190999999642
474626.4645,5875.111700000009
474851.319,9147.199400000041
474869.3977,0
475010.8373,12334.114900000044
475142.9581,0
475176.1436,0
475219.1229,0
475302.5015,16157.469900000026
475797.2966,9964.730299999996
475843.1267,0
475913.6427,2128.9823000000324
476382.5314,2281.581099999952
476532.9119,2446.8273000000045
476600.7859,12671.594900000026
476741.6027,0
476765.5433,0
476766.609,2065.236900000018
477007.5164,1127.7439000000013
477074.2864,14159.592999999993
477185.7597,11849.314799999993
477347.8902,0
477856.2495,17040.829099999974
478130.1138,1925.4357999999775
478144.0792,12218.068700000003
478144.3878,13225.434800000046
478153.0655,7234.443000000028
478196.677,2829.5783999999985
478241.6464,18365.511200000008
478383.916,13191.709300000046
478449.3951,1861.4220000000205
478763.3788,13170.223700000031
478797.6229,4539.09600000002
479125.3589,12588.551099999982
479481.7983,1516.8770000000368
479569.4267,0
479637.8228,0
479818.311,15994.434499999974
480372.39029999997,0
480466.5584,3180.9486000000034
480746.6185,3523.737599999993
480804.1387,2533.4861000000383
481152.1282,13102.901699999988
481286.6275,16546.83230000001
481428.3967,16240.205599999987
481513.8107,1302.7897999999695
481631.2191,7970.048999999999
481631.9597,2999.6780000000144
481679.2559,35059.5932
481706.6268,6170.46120000002
481742.9035,2757.8589999999967
481833.0084,6137.043999999994
481957.9845,7246.826000000001
482065.7637,13257.88300000003
482361.2964,0
482379.3579,0
482574.4136,3881.4340000000084
482626.2477,4062.9591000000364
482637.986,20267.476800000004
482774.9903,0
483291.8802,2244.9673000000184
483296.4387,0
483583.8639,10899.443499999994
483838.5162,11430.224600000016
483850.3458,2984.784400000004
483887.9023,2780.2419799999916
483902.0379,3461.762300000002
484034.075,5608.971900000004
484061.8448,17945.36249999999
484375.58,0
484403.71880000003,0
484557.13,7772.864700000035
484677.5028,0
484762.6491,13004.330199999968
484825.9733,0
484885.3486,5982.762480000034
485044.2513,5451.042799999996
485114.333,17818.808099999966
485291.6902,18872.557100000035
485299.1847,0
485457.3458,5053.018099999987
485977.6348,0
486011.1782,10029.439700000046
486111.3222,5659.106899999955
486527.6649,15906.371299999999
487018.8253,1288.486499999999
487092.9287,0
487094.3386,15153.406599999988
487373.7917,10886.11930000002
487413.2159,4764.582900000038
487525.3193,1506.868599999987
487579.1794,19717.846100000024
487626.8043,6784.255400000024
488356.5679,0
488473.6217,8032.022400000016
488508.2812,4077.451720000012
488746.2161,3339.4224000000395
488761.6479,18735.11209999997
488774.3191,14603.09990000003
488944.4796,17484.58620000002
489119.7888166667,0
489172.7555,18290.638200000045
489301.654,7296.384499999986
489380.0915,13230.9081
489428.684,3117.8041000000085
489695.0282,10109.9375
489726.9804,11788.25
489760.8808,5569.905399999989
489951.0216,7470.197399999946
489976.9826,0
490196.8203,9926.769300000044
490679.4744,0
490784.7023,0
490890.4362,6310.833700000017
490908.515,2413.2342000000062
491566.2559,4685.075299999968
491653.0519,9707.897300000011
491657.7007,0
492032.3225,17093.638399999996
492057.9285,17926.096699999995
492241.909,0
492322.3378,4060.2883999999613
492375.01283333334,0
492382.4072,13718.637800000026
492409.2672,0
492454.5491,3779.546800000011
492626.3864,27726.551400000055
492717.3697,3419.4668999999994
493608.6104,2360.757099999988
493679.9341,11958.352400000033
493892.5646,6764.2972999999765
494014.5205,5753.513549999974
494097.165,20792.98469999997
494428.9686,12509.811520000047
494658.2181,0
494716.064,1021.141500000027
494770.7395,7098.226000000024
494874.0672,0
494998.0062,22065.34090000001
495070.1311,3353.4609000000055
495678.0355,17156.40950000001
495916.3679,779.6523000000161
495946.1056,11621.057900000014
496185.4819,15362.478000000003
496281.1675,15155.22259999998
496307.7593,4352.232399999979
496331.0673,14037.544800000032
496358.9369,14205.806899999967
496545.8364,7663.3657999999705
496626.5214,2848.8913000000175
496723.9721,0
496801.5531,5566.463500000013
497090.4185,6122.306100000045
497241.1608,15397.520500000042
497352.4642,20765.251099999994
497517.3416,1239.2655999999843
497576.3595,3003.3184000000474
497836.5406,12986.33600000001
497957.1979,4261.232400000037
498098.6106,19380.531100000022
498445.2865,7964.2402
498459.0861,6074.8505000000005
498888.9524,7098.465499999991
498938.2298,2292.844699999958
498997.7722,19005.344900000026
499351.4172,4790.4070000000065
499381.5121,0
499480.1366,8638.808100000024
499482.5825,13429.442500000005
499565.1552,8445.265133333334
499600.1827,6183.087799999979
499652.1482,3022.3079000000143
499732.3916,2797.485399999947
499741.6422,0
499875.0257,4507.1875
499932.9968,4962.088400000008
500101.0115,5785.993216666684
500370.4629,0
501281.6247,0
501496.8924,14789.90380000003
501599.1648,19993.824300000037
501964.7992,7699.8670000000275
502130.6477,15416.636699999974
502226.1984,10103.25079999998
502443.8023,3647.6853999999585
502622.584,4447.557699999947
502676.93,21506.200299999968
502679.2647,2572.684100000013
502720.5929,8112.135799999989
502752.2205,4816.431099999987
502918.2791,0
503069.0293,0
503104.9586,9990.660800000012
503267.9379,2666.145900000003
503538.9367,0
503683.9676,26181.686199999996
503829.9418,7237.669199999946
504054.9556,5112.957399999956
504303.4341,14213.285299999989
504316.4847,1386.6048999999766
504318.7429,0
504340.8125,12119.892400000012
504375.9353,3943.428899999999
504511.28599999996,0
504697.402,3328.557199999981
504822.6934,14339.0809
505015.5590333333,0
505096.9076,7867.3601999999955
505098.8402,7336.816999999981
505182.24,1379.0914999999804
505241.309,17706.185100000002
505631.104,3271.058699999994
505688.7845,3015.5718000000343
505697.7076,5130.836900000053
505728.6933,11779.475099999981
505865.3355,8228.363799999992
506190.3004,3656.8234999999986
506232.6772,0
506669.1314,0
506727.682,9780.14519999997
506911.1296,5309.352499999979
507016.2999,12828.118599999987
507135.3465,5361.206799999985
507308.4683,2336.5693999999785
507349.7455,2225.2425999999978
507526.8776,24391.326699999976
507973.9684,8130.1645000000135
508045.3191,0
508171.1958,5150.939199999964
508272.2033,0
508439.7331,0
508489.8476,1165.4732000000076
508503.9374,0
508509.2522,2161.9927000000025
508990.9408,12669.073700000008
509007.2889,0
509019.8075,0
509423.6044,0
509446.7473,0
509632.68559999997,0
509662.9019,0
509669.2042,7319.3652
509745.6289,9225.7647
509837.6776,3396.3827000000165
509982.0434,4108.834100000036
510016.3892,9754.0331
510043.7199,664.4352000000072
510149.2335,0
510364.5737,0
510513.9283,0
510614.6708,0
510626.368,0
510698.6279,9409.553200000024
510799.6964,0
510842.0955,0
511089.6233,10161.256999999983
511154.859,1096.545299999998
511167.5725,361.86759999999776
511261.57550000004,0
511497.2548,7932.066799999971
511518.7039,17606.714800000016
511573.076,0
511592.1864,0
511864.0243,8932.23629999999
511929.3248,1740.8117000000202
511940.0251,7667.928200000024
511967.1976,0
511999.1769,1767.8061000000453
512322.2954,524.0303999999887
512584.3128,0
513024.9933,0
513073.201,799.7735000000102
513159.4752,7716.285800000012
513188.0612,9214.756999999983
513440.6358,2319.054300000018
