-----Simulation 0-----
172922.4137,0
172997.139,0
173122.3123,0
173141.7899,0
173264.7714,0
173283.9218,0
173415.8551,0
173446.42369999998,0
173472.21659999999,0
173745.79869999998,0
173826.527,0
173859.4254,0
174026.0414,0
174040.9828,0
174085.817425,0
174336.2725,0
174453.1238,0
174839.64865,0
174944.0062,0
174997.787,0
175003.2878,0
175003.37709999998,0
175173.5736,0
175304.3078,0
175429.8452,0
175441.2096,0
175463.9607,0
175525.5923,0
175547.11383333334,0
175703.5962,0
175727.8684,0
175822.5696,0
176174.6191,0
176531.9387,0
176579.2392,0
176740.7606,58.11870000002091
177074.3263,153.0907999999763
177123.1744,182.50989999997546
177124.981,159.70279999999912
177310.2627,179.25169999999343
177389.7366,0
177599.9359,246.55710000000545
177670.3533,0
177825.1768,367.6391000000003
178173.726575,0
178386.5061,0
178406.9725,0
178419.5963,632.5795999999973
178457.1816,474.17639999999665
178610.6683,622.2200000000012
178647.0004,796.4287999999942
179520.3593,811.1775999999954
179704.9816,971.3678000000073
180089.2504,1074.7527999999875
180181.0498,1034.2783000000054
180236.6733,1124.3716999999888
180388.2435,483.9244999999937
180626.6853,1183.319600000017
180720.663,1178.600999999995
181126.7508,1389.4624999999942
181476.5748,1590.825600000011
182243.8534,1623.4199999999837
182248.5278,1853.9986000000208
182454.6155,1926.9297000000079
182573.7275,1907.6271000000124
182582.7848,2033.513500000001
182821.6191,1976.0043000000005
183099.2954,2033.6186000000162
183304.0726,0
183378.3652,2181.396000000008
183499.1712,2235.608600000007
183583.79690000002,0
183915.7063,2296.644899999985
184158.4169,2334.655400000018
184420.8215,2442.1330000000016
184786.9975,2712.8821999999927
184799.4373,0
184855.8109,2724.152300000016
184990.5064,2684.8741000000155
185558.7128,2763.775900000008
185638.1621,2977.446399999986
185641.5916,2893.5376000000106
185872.3455,2967.641799999983
185902.271,3089.965200000006
185931.4946,3081.3891000000003
185990.1904,3005.340999999986
186251.317,3099.8041000000085
186329.6702,3193.4420999999857
186456.4061,3228.6385999999766
186714.8337,3349.8279999999795
187138.5291,3462.239900000015
187226.5508,3405.5372999999963
187391.6408,3387.8975999999966
187605.3165,3665.6299999999756
188223.0245,3973.3185999999987
188404.1339,4063.565899999987
188443.1058,4040.838699999993
188681.6531,3958.7465000000084
188741.3866,4091.184600000008
188749.9766,0
189050.5281,4261.0713000000105
189343.3098,4109.2276999999885
189694.5357,4523.9220000000205
189804.8314,4505.450899999996
189869.7519,4442.757799999992
189942.2635,4556.815300000017
190084.7039,4659.205300000001
190550.2043,4781.189600000012
190587.1707,4794.409899999999
191075.9157,5055.469700000016
191112.4022,5247.416400000016
191325.0651,5104.455600000016
191400.5539,5317.799399999989
191411.8363,5364.608899999992
191444.5672,5368.111024999991
191956.8011,5508.09090000001
192156.0519,5717.930399999983
192607.0823,5758.306000000011
192670.328,5963.612900000007
192742.6465,5760.008700000006
192798.4659,5986.166400000016
192925.7396,5984.171700000006
193023.382,6058.359700000001
193098.6855,6080.271600000007
193140.7228,5801.371699999989
193297.2688,6162.592499999999
193310.5229,6095.24549999999
193392.7951,5974.962599999999
193487.2239,6155.887500000012
193543.83,5510.468099999998
193735.5726,5990.263800000015
193973.5637,5655.58189999999
194020.2765,6372.589000000007
194334.4154,6463.385899999994
194481.9191,6303.304600000003
194496.2941,6533.071599999996
194585.7096,6347.6045999999915
194637.2003,6595.520799999998
194661.3948,6602.087700000004
194850.9952,6278.012300000002
195086.469,6725.031320000009
195347.6467,6508.808800000028
195362.0447,6890.450799999991
195362.1525,6518.7696
195468.1995,6913.522700000001
195473.8696,6865.858299999993
195521.5877,6823.703799999988
195661.6533,6883.022900000011
195732.9685,6966.646199999988
196009.3077,6717.718699999998
196166.6844,7061.621699999989
196254.9349,7047.836899999995
196262.9802,7078.048699999985
196412.9677,7082.382500000007
196491.0226,7102.50940000001
196676.1226,7230.973999999987
196780.6186,6505.653299999976
197069.8391,7222.101200000005
197130.7902,6531.0124999999825
197185.8319,7242.9720999999845
197324.1694,6774.097400000028
197382.1776,7338.290999999997
197611.0114,6492.796499999997
197687.2847,7451.1288999999815
197916.0477,7432.826700000005
198458.3354,7669.411200000002
198550.2812,7686.5552000000025
198667.1243,7682.011299999984
198753.0503,7685.022400000016
198885.35,7741.988299999997
199133.5365,7805.423299999995
199137.7174,7800.455600000016
199212.6142,7819.524600000004
199320.014,7840.366999999998
199386.2778,6722.984200000006
199525.9185,7879.254799999995
199712.0887,7922.859399999987
199854.5875,7922.441200000001
199869.0383,7937.350499999971
199913.7778,7941.642600000021
200056.2003,7969.440399999992
200105.3956,7946.208400000003
200115.4025,7974.82759999999
200394.954,7954.5821
200398.2568,7957.184399999998
200455.5113,7976.20670000001
200508.631,7983.4881999999925
200573.378,6889.225299999991
200618.9188,7970.6765000000305
200638.7972,7953.0390999999945
200644.1007,7982.176200000016
200725.0902,7979.407700000011
200801.4942,7970.972599999979
201366.2363,8007.016999999993
201632.1208,7978.880499999999
201736.2053,6942.4181999999855
201848.4637,6945.991599999979
202011.5259,6245.029100000014
202130.3751,6947.2936000000045
202163.4727,7952.996200000023
202257.1689,6902.834499999997
202621.4553,7967.146299999993
202627.8614,7965.733000000007
202647.4006,7989.194900000002
202778.9267,7968.257600000012
203107.527,727.7876999999862
203419.3858,7962.285999999993
203515.6772,6908.277800000011
203629.3457,6888.200200000021
203668.0623,6902.313699999999
203824.4647,0
204027.8714,6002.6907000000065
204250.1874,7970.724599999987
204319.5357,6958.510300000024
204375.5758,7969.526199999993
204509.1301,6885.77410000001
204918.9321,7939.461700000014
204993.8434,6451.664700000023
205051.9106,6475.71669999999
205180.5479,7953.746899999998
205207.3678,7976.996199999994
205433.1147,7955.078600000008
205639.6706,7964.002100000012
205959.2515,7954.716400000005
205964.0407,6908.168500000029
206031.6605,0
206134.9582,6479.341199999995
206160.1386,0
206174.3108,5170.972700000013
206430.5565,6887.361199999985
206456.5691,7970.354099999997
206531.5242,6471.1836000000185
207014.102,6888.365700000024
207094.9813,7978.679300000018
207124.83475,0
207446.3984,6567.966599999985
207818.8511,6377.589899999992
208166.9826,0
208692.7188,5747.852600000013
209019.5717,6856.296300000016
209094.1868,6469.842600000004
209336.1332,5589.061200000026
209345.3186,5656.424900000013
209764.1289,6655.644700000004
209764.6617,6469.434899999993
209882.8475,7952.996899999998
210107.1274,7971.160100000008
210155.3392,6893.424699999974
210269.2159,6469.543800000014
210284.479,7974.467399999994
210293.29236666666,0
210560.9333,6470.221099999995
210958.7306,0
210985.5347,6788.118099999992
210996.2671,7977.834999999992
211227.1931,8012.782500000001
211286.5909,6039.3445000000065
211339.1875,0
211613.6378,7959.791200000007
211811.0178,0
211918.5193,6471.015100000019
212005.3436,6160.108899999992
212043.5324,7954.024200000014
212232.4586,7956.7491000000155
212253.7662,0
212482.8707,7968.966199999995
212797.3127,6321.900699999998
212827.8654,6286.536800000002
212859.1224,0
213148.8999,6317.525599999994
213214.5726,6352.521100000013
213281.5778,6370.865900000004
213359.3674,7839.143699999986
213406.7833,6336.451500000025
213479.2442,7952.526899999997
213544.9962,6363.556199999992
213561.6533,6399.101699999999
213648.5399,6360.040100000013
213710.2939,7811.288899999985
213840.8834,6344.044599999994
213844.0987,6479.143799999991
213936.5795,4678.198700000008
214083.3021,6343.032399999996
214224.8518,6340.123000000021
214315.0015,0
214374.8955,6343.259600000019
214411.3607,7977.245099999971
214659.8534,6360.352199999994
214846.1905,5576.20239999998
214993.5045,7953.836100000015
215056.3489,4827.6241000000155
215124.655,4844.710800000001
215246.5761,7957.198000000004
215448.3352,7979.979900000006
215680.695,6348.104699999996
215691.4125,6364.162400000001
215746.6245,6482.101800000004
215829.0525,0
216073.2066,4998.5337
216264.414,0
216470.2597,6389.356099999975
216505.4593,6341.301899999991
216528.8193,6343.3168000000005
216572.4915,0
216583.8689,5118.53350000002
216853.974,5305.53979999997
216917.1976,5080.099100000021
216971.2905,6421.812900000019
217043.0162,5005.258300000016
217090.2791,6354.158900000009
217187.1498,5022.757100000017
217250.6103,5008.236499999999
217276.3404,6803.6449999999895
217503.6539,5054.661200000002
217583.3026,0
217735.3997,0
217807.7647,6339.373399999982
217816.9475,5051.749299999996
217858.9353,0
218454.1289,5088.699400000012
218665.2582,0
218718.2237,0
218850.8564,6344.556400000001
219015.2391,4513.068700000003
219033.2615,5005.422300000006
219313.6296,0
219368.1614,5015.756300000008
219436.0279,4623.358999999997
219544.2771,6936.1924
219838.6694,4867.256000000023
220048.2167,5022.40419999999
220311.4257,4936.385999999999
220492.0501,6339.557700000005
220533.45750000002,0
220919.0514,6375.5541000000085
221076.1832,4829.308599999989
221102.5915,4897.303600000014
221257.5929,4881.284299999999
221334.4285,0
221388.3483,5007.925100000022
221440.2252,5008.38949999999
221669.0961,4933.180599999992
221758.1814,4953.895500000013
221823.0885,0
221893.7232,5009.967800000013
221928.5505,5008.933100000024
221961.2425,5011.953600000008
222013.3585,5017.174700000003
222539.8302,5036.412799999991
222635.4,5104.569599999988
222668.3135,5084.81779999999
222891.5704,5131.657099999982
222899.8963,5061.010699999984
222970.3485,5078.407199999987
223050.8747,5083.267099999997
223160.0973,5066.064299999998
223260.6067,5072.840700000001
223272.1475,7971.184899999993
223420.3053,5001.193499999994
223584.3689,2600.6230000000214
223585.84171666668,0
223660.5394,0
223714.533,5117.1681999999855
223754.0107,7963.609400000016
223784.5515,5082.209100000007
223816.93170000002,0
223880.2669,5109.018199999991
223940.1097,5073.994100000011
223942.7052,4961.55799999999
224073.5334,5097.3874999999825
224114.0419,5062.630800000014
224128.3343,5088.931400000001
224314.0681,4707.405200000008
224441.4653,6965.077200000029
224468.8139,5083.4054999999935
224507.201,0
224629.1977,0
224632.4525,5113.415200000018
224801.2223,0
224807.5379,0
225278.7441,0
225595.4429,6470.08660000001
225676.0128,4409.785600000003
225695.9188,4396.281600000017
225707.1536,3996.3305999999866
225841.6421,6346.1967
225878.5338,6354.080199999997
226313.6742,6357.035499999998
226363.0658,5076.900099999999
226445.6229,6475.945199999987
226680.3329,3985.0286000000197
227040.3648,3584.4537000000128
227075.1078,3950.815899999987
227248.4506,4464.136900000012
227266.4201,0
227369.9681,2381.4459999999963
227414.45694,0
227444.8502,3136.434499999974
227530.6156,2917.2014999999956
227560.1816,5076.626000000018
227561.8169,5015.448800000013
227576.9043,5015.603600000002
227797.6017,2263.071499999991
227939.3199,1158.393700000015
227942.8112,2399.417300000001
228085.1606,3099.299400000018
228085.8437,4944.714799999987
228192.6089,5077.777399999992
228244.3738,5067.657899999991
228307.5406,5120.584700000007
228571.5711,5017.471099999995
228628.4661,4273.200599999982
229123.4307,1420.9642999999924
229158.3539,5082.895499999984
229366.5114,5080.2369400000025
229573.6192,5120.242399999988
229597.5089,4311.035399999993
229618.3761,5120.670299999998
229877.8399,0
229937.0256,3132.0105999999796
230210.8174,1158.4753999999957
230574.751,0
230915.8609,0
231017.1968,4221.098499999993
231169.8262,0
231175.4205,0
231180.9658,27.004599999985658
231236.0856,0
231291.3603,5069.921800000011
231371.9436,5114.887099999993
231958.852,0
232003.3645,0
232128.3802,3070.771999999997
232481.21122,0
233161.0299,0
233205.406,5062.716099999991
233428.9479,6397.090300000011
233495.6977,5081.164599999989
233629.3424,0
233672.1124,1597.3340000000026
233703.6574,0
233870.1174,0
234424.1743,0
234491.7177,0
235117.2428,5119.766800000012
235255.0684,5019.930399999983
235370.9306,0
235388.1984,5111.702099999995
235524.5122,1593.8782000000065
235570.4399,3501.1265333333286
235733.0985,3423.695299999992
235832.1791,0
236136.2176,3786.799299999984
236181.1465,0
236672.8659,0
236768.626,0
237113.7354,65.16270000001532
237194.2022,89.61629999999423
237443.0266,180.53696666666656
237579.7163,96.9996000000101
237752.9375,0
237756.09,169.6140000000014
237761.1819,124.4311999999918
237805.8932,147.20809999998892
237831.025,912.2165999999852
237871.5436,0
238102.7501,159.4277000000002
238321.9148,167.74110000001383
238566.7643,240.15530000001309
238788.1789,0
238830.9328,229.71910000001662
238900.3613,243.80119999998715
239152.08299999998,0
239267.6938,255.34860000002664
239286.3262,228.20160000002943
239812.8649,239.48639999999432
239898.2178,258.81630000000587
240888.8361,3768.238799999992
241093.0486,863.2815000000119
241250.2262,407.56650000001537
241399.7821,621.2678000000014
241644.7539,515.3932000000204
241654.1397,505.0429000000004
241680.4512,658.1251000000047
241739.36560000002,0
241839.7366,576.1692000000039
242204.1489,1026.6584999999905
243237.1511,1003.5803000000014
243452.2443,973.7647999999754
243889.1841,987.5298000000184
243988.7909,1086.7730999999912
244215.0816,0
244220.8136,1060.191999999981
244288.3882,0
244435.8867,5089.952100000024
244513.0154,1145.877600000007
244524.4039,1144.1469000000216
244588.7684,1155.9071000000113
244618.4622,1584.6015999999945
244966.0124,1218.1345000000147
244986.5629,1214.5147999999754
245129.4854,1247.815100000007
245462.6782,0
245470.6833,0
245472.0452,1319.9678999999887
245564.446,1335.9978999999876
245600.5392,0
245726.2924,1359.9893000000156
245978.3356,1392.0795999999973
246317.0554,1442.4071000000113
246454.1741,1443.9376000000047
246778.1054,1557.2180999999982
246961.026,1525.9856000000145
247138.7903,0
247141.0449,0
247296.6619,1581.3677000000025
247437.9055,6350.912299999996
247535.8228,1589.2332999999926
247593.63569999998,0
247737.4159,1623.5262999999977
247843.9911,1634.921000000002
247868.4693,1632.2023000000045
247898.1375,0
248479.5637,0
248546.7845,0
248551.5903,1684.2731000000203
248633.9318,1714.0191999999806
248950.9357,1730.2718999999925
248951.1734,1790.1010999999999
249124.8382,3832.5731999999844
249173.8524,1819.1375999999873
249747.352,1619.3616000000038
251459.1715,2003.380600000004
251660.0024,0
252414.4041,2967.338400000008
252659.2827,3114.5088000000105
252663.6792,2660.877300000022
253081.2927,2821.691200000001
253310.4863,3322.1105999999854
253411.6234,3354.0249000000185
253447.12,3337.2715000000026
253915.5594,0
254410.3352,0
254626.1673,3036.5182000000204
254876.4595,0
254968.9166,3817.140400000004
254972.0157,3837.36109999998
254992.5151,3234.840899999981
255300.4409,3961.4939000000013
255418.1045,3578.5988999999827
255440.8931,3492.871279999992
255468.9895,0
256037.6879,4131.852400000003
256067.478,5077.1866000000155
256328.3152,4217.5223000000115
256347.56949999998,0
256524.467,4286.056700000016
256670.4743,3962.7202000000107
256701.0859,4314.691900000005
256739.73930000002,0
257058.8045,4363.277700000006
257086.648,4441.753799999977
257182.2628,4460.60639999999
257284.2066,4486.077900000004
257290.5906,4463.9447999999975
257438.4707,4480.552400000015
257652.3463,4544.460200000001
257724.1654,4587.375999999989
257726.7739,4587.501099999994
257765.3138,4594.753499999992
257811.4054,0
258131.9543,4656.589000000007
258252.1082,1101.1985999999742
258433.836,0
258554.3494,4825.39929999999
258616.6243,4764.346699999995
258662.8055,4791.287699999986
258795.3492,4820.526233333338
258930.6041,4833.119000000006
259013.7226,0
259048.0069,4855.74059999999
259495.7478,5010.088199999998
259688.0663,5005.405200000008
259859.3457,5087.402100000007
259927.0214,3697.9755000000005
260101.7946,5090.901500000007
260456.3451,0
260669.5582,5216.939700000017
260689.1316,5364.627999999997
260705.1282,5255.145600000018
260809.4692,5284.859399999987
260879.1578,5290.13559999998
260917.9435,5320.987599999993
261126.5063,4865.349500000011
261369.1916,5458.535999999993
261507.1373,5489.075299999997
261532.2218,5469.558799999999
261711.4589,5553.979900000006
261735.062,5536.981599999999
262004.1229,5580.5607999999775
262117.9069,5646.489300000016
262289.1425,5694.996800000023
262339.5638,0
262485.4958,5718.243599999987
262560.139,5728.660000000033
262563.5184,5737.084199999983
262604.8732,5754.228899999987
262644.3765,5757.195400000026
262698.6815,5759.0723
263128.2004,5859.573799999955
263461.5376,5999.741599999979
263753.4422,5970.043099999981
263824.947,6056.805499999988
264354.0589,6274.589900000021
264502.0148,6166.602199999994
264655.4012,6225.452900000033
264901.1298,6334.361899999989
264961.3682,6393.264100000029
265218.2609,6481.32269999999
265282.7386,6436.762099999993
265432.6476,6499.192800000019
265604.8248,6516.981200000009
265630.4094,6604.279899999994
265837.1011,6662.017100000026
265903.3146,6664.849699999992
266196.9421,6657.370399999985
266235.0037,2620.561400000006
266440.8069,6792.931700000016
266650.9248,6856.927799999976
266691.5584,6905.457399999985
266874.9192,6852.775499999989
267117.6572,4169.948100000038
267828.4283,7160.709300000017
267918.018,0
268010.4151,0
268119.3344,7362.160700000008
268276.1899,7325.434200000018
268490.3162,7357.616099999985
268549.3595,7365.258200000011
268705.6251,7458.647700000001
269196.8173,7508.770499999984
269376.7229,7772.691599999991
269586.5248,7788.611600000004
269752.7858,7800.433799999999
269920.782,7965.165700000012
270097.5057,7957.22099999999
270292.8773,7987.839133333298
270527.4514,8071.113600000041
270596.9629,8117.425799999968
270868.8507,8238.0919
270965.8164,8267.450000000012
271028.5426,7061.544799999974
271053.7956,8286.012099999993
271116.9715,8303.571699999971
271200.8704,8301.565400000021
271232.5162,8345.71040000004
271417.3349,8435.885200000019
271430.7851,8436.559899999993
271544.975,8464.369999999995
271606.4773,8461.868300000031
271662.2487,3321.098699999973
271697.0158,8454.14029999997
271918.4854,8613.2929
272457.8451,8740.530699999945
272593.3611,8674.915199999989
272658.1426,8777.328700000013
272691.6198,8708.160700000008
272692.266,8839.963999999978
273193.7991,9027.937600000005
273582.4476,9099.22139999998
273745.7864,9165.94260000001
273775.5445,5632.652400000021
273857.8883,9207.404899999965
273984.1915,9251.55700000003
274055.5507,9275.056300000055
274328.6829,9298.435500000021
274800.7854,9447.739899999986
275155.5492,9638.0723
275332.7394,9765.434000000008
275422.5974,9688.770500000042
275556.8104,9877.577500000014
275877.6145,9980.939300000027
275903.7609,10004.567299999995
276330.1495,10034.693000000028
276427.531,10292.736199999985
276674.0237,10325.814000000013
276676.8016,10210.532899999991
277001.2432,10407.599300000002
277021.4831,10455.075300000026
277025.4008,10331.678799999994
277074.9778,10463.222100000014
277121.7943,10455.909500000009
277253.7853,10482.15869999997
277315.455,10536.585499999986
277489.6348,10528.755999999994
277577.7757,10576.102300000028
277754.5473,10694.881099999999
277765.3208,10692.114499999967
277766.7953,10660.826899999985
277770.2567,10631.006200000003
277886.5982,10646.312399999995
277962.8428,10543.889199999976
278024.8945,10689.880399999965
278157.9372,10705.771999999997
278456.6801,10897.011899999983
278695.9776,10859.18789999996
278777.9177,10814.783599999966
278964.3163,0
279133.2716,10880.79349999997
279343.7568,10985.423299999966
279462.3431,10995.137199999997
279481.359,11031.525199999975
279610.8892,11028.723699999973
279659.914,11036.56799999997
279757.7481,11064.93690000003
279813.2704,11089.918200000015
279930.282,11147.123000000021
279976.2723,11140.259100000025
280048.102,11110.627700000012
280051.6638,11134.923499999975
280183.2651,11141.675700000022
280223.9227,11132.933699999994
280337.3581,11166.723300000012
280472.0957,11148.088400000008
280624.2627,11189.567500000005
280910.9503,11221.334499999997
280969.8819,11262.291199999978
281488.1751,11259.963800000027
281533.5585,11551.975899999961
281836.0941,11285.977100000018
281887.3373,0
281979.8618,11508.896400000027
281999.7084,11512.27899999998
282030.6723,0
282034.3543,11468.764300000039
282189.2634,11428.373399999982
282614.2151,11468.441399999952
282680.8816,11466.873599999992
282946.778,11569.262899999972
282949.8636,11492.80739999999
282970.672,11503.080400000035
283350.4926,11480.600683333352
283840.8817,11570.808200000029
284013.8165,11537.631300000008
284113.8221,11543.67200000002
284254.406,11679.478100000008
284678.8408,11563.818300000043
284732.728,11622.810500000021
284795.2954,11644.113000000012
284816.2928,11589.41810000001
284839.0851,11583.208500000008
284884.8689,11578.184600000037
284918.6764,11593.837699999975
284946.0833,11574.58130000002
285006.5062,11661.430200000003
285218.9982,11598.25959999999
285357.8475,11612.978399999964
285610.1251,11615.496199999994
285785.5191,11602.186199999996
285973.5078,11587.396800000046
286501.1409,11607.816025000007
286625.8322,11600.981499999994
286688.3368,11618.45240000001
286853.0426,11624.808699999994
286941.9482,11634.347499999974
286952.2355,11690.785100000037
287437.9711,11684.814100000018
287545.3174,11677.228999999992
287643.9158,11689.71120000002
287682.9915,11703.522999999986
287698.2365,11710.574299999978
287812.6826,11738.536800000002
288127.7649,11765.779600000009
288128.1902,11765.834600000002
288188.9883,11689.24530000001
288357.9906,11799.116500000004
288527.5269,11683.001400000008
288686.4355,11854.939500000037
288730.4357,11871.69279999996
288734.5862,11867.854900000035
288912.3294,11678.67379999999
289358.6886,11968.842000000004
289482.8174,12007.347200000018
289760.1013,12051.960699999996
290226.2967,12163.041299999983
290445.9019,12203.977200000023
290504.9646,12234.189699999988
290603.1345,12247.840800000005
290723.0553,7114.099199999997
291068.6166,12365.435100000002
291165.1908,12373.594099999988
291219.1704,12387.713800000027
291384.1855,12420.589200000046
291387.7301,12424.40089999995
291551.0165,12464.730900000024
292291.8946,12646.05190000002
292496.7052,12708.194300000032
292689.4152,12754.095700000005
292937.7387,12828.487900000007
292971.9181,12837.343899999978
293077.7665,12862.322000000044
293102.655,12861.56170000002
293197.171,6107.521299999964
293276.7012,12907.594600000011
293293.9286,12907.15029999998
293306.4171,12909.09030000004
293347.9524,12909.00469999999
293387.4689,12936.11619999999
293612.6494,12968.455100000021
293718.4633,12990.814599999983
293936.0032,13008.683099999966
294118.1911,13046.789099999995
294306.8144,13058.234499999962
294371.3462,13058.951000000001
294555.3056,6485.598600000027
294619.6324,13075.809966666682
294700.001,13107.148099999991
294739.2243,13108.699900000007
295069.3679,11681.09990000003
295308.9244,13179.827900000033
295358.3584,11676.122000000032
295642.7353,13223.38539999997
295961.7977,13258.267200000002
295989.7186,13266.139200000034
296047.4519,13262.507199999993
296475.4062,13292.08640000003
297084.9104,13326.416399999987
297235.899,11709.385299999965
297300.4156,13354.536900000006
297475.6729,13438.535299999989
297503.8954,11694.902599999972
297539.8442,13528.227899999998
297724.8501,6502.603499999968
297873.4046,11680.989700000035
298268.9844,13659.880200000014
298296.2028,13556.477300000028
298322.8493,11686.977499999979
298365.8505,2247.2670999999973
299136.7432,13741.629000000015
299441.6992,13845.229200000002
299489.4812,11684.92749999999
299708.856,13853.444600000046
299921.321,13855.817099999986
299956.9712,13894.252399999998
300261.8056,13899.21590000001
300328.5628,13942.511200000008
300380.6673,13954.775399999984
300504.795,13974.269900000014
300583.5865,13984.360499999952
300751.6376,7117.628000000026
300898.5076,14035.87479999999
300951.4799,14045.860799999966
301082.6967,14039.60699999996
301166.241,14050.037100000016
301606.5975,11680.209799999953
301826.618,14095.420200000051
301895.1928,14124.99430000002
301938.9868,14141.854200000002
302238.7202,2112.08759999997
302257.4836,6517.724266666628
302284.3014,14160.071600000025
302362.1869,0
302498.3779,14197.429999999993
302585.8921,14212.544400000013
302654.5049,14213.738000000012
302765.2274,14249.466599999985
302798.4849,0
302847.9142,14249.62599999999
303179.9734,14278.030700000003
303192.2773,14278.695600000035
303256.9153,14300.708600000013
303695.8848,14337.941099999996
303785.1454,14314.33859999996
303829.6012,14440.626300000004
303876.191,14411.451699999976
303991.0873,14344.08189999999
304021.49,14343.436800000025
304098.9124,14438.858299999963
304104.5306,14350.13890000002
304141.5617,0
304268.5811,6505.872200000042
304400.4151,14349.259959999996
304480.168,14348.707600000023
304604.8897,14337.758499999996
304682.9995,14341.249699999986
304723.4221,14382.90246666671
304758.2241,13825.941099999996
305050.6373,14338.109300000011
305172.6111,2182.228999999992
305324.3361,6103.213000000047
305410.8885,14363.291299999983
305507.7092,14407.653300000005
305567.56200000003,0
305588.0229,13974.470199999982
305710.2582,0
305787.031,14343.202500000014
305909.1936,6381.3848
306173.657,14342.5968
306208.7774,14339.549700000032
306282.7271,14426.246700000018
306589.1021,13990.764500000048
306738.3688,13998.785199999984
306846.246,0
307285.0867,14209.80819999997
307295.0902,14335.75039999996
307295.6071,14077.911300000036
307556.1692,14343.017400000012
307612.447,14347.95689999999
307974.6453,14018.566599999962
308054.7908,14337.56349999999
308324.6997,14424.913300000015
308426.4329,0
308531.3602,14012.374859999982
308584.6964,14379.936400000006
308609.2215,0
308654.0676,14344.352300000028
308840.7773,14339.633600000001
308902.9254,0
309260.8365,14342.909199999995
309370.381,14349.059999999998
309467.1173,14013.262599999958
309495.8401,6521.6333999999915
309528.4853,14360.251899999974
309666.1359,0
309692.3546,0
309735.3506,13356.142500000016
309740.7006,14344.126500000013
309949.4915,14440.51410000003
310028.5736,13322.283600000024
310065.3974,14339.783800000034
310299.8291,14342.646399999969
310326.8288,13996.31170000002
310372.6878,14351.58230000001
310550.2831,14343.013399999996
310840.4276,12452.89380000002
310861.5277,13347.600099999981
310943.993,14343.463800000027
311034.7258,12193.200699999987
311100.5661,14012.354200000002
311103.4321,12299.354899999977
311193.9232,13444.457900000038
311264.9332,14017.185300000012
311749.1608,0
312129.3814,14342.06699999998
312206.1454,14336.559899999993
312216.3251,11008.724199999997
312311.865,10571.867800000007
312543.4074,9788.850600000005
312569.33,9782.678300000029
312577.6201,14055.481299999985
312598.2186,12558.26800000004
312711.8015,2153.4042999999947
313042.7602,0
313189.6149,13402.132400000002
313349.0938,13992.075499999977
313402.3208,12296.998499999987
313504.3874,13400.981299999985
313564.4847,9767.12599999999
313590.2809,14022.69200000004
313769.8397,14478.441200000001
313837.1418,0
314113.507,12311.810399999958
314155.665,13992.544399999955
314172.1321,12141.89419999998
314411.3248,14017.802000000025
314443.8143,14031.071800000034
314695.9006,12335.91340000002
314713.351,9098.968200000003
314985.0648,8893.40240000002
315006.0471,8847.45630000002
315117.1096,6505.635600000038
315265.4164,14347.147599999967
315330.4346,0
315345.5838,9179.435400000017
315370.0411,0
315402.2119,13997.235999999975
315548.0358,9175.324300000037
315608.9078,9827.428599999985
315614.4645,13171.522100000002
315959.3353,9770.360199999996
315960.5763,8323.970900000015
315998.619,9790.108799999987
316061.6209,9930.271599999978
316068.6818,9776.239700000035
316143.7785,0
316469.7842,0
316478.987,13993.556700000016
316479.5789,0
316512.9258,8627.64890000003
316556.025,14020.623699999996
316938.6603,8642.981299999985
317028.8578,12317.654900000023
317074.9907,0
317080.6719,14206.141200000013
317224.489,8359.319499999983
317225.955,0
317315.5778,14358.450500000035
317461.458,8014.621899999969
317566.3515,8627.050466666638
317674.3407,0
318202.4913,8624.472200000018
318465.1318,0
318517.2534,8632.053799999994
318638.9215,8381.763500000001
318714.4318,0
318825.2621,8183.272200000007
319071.8751,14348.58150000003
319072.3388,8357.809400000027
319096.5382,8491.542200000025
319112.7413,7187.366299999994
319217.4518,14012.204099999974
319298.3225,14424.919899999979
319314.1544,8538.003800000006
319356.5233,7085.454000000027
319467.1111,7085.403283333289
319735.4541,7093.254399999976
319818.9563,0
320628.6036,9185.666399999987
320654.6592,7142.811300000001
321000.1085,7189.657633333292
321281.0025,7185.38559999998
321307.7854,14036.29759999999
321440.30700000003,0
321804.6214,7235.949599999993
321862.4994,7244.46749999997
321960.315,7965.632900000026
322036.4871,8574.850600000005
322041.9633,8648.55249999999
322110.8862,8201.395799999998
322646.6214,11092.793200000015
322696.7447,7241.965599999996
322787.0695,7294.70769999997
322953.3142,0
323000.3434,7257.008099999977
323085.4235,6451.502699999954
323407.283,0
323501.6983,9174.011400000018
323672.9917,8974.082200000004
323816.2304,6500.424699999974
323925.3997,14028.789700000023
324262.9496,7246.164700000023
324406.0079,8624.252900000021
324417.9826,8643.064599999983
324442.437,6320.096299999976
324843.6623,14014.360800000024
324955.2098,6378.111199999985
325290.4566,3342.5574999999953
325394.0621,0
325431.8243,6343.410499999998
325485.935,8551.899399999995
325767.2818,6302.232699999993
326004.3486,11445.75350000005
326388.6644,8645.015899999999
326470.8409,6246.607400000037
326537.7716,14377.195674999966
326707.7414,5638.778200000001
326760.9654,9766.076000000001
326872.9952,0
327039.4386,0
327061.4917,7282.566300000006
327137.4471,0
327193.2992,5633.879799999995
327297.2975,13995.646899999992
327398.8714,14426.870799999975
327544.7077,7293.673400000029
327620.0108,8629.19689999998
327671.0895,0
327894.3584,6342.241500000004
327934.6849,7318.424100000004
328099.036,7252.346900000004
328327.1836,5613.476099999971
328564.7172,7418.6651999999885
328569.1747,0
328629.0587,8628.456980000017
328698.8943,5503.243699999992
328829.8636,5182.049599999969
329034.3721,7255.321999999986
329085.4931,5484.064100000018
329286.6853,0
329363.948,5492.69709999999
329463.8372,5260.5013000000035
329618.5363,8809.246299999999
329716.1135,5635.995599999966
329833.6448,0
329950.5019,6397.014099999971
330049.8955,5456.948899999959
330152.7571,6350.424699999974
330544.8153,0
330655.1146,0
331287.7663,5904.3681000000215
331541.4028,5908.814799999993
331794.1492,6020.844599999953
332155.9285,6130.014199999976
332270.4426,6098.988200000022
332424.9646,6377.36440000002
332708.3515,6225.116099999985
332809.0203,6291.5869999999995
333217.1719,7241.1106000000145
333644.9677,6715.873900000006
333734.6907,6707.7085999999545
333832.6788,7311.60560000001
333968.5813,8628.732766666682
334021.7151,7293.824999999953
334243.702,6820.935400000017
334281.8782,6775.989899999986
334640.2081,7254.430999999982
334646.4322,6974.256799999974
334696.2961,6981.921700000006
334952.9832,0
334983.409,0
335009.0218,9147.551800000016
335279.1768,7108.962900000042
335680.2507,7264.005999999994
335683.4167,7280.718899999978
335727.4605,7252.257799999963
335867.1581,0
335948.6967,0
336383.6189,6789.968999999983
336644.0821,7455.107599999988
336867.3511,7594.134900000005
336964.8716,7596.642950000009
337116.9507,0
337355.6703,7728.870600000024
337413.9742,0
337504.31429999997,0
337624.2041,7788.383700000006
337891.9644,7834.419500000018
338037.6761,0
338041.5279,7879.568900000013
338071.7053,7907.462099999946
338266.7545,0
338331.7614,7981.045100000047
338374.4776,0
338540.0058,7987.263099999982
338753.6544,6033.956599999976
338809.8291,0
338926.8411,0
339366.0863,5981.904500000004
339373.0093,8257.546299999987
339418.6173,8251.008899999957
339547.4376,0
339575.8782,8248.238899999997
340073.5404,8363.329339999997
341008.2835,8759.536100000027
341198.4816,8725.996199999994
341356.3701,0
341503.1118,0
341592.4333,8794.779500000004
341837.9504,8861.2169
342417.8596,0
342435.8044,9045.002500000002
342485.7938,9121.826000000001
342571.0913,9055.972499999974
342624.6301,6842.464500000002
342919.7004,9129.570499999973
343206.4252,7027.2906000000075
343208.0638,9232.585699999996
343354.969,9258.743599999987
343374.7166,9258.745399999956
343538.4503,9309.390000000014
343744.2271,9366.908800000034
343936.6252,0
344085.9513,9487.19180000003
344210.725,0
344245.6923,9497.43650000001
344258.9569,0
344344.4442,9537.633499999996
344553.5831,0
345018.1175,9695.969700000016
345114.8872,9707.963500000013
345182.5771,9730.630400000024
345267.7521,9762.711100000015
345308.6541,9764.546399999992
345698.5201,0
345706.8786,9853.003399999987
345721.5708,7668.137600000016
345772.0877,9864.252299999993
345893.991,9923.737599999993
346029.6474,297.09520000003977
346054.5508,9922.9816
346058.0921,9937.496700000018
346115.3825,9966.395699999994
346197.7943,9967.64770000003
346540.5327,1859.125699999975
346626.4723,10048.748300000036
347277.3819,0
347491.565,8389.534999999974
347593.973,10258.04330000002
347796.3841,10303.264000000025
347960.5402,10351.523799999966
348154.5546,8471.270599999989
348189.2011,10397.989000000001
348413.5461,10484.047999999952
348608.3677,10508.189899999998
348671.6747,10471.253099999973
348941.4424,10509.04369999998
348943.8549,10552.484699999972
349043.0015,10568.727400000033
349095.3747,10588.464299999992
349190.3284,10560.372099999979
349291.7535,10576.43339999998
349448.4947,10570.591599999985
349514.3186,10602.14850000001
349771.4765,10603.892099999997
349932.2515,9601.714099999983
349991.2442,10607.116800000018
350279.0407,10589.164600000018
350765.7656,10590.36109999998
350921.1995,10639.8027
350973.4244,10637.12969999999
350991.5196,10608.390200000023
351403.3617,10608.0723
352038.0934,10369.383700000006
352053.3355,10697.086699999985
352190.2392,4103.407080000034
352457.6519,10706.957500000019
352474.7937,4125.894199999981
352888.2351,10814.440599999973
353094.6412,10916.409900000028
353114.4693,10892.487199999974
353121.5517,10937.780399999989
353507.5839,10917.707200000004
353619.6662,4949.046699999948
353724.891,10983.775599999994
353737.0873,10996.388000000035
353780.7188,4062.129799999995
353871.8615,11059.79700000002
353880.8731,11067.96610000002
353933.4487,11055.321999999986
354039.6033,11051.376800000027
354043.4643,11085.71490000002
354464.989,11122.595499999996
355125.7755,11154.70789999998
355537.9843,11331.476200000034
355597.7693,11525.804399999965
355803.8212,11301.7892
355814.3344,11314.998099999968
356590.1074,11464.027000000002
356638.8356,11521.910799999954
356907.3235,11690.713600000017
356960.5138,11635.285800000012
357213.8453,11718.083299999998
357310.8028,11816.295400000003
357421.5543,11858.788700000034
357589.9093,11949.525900000008
357641.1031,7087.791599999997
358014.2367,12021.97590000002
358382.8678,12140.811099999992
358391.143,12059.303099999961
358459.8851,12120.043999999994
358493.7375,12188.681500000006
358743.9032,12224.555899999978
359082.3319,8925.462100000004
359089.0412,12260.087499999965
359249.2841,12418.016000000003
359272.9504,12422.706599999976
359331.2817,8247.015100000019
359481.955,12498.163899999985
359579.2958,8192.652100000007
359600.9167,12484.370700000029
359733.8324,12594.902999999991
359815.3731,12561.419700000028
359825.6799,12581.189799999993
359843.2309,12625.986000000034
360054.9863,10037.266799999983
360218.5182,12665.233000000007
360219.9348,12660.88990000001
360232.9376,12710.104999999981
360517.7137,12711.870600000024
360522.6472,12694.078099999984
360704.279,12809.622299999988
361169.5502,12842.831399999966
361216.1316,12907.037500000035
361338.2126,13023.457700000028
361870.5926,10104.191899999976
361921.1626,13032.498699999938
361948.3338,13053.87520000001
362072.3999,13204.962600000028
362284.4157,13123.62089999998
362341.7877,13254.45610000001
362359.0275,10726.702900000033
362536.9531,13253.7071
362681.725,13235.495266666636
362977.521,13355.884900000005
363497.016,9951.62400000001
363609.5205,13485.92869999999
363672.5035,13674.49040000001
364249.9127,13914.56329999998
364359.6967,13863.441799999971
364481.5696,13825.03330000001
364580.8807,13828.851199999976
364864.9948,13915.518299999996
365106.429,13992.907599999977
365465.7381,14072.523099999991
365799.8456,14172.146599999978
365837.6425,14266.350200000044
366001.2147,14268.995700000029
366062.7766,11915.059699999983
366289.0732,14367.766100000008
366353.8681,14350.080400000035
366426.4333,14427.632299999997
366451.6581,14435.087300000014
366810.1823,14418.986800000013
367003.6239,14502.455200000026
367153.098,14573.51860000001
367403.7339,12425.847100000014
367591.4668,14652.846299999976
367793.9293,12510.32150000002
367822.5723,14750.93300000002
367870.7949,14784.994599999976
368169.6012,12564.236733333324
368400.2526,12703.248499999987
368404.9681,14878.409600000014
368408.6341,14837.932100000035
368511.3837,14897.600199999986
368741.5746,14903.574099999969
368936.9701,14919.68729999999
369095.7045,14937.81779999996
369121.3254,12909.08679999999
369383.4153,12899.47119999997
369681.3766,12965.544900000037
369802.5193,15169.25059999997
369862.4769,15156.706600000034
369906.2378,15171.966799999995
369911.9178,15171.910399999993
370115.4362,15173.968699999969
370183.0235,15177.053333333344
370603.7137,15338.492800000007
371037.4526,15409.959900000016
371582.5174,15517.83620000002
372063.1577,15616.500699999975
372247.3655,15667.473600000027
372373.3154,15690.380900000047
372582.8855,15745.814399999974
372775.0977,13070.745200000005
372977.9695,13457.770799999998
373351.8629,13552.732499999984
373608.2521,13620.835399999982
373780.4005,16024.396699999983
373938.0335,16070.718400000012
374242.386,16133.483599999978
374288.3002,16154.917399999977
374291.0523,16145.536499999987
374294.7526,16145.372399999993
374704.008,16227.939583333326
375479.3676,16402.583400000003
375564.1092,14024.558799999999
375633.3911,16458.24859999999
375730.6307,16473.638799999957
375966.0136,14089.54879999999
375986.7481,16531.491800000018
376345.804,16608.073700000008
376520.2262,16653.340799999947
376530.8337,16650.126099999994
376641.9098,16675.451900000044
376727.6342,16686.89209999994
376850.8322,16705.04389999999
377045.9964,16745.616299999994
377104.6723,16758.075399999972
377501.6122,16809.484999999986
377605.5047,16835.049500000023
377647.4609,16830.282799999986
377716.589,16839.649799999956
377747.4763,16840.089999999967
378004.1384,16864.668999999994
378004.3287,14702.977499999979
378057.8894,16866.197199999995
378188.3047,16878.924299999955
378415.3592,16877.603300000017
378440.5319,16894.434100000013
378521.1612,14783.247166666668
378633.8692,16893.775800000003
378761.1397,14789.794600000023
378875.5077,16920.666400000046
378893.0476,14811.162399999972
379105.1339,16939.46220000001
379169.1036,16934.565699999977
379222.836,16940.511100000003
379293.2575,16940.750100000005
379333.992,16930.381200000003
379373.574,16930.684200000018
379559.784,16942.07799999998
379588.0205,16941.55779999995
379723.3257,16933.994200000016
379818.7494,14838.30449999997
379843.3661,16930.294599999965
379972.8448,16938.247600000002
380184.1907,14866.454700000002
380292.7629,14867.653899999976
380493.9628,16924.36699999997
380769.1477,16929.9338
380873.3325,16940.872800000012
381249.5264,16945.364774999965
381361.8872,16931.325899999996
381461.2857,14960.185300000012
381482.2726,16938.42980000004
381588.1773,14952.40399999998
381629.8528,16932.913499999966
381748.9267,16935.48019999999
381810.7685,16390.4571
382114.7586,16583.193499999994
382150.5374,16939.214799999958
382282.8456,16929.157999999996
382332.1611,16252.645100000023
382491.8528,16931.675400000007
382502.2144,14955.255500000028
382548.1739,16937.153699999966
382567.4834,14953.501000000047
382595.1994,16937.54190000001
382649.1278,16927.605900000024
383216.2397,16940.192899999965
383253.1118,14953.633300000045
383421.5183,16938.68729999999
383488.6162,16934.180699999968
383548.1908,16214.934899999993
383741.604,16581.13010000001
383845.1975,16261.350600000005
384267.0689,16927.70610000001
384296.213,16877.118299999973
384348.4992,14565.226800000004
384401.8633,14972.376199999999
384513.3486,16937.673500000034
384691.7466,15870.978500000027
384947.0222,16930.82189999998
385030.9632,15879.406599999988
385089.8705,15861.07070000004
385105.2157,15866.531799999997
385130.4549,15859.53330000001
385271.1908,14546.647200000007
385477.3897,16932.64519999997
385482.3116,16927.01569999999
385584.9533,12376.193299999984
385932.3494,15878.876899999974
385954.4281,15887.755300000019
386165.7309,16213.81699999998
386376.01,16503.114300000016
386382.3224,14554.896600000036
386405.3344,16947.927199999976
386592.3903,16926.726840000018
386694.0537,15537.664999999979
386831.5163,14532.848100000003
386862.7185,15556.604200000002
387287.6081,15563.761999999988
387302.373,15017.840200000035
387525.8026,16938.99979999999
387620.5109,16944.303599999985
387755.6758,15112.711500000034
387874.14,14548.170900000026
388010.8458,12075.405299999984
388434.1474,14567.699900000007
388462.2698,14564.404099999985
388759.3401,15947.37539999996
388803.5334,11183.24119999999
388860.2842,14996.574900000007
389168.0819,13402.94465999998
389408.1432,14559.233000000007
389532.9983,13399.492700000003
389551.5358,13548.32309999998
389605.6509,14962.745999999985
389615.8784,14595.236399999994
389749.6704,16935.647266666696
389926.9861,14574.646899999992
390065.6186,16915.250699999975
390108.2189,15570.907999999996
390308.8448,14975.216600000043
390439.9247,12266.045733333332
390481.9919,15873.111000000034
390663.7944,14550.982200000028
390777.2804,14957.226399999985
390800.3095,16936.01409999997
391134.3462,13759.517500000016
391145.718,13400.377099999983
391155.98,14611.779600000009
391183.8108,12085.709999999963
391277.1553,12259.863075000001
391297.5562,11755.236199999985
391441.0246,16944.146200000017
391536.6057,16937.61989999999
391536.6908,15547.004099999962
391722.1962,16266.814600000042
391829.6343,16944.93247499998
391853.4868,12347.036200000031
391973.2346,11470.286200000031
391998.4821,13780.206200000015
392152.0684,14954.840399999986
392483.5891,11344.200599999982
392630.6754,11136.834700000007
392915.8556,13149.187099999981
393296.025,12255.767099999997
393448.8935,13450.319400000037
393503.7324,11326.51549999998
393574.5584,14573.571200000006
393605.0377,16937.662899999996
393793.6721,11232.444900000002
393865.4762,11675.931399999943
393889.9311,10734.7206
393951.8178,11659.568299999984
394043.2711,11681.00450000004
394705.0934,10992.070600000035
395142.7393,16928.733100000012
395207.1067,10984.723259999999
395249.3053,11345.36420000001
395445.9647,11468.248800000001
395455.554,14955.585699999996
395580.6128,11460.587500000023
395585.7082,14550.29269999999
395663.7971,12692.580600000045
395668.1496,13037.073399999994
395804.4478,9313.799300000013
395879.6811,13535.091399999976
395927.1399,9280.046719999984
395967.8512,11571.879299999971
396012.4777,9362.283799999976
396090.4157,10777.298100000015
396223.7141,16399.77899999998
396315.151,11538.306500000006
396551.0164,16932.05780000001
396591.0358,15865.749899999995
396634.145,16944.766300000018
396663.1673,11652.901299999969
396683.3506,12104.228699999978
397297.1615,11367.047299999977
397306.2558,10519.199800000002
397781.2923,11538.378700000001
397947.8728,11543.671900000016
398695.8203,11557.3456
398810.1748,11542.363599999982
398810.3424,11549.268900000025
398896.5865,9686.2218
399061.7237,11326.854399999953
399188.698,11546.061099999992
399217.501,9679.867900000012
399219.3846,16930.00020000001
399221.362,11333.631400000013
399274.3186,11590.848799999978
399434.0567,11332.988100000017
399625.5926,11337.309099999955
399677.2965,6830.5616000000155
399679.8022,9543.06719999999
399856.714,11354.863799999992
399968.4234,9548.56090000004
399974.0434,11390.445000000007
399989.5306,11783.043400000024
400006.8388,11396.83110000001
400569.1446,6968.877500000002
400622.5262,16931.92590000003
400765.2877,11395.228499999968
400849.157,11376.538
400873.0453,12268.13857499999
400891.3139,16250.5809
400918.1958,11539.005999999994
400938.4695,11360.950200000021
401019.5491,11362.453600000008
401171.4932,13437.929400000023
401171.7911,14982.305899999978
401216.4925,11057.192899999965
401418.8963,11568.05230000004
401502.1916,11548.868100000022
401568.3792,11389.366100000043
401578.4979,11358.046700000006
401745.3694,11557.774400000053
401876.0532,11374.998900000006
401934.3237,9861.568800000008
402023.383,11363.41969999997
402101.7383,14568.224600000016
402151.6743,11394.485600000015
402388.4105,13236.129799999995
402589.7041,7362.581499999971
402815.7542,15545.74450000003
402832.326,14959.855900000024
402869.0957,9897.984899999981
402978.5153,12239.738700000045
403049.4455,14955.565099999949
403305.2341,11550.699299999978
403720.1935,7430.612000000023
403751.4366,7398.935600000026
403979.033,9905.949599999993
404019.061,11563.654099999985
404336.1014,10930.233599999978
404342.7093,11387.550799999968
404411.7628,9072.791800000006
404489.2776,15556.791099999973
404707.8992,7391.542399999977
404789.3936,9548.451899999985
404838.7543,11557.811599999957
404840.1867,11729.856100000034
405140.3739,15868.243499999982
405148.1947,6895.255799999984
405312.7806,9979.5478
405606.2091,10038.344400000002
405810.3713,7250.486600000004
405957.9913,11404.169600000023
406092.5695,7404.408599999966
406154.6702,10860.625100000005
406178.7744,11376.407200000016
406365.3654,7433.621600000013
406371.9773,14959.262600000016
406504.3176,12258.853999999992
406716.5708,11410.508849999984
406794.2673,6952.944599999988
406912.8701,7258.188199999975
406958.4824,11364.975499999942
407125.2139,7247.154899999965
407359.9385,7439.133700000006
407458.1247,7385.173499999975
407481.8594,6680.214800000016
407800.4726,11983.161199999973
408218.9941,7158.931500000006
408320.8478,7385.77370000002
408488.6134,11538.960799999943
408501.3245,6475.675899999973
408747.1217,7387.43590000004
408871.9294,11322.612900000066
409009.5553,6399.981800000009
409037.2578,6039.869800000044
409183.1308,6016.345899999957
409441.7773,11232.548800000048
409711.4276,9294.225299999991
411933.695,6853.72649999999
412041.3263,6892.498800000001
412223.942,6576.1632249999675
412632.4181,6803.009499999986
412659.5257,6911.712449999992
412991.4667,7414.73119999998
413258.3385,14975.537500000035
413394.2064,7154.342700000037
413470.8038,7141.990600000019
413477.3105,7463.076000000001
413877.479,11969.202499999956
413966.6147,7577.931799999962
414050.1765,9961.112599999993
414106.2272,7271.528700000024
414175.342,7314.352599999984
414323.4358,7341.4353999999585
414382.9307,7419.59520000004
414402.9926,7370.1106000000145
414491.1549,7368.506900000037
414661.5031,11192.606299999985
414664.4192,7381.401200000022
414675.6706,9955.10321999999
414908.9953,7408.829800000007
414997.5737,7454.206699999981
415381.9959,7525.38619999995
415564.4971,7528.542699999991
415822.0998,7651.720100000035
416070.0496,7631.525400000042
416105.412,11365.067900000024
416286.2803,7652.655700000003
416290.5425,7679.780399999989
416691.6128,7690.376500000013
416692.7371,7677.005400000024
416701.1185,7691.561099999992
416749.049,7718.494200000016
416753.5537,7765.784500000009
416804.5132,7698.478799999983
417045.2319,7704.540299999993
417219.5432,10114.631700000027
417371.1264,7770.838900000032
417405.6864,7725.28820000001
417445.4047,7744.492499999993
417541.5724,7748.227300000028
417687.6367,7746.709899999958
417728.9318,7738.883000000031
418317.6719,7724.845299999986
418385.6548,10648.608000000007
418449.3995,8666.019299999985
418512.7654,9640.394599999941
418575.4162,7757.3339999999735
418860.7418,7764.394300000044
418949.452,11368.402100000007
418949.4635,15558.239300000016
419005.6773,7724.728799999983
419032.5948,7724.123100000026
419364.0037,7617.7347999999765
419557.759,7740.861800000013
420308.3942,7969.138600000006
420313.159,11552.502600000007
420454.028,7745.776699999988
420865.679,7729.055500000017
421495.3904,7890.871599999955
421950.8239,7966.8831000000355
422159.9949,8030.7976999999955
422210.57,13139.001700000023
422298.7858,8059.609300000011
422343.3596,8072.332300000009
422353.7493,8076.568599999999
422401.5255,8090.799499999965
422434.4514,8131.670800000022
423514.5842,8116.770299999975
423930.7733,8405.953500000003
424250.8273,8350.563199999975
424328.2521,8369.189799999993
424609.0836,8444.002399999998
424708.1059,8504.013600000006
425098.7158,8506.771500000032
425124.21,8532.52740000002
425279.5726,8562.560500000021
425821.831,8864.578500000003
425827.4499,8864.764199999976
425941.6536,8798.822100000049
426411.5754,9000.81309999997
426699.9571,8842.930200000003
427194.282,8937.38380000001
427317.9179,9093.579599999997
427408.7405,9111.776300000027
427637.7997,9110.987299999979
427964.3053,9209.745999999985
428081.4949,9240.74079999997
428187.4427,9250.368200000026
428263.3586,9274.402499999967
428792.251,9327.987900000007
428835.1519,9357.378099999973
428934.7995,9559.685700000031
428941.143,9418.820499999973
429596.3926,9736.780200000037
429629.9008,9667.667199999967
429880.2734,9791.793200000015
429927.0765,9787.466200000024
430120.8931,9835.519899999956
430912.3623,10190.540899999964
431505.3358,10115.464199999988
431603.9768,10280.79759999999
431810.1072,10339.88710000005
431838.6748,10365.012399999949
431940.6235,10357.652299999958
432174.1591,10441.827699999965
432404.069,10578.4142
432714.6838,10639.608799999987
433282.5019,10838.627799999958
433584.7637,10931.49410000001
433859.7712,11056.394299999985
433893.6852,11082.695799999987
434135.4326,11117.838600000017
434267.6063,11181.223200000008
434285.9141,11209.573900000018
434366.7005,11231.280700000003
434571.3554,11287.16399999999
434781.8857,11371.87659999996
435038.7125,11440.06270000001
435383.0382,11588.46630000003
435434.2628,11594.750300000014
435502.9262,11606.315599999973
435605.1187,11589.915700000012
435642.7023,11656.974500000011
435713.5058,11669.439699999988
435789.1829,11681.415199999989
435831.6703,11714.84759999998
435854.9513,11724.380900000047
435901.9257,11722.31170000002
435980.6859,11752.093200000003
436238.1499,11834.9228
436401.3613,11841.393500000006
436551.1401,11907.437300000049
436597.4647,11918.083700000017
436703.6711,11936.635499999975
436953.246,12030.553399999975
437005.2892,12065.547299999977
437554.2908,12270.097000000009
437582.802,12273.811400000006
437686.9967,12256.994000000006
437718.3668,12268.420700000017
437773.9281,12215.38990000001
437807.5915,12220.857399999979
438143.7572,12339.521200000017
438249.5603,12374.733000000007
438680.1344,12556.945399999968
438787.9495,12537.131300000008
438838.3295,12569.308799999999
439334.974,12706.349099999992
439550.1159,12781.699099999969
439729.5659,12798.652499999967
439741.4875,12856.05939999997
439824.4743,12856.983100000012
439834.8098,12852.301600000006
439878.5247,12885.8701
439913.7697,12893.914900000033
439914.9617,12902.496999999974
439926.4866,12904.282799999986
440077.3005,12911.065000000002
440558.5934,0
440697.1154,12974.846699999995
440867.534,13216.017859999964
441175.694,13269.5098
441260.3508,13467.47649999999
441508.0709,13287.662199999962
441525.0333,13417.124699999986
441718.4406,13398.500699999975
441936.0006,13471.46920000005
441990.5989,13485.118599999987
442135.5148,13499.02429999999
442725.4396,13768.753899999952
443385.6126,13861.645900000003
443477.5356,14084.765399999975
443664.0985,14031.37910000002
443803.2574,14001.93359999999
443905.5458,13993.184900000051
443907.9845,14155.216400000034
444025.2267,14114.38459999999
444351.5253,14357.547099999967
444616.6812,14375.94140000001
444875.9317,14529.665100000042
445060.7063,14499.80700000003
445125.1024,14580.935999999987
445643.2377,14803.46649999998
445714.2781,14848.009499999986
445927.5052,14978.488000000012
445940.6906,14982.642899999977
446122.1352,15021.937000000034
446147.7282,15005.84130000003
446271.2619,15081.231700000004
446312.9982,15082.187699999951
446374.3084,15097.89519999997
446480.1009,15114.404133333359
446690.3562,15143.68399999995
446789.1632,15229.783200000005
446805.7596,15254.672499999986
447028.6196,15381.482099999965
447328.9572,15340.01490000001
447332.4312,15420.528599999961
447539.1007,15443.507766666648
447682.5567,15539.63890000002
447868.9197,15593.45721666672
448102.6602,15638.228999999992
448221.1053,15785.713999999978
448225.0464,15476.849400000006
448410.3774,15805.55680000002
448417.3071,15833.818899999955
448753.0256,15779.080599999987
448764.12,16000.631799999974
448858.8424,15780.178700000048
449130.148,16007.320299999963
449205.8229,16098.320000000007
449574.1739,16313.959299999988
449576.1982,16112.185599999968
449685.4031,16246.522100000002
449903.1611,16214.036100000027
450009.1961,16334.155900000012
450115.4179,16368.655399999989
450303.0918,16407.71179999999
450339.0977,16443.441699999967
450342.9623,16411.938399999985
450362.3944,16485.507400000002
450459.425,16470.28879999998
450516.9664,16473.512199999997
450551.4834,16478.155900000012
450878.0064,16488.276899999997
450960.5149,16600.240900000033
451426.8544,16666.64439999999
451584.5189,16672.976600000053
452057.9531,16760.261999999988
452711.0117,17112.909199999995
452720.6562,17091.722400000028
453967.1002,17246.937199999986
455238.4776,17911.434799999988
455278.9465,17881.410200000042
455473.6934,17976.15299999999
455645.318,18115.99900000001
455668.9057,18150.584900000016
456083.0283,18006.14890000003
456277.9067,18337.770900000003
456681.7418,18618.659000000043
456771.2411,18351.46710000001
456909.0723,18638.90730000002
457018.9414,18684.794200000004
457136.5935,18642.04700000002
457266.1232,18805.719599999953
457324.6054,18602.185799999977
457440.728,18832.905900000012
457538.243,18891.295900000026
457567.2899,18892.426499999943
457674.8237,18552.73960000003
457688.3336,18589.287100000016
457695.827,18923.837899999984
457750.9447,18727.312799999956
457880.9519,19017.702099999995
458168.2428,18951.75430000003
458226.1976,19104.69670000003
458235.1103,19107.02640000003
458247.167,19128.428200000024
458346.971,19134.522100000002
458637.3188,18978.494000000006
458694.9675,18649.429000000004
458723.2816,19242.079099999974
459098.0438,18689.88829999999
459132.2517,19353.573399999994
459213.1702,18695.916399999987
459331.4417,19388.59010000003
459365.486,19433.283200000005
459427.301,19434.597499999974
459472.3064,19435.59580000001
459542.579,19456.740500000014
459556.9658,19457.47470000002
459689.5829,19461.191399999952
459773.9855,19482.79509999999
459792.0075,19505.748399999982
459796.0901,19497.713099999994
459953.3766,19508.505900000047
460107.3575,19529.821999999986
460161.8683,19530.643699999957
460557.897,19567.401200000022
460680.4412,19584.573900000018
460682.595,18817.43949999998
460746.0564,19596.418000000005
460746.2462,19569.356900000013
460795.5519,19599.6826
460798.1306,19582.48999999999
460869.326,19573.508900000015
460875.7911,19589.065699999977
460925.6465,19599.34839999996
460952.4254,18809.896200000017
460990.4934,19580.714500000002
461241.4922,19583.732799999998
461950.014,19642.541740000015
462089.3085,18806.544999999984
462447.5265,18792.19519999996
462784.8621,18813.66710000002
462797.4932,17216.76940000005
463180.2592,19881.973899999983
463381.4467,19915.379399999976
463433.2944,19913.450500000035
463514.3515,19932.344299999997
463571.6664,18818.705099999963
463632.3331,19953.30290000001
463796.3275,19987.39500000002
464291.1462,20059.699800000002
464530.1453,20114.874299999967
464687.739,8138.702600000019
464702.0467,18799.582999999984
464925.7466,20165.30780000001
465126.2872,20203.687200000044
465359.2972,20227.54529999994
465452.7488,20251.263800000015
465682.1063,20279.075399999972
465821.9892,20324.427800000005
465922.8385,20329.233600000036
465949.5657,18796.938799999945
466005.9586,20313.39280000003
466164.4497,5189.9523000000045
466707.8054,18051.66360000003
466770.1178,20400.19829999999
466786.5368,20403.979300000006
466852.3825,20419.097899999993
466854.5561,20403.456599999976
466863.1821,20410.783199999947
466892.2643,20432.714500000002
467180.031,20420.364700000035
467201.5207,20435.777599999972
467351.5367,20426.748499999987
467438.7186,20428.650100000028
467462.5353,20448.27429999999
467483.4542,20428.010699999984
467496.8168,20448.196199999948
467734.285,5931.070299999963
468006.5029,5661.1952000000165
468350.9687,20441.403300000005
469175.0959,3198.590033333341
469311.2512,20426.46220000001
469445.6452,20255.092400000023
469706.8217,4302.062099999981
469729.338,20428.157200000016
469962.9549,20428.271899999992
470034.2358,20427.796700000006
470142.9223,20461.77529999998
470271.4934,20434.972999999998
470472.9958,4747.065699999977
470626.7957,8138.459600000002
470671.7368,20429.406699999992
470938.892,20432.659800000023
471025.383,3554.8799
471113.4645,20470.174800000037
471410.1227,20544.323199999984
471971.7781,3819.2467999999644
472039.6242,20537.403099999996
472132.3824,18792.683900000004
472207.402,20538.266999999993
472708.8337,20736.834499999997
472709.525,20702.77390000003
472741.3003,20589.200100000016
473046.9639,20577.745599999966
473084.6178,20581.237100000028
473141.1691,20658.544500000018
473142.4932,18819.24310000002
473213.4756,20637.050400000007
473419.2649,0
473763.8395,20700.478899999987
474089.468,20593.378000000026
474349.5674,20579.31329999998
474422.8023,20584.039899999974
474597.3342,18792.40699999995
474647.8171,20584.33189999999
474893.19458,0
474901.4473,20637.16969999997
475452.6013,20586.4902
475754.308,20646.70000000001
475808.4434,18799.86930000002
475890.7092,20601.59029999998
476168.3918,20647.053399999975
476210.9858,20593.71530000004
476682.31,20597.425899999973
