-----Simulation 0-----
172852.8764,0
172947.0454,0
172984.462925,0
173231.9768,0
173268.4037,0
173316.4719,0
173317.4858,0
173364.7641,0
173380.2125,0
173491.9601,0
173558.6179,0
173696.5832,0
173834.273,0
173944.3043,0
174088.7595,0
174310.3833,0
174502.7757,0
174629.82880000002,0
174687.6877,0
175170.464,0
175218.286,0
175431.1078,0
175827.13689999998,0
176027.1702,0
176316.0403,0
176380.4315,0
176384.4753,0
176406.63760000002,0
176522.7804,0
176603.4787,0
176750.76630000002,0
176900.8007,0
176902.60375,0
176944.5277,0
176946.9839,0
177024.1098,0
177122.9019,0
177195.8159,0
177470.15230000002,0
177564.3669,0
177966.1815,0
178026.174,0
178140.588,0
178203.6809,0
178402.1358,0
178589.2981,0
178684.4033,0
178688.477,0
178744.2498,0
178954.4471,0
178964.105275,0
179110.479,0
179113.6166,0
179206.4417,0
179438.6551,0
179614.4597,0
179688.4373,0
179862.825,0
179935.0328,0
180013.2109,0
180035.5391,0
180065.5623,0
180088.1664,0
180676.642,0
180714.1448,0
180862.7916,0
180865.9136,0
180959.6985,0
181198.90230000002,0
181218.7517,0
181389.1857,0
181414.1867,0
181644.1024,0
182091.3201,0
182263.8807,0
182604.7371,0
182693.7421,0
182725.4293,0
182736.0521,0
182738.6775,0
182762.6389,0
183190.2811,0
183215.6947,0
183267.1967,0
183368.9756,0
183446.2208,0
183722.2534,0
183726.413,0
183989.09159999999,0
183991.078,0
184097.21294,0
184290.9536,0
184292.511,0
184339.6893,0
184501.4273,0
184662.86430000002,0
184735.4836,0
184740.6029,0
184835.3404,0
184846.158,0
185135.6851,0
185216.18469999998,0
185392.503,0
185396.1925,0
185422.2557,0
185503.90039999998,0
185813.29205,0
185899.8565,0
185949.2622,0
186067.1676,0
186135.86430000002,0
186327.9627,0
186400.0999,0
186432.1325,0
186748.2084,0
186951.465,0
187167.4234,0
187312.4365,0
187323.1848,0
187345.391,0
187375.4334,0
187473.5834,0
187734.2927,0
187840.9375,0
188502.6006,0
188516.9739,0
188774.2778,0
188854.8078,0
188869.2585,0
188871.5437,0
189207.53340000001,0
189275.1855,0
189379.6323,0
189391.4278,0
189393.5742,0
189450.2757,0
189551.8074,0
189877.2713,0
189932.7058,0
189964.4812,0
190026.5598,0
190081.0172,0
190189.7863,0
190273.4091,0
190542.8181,0
190600.897,0
190601.9574,0
190672.0394,0
190732.4169,0
190764.0995,0
190818.9752,0
190907.82,0
190934.37589999998,0
190990.1807,0
191051.5406,0
191279.4752,0
191365.696,0
191663.7276,0
191766.7359,0
192069.66999999998,0
192228.7324,0
192325.8137,0
192871.42440000002,0
192877.5923,0
192904.989,0
193023.0037,0
193255.94569999998,0
193341.78220000002,0
193383.3388,0
193398.0902,0
193471.9496,0
193837.36119999998,0
193967.6013,0
193980.9443,0
194395.5008,0
194427.7355,0
194461.9129,0
194467.3418,0
194521.949,0
194636.1689,0
194687.8368,0
194884.3453,0
194939.37410000002,0
195016.0542,0
195032.9719,0
195418.57020000002,0
195625.8077,0
195868.3541,0
196652.1444,0
196690.21970000002,0
197076.3829,0
197076.8258,0
197186.12420000002,0
197268.1022,0
197484.635,0
198098.603,0
198145.74229999998,0
198445.40039999998,0
198509.4932,0
198520.7386,0
198759.3555,0
198927.3467,0
199005.83669999999,0
199198.5603,0
199277.564,0
199415.7743,0
199429.8528,0
199565.7584,0
199617.1206,0
199716.0157,0
199802.0743,0
199920.9316,0
200165.8559,0
200224.561,0
200243.1988,0
200705.0086,0
200804.0123,0
200809.0624,0
200950.131,0
201074.039,0
201881.9603,0
201934.48489999998,0
201997.791,0
202000.1,0
202043.81949999998,0
202200.3249,0
202428.4814,0
202780.5133,0
202967.66019999998,0
203045.148,0
203335.3404,0
203417.6762,0
203430.5112,0
203594.4704,0
203805.8159,0
203845.952,0
204368.6825,0
204434.00209999998,0
204630.17070000002,0
204754.4485,0
204785.7063,0
204880.0321,0
204912.0304,0
204912.2535,0
205061.8066,0
205229.62829999998,0
205536.2497,0
205725.5454,0
206047.119,0
206090.7098,0
206200.0504,0
206206.2496,0
206236.1634,0
206256.2691,0
206330.4999,0
206787.62766666667,0
206967.31410000002,0
207053.5826,0
207381.06579999998,0
207387.8188,0
208133.773,0
208152.8972,0
208222.0148,0
208523.3462,0
208627.7265,0
208844.5564,0
208893.7917,0
209027.1545,0
209105.97470000002,0
209122.2532,0
209199.7115,0
209283.7756,0
209423.7244,0
209591.4642,0
209700.9392,0
209773.7903,0
210046.9804,0
210329.4246,0
210342.6031,0
210440.1834,0
210454.77360000001,0
210507.3979,0
210878.1788,0
210922.9888,0
211078.25280000002,0
211104.5257,0
211181.5351,0
211184.9039,0
211190.3254,0
211198.4509,0
211930.6485,0
211995.38880000002,0
212043.7621,0
212692.1728,0
213088.0299,0
213400.54700000002,0
213404.6228,0
213415.20623333333,0
213704.54989999998,0
213752.5792,0
213829.1868,0
213870.0533,0
213890.4451,0
213909.8332,0
214010.3431,0
214188.29581666668,0
214410.35749999998,0
214549.3286,0
214715.4215,0
214833.1654,0
214989.4831,0
214991.9895,0
215070.7217,0
215116.8467,0
215376.1615,0
215519.2385,0
215626.612,0
215637.09,0
215673.3805,0
215960.4719,0
215970.6137,0
216068.02763333335,0
216149.25650000002,0
216248.897,0
216610.1972,0
216990.3971,0
217046.0405,0
217437.0316,0
217533.9117,0
217625.8728,0
217681.877875,0
217967.30359999998,0
218132.7451,0
218195.6287,0
218243.7044,0
218489.2684,0
218657.372,0
218717.7666,0
218823.4659,0
219186.162,0
219332.857,0
219339.7358,0
219595.1641,0
219740.9435,0
219825.03470000002,0
219940.2636,0
219944.2793,0
220036.48296666666,0
220250.7486,0
220613.1461,0
220662.4447,0
220806.1746,0
220824.67369999998,0
220944.3007,0
221195.4091,0
221372.3979,0
221468.943,0
221655.02441666665,0
221677.9816,0
221684.6407,0
221986.8529,0
222131.12660000002,0
222295.269,0
222402.66088,0
222406.4812,0
222520.8485,0
222530.4794,0
222572.2107,0
222653.7251,0
222820.6117,0
222844.9626,0
222869.6877,0
223007.8726,0
223043.6875,0
223046.0638,0
223103.91,39.419900000008056
223175.3086,0
223194.5474,0
223230.032,0
223252.7884,0
223357.07270000002,0
223490.6438,0
223869.14059999998,0
223870.57429999998,0
224039.38569999998,0
224041.813425,0
224350.0636,0
225264.7632,0
225523.8078,0
225584.3474,0
225686.14750000002,0
226034.4459,0
226443.86915,0
226526.2929,0
226592.9169,0
226679.5278,0
226933.5245,0
226986.6241,0
227038.8994,0
227068.75400000002,0
227414.2634,0
227571.5939,0
227648.76376666667,0
227918.364,0
227959.6421,0
228112.5778,0
228192.8108,0
228283.3015,0
228359.89463333334,0
228366.7426,0
228403.0278,0
228623.25400000002,0
228627.1244,0
228657.079,0
228916.29200000002,0
228939.3739,0
228942.8411,0
229016.4922,0
229038.1752,0
229187.9817,0
229223.72879999998,0
229247.3928,0
229535.588,0
229724.7069,0
229737.0719,0
229963.5123,0
230136.0708,0
230156.5589,0
230180.5791,0
230181.7025,0
230183.5192,0
230310.9205,0
230917.7657,0
231332.03220000002,0
231463.2224,0
231656.0939,0
231661.5166,0
231728.09183333334,0
231842.706,0
232012.56040000002,0
232136.7122,0
232344.5007,0
232465.5712,0
232730.45679999999,0
232861.23810000002,0
232904.4197,0
233057.6776,0
233153.1096,0
233239.5187,0
233652.8418,0
233705.0572,0
233747.2053,0
233840.3217,0
234067.6595,0
234197.5679,0
234225.8181,0
234330.867,0
234376.1614,0
234492.8806,0
234823.2805,0
235207.0758,0
235357.61119999998,0
235359.5152,0
235419.4028,0
235490.2009,0
236406.7228,0
236488.48532,0
236647.107,0
236721.8475,0
236772.61365,0
236925.14919999999,0
237295.6323,0
237362.9149,0
237443.1347,0
237453.8122,0
237523.4246,0
237573.497,0
237741.0902,0
238005.0747,0
238318.0595,0
238493.0664,0
238745.2177,0
238874.1084,0
238879.4022,0
238890.8621,0
239364.53496666666,0
239558.6628,4548.399199999985
239738.8366,0
240037.9179,0
240320.0363,0
240501.7552,0
240614.4397,0
240906.2011,0
241074.3426,0
241236.77659999998,0
241269.22639999999,0
241376.5883,0
241528.35700000002,0
241686.8672,0
241755.75400000002,0
241905.9104,0
242212.66330000001,0
242246.1383,0
242765.742,0
243278.2925,0
243289.4466,0
243391.70666666667,0
243448.5738,0
243525.2971,0
243610.0314,0
243860.5588,0
243883.2694,0
243946.26880000002,0
244092.4336,0
244187.9525,0
244264.8982,0
244342.3234,0
245705.58179999999,0
245767.9918,0
245771.315475,0
246017.7818,0
246029.3286,0
246114.7743,0
246366.4441,0
246489.6753,0
246646.5094,0
246938.6894,0
247304.6857,0
247400.9301,0
247649.0051,0
248083.1072,0
248293.24420000002,0
248514.648,0
248744.8994,0
248849.5246,0
249069.4064,0
249079.0849,0
249316.1018,0
249660.9226,0
249827.0367,0
249965.8572,0
249997.5326,0
250061.6196,0
250325.8546,0
250405.3782,0
250565.2985,0
250814.484,0
250828.8284,0
250848.3773,0
250857.1904,0
250959.1345,0
251449.6687,0
251639.3749,0
251846.7988,0
251957.28710000002,0
252054.3932,0
252108.1097,0
252269.8983,0
252274.4267,0
252711.9405,0
252773.0582,0
252881.6138,0
252962.77419999999,0
252976.5188,0
253053.4883,0
253136.7776,0
253507.2089,0
253618.1647,0
253687.457,0
253969.7825,0
253970.3674,0
253984.9358,0
254025.396,0
254025.5143,0
254129.8259,0
254193.2712,0
254259.1468,0
254451.78830000001,0
254653.38996666667,0
254863.7531,0
254900.8184,0
255010.5475,0
255029.2021,0
255204.4822,0
255372.5484,0
255457.7658,0
255489.7279,0
255638.0859,0
255695.6865,0
255727.4438,0
255781.0025,0
255846.5092,0
255911.2965,0
255965.9358,0
256024.6728,0
256144.9547,0
256359.1665,0
256392.27008,0
256409.49839999998,0
256417.31405,0
256543.0761,0
256567.8592,0
256595.1343,0
256658.4539,0
256659.2978,0
256673.0538,0
256718.7342,0
256798.89558,0
257491.1386,0
257687.8464,0
257793.6775,0
257835.9968,0
258093.0667,0
258392.1636,0
258551.9169,0
258676.9332,0
258716.7625,0
258788.5906,0
258813.4247,0
259323.2715,0
259527.0509,0
259598.2105,0
259651.5122,0
259652.4688,0
259942.26069999998,0
260073.7403,0
260123.2898,0
260238.3407,0
260617.174825,0
260624.9488,0
260691.9857,0
260731.0589,0
260810.30359999998,0
260875.4728,0
261071.6818,0
261184.1944,0
261238.9824,0
261331.1223,0
261498.07390000002,0
261657.8385,0
261731.5874,0
261912.1123,0
262026.0211,0
262086.6145,0
262180.3841,0
262182.0617,0
262192.6393,0
262237.9291,0
262283.66370000003,0
262326.4545,0
262381.519,0
262579.4178,0
262591.4404,0
262946.8195,0
262970.8255,0
263308.6314,0
263325.4188,0
263333.2779,0
263455.5713,0
263468.7828,0
263840.091,0
263878.73219999997,0
264048.9756,0
264273.8888,0
264329.6553,0
264636.26780000003,0
264739.8007,0
264935.03500000003,0
264990.9177,0
265037.1242,0
265073.6541,0
265184.1975,0
265373.2128,0
265434.7674,0
265442.7255,0
265533.6009,0
265803.0687,0
265803.2614,0
265843.6956,0
265970.8692,0
265990.4598,0
266021.7528,0
266049.1864,0
266107.501,0
266377.0165,0
266398.3351,0
266415.8527,0
266683.5358,0
266686.1547,0
266752.5392,0
266939.5478,0
266969.6104,0
267447.299,0
267487.4271,0
267610.1155,0
267630.2303,0
268116.2197,0
268270.1938,0
268316.8383,0
268653.38910000003,0
268899.4057,0
268921.8225,0
268969.0954,0
269152.6436,0
269609.0243,0
269618.4318,0
269673.388,0
269992.7711,0
270061.5301,0
270098.7348,0
270227.2667,0
270251.3226,0
270337.876,0
270426.2784333333,0
270625.78729999997,0
270696.2437,0
270749.7075,0
270810.3858,0
270927.5792,0
270939.6948,0
270960.4313,0
271163.23230000003,0
271312.1265,0
271417.2448,0
271463.2334,0
271603.0396,0
272006.7732,0
272013.7429,0
272082.6204,0
272315.2542,0
272323.3285,0
272461.15005,0
272601.20889999997,0
272717.2525,0
272792.955625,0
273039.3884,0
273064.43460000004,0
273093.3785,0
273103.5442,0
273266.4242,0
273511.0428,0
273530.1259,0
273664.3466,0
273746.055,0
273888.811,0
274107.7468,0
274152.4093,0
274384.9191,0
275297.6521,0
275341.1374,0
275477.4298,0
275517.88378333335,0
275962.3344,0
276059.3297,0
276179.927,0
276216.25793333334,0
276275.2717,0
276442.6302,0
276512.1255,0
276707.9865,0
276868.4145,0
276891.1314,0
277149.4216,0
277190.739,0
277278.8102,0
277441.7915,0
277660.0907,0
277664.3763,0
277683.4887,0
278036.3908,0
278092.0792,0
278578.0393,0
278780.4215,0
278893.6223,0
279262.914,0
279287.0469,0
279391.4525,0
279513.2058,0
279615.5708,0
279958.195,0
280026.0156,0
280036.048,0
280106.21256666665,0
280326.5574,0
280485.7816,0
280690.0641,0
280902.1203,0
281200.5639,0
281261.5025,0
281390.2329,0
281408.6872,0
281466.865,0
281477.7938,0
281489.5796,0
281629.1851,0
281901.3687,0
282090.0371,0
282274.7933,0
282297.6324,0
282419.0952,0
282480.5897,0
282538.1875,0
282631.2657,0
282760.0674,0
282814.53,0
283356.1677,0
283418.71,0
283663.79839999997,0
284256.73470000003,0
284344.405,0
284393.9671,0
284436.33770000003,0
284612.7748,0
284689.2693,0
284731.5669,0
284778.5993,0
285036.9203,0
285104.9696,0
285212.0656,0
285842.5217,0
285865.7302,0
285866.3632,0
285876.5468,0
286356.2557,0
286815.4131,0
287266.4894,0
287394.8781,0
287588.0709,0
288178.9905,0
288299.4681,0
288683.9217,0
288857.4643,0
288906.3872,0
289129.1431,0
289206.4493,0
289419.5792,0
289491.3024,0
289723.993,0
289732.41000000003,0
289798.7255,0
289808.1444,0
289893.6559,0
289936.8345,0
290174.1855,0
290308.5329,0
290721.6838,0
290840.7862,0
290864.3686,0
290913.9997,0
290959.4538,0
291003.452,0
291130.9174,0
291213.8233,0
291480.1157,0
291797.2668,0
292117.1389,0
292148.1778,0
292369.539,0
292443.7467,4589.719400000002
292447.9832,0
292629.6953,0
292911.7386,0
293028.5058,0
293079.527,0
293149.5287,0
293377.92960000003,0
293419.996,0
293421.5744,0
293574.5249,0
293670.1298,0
293680.590375,0
293975.5861,0
294200.14890000003,0
294216.8378,0
294395.1568,0
294473.9917,0
294646.9678,0
295230.5994,0
295312.4473,0
295414.2759,0
295910.9606,0
295943.6469,0
295977.1402,0
296158.3054,0
296368.1938,0
296423.4238,0
296521.9237,0
296734.6833,0
296790.8652,0
296804.0108,0
297780.7753,0
298040.2581,0
298457.96900000004,0
298505.0726,0
298563.1533,0
298649.60109999997,0
298700.8669,0
299029.4212,0
299191.6774666667,0
299222.0733666667,0
299234.0108,0
299404.24069999997,0
299465.5694,0
299611.7523,0
299742.2251,0
299755.0676,0
299899.8797,0
300243.0831,0
300637.1617,0
300715.9715,0
300819.3117,0
300889.2982,0
300943.7728,0
301110.4854,0
301196.9802,0
301343.9117,0
301358.2688,0
301461.3298,0
301549.5556,0
301655.7057,0
301832.1212,0
301924.5403,0
302112.3913,0
302275.9347,0
302326.76300000004,0
302378.5192,0
302468.9666,0
302630.6372,0
302769.33389999997,0
302786.4314,0
303041.8546,0
303384.00080000004,0
303439.7498,0
303576.0413,0
303886.8094,0
304093.6933,0
304134.7724,0
304145.2316,0
304226.8114,0
304284.0623,0
304425.06059999997,0
304460.0412,0
304483.7719,0
304643.0383,0
304643.2949,0
304777.663225,0
304863.9302,0
305209.5493,0
305260.1902,0
305418.9412,0
305496.8605,0
305554.9405,0
305641.49809999997,0
305653.02613333333,0
305710.8381,0
305884.9908,0
306173.9435,0
306295.77390000003,0
306382.6625,0
306505.1684,0
306552.39040000003,0
306890.108,0
306945.6984,0
307016.8184,0
307130.2346,0
307224.7203,0
307285.8263,0
307589.40760000004,0
307697.3376,2682.727200000023
307928.2281,0
308118.1533,0
308175.1112,0
308316.827,0
308360.1038,0
308378.3802,0
308463.2051,0
308600.1424,0
308771.5243,0
308886.229,0
308993.0629,0
309128.9654,0
310003.2552,0
310074.4344,0
310262.2599,0
310282.006,0
310306.8525,0
310484.0703,0
310584.565,0
310592.6826,0
310693.0206,0
310886.9279,0
311423.4579,0
311500.8761,0
311537.8024,0
311954.3321,0
312169.5158,0
312290.98219999997,0
312291.29209999996,0
312625.0148,0
312798.9762,0
312828.7551,0
312850.9445,0
312975.7444,0
313208.9533,0
313210.0724,0
313243.3886,0
313546.28859999997,0
313559.4544,0
313690.5862,0
313745.5088,2363.4069000000018
314275.2272,0
314321.54839999997,0
314345.8529,0
314466.1619,0
314517.25276,0
314535.8084,0
314736.02989999996,0
314928.1282,0
315070.2075,0
315180.2402,0
315679.1943,0
315803.26,0
315906.6164,0
315990.8847,0
316188.4336,0
316959.218825,0
317059.3962,0
317518.2393,0
317557.1042,0
317983.73600000003,0
318054.4624,0
318819.752,0
318878.177,0
318898.4366,0
318943.2786,0
319571.1774,0
319593.9818,0
319692.6246,0
319741.9705,0
320038.6495,0
320052.5025,0
320083.1443,0
320088.4346,0
320161.6335,0
320183.5339,0
320239.0649,0
320407.9286,0
320969.9181,0
321145.29066666664,0
321195.4128,0
321296.3449,0
321396.935,0
321435.0168,0
321464.5414,0
321481.6249,0
321488.7409,0
321627.0003,0
321733.9326,0
321749.6347,0
321808.198,0
322005.3227,0
322081.6368,0
322224.2822,0
322305.4202,0
322356.5461,0
322475.0478,0
322854.9157,0
323212.7896166667,0
323316.1256,0
323400.8109,0
323540.7917,0
323645.3184,0
323789.3391,0
323811.7744,0
323934.445,0
323970.5718,0
324042.5521,0
324059.2669,0
324091.316,0
324122.9473,0
324305.5636,0
324322.9924,0
324603.8476,0
324684.3342,0
324792.3124,0
324840.1977,0
325131.7581,0
325288.9098,0
325430.9658,0
325507.2914,0
325748.76888,0
325755.6104,0
325829.1959,0
325900.4791,0
326145.6304,0
326360.622,0
326438.1134,0
326443.70519999997,0
326477.0716,0
326636.6447,0
326638.0105,0
326945.4962,0
327014.8842,0
327510.7497,0
327582.4282,0
327862.754,0
327868.0777,0
328185.7439,0
328265.058,0
328308.4132,0
328587.7498,0
329312.9168,0
329373.5912,0
329531.6039,0
329918.618,0
329985.4888,0
330031.8067,0
330060.63060000003,0
330070.093,0
330111.5633,0
330156.9562,0
330334.3601,0
330439.3017,0
330587.8875,0
330746.6807,0
330860.1824,0
330903.6916,0
331205.2744,0
331257.2446,0
331478.7377,0
331596.3479,0
331619.6324,0
331650.0022,0
331713.2132,0
331809.64,0
332108.1382,0
332153.4799,0
332461.4535,0
332605.8656,0
332653.0583,0
333148.0104,0
333449.4734,0
333475.8712,0
333506.42220000003,0
333512.8361,0
333523.01,0
333562.0719,0
333807.1326,0
333843.71192,0
333950.5714,0
334308.1406,0
334322.0986,0
334447.2501,0
334687.7281,0
335149.5062,0
335237.6325,0
335474.4116,0
335499.4053,0
335602.3274,0
335944.9943,0
336191.3289,0
336357.22109999997,0
336638.4391,0
336796.1579,0
336847.4009,0
336937.2218,0
337063.89269999997,0
337251.717,0
337558.1557,0
337687.9543,0
337800.31059999997,0
337888.507,0
337997.913,0
338074.9738,0
338209.1013,0
338286.7579,0
338295.4753,0
338299.2978,0
338492.5632,0
338732.1601,0
338802.9661,0
338863.9392,0
339135.7954,0
339328.4779,0
339429.7891,0
339452.1005,0
339534.8111,0
339602.4702,0
339687.7617,0
339704.0039,0
339814.8219,0
339825.2138,0
339869.2621,0
340155.0758,0
340204.3995,0
340405.2282,0
340507.5575,0
340574.4051,0
340797.8048,0
340843.3829,0
340888.74842,0
341193.1864,0
341581.2081,0
341627.7906,0
341786.9341,0
341961.0202,0
342122.8147,0
342161.255,0
342208.2314,0
342212.7821,0
342360.5454,0
342401.0709,0
342416.9187,0
342483.3612,0
342510.489,0
342652.0331,0
342802.1382,0
342863.2853,0
343251.23219999997,0
343333.8234,0
343361.6206,0
343400.8151,0
343455.6633,0
343563.0483,0
343610.4214,0
343726.37930000003,0
343750.8847,0
343906.2681,0
343951.9214,0
344056.17,0
344074.4256,0
344174.8964,0
344220.49314,0
344456.1735,0
344492.8014,0
344608.3997,0
344849.0265,0
345333.3614,0
345484.7546,0
345635.7231,0
345645.47,0
345691.712,0
346032.8207,0
346111.2281,0
346127.51769999997,0
346138.6201,0
346260.4305,0
346504.0948,0
346535.8952,0
346986.4595,0
347089.8706,0
347138.8158,0
347475.7092,0
347516.8259,0
347519.5965,0
347593.7766,0
348002.9535,0
348020.4808,0
348208.9661,0
348255.2267,0
348389.793,0
348457.0511,0
348552.4278,0
348570.5871,0
348895.4557,0
348929.365,0
348955.1459,0
349148.77,0
349194.4548,0
349234.3001,0
349297.7275,0
349547.2532,0
349856.0923,0
349871.0873,0
350096.9185,0
350119.3808,0
350143.09990000003,0
350215.5517,0
350289.736,0
350605.0979,0
350709.8017,0
350755.6891,0
350765.6255,0
350957.2204,0
351145.6818,0
351222.7106,0
351445.4692,0
351448.1864,0
352087.9526,0
352110.1164,0
352186.5954,0
352201.0081,0
352247.918,0
352307.53130000003,0
352330.0078,0
352340.8091,0
352402.4845,0
352473.1452,0
352501.5506,0
352532.4012,0
352714.3792,0
352717.9745,0
352776.29168,0
352809.7368,0
352833.05,0
353182.5853,0
353317.9664,0
353350.1835,0
353391.195,0
353419.6177,0
353442.1065,0
353764.041,0
353907.6495,0
354245.8056,0
354270.7976,0
354284.7816,0
354357.3327,0
354367.3979,0
354371.2278,0
354406.2022,0
354505.2368,0
354553.8077,0
354557.1529,0
354663.4447,0
354690.6909,0
354692.877,0
354843.8138,0
354984.8938,0
355124.0441,0
355451.1798,0
355588.0879,0
355677.9479,0
355680.16599999997,0
355796.3902,0
355976.4276,0
356086.3622,0
356233.9607,0
356246.5149,0
356250.04709999997,0
356281.30152,0
356485.0486,0
356658.3325,0
356714.9622,0
357403.8043,0
357564.6361,0
357815.1568,0
357882.7384,0
358067.4915,0
358197.1617,0
358345.5316,0
358523.322,0
358879.2802,0
358890.4891,0
358995.53870000003,0
359173.1003,0
359264.4443,0
359538.384,0
359588.5898,0
359611.60360000003,0
359932.64029999997,0
360396.6723,0
360422.6315,0
360462.3437,0
360511.3883,0
360989.9487,0
361064.7058,0
361118.6062,0
361163.4781,0
361184.7892,0
361290.4856,0
361633.7662,0
361664.7012,0
361809.8547,0
361951.6775,0
361959.05700000003,0
361994.6438,0
362043.2558,0
362121.964,0
362183.2936,0
362268.3123,0
362378.9152,0
362430.0167,0
362433.2875,0
362544.2345,0
362596.6818,0
362612.8765,0
362661.3611,0
362668.9055,0
362699.3762,0
362855.6672,0
362876.6555,0
362885.186,0
363174.0574,0
363230.9504,0
363269.4335,0
363753.6227,0
363885.4542,0
364108.4751,0
364145.8383,0
364522.1027,0
364549.4715,0
364600.07050000003,0
365077.0699,0
365245.0014,0
365621.76159999997,0
365711.5427,0
365870.9841,0
365903.863,0
366037.0104,0
366287.714,0
366343.70900000003,0
366385.8436,0
366427.2788,0
366540.3017,0
366664.1677,0
367024.7946,0
367232.7317,0
367642.5449,0
367663.4917,0
367980.8648,0
368015.66500000004,0
368116.9433,0
368765.1136,0
368799.88690000004,0
368821.9534,0
368988.6643,0
369545.4445,0
369921.24345,0
369941.6558,0
369957.3374,0
370046.6864,0
370311.7769,0
370749.9857,0
370847.5027,0
370877.6469,0
371167.24569999997,0
371230.0332,0
371502.861,0
371586.5479,0
371597.604,0
371692.9848,0
371758.1915,0
371877.71499999997,0
371961.3408,0
372155.3708,0
372387.9459,0
372491.418,0
372628.8134,0
372741.5351,0
372761.5511,0
372800.425,0
372801.9242,0
372947.2599,0
373025.1062,0
373103.5298,0
373137.0642,0
373366.0994,0
373386.3149,0
373392.1848,0
374027.4456,0
374044.5613,0
374114.1309,0
374217.9535,0
374325.9657,0
374369.854,0
374385.7806,0
374459.6579,0
374495.6861,0
374551.7207,0
374628.2773,0
374654.558,0
374712.5433,0
374755.0895,0
375048.6545,0
375118.6534,0
375296.4439,0
375393.7772,0
375584.5077,0
375957.9776,0
376106.79720000003,0
376162.872,0
376380.8308,0
376383.1653,0
376435.7033,0
376674.5522,0
376924.00930000003,0
377096.2676,0
377334.1287,0
377427.3889,0
377491.9538,0
377666.08999999997,0
377822.6131,0
377918.6433,0
378094.6732,0
378244.4449,0
378529.6874,0
378637.5701,0
378841.0395,0
379104.9998,0
379267.6695,0
379326.6607,0
379468.30559999996,0
379628.58869999996,0
379873.7378,0
380048.3141,0
380154.8734,0
380381.0898,0
380467.1399,0
380586.68189999997,0
380845.4768,0
380888.7339,0
380918.7238,0
380923.7152,0
381080.4572,0
381105.0855,0
381420.1811,0
381587.831,0
381820.5957,0
381849.936,0
381850.0293,0
381873.4851,0
381876.0889,0
381926.5158,0
381975.1425,0
382288.0988,0
382516.3054,0
382565.05110000004,0
382569.0755,0
382569.1612,0
382667.41980000003,0
383218.5707,0
383621.9966,0
383791.2048,0
383981.9683,0
383987.6334,0
384205.5796,0
384240.04500000004,0
384261.0026,0
384291.77760000003,0
384455.2277,0
384501.1551,0
384516.2266,0
384728.2348,0
384812.0966,0
384863.873,0
385065.04720000003,0
385467.1514,0
385501.6154,0
385592.5014,0
385737.2646,0
385756.991,0
386030.847,0
386257.261,0
386538.9887,0
386727.3453,0
386751.0728,0
386835.8608,0
387274.50549999997,0
387549.4025,0
387578.97945,0
387743.1555,0
387789.113,0
387855.9283,0
387940.0973,0
388034.0717,0
388213.9391,0
388227.1441,0
388383.3543,0
388432.6156,0
388613.9157,0
388674.802,0
388716.0767,0
389188.3135,0
389342.5493,0
389386.79339999997,0
389471.78740000003,0
389503.3715,0
389651.3591,0
389885.6726,0
389948.3532,0
390260.64890000003,0
390526.9686,0
390595.4213,0
390612.2398,0
390879.7057,0
391163.5474,0
391254.3075,183.11040000000503
391636.6228,0
391672.50413333334,0
391756.1179,0
391785.6516,0
391961.0698,0
392199.6238,0
392339.3756,0
392411.2329,0
392411.3044,0
392793.5859,0
392883.8389,0
393007.6805,0
393235.8002,0
393243.5592,0
393260.1551,0
393314.6818,0
393577.7772,0
393683.1224,0
393772.5875,0
393882.0622,0
393897.7362,0
394250.3102,0
394659.77249999996,0
394673.8455,0
395110.5788,0
395156.5723,0
395195.5309,0
395449.0902,0
395864.8155,0
395873.26,0
396039.887825,0
396170.3664,0
396194.4939,0
396337.5653,0
396494.3214,0
396516.6443,0
396544.5026,0
396863.8342,0
397173.0844666667,0
397272.42,0
397345.9488,0
397450.0074,0
397725.7271,0
397790.6548,0
397814.4352,0
397961.5984,0
398011.514,0
398097.4789,0
398127.0396,0
398289.5369,0
398306.07472,0
398450.0954,0
398586.839,0
398665.3217,0
398818.9562,0
399002.8555,0
399103.3352,0
399110.1753,0
399292.8037,0
399410.3141,0
399707.0662,0
400130.3661,0
400360.4621666667,0
400463.8331,0
400496.0638,0
400674.1058,0
400989.3933,0
401144.01653333334,0
401418.9899,650.492099999974
401499.3577,0
401838.4484,0
401942.1741,0
401949.294,0
401981.894,0
402132.3797,0
402222.1192,0
402292.9998,0
402363.3382,0
402566.66138,0
402644.0828,0
402758.0572,0
402849.910275,0
403306.7151,0
403440.9469,0
403459.0145,0
403498.8003,0
404314.2553,0
404361.1076,0
404406.1037,0
404406.5802,0
404915.7824,0
404963.374,0
405463.5126,0
405512.9931,0
405788.7978,0
405975.273,0
406006.8972,0
406280.8953,0
406548.7689,0
406618.2167,0
406735.5309,0
407037.5868,0
407220.4991,0
407228.0645,0
407382.1224,0
407648.90280000004,0
407898.4785,0
408092.5791,0
408191.591,0
408261.4526,0
408372.9694,0
408521.5007,0
408623.2078,0
409071.2317,0
409124.7494,0
409231.3097,0
409307.8801,0
409368.2642,0
409442.4223,0
409702.0099,0
410384.5243,0
410435.077,0
410437.7821,0
410562.3421,0
410574.9986,0
410759.5185,0
410793.4669,0
411056.5197,0
411074.0066,0
411290.0672,0
411332.9862,0
411501.4837,0
411754.3291,0
411798.2538,0
411901.8235,0
411970.5767,0
412254.061,0
412292.8765,0
412318.1114,0
412406.4085,0
412552.5883,0
412742.2329,0
413036.62046,0
413094.4606,0
413115.5496,0
413314.9091,0
413417.1034,0
413478.4679,0
413503.4741,0
413851.3775,0
414164.23182,0
414193.22213333333,0
414773.6226,0
414896.8823,0
415215.5036,0
415345.1846,0
415463.9852,0
415539.8102,0
415608.1665,0
415846.3795,0
416079.4153,0
416232.03642,0
416285.45530000003,0
416436.7384,0
416459.9562,0
416603.3963,0
416617.7946,0
416651.89780000004,0
416653.7777,0
416796.6239,0
416897.4135,0
417079.2168,0
417091.5982,0
417096.2294,0
417200.6455,0
417351.2354,0
418050.8876166667,0
418185.09990000003,0
418292.3237,0
418357.4843,0
418389.3839,0
418576.7155,0
418886.11950000003,0
419007.7262,0
419206.7396,0
419225.3207,0
419403.6365,0
419495.4666,0
419508.9165,0
419553.69550000003,0
419700.9255,0
419894.7889,0
419932.3804,0
419975.1535,0
420006.9097,0
420044.87716,0
420229.836,0
420313.6792,0
420571.95149999997,0
420851.9872,0
420876.4282,0
420894.5127,0
421268.8011,0
421361.0863,0
421427.2496,0
421442.3632,0
421452.1107,0
421459.408,0
421460.9537,0
421673.7093,0
421790.4788,0
421796.8574,0
421897.4451,0
422078.814,0
422081.8464,0
422115.0965,0
422173.9354,0
422270.5535,0
422823.94409999996,0
423290.9744,0
423410.5029,0
423657.2172,0
423796.9778,0
423964.175,0
423981.7758,0
424003.554,0
424057.8457,0
424227.5921,0
424254.4396,0
424519.6332,0
424522.9719,0
424950.5675,0
425001.3033,0
425172.88300000003,0
425231.8436,0
425241.7168,0
425392.0513,0
425589.1971,0
426225.47250000003,0
426447.4928,0
426639.279,0
426696.0321,0
426778.1127,0
426837.7749,0
426960.394,0
426974.5306,0
427032.6552,0
427282.69972,0
427669.6688,0
427830.0453,0
427939.2365,0
427990.9781,0
428057.7687,0
428108.949,0
428113.09380000003,0
428179.2534,0
428258.606,0
428289.6968,0
428334.5549,0
428340.331,0
428344.8159,0
428388.8821,0
428446.6206,0
428490.821,0
428687.1641,0
428904.6556,0
428940.7293,0
428952.6745,0
428991.36329999997,0
429146.5426,0
429190.2759,0
429354.9282,0
429380.1059,0
429456.6951,0
429534.803,0
429621.6674,0
429907.4159,0
430089.9949,0
430129.9663,0
430567.9852,0
430730.727,0
430854.524,0
430894.3893,0
431229.6906,0
431423.0102,0
431689.9236,0
431691.8872,0
431732.6436,0
431786.0808,0
431786.5108,0
431818.73,0
431834.7569,0
431921.6537,0
431932.2584,0
432055.8635,0
432284.8578,0
432767.2562,0
433097.87,0
433348.3057,0
433484.1003,0
433547.7228,0
433578.7122,0
433644.0473,0
433729.1994,0
433898.8711,0
433902.1637,0
433922.07889999996,0
434126.4671,0
434335.7369,0
434398.72,0
434435.2826,0
434783.0439,0
435144.3537,0
435161.6865,0
435174.4719,0
435214.123,0
435308.9683,0
435516.3763,0
435544.49933333334,0
435648.4272,0
435808.3282,0
435848.0049,0
436193.0407,0
436275.5361,0
436366.5306,0
436597.9368,0
436609.1837,0
436739.8318,0
436775.0747,0
436869.08739999996,0
437134.6997,0
437948.7134,0
438173.78870000003,0
438177.6771,0
438276.8498,0
438294.7335,0
438340.658,0
438657.8606,0
438848.4087,0
439205.9291,0
439356.15989999997,0
439393.2055,0
439550.0262,0
439552.3024,0
439568.7686,0
439720.8432,0
439772.8832,0
439928.8552,0
440029.9604,0
440067.5745,0
440070.4427,0
440105.2313,0
440157.3384,0
440283.7444,0
440599.637,0
440629.1117,0
441136.5547,0
441172.7855,0
441261.483,0
441338.9205,0
441441.0804,0
441544.36309999996,0
441577.5784,0
441577.8125,0
441616.682475,0
441732.9795,0
441830.6888,0
441836.80449999997,0
441870.61970000004,0
441881.01312,0
441906.5059,0
441909.4185,0
441928.1014,0
441994.6077,0
442108.60730000003,0
442126.235,0
442178.3491,0
442194.3042,0
442206.697,0
442220.67339999997,0
442266.3736,0
442344.8476,0
442527.3747,0
442545.7112,0
442711.157,0
442746.1255,0
442890.9618,0
442933.7753,0
443138.8497,0
443324.5451,0
443330.3425,0
443556.1508,0
443563.1533,0
443796.0935,0
443929.5835,0
444079.0795,0
444206.964,0
444355.5817,0
444434.4415,0
444459.547,0
444652.81440000003,0
444811.526,0
444858.6473,0
444885.15989999997,0
444928.8154,0
445090.6462,0
445106.494,0
445299.3839,0
445375.3133,0
445565.3607,0
445683.0324,0
445793.0771,0
445936.7829,0
446093.8217,0
446132.7313,0
446181.3662,0
446268.5467,0
446305.5064,0
446316.2765,0
446381.612,0
446395.7823,0
446518.64029999997,0
446526.0084,0
446684.4988,0
446836.0453,0
446930.03359999997,0
446934.6571,0
446999.6047,0
447101.5719,0
447109.7534,0
447223.1602,0
447285.9388,0
447421.568125,0
447562.7567,0
447607.2508,0
447728.6128,0
447820.1482,0
447957.8262,0
448488.7217,0
448556.0799,0
448592.7999,0
448731.5317,0
448864.8967,0
449020.3279,0
449049.3001,0
449201.935,0
449211.3115,0
449238.7062,0
449498.8146,0
449503.4925,0
449633.7394,0
449681.086,0
449684.4303,0
449719.9215,0
450052.4345,0
450102.975,0
450676.7152,0
450716.5172,0
450958.7601,0
451060.2459,0
451122.0356,0
451220.9486,0
451322.18960000004,0
451394.6647,0
451511.0414,0
451558.4315,0
451580.9359,0
451713.5826,0
451723.6943,0
452059.0958,0
452262.9791,0
452295.61699999997,0
452372.9631,0
452386.2743,0
452477.47609999997,0
452811.3832,0
452812.4308,0
452896.8384,0
453334.6275,0
453374.2552,0
453402.3541,0
453612.4997,0
453643.9791,0
453799.4768,0
453956.1622,0
454068.0986,0
454740.7533,0
455320.3059,0
455349.3859,0
455495.1605,0
455573.8923,0
455666.9716,0
456131.974,0
456135.3122,0
456138.0476,0
456174.6233,0
456245.0033,0
456337.2332,0
456502.7361,0
456648.53740000003,0
456740.9967,0
457008.7542,0
457008.8479,0
457394.1051,0
457410.0148,0
458016.2374,0
458049.8626,0
458232.8567,0
458315.2236,0
458418.5477,0
458516.4297,0
459046.0763,0
459195.3342,0
459337.9523,0
459512.20310000004,0
459700.5863,0
460080.5612,0
460162.4787,0
460308.3918,0
460521.4622,0
460532.4246,0
460983.2546,0
461415.1292,0
461526.5241,0
461563.015,0
461578.5206,0
461741.9555,0
461827.7746,0
461851.0535,0
461926.3628,0
462315.5739,0
462388.5338,0
462782.7861,0
462971.3169,0
463057.4385,0
463182.5913,0
463337.8514,0
463598.2311,0
464015.5225,0
464920.4616,0
465013.1864,0
465040.374,0
465308.8924,0
465497.7484,0
465562.2923,0
465604.40260000003,0
465776.1892,0
465803.7191666667,0
465872.90619999997,0
465949.783,0
466090.7403,0
466225.8604,0
466378.806,0
466563.2246,0
466582.70160000003,0
466831.9073,0
466985.6829,0
467028.9715,0
467119.9583666667,0
467478.6984,0
467532.1833,0
467576.8617,0
467668.4248,0
467745.1945,0
467896.6173,0
468131.7539,0
468140.3795,0
468300.48589999997,0
468476.9474,0
468641.2043,0
468899.5719,0
468919.2007,0
468933.5092,0
469011.0249,0
469089.07039999997,0
469217.91006666666,0
469243.6593,0
469262.8396,0
469313.4301,0
469578.9983,0
469623.4962,0
469888.5216,0
469930.3038,0
470109.46955,0
470222.7534,0
470323.3785,0
470375.7959,0
470410.12080000003,0
470423.06810000003,0
470435.9079,0
470910.8875,0
471113.4781,0
471322.5412,0
471391.83869999996,0
471398.466,0
471624.4806,0
471990.2846,0
472286.6519,0
472570.978,0
472710.1245,0
472797.5884,0
473246.05220000003,0
473249.349,0
473315.4223,0
473434.2122,0
473989.33545,0
474347.687525,0
474385.5554,0
474441.1156,0
474442.6548,0
474815.5167,0
474842.4339,0
474984.4653,0
475179.6405,0
475207.1988,0
475254.2842,0
475657.9101,0
475758.9549,0
475898.9958,0
476243.6141,0
476370.6,0
476411.2635,0
476415.7428,0
476770.6672,0
476952.0354,0
476986.2387,0
477157.19920000003,0
477239.646,0
477398.2973,0
477668.8744,0
477714.4217,0
477794.7787,0
477883.28603333334,0
478800.3157,0
478937.9512,0
479010.6617,0
479085.6032,0
479237.5346,0
479692.4233,0
479826.3692,0
480193.84739999997,0
480290.0409,0
480450.1163,0
480483.68940000003,0
480665.3465,0
480688.7391,0
480711.2024,0
480734.6252,0
481024.1806,0
481587.6409,0
481674.914,0
481869.6743,0
482141.9313,0
482149.8301,0
482259.8888,0
482290.101,0
482844.1491,0
482938.7167,0
483141.4634,0
483176.0833,0
483216.8885,0
483475.36340000003,0
483510.3273,0
483705.1263,0
483799.4854,0
483915.8013,0
483926.7382,0
484275.0329,0
484750.4385,0
484921.663,0
484974.5621,0
485013.9938,0
485161.79154,0
485193.88659999997,0
485288.38844999997,0
485665.90119999996,0
485701.0058,0
485785.3924,0
486134.5187,0
486460.4573,0
486530.784,0
486932.5857,0
486995.6676,0
487120.797,0
487502.9329,0
487627.6977,0
487694.5118,0
487701.4187,0
487768.42,0
487894.1279,0
487955.5393,0
488335.5849,0
488447.0882,0
488694.4624,0
488746.1777,0
489201.7839,0
489253.946575,0
489409.7646666667,0
489425.4993,0
489430.5148,0
489460.9638,0
489467.6853,0
489489.0157,0
489493.5734,0
489591.7552,0
489857.344,0
489890.8592,0
489985.3105,0
490159.3919,0
490203.07660000003,0
490369.9932,0
490435.9968,0
490548.7298,0
490730.2893,0
490757.0202,0
490903.0949,0
491098.4066,0
491202.8447,0
491243.8884,0
491267.87919999997,0
491383.3446,0
491529.0724,0
491826.3182,0
491953.2197,0
492131.9097,0
492195.3467,0
492383.804125,0
492386.3439,0
492603.6215,0
492653.4782,0
492880.6267,0
493126.7404,0
493384.1794,0
493569.996,0
494002.4608,0
494122.3934,0
494176.9415,0
494236.7328,0
494626.9894,0
494669.7839,0
494716.5393,0
495079.2064,0
495180.7051,0
495189.3454,0
495339.5331,0
495368.7258,0
495419.04839999997,0
496101.444,0
496233.4609,0
496414.7699,0
496597.1245,0
496725.8782,0
497021.3309,0
497137.5781,0
497215.1445,0
497470.3768,0
497544.4454,0
497751.1747,0
497845.4979,0
498015.87930000003,0
498025.8447,0
498128.2552,0
498168.3015,0
498810.5327,0
498856.9446,0
499055.0854,0
499061.7152,0
499184.18570000003,0
499216.9694,0
499234.2171,0
499704.214,0
499705.8093,0
500896.6277,0
500959.3687,0
501079.6996,0
501474.7487,0
501662.4938,0
501906.8091,0
502102.9151,0
502254.9326,0
502600.4925,0
502756.0823,0
502790.8538,0
503415.0992,0
503838.9854,0
503864.4094,0
503866.7582,0
504119.75,0
504634.1917,0
504879.4874,0
504881.8723,0
504907.0468,0
505061.6281,0
505281.2512,0
505373.2517,0
505517.2735,0
505579.3606,0
505766.2411,0
505790.131,0
505925.5733,0
506154.8439,0
506221.7492,0
506548.1089,0
506717.7034,0
506827.4355,0
506919.0808,0
507018.30803333333,0
507541.8366,0
507830.2019,0
507930.2983,0
508123.3901,0
509140.89650000003,0
509238.1773,0
509245.795375,0
509348.3786,0
509410.9124,0
509416.7455,0
509801.9107,0
509847.3651,0
510064.4165,0
510068.046,0
510355.2538,0
510388.5314,0
510399.5212,0
510422.2754,0
510466.7681,0
510497.1569,0
510629.2815,0
510688.1667,0
510741.4181,0
511055.8427,0
511061.4223,0
511382.104,0
511451.1812,0
511553.1613,0
511618.6654,0
511620.5389,0
511691.8368,0
511860.8145,0
511929.7851,0
512009.7217,0
512086.8429,0
512095.3295,0
512096.8026,0
512722.2805,0
513019.9066,0
513180.8622,0
513519.4592,0
513814.5517,0
513885.039175,0
514142.4322,0
514236.63,0
514365.9962,0
515003.0022,0
515014.1421,0
515221.4688,0
515244.02733333333,0
515346.8405,0
515459.0381,0
515524.6755,0
515620.0685,0
515760.0869,0
516298.9518,0
516427.3273,0
517097.616,0
517380.8953,0
517463.7549,0
517523.19,0
517641.1176,0
517686.6298,0
517790.8663,0
517926.5992,0
518051.4824,0
518486.5415,0
518496.5083,0
518696.6346,0
518761.20680000004,0
518772.8702,0
518934.1547,0
519494.0849,0
519618.9355,0
519630.99919999996,0
519713.5406,0
519954.2019,0
520026.5894,0
520110.3076,0
520199.4555,0
520370.45934,0
520371.1804,0
520475.564,0
520519.3246,0
520606.2439,0
520901.9856,0
521152.3679,0
521168.7472,0
521569.3123,0
521746.1346,0
521839.2655,0
521982.2767,0
522012.2026,0
522283.1687,0
522301.2212,0
522450.47490000003,0
522627.5573,0
522969.9575,0
523032.3083,0
523301.3937,0
523637.2804,0
523645.769,0
523813.9844,0
523883.5042,0
523928.8759333333,0
524106.7954,0
524114.5338,0
524469.2449,0
524475.9387,0
524505.3735,0
524618.6922,0
524651.3136,0
524835.8451,0
525078.8269,0
525141.8835,0
525366.9658,0
525371.5895,0
525494.4018999999,0
525596.5241,0
525644.9297,0
525683.6948,0
525695.556,0
525805.5475,0
525909.1158,0
525936.1445,0
526061.9976,0
526072.2472,0
526117.6128,0
526275.1016,0
526288.3728,0
526428.5801,0
526748.9122,0
526838.3433,0
527025.9361,0
527137.8731,0
527170.95,0
527225.6814,0
527264.6848,0
527320.5294,0
527362.2239,0
527442.5567,0
527484.2275,0
527672.4573,0
527869.2502,0
527931.4684,0
528026.1505,0
528157.2238,0
528199.7888,0
528242.875,0
528381.7469,0
528511.1222,0
528517.9631,0
528640.1496,0
528771.7651,0
528777.8432,0
528952.4557,0
529160.5819,0
529230.2576,0
529366.7509,0
529398.9854,0
529400.9074,0
529810.0666,0
529858.1447,0
529922.272,0
530046.7928,0
530120.8675,0
530303.7192,0
530317.1444999999,0
530319.6649,0
530447.2854,0
530449.1055000001,0
530626.2784,0
530773.44,0
530965.4944,0
531267.2599,0
531356.8885,0
531475.7946,0
531510.1886,0
531632.2607,0
531704.5733,0
531827.862,0
531974.0659,0
531982.7742,0
531994.7579,0
532048.955,0
532133.2868,0
532319.1676,0
532540.9654,0
532589.0953,0
532695.8792,0
532814.0808,0
532850.3467,0
532982.01,0
533360.0409,0
533414.771,0
533422.8827,0
533496.4878,0
533636.8924,0
533862.0222,0
533953.2154,0
534175.4436,0
534200.9101,0
534237.8299,0
534307.4427,0
534399.5166,0
534581.1742,0
534589.142,0
534621.0358,0
534635.3421,0
534667.1116,0
534705.3081,0
534716.6640999999,0
534843.4069000001,0
535062.2828,0
535069.5156,0
535120.1052,0
535185.347,0
535421.8402,0
535647.9707,0
535762.8778,0
535773.4947,0
535781.9181,0
536475.0981000001,0
536690.0536,0
536725.315,0
536978.8701,0
537015.75988,0
537194.3188,0
537293.5160000001,0
537662.9858,0
537819.2516,0
537923.7661,0
537943.7055,0
537973.7154,0
538061.6333,0
538207.5273,0
538405.8217,0
538501.04855,0
538502.978,0
538711.4772,0
538739.4053,0
538990.1456,0
539225.9904,0
539252.8725,0
539276.1698,0
539409.3803,0
539457.3583,0
539461.762,0
539578.0475,0
539618.0143,0
539894.8404,0
540084.6097,0
540101.5616,0
540134.5087,0
540400.7512,0
540467.4583,0
540474.3345,0
540688.8493,0
540734.8054,0
540776.7458,0
540855.4189,0
540958.3703,0
540966.4306,0
541456.1864,0
541507.9049,0
541553.0106,0
541582.3172,0
541688.3227,0
541988.7607,0
542026.3393999999,0
542137.117,0
542427.4422,0
542518.2219,0
542523.2036,0
542618.6791,0
542923.3741,0
543087.4193,0
543332.5054,0
544344.0015,0
544347.0643,0
544448.432,0
544468.1206,0
544600.0262,0
544639.6872,0
544683.8761,0
544697.5614,0
544844.0485,0
544869.5779,0
544942.9498000001,0
545659.944,0
545930.2477,0
546146.1342,0
546244.5727,0
546368.6852,0
546541.9362,0
546695.147,0
546810.6991,0
547022.2676,0
547108.9147,0
547210.9169,0
547220.9859,0
547635.3906,0
547915.3342,0
548020.1638,0
548026.9426,0
548180.0178,0
548635.8588,0
548640.4193,0
548938.3671333333,0
549029.0799,0
549062.2200333333,0
549111.8344,0
549136.663,0
549737.1467,0
549802.2418,0
549925.66,0
550502.7342000001,0
550559.9264,0
550760.2791,0
550777.0708,0
551178.2133,0
551369.479,0
551563.3616,0
551580.8659,0
551604.9287,0
551717.8059,0
551907.456,0
552584.2053,0
552759.5724,0
552765.842,0
552873.0998,0
553160.9081,0
553184.5872,0
553484.1204,0
553529.7146,0
553791.2742,0
553791.3160999999,0
554322.381,0
554346.1135,0
554359.3104,0
554460.1866,0
554832.5511,0
555065.6068,0
555188.4581,0
555350.8581,0
555418.44335,0
555485.5213,0
555691.2122,0
555844.7547,0
556227.4512,0
556249.3442833333,0
556345.6532000001,0
556455.1462,0
556690.4084,0
556987.7243,0
557466.2004,0
557596.7989,0
557748.2827,0
557758.1531,0
558113.5025,0
558246.4706,0
558336.5117,0
558386.5336,0
558829.5514,0
558918.4697,0
559012.9181,0
559067.148,0
559353.1512,0
559369.1431,0
559448.3902,0
559899.8268,0
560008.6434,0
560135.5744,0
560148.5237,0
560254.468,0
560414.951,0
560536.5443,0
560579.372,0
560653.2298,0
560698.276,0
560821.9113,0
560850.9884,0
560931.3289,0
561081.0744,0
561125.6038,0
561297.3676,0
561333.2662,0
561541.7721,0
562142.6758,0
562185.23832,0
562849.741,0
563011.1245,0
563056.7688,0
563083.3221,0
563146.1787,0
563400.3797,0
563404.6907,0
563770.3816,0
563800.6571,0
563982.6372,0
564033.5293,0
564276.452,0
564362.0576,0
564475.597,0
564581.6252,0
564786.4772,0
564805.5659,0
564875.2147,0
565179.076,0
565367.7465,0
565469.2051,0
565564.1751999999,0
565633.9538,0
565911.8809,0
565968.5635,0
566002.064,0
566096.6396999999,0
566272.404175,0
566388.59704,0
566399.6975,0
566606.2265,0
567268.3666,0
567343.9029,0
567356.8465,0
567529.6046,0
567576.1386,0
567588.1539,0
568023.6893,0
568199.8647,0
568792.9712,0
569235.4913,0
569319.9036,0
569398.4091,0
569683.1031,0
569881.3141,0
569899.2676,0
569948.6779,0
569952.315,0
569985.9674,0
570128.3679,0
570242.9146,0
570296.9781,0
570406.1677,0
570456.8374,0
570491.0916,0
570651.9612,0
570732.3058,0
570791.0352,0
570837.1931,0
570880.7053,0
570985.7221,0
571033.0073,0
571090.7085,0
571131.3182,0
571336.8035,0
571617.3955999999,0
571723.8963,0
572093.09,0
572221.038,0
572312.4107,0
572341.3563999999,0
572413.1906,0
572422.0215,0
572474.795,0
572607.6348,0
572647.8331,0
572836.1932,0
573223.4752,0
573280.6873,0
573322.9935,0
573395.0404,0
573587.2657,0
573664.6162,0
573703.9709,0
574053.7094166667,0
574168.3582,0
574192.5767,0
574330.1644,0
574424.3556,0
574764.1296,0
574960.3339,0
575115.4181,0
575159.921,0
575404.2134,0
575554.2242,0
575572.5711000001,0
575792.5335,0
575838.8539,0
575959.8619,0
576046.4485,0
576138.3705,0
576171.9964000001,0
576493.747,0
576629.5664,0
576770.7413,0
576860.3646,0
576882.4548,0
577419.1478,0
577573.6572,0
577584.6452,0
577730.4321,0
577823.7052,0
577972.4056,0
578153.9307,0
578209.0813,0
578216.2598,0
578220.6187,0
578328.4552,0
578601.0241,0
578834.5887,0
579101.5739,0
579135.7563,0
579347.0062,0
579397.5576,0
579405.6861,0
579621.0464,0
579640.9362,0
579946.5464,0
580220.3372,0
580414.0526,0
580637.1193,0
580871.9064,0
580973.8691,0
581283.7318,0
581464.7981,0
581476.2659,0
581796.4126,0
581856.8065,0
581858.1964,0
582037.6406,0
582395.7873,0
582503.6536,0
582865.443,0
583024.7856,0
583157.3739,0
583350.0705,0
583444.8912,0
583511.4446,0
583609.9177,0
583655.3078,0
583932.0432,0
584023.6575,0
584188.4841,0
584196.3767,0
584213.6569000001,0
584396.2898,0
584415.9173,0
584419.5872,0
584713.3761333333,0
585237.2018,0
585237.4557,0
585369.5154,0
585571.0184,0
585620.0774,0
585640.7565,0
585656.8814,0
585790.6114,0
585793.6395,0
585889.0922,0
585926.2106,0
585929.5239,0
586164.4109,0
586438.8089000001,0
586507.6361,0
587189.1734,0
587291.9379,0
587312.2936,0
587339.1359,0
587635.4117,0
587838.8543,0
587964.7496,0
588525.2831,0
588848.2627833333,0
589221.5659,0
589259.3941,0
589259.8283,0
589389.911,0
589508.9563,0
589874.94,0
589888.8393,0
590049.6452,0
590181.1446,0
590459.2039,0
590667.6684,0
590693.9675,0
590720.48544,0
590815.4055,0
590904.8741,0
590947.6343,0
591100.6756,0
591161.357,0
591260.0516,0
591448.6201,0
591803.7907,0
591811.8243,0
591830.5524,0
592136.8291,0
592220.533,0
592357.9292,0
592551.7890999999,0
592658.594,0
592670.3158,0
592684.7789,0
592752.1793,0
593170.8216,0
593189.4661666667,0
593200.5431,0
593707.374,0
594280.0138,0
594358.6861,0
594374.7982,0
594477.0278,0
594551.8679,0
594771.2823,0
594884.4887,0
594951.5327,0
595255.1838,0
595261.7871,0
595312.5059,0
595329.4194,0
595441.0284,0
595488.9687,0
595659.3754,0
595738.4571,0
595843.2706,0
595915.48506,0
596022.2206,0
596066.4729,0
596074.8951,0
596093.8053,0
596509.858,0
596643.3437,0
596687.4017,0
596772.415,0
597189.208,0
597210.3793,0
597421.0736,0
597479.3313,0
597627.1355,0
597800.6671,0
597818.6707,0
597881.7745,0
597927.6918,0
597953.6024,0
597973.7961,0
598297.8314,0
598354.6114,0
598444.7739,0
598706.976,0
599020.0981000001,0
599164.07,0
599321.7846,0
599388.7408,0
599622.8033,0
599702.37,0
599923.93,0
600110.98058,0
600163.8436,0
600218.4366,0
600294.6169,0
600361.6343,0
600483.22318,0
600511.707,0
600620.2201,0
600640.5463,0
600667.1475,0
601377.235,0
601409.0372,0
601515.3237,0
601601.6848,0
601707.2814,0
601741.5617,0
602201.3518,0
602221.7264,0
602253.4041,0
602261.2346,0
602267.2308,0
602327.7925,0
602538.3617666666,0
602633.9317,0
602669.8108,0
602859.9547,0
603475.4458,0
603551.9295,0
603587.8104,0
603920.4108,0
603939.4736,0
604043.7815,0
604173.476,0
604193.2572,0
604231.4263,0
604344.971,0
604751.5699,0
604887.2777,0
604905.9893,0
604933.0476,0
604981.3292,0
605021.5497,0
605054.1203,0
605154.1157,0
605198.6568,0
605297.3709,0
605416.3226,0
605484.2024,0
605525.2575,0
605830.0401,0
605832.6763,0
605946.5075,0
606164.7878,0
606305.0127,0
606334.8207,0
606353.2952,0
606380.8804,0
606541.5003,0
606555.6312,0
606645.3982,0
606755.544,0
606790.794,0
606890.4986,0
607053.1246,0
607074.1533,0
607075.7263,0
607143.1077,0
607168.3166,0
607212.2753,0
607624.7017,0
607746.6423,0
607801.6844,0
607906.9151,0
608014.9334,0
608183.3093,0
608464.9837,0
608482.8731,0
608895.1928,0
608925.4786,0
608979.596,0
609111.9763,0
609258.7279,0
609432.2079,0
609540.5374,0
609597.5123000001,0
609610.9669,0
609626.9848,0
609950.4539,0
609983.5274,0
610040.2758,0
610117.6614,0
610328.6199,0
610376.8285000001,0
610403.3363,0
610456.7495,0
610459.0764,0
610799.865,0
610959.7483,0
611013.6149,0
611078.8141,0
611111.2207,0
611120.6868,0
611188.4139,0
611198.1581,0
611312.5083,0
611493.4507,0
611692.5283,0
611895.0152,0
611989.41354,0
612078.7595,0
612211.1222,0
612246.8853,0
612358.3316,0
612490.8767,0
612683.6999,0
613661.1712,0
613675.7107,0
613689.3991,0
613939.5989,0
613977.352,0
614033.316,0
614140.9647,0
614300.099,0
614824.6387,0
615256.7391,0
615311.0656,0
615386.8383,0
615553.7397,0
615580.3284,0
615602.6861,0
615712.4815,0
615714.9224,0
616086.1649666667,0
616176.5887,0
616317.4836,0
616396.7351,0
616604.9011,0
616741.1812,0
616916.0065,0
617056.6271,0
617060.1341,0
617104.5491,0
617106.6737,0
617124.1186,0
617185.0091,0
617316.0613,0
617623.4516,0
617957.7566,0
617976.9937,0
618522.832,0
618564.3068,0
618967.949,0
618986.9368,0
619139.7495,0
619282.0457,0
619578.8921,0
619869.5519,0
619930.9714,0
619975.8124,0
620009.7939,0
620072.9159,0
620256.3145,0
620947.5577,0
620964.7545,0
620999.3872,0
621029.7793,0
621055.6098,0
621122.9651,0
621432.6319,0
621532.5034,0
621592.4035,0
621745.0796,0
621773.9263,0
621924.4668,0
621944.772,0
622226.7247,0
622381.5292,0
622477.315,0
622654.0865,0
622658.147,0
622806.8436,0
623044.058,0
623293.9554,0
623329.3447,0
623424.6818,0
623701.2397,0
623914.1689,0
623958.8882,0
624308.8565,0
624409.0573,0
624425.8496,0
624799.3859,0
624961.5368,0
625040.5918,0
625174.0439,0
625401.6968,0
625423.5572,0
625648.0399,0
625740.9281,0
626017.7092,0
626039.3921,0
626093.569,0
626109.9007,0
626156.4805,0
626212.6449,0
626286.8793,0
626367.324,0
626425.925,0
626452.6868,0
626543.3049999999,0
626848.2969,0
627097.2633,0
627150.4885,0
627433.1565,0
627545.4312,0
627799.0187,0
627802.807,0
627964.9565,0
628026.6599,0
628047.433175,0
628147.5246,0
628422.3529,0
628509.897,0
628570.8547,0
628591.4789,0
628674.9445,0
628683.3443,0
628860.1161,0
628919.0215,0
628996.674,0
629089.5574,0
629106.6026,0
629167.8376,0
629310.4235,0
629337.58,0
629380.2331,0
629547.9065,0
629677.44,0
629703.0734,0
629720.772,0
629750.7121,0
629778.5176,0
630130.0342,0
630229.8437,0
630482.0221,0
630516.3213,0
630516.8448,0
630749.8279,0
630895.1713,0
631260.9534,0
631680.3041,0
631714.1108,0
631731.102,0
632066.738,0
632403.491,0
632804.2619,0
632936.2599,0
633073.3104,0
633113.0632,0
633208.6205,0
633567.1786,0
633633.629,0
634184.5658,0
634196.8338,0
634231.2524,0
634346.3852,0
634358.9145,0
634496.0837,0
634861.6932,0
634923.5222,0
635153.7507,0
635156.3042,0
635192.996,0
635384.4680999999,0
635504.6908,0
635596.755,0
635718.453,0
635893.9515,0
636044.8782,0
636062.2007,0
636717.366,0
636741.9666,0
636752.7921,0
636917.7369,0
637149.1402,0
637280.3741,0
637375.0817,0
637423.9773,0
637484.6896333334,0
637528.1294,0
637532.2136,0
637602.0389,0
637884.9404,0
638040.6043,0
638132.8765,0
638405.8495166666,0
638628.2998,0
638799.8557,0
638927.167,0
638968.6502,0
639031.1132,0
639380.7278,0
639438.7308,0
639449.4984,0
640872.09936,0
640880.1918,0
640981.8042,0
641134.7551,0
641274.7594,0
641338.4225,0
641390.5235,0
641406.8628,0
641463.3593,0
641512.6535,0
641599.7885,0
641996.0882,0
642110.8753,0
642111.2217999999,0
642128.1982,0
642163.9915,0
642425.8828,0
642880.3979,0
643219.9859,0
643242.7147,0
643324.1779,0
643440.5879,0
643453.5804,0
643701.4646,0
643750.0475,0
643856.4149,0
644077.2078,0
644454.9651,0
644609.809,0
644637.5258,0
644753.5163,0
644797.6134,0
644855.947,0
645067.1622,0
645140.4206,0
645291.3541,0
645338.0625,0
645958.5383,0
646036.3185,0
646324.0682,0
646954.4786,0
647048.5284,0
647216.5333,0
647318.0025,0
647645.8273,0
647890.9416,0
648412.3625,0
648569.3194,0
648834.4511,0
649081.7583,0
649158.686,0
649312.7391,0
649593.253,0
649593.4036,0
649596.6084,0
649832.5383,0
649969.0388,0
649981.905,0
649991.0696,0
649998.4358,0
650049.8711,0
650173.1922,0
650257.8147,0
650306.3692,0
650617.7062166666,0
650789.9932,0
650810.7711,0
651520.7356,0
651762.8829,0
651784.3833,0
651851.2977,0
652200.9947,0
652216.8243,0
652261.2284,0
652363.4871,0
652453.453,0
652643.767,0
652688.6903,0
652935.7194,0
652974.5127,0
653088.8091,0
653100.6355,0
653254.6518999999,0
653269.808,0
653473.839,0
653515.0868,0
653529.4023,0
653559.3911,0
653955.4221,0
654270.0865,0
654331.94486,0
654350.0887,0
654352.2371,0
654408.4551,0
654699.8764,0
654806.241,0
655002.3041,0
655064.3366,0
655175.6095,0
655221.6242,0
655352.5472,0
655532.3733,0
655554.0567,0
655706.9408,0
655865.1272,0
656000.8139,0
656121.7056,0
656160.363,0
656326.5737,0
656413.7104,0
656524.5084,0
656533.8809,0
656539.5048,0
656685.4835,0
656752.1635,0
657103.3958,0
657188.0934833334,0
657381.0641,0
657418.5718,0
657440.3469,0
657505.1115,0
657611.7852,0
657739.848,0
657891.3276,0
658053.4962,0
658139.0101,0
658513.0319000001,0
658702.1576,0
658908.1596,0
659207.7931,0
659306.6933,0
659519.0832,0
659912.2285,0
659936.5083,0
660011.9729,0
660032.7222,0
660099.7941,0
660359.0137,0
660370.9891,0
660394.6542,0
660465.4549,0
660530.4512,0
660589.2572,0
660602.2032,0
661113.4198,0
661375.6895,0
661411.2796,0
661414.7577,0
661512.5163,0
661636.3007,0
661823.05092,0
662032.0725,0
662041.0175,0
662166.2727,0
662170.2646,0
662175.2903,0
662297.2994,0
662441.3885,0
662517.8523,0
662650.7292,0
662713.292,0
662747.5274,0
663043.6656,0
663245.7107,0
663272.42,0
663401.77944,0
663415.6551,0
663924.9171,0
663933.3022,0
664258.8364,0
664451.1069,0
664599.6809,0
664759.27096,0
665109.8722,0
665171.4506,0
665377.7943,0
665576.8027,0
665615.6157,0
665651.8242,0
665913.5557,0
665959.521,0
666053.1981,0
666147.6414,0
666746.9116,0
666782.3822999999,0
666871.5726,0
667056.278,0
667207.5532,0
667677.0146999999,0
667924.4772,0
668251.9021000001,0
668393.3977,0
668444.9346,0
668583.8896999999,0
668950.2981,0
668992.5415,0
669022.7819000001,0
669130.2552,0
669143.0999,0
669146.3589,0
669318.7312,0
669385.7092,0
669413.7129,0
669579.1935,0
669587.83935,0
670139.534,0
670231.4737,0
670715.7956,0
670767.6545,0
670802.0586999999,0
670840.9641,0
671018.9882,0
671044.2124,0
671455.0601,0
671860.9419,0
671946.7148,0
671961.8969,0
672103.2557,0
672188.0054,0
672198.084,0
672283.2023,0
672305.1827,0
672335.1267,0
672388.7180999999,0
672443.5412,0
672544.4024,0
672564.1137,0
672647.578,0
672773.9363,0
672964.4199,0
673029.7623000001,0
673088.1143,0
673185.5363,0
673520.9349,0
673677.2407,0
673702.3024,0
673715.5467000001,0
673979.2065,0
674262.5043,0
674407.3097,0
674424.4196,0
674974.7535999999,0
674989.8091,0
675039.4417,0
675247.1236,0
675393.1958,0
675687.5531,0
675815.5977,0
675832.4895,0
675964.1025,0
675992.8507,0
676141.0773,0
676215.996,0
676474.415,0
676697.2745,0
676733.2609,0
676792.4636,0
676962.1894,0
676970.1954,0
676972.3910000001,0
677107.8278,0
677203.9585,0
677334.4079,0
677577.4611,0
677584.4058,0
677674.7839,0
677721.7108333333,0
677750.6910999999,0
677759.1595,0
677785.4576,0
678032.2967,0
678278.3257,0
678415.0119,0
678585.1015166667,0
678775.7623000001,0
678960.9987,0
679100.7245,0
679176.4344,0
679209.823,0
679327.4789,0
679595.7199,0
679777.2518,0
679867.03426,0
679891.3712,0
680312.135,0
680386.34292,0
680553.3285000001,0
680800.3868,0
680887.4348,0
681088.1405,0
681140.9338,0
681181.8072,0
681266.6411,0
681687.7735,0
681693.3548,0
681808.8309,0
681844.5626,0
682000.5846,0
682027.5176,0
682040.7543,0
682084.9466,0
682160.8254,0
682181.0662,0
682278.7089,0
682529.7156,0
682650.6935,0
682732.0851,0
682751.1789,0
682967.5576,0
683182.5107,0
683377.4388,0
683449.392,0
683737.0128,0
684129.6083,0
684300.4073,0
684377.8015000001,0
684474.0167,0
684709.7357,0
684818.3304,0
684967.4997,0
685233.7699,0
685288.2798,0
685743.3392,0
685767.8434,0
685803.6118,0
685885.527,0
685971.774,0
686231.7053,0
686266.8994,0
686410.4302000001,0
686434.0199,0
686456.5008,0
686529.0485,0
686647.2201,0
686917.4051,0
687279.1039,0
687345.3431,0
687689.5492,0
687765.8197,0
687897.2045,0
687993.0626,0
688028.8775,0
688097.0547,0
688201.1028,0
688427.2035000001,0
688436.4587,0
688643.9979,0
688765.3699,0
688766.9148,0
688836.4514,0
688919.2767,0
688994.4791,0
689006.7077,0
689109.5961,0
689249.1301,0
689747.7829,0
689797.9680999999,0
689810.5700000001,0
689878.2568,0
689948.3946,0
690130.5787,0
690149.0817,0
690173.7217,0
690404.5554,0
690658.0798,0
690685.8586,0
690743.4523,0
690939.8694,0
691096.7821,0
691305.5284,0
691323.732,0
691348.3674,0
691379.3968,0
691470.0489,0
691611.5829,0
691776.2006,0
691828.7838,0
691996.2544,0
692581.0482,0
692591.3394,0
692721.4112,0
692726.1085,0
692837.1015,0
692853.5624,0
693160.5503,0
693196.6329,0
693448.0816,0
693853.4944,0
693878.7697000001,0
693961.2704,0
694022.513,0
694031.98784,0
694052.5116,0
694087.3341,0
694091.4112,0
694251.2631,0
694834.9481,0
694839.1926,0
694890.5959,0
694898.8456,0
695075.7487,0
695135.9667,0
695238.5347,0
695303.9439,0
695362.2241,0
695527.8974,0
695532.9001,0
695604.5107,0
695773.6816,0
695837.0693,0
695861.2346,0
696013.4888,0
696028.5124,0
696061.9739,0
696113.1275,0
696147.8646,0
696282.7991,0
696338.0767,0
696389.42,0
696533.5072999999,0
696637.6202,0
696664.6766,0
697010.625,0
697033.3951,0
697135.3085,0
697273.8218,0
697688.4765,0
697724.7182,0
697767.8759,0
697981.5028,0
698100.535,0
698141.8489,0
698167.9358,0
698191.6073,0
698315.8075,0
698479.5501,0
698482.1624,0
698879.8885,0
699098.6984999999,0
699143.9134,0
699267.9001,0
699797.5796,0
699938.0790666667,0
699966.7462,0
700034.8183,0
700138.5092,0
700234.2525,0
700968.1837,0
701050.3276,0
701142.8951,0
701177.6475,0
701471.6563,0
701535.8074,0
701681.8479,0
701698.1708,0
701830.5086000001,0
702109.1586666667,0
702200.9271,0
702715.09754,0
702802.4591,0
703231.3467,0
703324.7143,0
703338.3101,0
703498.9611,0
703527.4054,0
703760.0416333333,0
703818.1174,0
703948.5459,0
703990.8445,0
704080.2773,0
704090.6632,0
704122.6998000001,0
704410.7276,0
704513.8745,0
704541.1289,0
704624.2817,0
704642.4713166667,0
704670.7501,0
704979.355,0
705134.8804,0
705192.8957,0
705348.6784,0
705431.5587,0
705468.022,0
705527.8214,0
705609.2382,0
705610.571,0
705977.8473,0
706054.7565,0
706064.883,0
706315.6631,0
706513.6932,0
706568.8316,0
706705.0081,0
706718.449,0
706812.3947,0
706959.5781,0
707084.9075,0
707221.9766,0
707545.0525,0
707644.6316,0
707688.33,0
707825.4721,0
707895.9102,0
708029.8509,0
708182.7535,0
708473.5407,0
708660.4799,0
709055.9768,0
709330.5658,0
709386.8665,0
709567.3186,0
709601.8629,0
709758.1227,0
709758.1597,0
710923.8505,0
711132.414,0
711174.2761,0
711286.1313,0
711313.0146999999,0
711381.0976,0
711435.9908,0
711439.7627,0
711466.3383,0
711468.1484,0
711703.867,0
711852.1551,0
711862.6531,0
712000.8162,0
712244.2832,0
712348.0694,0
712535.2942,0
712750.4191,0
712850.5447,0
712949.5399,0
713020.2876,0
713153.4376,0
713513.8148,0
713616.8997,0
713767.8368,0
713906.0514,0
713937.6051,0
714030.5987,0
714173.7184,0
715247.21,0
715249.8434,0
715414.3113,0
715488.0904,0
715637.1117,0
715899.1569000001,0
715962.3726,0
715984.2388,0
716081.8691,0
716140.2097,0
716178.1272,0
716238.9927000001,0
716403.6117,0
716591.106,0
716629.827,0
716759.6304,0
716763.2501,0
716779.1242,0
717010.05,0
717353.4283,0
717362.8382,0
717426.9347999999,0
717874.2625,0
718185.5909,0
718276.6673,0
718445.7444,0
718467.009,0
718498.9829,0
718796.6082,0
719091.2491,0
719372.7449,0
719572.7863,0
719594.9641,0
719786.0658,0
719940.1202,0
720127.8382,0
720140.2971,0
720287.2962,0
720340.3822999999,0
720469.6524,0
720508.4074,0
720526.1801,0
720527.1052,0
720574.4738,0
720592.3255,0
720996.42,0
721007.8564,0
721078.8063,0
721253.915,0
722145.7572,0
722146.3851,0
722305.4984,0
722338.3052000001,0
722358.1448,0
722453.6289,0
722738.6535,0
722780.0529,0
722937.4885,0
723034.2437,0
723057.8767,0
723073.7386,0
723103.991,0
723271.4382,0
723454.8979,0
723568.0038,0
723593.5896,0
723670.2516,0
723696.5374,0
723779.8665,0
723987.9778,0
724102.8973,0
724109.0209,0
724244.0507,0
724257.4108,0
724676.5216,0
724779.6852,0
725055.6401,0
725096.6816,0
725539.4197,0
725552.5307,0
725688.1071,0
725688.8173,0
725770.0467,0
725964.183,0
726155.014,0
726231.6682,0
726438.0183,0
726633.8082,0
726751.5146,0
726807.2362,0
727031.6569000001,0
727040.8413,0
727058.1445333334,0
727399.539,0
727504.7887,0
727575.9768000001,0
727774.137,0
728023.2436,0
728170.5866,0
728347.0165,0
728432.7824,0
728561.7794,0
728796.9994,0
728810.6478,0
728925.6891,0
729243.7496,0
729282.5558,0
729364.9212,0
729517.7245,0
729613.2357,0
729613.5103,0
729942.8189,0
729989.5796,0
730074.8649,0
730128.0159,0
730222.4725,0
730271.7362,0
730330.1396,0
730609.0844,0
730610.9483,0
730769.8157,0
730874.6103000001,0
730985.9523,0
731177.9132,0
731283.9573,0
731337.6363,0
731362.3301,0
731371.9426,0
731450.3147,0
732049.8708,0
732186.5223,0
732496.4467,0
732549.4232,0
732643.0261,0
732745.6871,0
732794.3217,0
732851.748025,0
732997.599,0
733171.6878,0
733323.6377,0
733429.7636,0
733438.9743,0
733490.6205,0
733564.911,0
733865.4915,0
733926.6976,0
734383.0726,0
734545.9323,0
734566.4065,0
734720.2588,0
734823.4191,0
735108.7207,0
735183.5067,0
735390.1092,0
735398.2899,0
735509.407,0
735604.0623,0
735633.8907999999,0
735652.5242,0
735752.168,0
735787.1896,0
735793.3347,0
735850.6207,0
735865.9561,0
735868.8502,0
735905.1635,0
735976.2889,0
736006.0566,0
736321.3242,0
736413.7923,0
736835.4824,0
736865.6869,0
736957.8165,0
737008.6487,0
737047.0533,0
737248.6592,0
737368.2514,0
737434.4417,0
737597.909,0
737806.1921166667,0
737985.7824,0
738383.907725,0
738466.8848,0
738778.0716,0
738889.85,0
738992.2219,0
739031.2411,0
739178.6434,0
739239.1296,0
739336.251,0
739467.7898,0
739598.546,0
740137.7307,0
740340.1992,0
740363.8878,0
740544.4736,0
740684.4407,0
741193.585,0
741254.8898,0
741473.1221,0
741498.269,0
741639.0561,0
741699.1735,0
741792.1853,0
741868.5101,0
742209.8279,0
742227.0417,0
742251.0918,0
742256.035,0
742399.8496,0
742640.8978,0
742656.6846,0
742747.8789,0
742967.1074,0
742997.6814,0
743008.157,0
743032.2977,0
743183.0964,0
743189.3706,0
743572.4265,0
743575.895,0
743953.4635,0
744083.3724,0
744446.6313,0
744873.3183,0
746061.2876,0
746255.9214,7156.306499999948
746392.4678,0
746621.8316,0
746624.5674,0
746696.7728,0
746967.3071,0
747095.3465,0
747247.6514,0
747272.621,0
747491.1146,0
747520.7092,0
747557.4501,0
747606.4939,0
747887.153,0
748044.7261166667,0
748156.8488,0
748373.1461,0
748532.8077,0
748601.2156,0
748645.1971,0
749256.4877,0
749300.3063,0
749363.0058,0
749603.5892,0
749699.5942,0
749753.1022,0
750126.0494,0
750316.7343,0
750327.2622,0
750533.0889,0
750612.1216,0
750687.4442,0
750798.7497,0
750810.3678,0
751109.8852,0
751480.9334,0
751517.8852,0
751525.7513,0
751609.3577,0
751670.5493,0
751678.5403,0
751693.3661,0
752120.5088,0
752132.1292,0
752153.1338,0
752698.5951,0
752831.6203,0
752972.8239,0
753019.5872,0
753140.1726,0
753321.7901,0
753525.448,0
753633.0393000001,0
753650.6543,0
753743.647,0
753956.7392,0
753957.259,0
754176.9456,0
754549.4447,0
754606.5479,0
754617.899,0
754786.5605,0
755222.3011,0
755232.0468,0
755239.5487,0
755328.363,0
755334.7926,0
755417.1632666667,0
755663.3983,0
756026.1458,0
756047.2259,0
756343.5266,0
756548.1861,0
756562.3615,0
756889.9433,0
757055.3011,0
757059.0774,0
757197.1522,0
757245.266,0
757469.418,0
757544.2783,0
757835.7542,0
758054.3924,0
758181.8043,0
758192.4224,0
758341.9382,0
758389.5205,0
758745.2838,0
758879.663,0
759077.763,0
759087.584,0
759150.7267,0
759175.687,0
759532.6994,0
759663.8901166667,0
759746.9794,0
759958.9936,0
760081.2444,0
760249.0706,0
760251.4173,0
760273.4996,0
760345.6674,0
760355.4341,0
760370.1643,0
760388.5820666667,0
760709.8481000001,0
760832.9922,0
760897.748,0
760914.11632,0
761024.369,0
761113.6633,0
761229.7017,0
761620.2477,0
761829.4788,0
761930.0521,0
761957.5422,0
762005.7786,0
762339.0853,0
762602.4045,0
762788.1994,0
762950.4777,0
763054.8024,0
763085.1339,0
763207.8798,0
763655.7726,0
763770.9725,0
763960.2045,0
764207.4846,0
764322.6729,0
765230.9574,0
765233.4011,0
765364.3024,0
765562.3473,0
765769.4081,0
765795.96,0
766216.6166,0
766464.465,0
766516.4717999999,0
766517.1855,0
766522.60172,0
766780.6853,0
766896.3204,0
766978.8815,0
767085.5602,0
767182.385,0
767191.2982,0
767287.7008,0
767433.8192,0
767803.9227,0
768062.8423,0
768299.8454,0
768369.2487,0
768931.8302,0
768981.3293,0
769024.8473,0
769182.7863,0
769278.9598,0
769908.0909,0
770036.5316,0
770061.1453,0
770160.1163999999,0
770382.6988,0
770508.0205,0
770542.1532000001,0
770601.8908,0
770857.2133,0
770960.6149,0
770978.5746333334,0
771014.2883,0
771090.7757,0
771216.3893,0
771325.6213,0
771742.7842999999,0
771780.4203,0
771857.7508,0
771861.007,0
771916.2424,0
772007.8475,0
772070.8242,0
772158.0967,0
772275.8785999999,0
772304.4667,0
772310.7177,0
772635.9274,0
772643.9691,0
772825.0621,0
772903.7358,0
773376.4094,0
773764.555,0
773896.2259,0
773935.6509,0
774000.6979,0
774217.9294,0
774235.8177,0
774303.0297,0
774355.0642,0
774360.3464,0
774470.3243,0
774657.5253,0
774773.7637,0
774877.1888,0
774955.5727,0
774964.6438,0
775049.5359,0
775095.0281,0
775394.1375,0
775452.4061,0
775469.9394,0
775531.4218,0
775591.1535,0
775741.5568,0
775896.141,0
775965.4724,0
776033.5271,0
776079.1424,0
776082.8632,0
776141.7119,0
776162.2259,0
776208.3779,0
776249.1382,0
776514.3552,0
776531.3519,0
776873.6704,0
776890.0748,0
776971.5504,0
776980.0037,0
777176.4949,0
777443.88398,0
-----Simulation END-----
