-----Simulation 0-----
172843.3922,0
173164.7837,0
173193.695675,0
173304.64,0
173327.5574,0
173345.8186,0
173486.48930000002,0
173594.7167,0
173748.0639,0
173766.8591,0
173907.0958,0
173969.5559,0
174020.0228,0
174040.2467,0
174149.6213,0
174360.1935,0
174575.3106,0
174959.24109999998,0
175013.3295,0
175071.186,0
175376.33120000002,0
175420.8176,0
175449.28889999999,0
175630.2242,0
175770.0091,0
176100.3369,0
176212.2525,0
176458.95799999998,0
176529.8734,0
176875.5083,0
177145.91971666666,0
177552.76559999998,0
177642.6206,0
177737.972,0
177902.2621,0
178520.52610000002,0
178704.4049,0
178910.8156,0
179128.1478,0
179185.37410000002,0
179287.82166666666,0
179433.01105,0
179558.8157,0
179705.508,0
179722.7475,0
179888.0086,0
180046.238,0
180058.9111,0
180186.41580000002,0
180222.67680000002,0
180448.9851,0
180780.6361,0
181267.456,0
181526.6966,0
181684.4304,0
182077.4982,0
182194.17930000002,0
182333.4809,0
182359.2948,0
182579.86359999998,0
182867.2746,0
182954.9492,0
182999.8051,0
183159.0591,0
183246.631,0
183295.6482,0
183624.5799,0
183848.8791,0
183871.3054,0
184108.1838,0
184220.0641,0
184273.7203,0
184534.56048,0
184545.88390000002,0
184842.43050000002,0
184854.5502,0
184993.5919,0
185031.9229,0
185369.99148,0
185547.3019,0
185550.80479999998,0
185571.8555,0
185684.3298,0
185894.514,0
186007.9948,0
186032.1025,0
186034.1852,0
186103.8473,0
186143.8593,0
186234.4326,0
186307.1376,0
186425.8686,0
186711.1221,0
186750.2734,0
186782.9986,0
186838.7419,0
186850.5638,0
186980.7848,0
187120.47460000002,0
187135.7498,0
187348.2469,0
187598.00501666666,0
187657.0909,0
187728.7939,0
187834.6665,0
188105.5897,0
188144.58980000002,0
188177.78960000002,0
188202.2601,0
188250.9029,0
188500.5066,0
188540.0369,0
188623.74180000002,0
188674.1952,0
188732.9055,0
188787.3596,0
188857.8096,0
188876.0085,0
188905.2032,0
188959.4424,0
189112.9643,0
189151.2774,0
189513.79989999998,0
189608.3052,0
189621.1618,0
190071.6351,0
190214.7256,0
190220.1311,0
190293.5376,0
190413.751,0
190596.74300000002,0
190749.559,0
190955.6527,0
191014.9346,0
191197.832,0
191274.5035,0
191366.86119999998,0
191425.84590000001,0
191566.5478,0
191614.2414,0
191622.8507,0
191662.3754,0
191696.2966,0
191729.6125,0
191772.2066,0
191803.8534,0
191827.7845,0
191929.536,0
192012.2364,0
192231.5302,0
192281.40110000002,0
192358.492,0
192612.5256,0
192785.8038,0
192895.8922,0
192918.5907,0
192981.8498,0
193065.3468,0
193068.6983,0
193163.026,0
193400.8884,0
193561.4549,0
193662.5026,0
193670.2602,0
193682.0505,0
193955.6382,0
194017.61729999998,0
194091.075,0
194452.729,0
194535.1533,0
194583.5999,0
194606.0519,0
194612.9863,0
194632.2514,0
194837.9435,0
194847.3707,0
194960.5559,0
195010.8705,1832.74549999999
195024.1508,0
195064.0227,0
195263.2358,0
195300.5112,0
195574.1288,0
195960.5555,0
196098.714,0
196436.90899999999,0
196451.3058,0
196704.0286,0
197197.54009999998,0
197408.9407,0
197501.6264,0
197545.1796,0
197662.1697,0
197980.0454,0
198036.98129999998,0
198214.3887,149.64540000000852
198278.0215,0
198285.358,0
198654.8781,0
198665.8782,0
198820.60940000002,0
199231.9586,0
199290.8313,0
199292.9517,0
199774.1551,0
199778.9834,0
199840.40110000002,0
199939.4379,0
200071.3012,0
200087.9103,0
200321.1312,0
200505.9525,3272.261300000013
200756.3782,4604.263600000006
200862.6532,0
201032.0203,0
201284.35820000002,0
201923.88760000002,0
201974.221,0
202063.6576,0
202335.8718,0
202360.8431,0
202376.2988,0
202549.3306,0
202617.7922,0
203097.2867,0
203173.7502,0
203288.23619999998,0
203314.2982,0
203397.7876,0
203401.7249,0
203416.0232,0
203467.2415,0
203472.1386,0
203507.6016,0
203595.7005,0
203614.7542,0
203760.5509,0
203780.9941,6274.075899999996
204253.0625,1600.0305999999982
204409.7764,0
204565.2672,0
204580.72460000002,0
204636.2924,0
204752.8162,0
204891.2341,0
205020.9829,0
205272.4319,0
205299.425,0
205523.6664,0
205603.9319,0
205638.8084,0
205768.783,337.8298000000068
205784.59110000002,0
205794.7445,0
206077.0536,229.05100000000675
206312.6311,0
206388.4977,0
206461.828,0
206605.1453,0
206656.7255,0
206750.6319,0
207424.0745,0
207580.9143,0
207911.9185,0
208584.4043,0
208684.6089,0
209240.3397,0
209301.8708,0
209461.1262,0
209530.2688,0
209627.9066,0
209762.7513,0
210100.837,0
210490.7714,663.2053000000014
210641.665,1803.022100000002
210844.3655,0
210986.3504,0
211052.9653,0
211238.62883333332,0
211533.5333,0
211829.2715,10386.078200000018
211848.56040000002,0
212068.467675,0
212249.8887,12025.676299999992
212410.7874,0
212452.73330000002,0
212482.1525,255.53449999997974
212628.7398,0
212889.0248,0
213465.8248,0
213492.68829999998,0
213503.0466,3889.6614999999874
213752.4504,177.8015000000014
214124.41629999998,0
214296.4393,0
214347.957,0
214754.55800000002,0
215300.2165,0
215355.9251,0
215400.7157,1943.9896000000008
215594.1189,0
215599.51870000002,0
215622.5446,0
215673.5245,0
215871.7164,8005.740099999995
216661.5887,0
216810.1922,6939.140399999975
216926.0535,0
217113.3592,0
217374.5178,4445.547200000001
217537.2654,4441.252700000012
217590.0283,0
217928.33490000002,0
217986.1054,7152.500499999995
218207.1968,0
218219.8424,7073.078999999998
218369.9108,8208.133825000026
218474.1047,0
218657.547,0
218810.178,0
218918.419,0
218924.6628,0
218925.7088,2205.121599999984
218927.1094,6867.791799999977
218958.91448333333,0
219071.61,0
219318.7567,0
219493.6397,0
219914.2863,7608.336700000014
220075.8412,1289.3409999999858
220370.3345,0
220515.1637,0
220710.3422,0
221063.4557,0
221141.2595,4744.800300000003
221234.5954,901.6486999999906
221335.6954,13746.758100000006
221506.2905,0
221531.775175,0
221623.6869,0
221689.818,0
221799.2229,2554.4047999999893
222573.766,0
222678.0302,10001.349900000001
222969.7707,12535.324599999993
222974.3531,0
223006.69939999998,0
223017.5251,0
223075.46409999998,0
223196.251,11143.10679999998
223284.1797,4556.410100000008
223285.0741,465.94570000001113
223379.5917,0
223701.7903,7717.042299999972
223764.1764,13298.242599999998
224085.9864,0
224469.3849,2021.8044999999984
224870.47090000001,0
225339.4112,0
226341.9826,0
226347.8037,0
226507.9215,0
226508.6897,0
226867.4012,0
227362.8608,0
227488.037,17885.280800000008
227800.80180000002,0
228515.552675,0
229490.1634,2934.5918999999994
229731.7023,0
230103.5971,0
230186.1234,16037.815000000002
230409.0355,0
230858.6894,17459.825299999997
230945.3025,0
231356.7415,0
231403.1969,0
231607.84350000002,0
231633.22710000002,0
231655.1476,0
231953.3045,0
232317.4856,0
232368.9004,0
232784.0904,0
232846.0553,0
232941.1381,0
232985.6896,0
233032.678,0
233128.9344,0
233857.2336,0
233886.7231,0
233934.9821,0
234273.2787,0
234477.25,0
234868.7802,0
235069.65753333335,0
235157.7983,0
235306.98739999998,0
235402.8065,0
235486.0336,0
235819.2664,0
236121.3801,0
236424.6918,0
236441.7056,0
236967.7329,0
237123.17119999998,0
237245.7771,0
237416.63400000002,0
237734.7738,5396.791599999997
237786.7631,0
238307.1789,0
238324.45669999998,0
238362.44150000002,0
238459.6377,19070.491099999985
238795.27606,0
238871.2269,15542.89420000001
239072.6201,0
239136.1167,0
239206.299,0
239270.6254,0
240047.5878,0
240077.1841,0
240084.393,0
240225.748,0
240271.5027,0
240671.7334,0
240732.387,0
240800.8213,0
241011.3194,14531.464500000002
241139.9991,0
241319.0645,0
241538.3663,0
241546.71600000001,0
241619.4315,0
241633.86609999998,0
241640.8703,0
241656.2327,0
241795.06855999999,0
242149.608,0
242164.6247,0
242505.26630000002,0
242607.5266,0
242676.78759999998,0
242921.2678,0
243208.6134,0
243340.0819,0
243362.6886,0
243540.5935,9807.741099999985
243544.67308,0
243714.7139,26377.026299999998
243824.8507,0
244098.9588,0
244467.1684,0
244503.1186,0
244716.4093,0
245026.025,3161.0706000000064
245094.8644,0
245165.1935,0
245634.3051,0
245675.3872,0
246416.8952,0
246428.3975,0
246556.8155,0
246924.153,0
247091.0277,0
247269.6819,0
247291.8714,0
247561.4699,0
247859.4883,0
247937.53590000002,0
247950.7876,0
248636.0816,0
248727.84720000002,0
248832.8919,0
248873.7695,0
248949.0735,0
249087.4615,0
249088.3753,0
249122.7176,0
249302.8354,0
249351.79580000002,0
249455.2384,0
249490.7802,0
249636.5584,0
249797.2448,0
249933.4483,0
250023.951,0
250275.4904,0
250314.1853,0
250327.2096,0
250628.4337,0
250635.2799,0
250685.9749,0
251044.811,0
251179.8578,0
251186.7081,0
251352.5752,0
251647.1209,0
251931.055,0
252078.7336,0
252100.9993,0
252109.232,0
252148.1496,0
252253.3715,0
252334.5854,0
252368.4197,0
252408.6813,0
252443.427,0
252861.8213,0
252948.37,0
253081.0814,0
253144.5908,0
253152.155,0
253293.3248,0
253455.3992,4190.670100000018
253463.4866,0
253850.30550000002,0
253899.5976,0
254303.9654,0
254404.652,0
254442.8357,0
254633.2632,0
255061.09406,0
255369.0411,0
255495.6434,0
255841.4729,0
255857.5503,0
255868.2151,0
255986.1418,0
255992.55109999998,0
256088.43170000002,0
256184.7453,0
256492.3684,0
257088.263,0
257090.125,0
257514.7942,0
257561.1727,0
257567.13390000002,0
257595.4481,0
257617.9797,0
257708.1545,0
257731.0472,2043.223100000003
257890.6285,0
258003.3079,0
258609.5814,0
258661.8919,0
258695.8541,0
258716.9368,0
259295.53149999998,0
259418.0007,0
259436.843,0
259449.92426666667,0
259568.1171,0
259700.22,0
259757.2671,0
259849.4512,0
259964.4124,0
260254.163,0
260411.9526,0
260483.7326,0
260730.6548,0
260788.31339999998,0
260823.805,0
261067.3565,0
261351.172,0
261491.5903,0
261603.6123,0
261674.2505,0
261710.4276,0
261985.2858,0
262195.4613,0
262195.5021,0
262286.3807,0
262804.588,0
262835.3284,0
262947.0958,0
263111.1054,0
263136.5806,0
263160.9315,0
263286.2247,0
263347.2651,0
263439.1883,0
263561.7396,0
263718.3755,0
263772.7818,0
263811.40811666666,0
263991.4184,0
264025.0658,0
264206.5175,0
264262.3412,0
264618.5377,0
264725.6676,0
264725.8919,0
264907.2211,0
265059.0285,0
265200.9306,0
265420.5393,0
265500.5395,0
265597.868,0
266268.57779999997,0
266412.7607,0
266498.1158,0
266582.0764,0
266765.4747,0
266811.8287,0
266923.4364,0
266935.9293,0
267023.2535,0
267051.8566,0
267131.9795,0
267177.67319999996,0
267189.3481,0
267273.485,0
267329.15989999997,0
267587.2763,0
267698.5435,0
267878.5039,0
267886.1383,0
267895.8881,0
267963.65265,0
268022.5439,1918.0112999999546
268161.1956,0
268530.5301,0
268660.0944,0
268886.4306,0
268887.4089,0
268922.7612,0
269278.469,0
269841.0975,0
269902.185,0
270160.1448,0
270441.5328,0
270477.7071,0
270540.6659,0
270705.9063,0
270777.5634,0
270780.5185,0
271045.4206,0
271308.972,0
271486.9096,0
271524.2161,0
271720.0791,0
272089.887,0
272412.6522,0
272525.6965,0
272655.8169,0
272690.6929,0
272693.4108,0
272780.7149,0
272885.5212,0
272912.0197,0
272960.6186,0
273460.40260000003,0
273537.073,0
273644.3617,0
273761.0188,11682.594500000007
273778.9523,0
274190.2826,0
274336.0348,0
274354.0118,2623.137999999977
274515.5706,0
274632.3659,0
274674.1754,0
274757.1613,0
274818.5021,0
274879.1086,0
275103.735,0
275107.1162,0
275165.286,0
275268.05,0
275352.8156,0
275359.52989999996,0
275386.7075,0
275504.1495,0
275604.50549999997,0
275677.8858,0
275745.6737,0
275750.5097,0
275849.0124,0
275851.6371,1148.3628666666336
275895.4309,0
276016.3257,0
276094.1396,0
276119.7293,0
276736.0794,0
276819.303,0
276832.6261,0
277116.5824,0
277353.5598,0
277428.7999,1389.147100000002
277592.6771,0
277798.1912,0
277966.4599,0
278081.12679999997,0
278159.2987,0
278182.812,899.4309999999823
278490.1537,0
278806.2358,0
278924.4703,0
279275.8307,0
279562.8086,0
279586.7316,0
279707.62930000003,0
279775.5012,0
279799.2157,0
280131.7456,0
280160.6184,0
280300.5406,0
280381.7082,0
280630.1386,0
280694.3191,0
280730.4436,0
280786.47239999997,0
281099.4918,0
281159.9281,0
281276.8086,0
281355.8411,0
281723.2078,3683.707199999946
281800.437,0
281863.5682,0
281988.1184,0
282892.1674,0
283357.9257,0
283554.8864,0
283834.7582,0
283892.4411,0
283975.4908,0
283994.3754,3075.3089000000036
284062.5917,0
284740.4155,0
284950.5603,0
285028.8048,0
285031.405,4755.133000000031
285189.7474,0
285281.2213,0
285431.8173,0
285734.1118,0
285861.5889,0
285905.5465,0
285976.0552,0
286070.4029,12089.100099999981
286191.7917,0
286220.6331,0
286298.61600000004,0
286453.8085,382.0565999999526
286589.3326,4645.9463000000105
286592.6496,0
286711.7167,8.804299999959767
286721.9236,0
287093.4287,0
287130.9976,0
287315.6933,557.1735999999801
287382.333,0
287519.076,0
287708.3033,2363.242900000012
287931.5437,0
288048.5486,3233.9896999999764
288145.3337,0
288239.18570000003,0
288398.4415,0
288533.5991,0
288748.7985,6139.402933333302
289092.0919,0
289213.91980000003,0
289415.67590000003,0
289511.6086,0
289769.3349,0
289844.783,0
289855.4568,0
289898.8698,973.0042999999714
289923.6507,0
289931.1107,0
290001.4896,0
290046.5401,0
290118.5622,0
290654.9746,0
290677.81429999997,0
290848.6442,0
290934.25179999997,0
291051.657,0
291894.3857,0
292064.1114,0
292364.7695,0
292537.2056,0
292567.0298,2562.2247000000207
292570.4881,0
292760.1736,0
292814.6961,2663.707300000009
292869.9306,10704.266400000022
292922.3546,0
293226.07649999997,0
293457.1649,0
293690.5212,2795.999300000025
294413.79,902.8319999999949
294441.7578,0
294520.20279999997,0
294628.9004,0
294684.542,120.4892000000109
294843.0135,0
294960.1318,0
295064.6116,0
295152.1183,0
295713.2352,0
295806.3864,1940.574100000027
296391.8251,1180.5354999999981
296419.6536,0
296530.1588,0
296553.0588,0
296734.72239999997,0
296866.1381,4705.684000000008
296944.1495,1457.14519999997
296968.8293,0
297358.71270000003,0
297370.2405,742.5815000000293
297566.2628,0
297607.3581,0
298255.3089,0
298967.3713,0
299039.1771,0
299402.3522,0
299466.77619999996,0
299599.7091,0
299625.5488,8283.206400000025
299786.4278,354.3371000000043
299914.6075,0
300128.1669,8068.50079999998
300304.3498,822.2142000000458
300326.23230000003,0
300540.5351,2283.6252000000095
300558.0692,0
300868.83160000003,0
301006.5395,0
301018.0333,6211.709299999988
301621.606,0
301631.144,2467.839799999958
302019.675,0
302072.4691,5284.60149999999
302199.5714,0
302224.0693,0
302667.7009,0
302819.1642,8315.04369999998
303392.4952,2161.154600000009
303417.5697,0
304017.5559,0
304165.4947,0
304217.9657,0
304495.2717,0
304710.32712,0
304796.6916,9040.790299999993
304829.7268,0
304954.3843,2001.7004999999772
304989.5981,0
305045.4382,0
305433.8413,0
306271.9615,0
306403.7635,0
306556.8985,0
306774.5046,0
306855.9426,0
306973.3263,0
307043.3813,0
307088.912,0
307380.7702,0
307694.1518,0
308053.0711,0
308169.5708,16383.240800000029
308318.0244,0
308501.74718,0
308584.8361,8267.413700000034
308998.8654,0
309010.4487,5664.934599999979
309012.2838,1499.968899999978
309114.31460000004,0
309275.8631,1469.0765000000247
309294.45234,0
309649.05819999997,0
309666.3947,9626.19080000004
309677.781,0
310032.0681,0
310053.4594,0
310373.7937,0
310621.3972,0
310677.79602,0
310701.4569,0
310875.4562,0
310904.9134,10883.265599999984
311116.7718,9209.664999999979
311122.1276,0
311343.1523,0
311885.0738,0
312488.9175,0
312541.5578,6651.502399999998
312770.8036,0
312932.9357,3554.768299999938
312937.8486,0
312947.3994,0
312973.3145,0
313309.8182,0
313314.3202,0
313366.4241,0
313608.5826,0
313997.556,0
314098.5488,17207.90240000002
314414.0118,0
314431.272,0
314836.3794,0
314970.8498,0
315106.8973,2894.8289000000223
315135.2156,0
315220.9468,18561.16340000002
315376.8543,6158.9776999999885
315420.151,0
315811.99199999997,0
316038.9948,21650.02039999998
316099.3368,0
316152.8053333333,0
316441.1798,0
316532.6596,5929.387500000012
316796.8545,0
317170.181,0
317253.7545,0
317476.7496,0
317662.5977,0
317679.7259,0
317811.5344,0
317828.7393,0
318305.3503,0
318428.097,0
318451.5369666667,0
318541.7108,0
318656.4764,0
318734.0586,0
318801.9674,11085.694799999997
318956.202,0
320343.9752,0
320431.0969,0
320432.8146,6767.220099999977
320451.4734,5701.166700000002
320614.2852,0
320647.3102,20251.488599999982
320681.606,0
321234.27,0
321474.098,0
321533.4482,0
322206.4729,12936.7733
322822.2564,17574.804600000032
322890.3875,11541.779500000004
322926.1182,6861.432400000049
322961.9486,0
322966.6081,0
323253.0851,3809.4545000000508
324168.8658,0
324320.99,0
324562.9752,0
324631.13879999996,0
324634.0763,0
324789.1853,0
324976.6564,0
324988.1896,17230.01490000001
325145.8274,14280.839600000007
325155.9187,0
325261.0648,0
325528.8623,0
325689.625,0
326259.49950000003,0
326348.3605,0
326647.6039,0
326745.4215,18897.43790000002
327352.9189,0
327384.3824,0
327416.6757,0
327437.8316,0
327456.3902,8052.286500000046
327876.4175,0
328010.2985,0
328021.6727,0
328116.9776,0
328169.1661,0
328174.56299999997,0
328308.3324,0
328349.7458,0
328522.898,0
328649.8418,0
328678.3468,0
328730.4218,0
329340.1521,0
329943.012,0
330002.1125,0
330348.2263,0
330431.6937,0
330743.3532,0
330771.1253,8389.34600000002
330852.1259,0
330861.748,0
330881.5629,17380.562600000005
331252.163,0
331262.327,0
331350.8692,0
331441.7203,0
331448.0687,0
331565.8167,0
331607.6815,0
332198.1607,0
332327.1836,0
332600.4213,0
332656.2404,0
332777.7558,0
332805.895,0
333007.2726,0
333030.9548,0
333078.1262,0
333191.6412,1058.3918999999878
333314.4156,0
333424.6746,0
333561.7358,0
333621.768,0
333657.48,11231.22119999997
333770.8569,4133.205300000031
333832.4904,0
334020.7971,0
334521.2366,24376.626099999994
335239.196,16751.2733
335282.7497,0
335351.8844,0
335782.8085,0
335919.7702,0
336017.5289,0
336426.872,0
336429.3407,0
336538.6727,0
336578.718,0
336598.8094,0
336744.1495,0
337179.87690000003,0
337180.1521,0
337191.8152,0
337269.208,0
337404.5587,0
337457.33066,0
337571.0508,0
337906.3709,0
338008.4261,0
338135.6604,0
338152.926,0
338396.0815,0
338579.4104,0
338909.8362,0
339003.1728,0
339184.0591,0
339408.1105,0
339901.85418333334,0
340049.4216,0
340247.0914,0
340381.5835,0
340386.75549999997,0
340713.3315,0
340788.205,0
340808.0269,0
340809.7382,0
340830.6515,0
341032.8097,0
341135.9625,0
341494.3019,0
342074.3774,0
342338.44539999997,0
342471.7513,0
342584.8299,0
342618.8242,0
342784.3159,0
342813.8579,0
343092.5666,0
343891.1483,0
344271.76769999997,0
344327.1823,0
344675.2146,0
345012.0046,0
345093.173,0
345173.8173,0
345510.4266,0
346304.46140000003,0
346595.5495166667,0
346833.7179,0
347074.3773,0
347262.4742,0
347279.2958,0
347571.135925,0
347770.0954,0
347833.8193,0
347874.069,0
347875.8638,0
347888.9457,0
347980.3359,0
348184.8427,0
348299.9306,2607.427625000011
348379.0817,0
348427.3935,0
348714.0019,0
348760.0277,0
348760.141,0
348792.7436,0
348824.7088,0
348920.5872,0
348928.4893,0
348983.0534,0
349022.5966,0
349193.428,0
349384.2346,0
349431.681,920.1561999999685
349715.6056,0
349874.6199,0
350062.85360000003,0
350079.74450000003,0
350248.7171,0
350350.4106,0
350404.2514,0
350470.31070000003,0
351026.4531,0
351123.0594,0
351541.2171,0
351657.1974,0
351667.6746,0
351748.5868,0
351751.3902,0
351802.7381,0
352135.6091,0
352302.8098,0
352533.6221,0
352542.6874,0
352898.3806,0
352959.7084,0
353014.7478,0
353030.8588,0
353037.6487,0
353089.6728,0
353981.85109999997,0
354016.7326,0
354211.38080000004,0
354695.6934,0
354799.81429999997,0
354816.7909,0
355076.171,0
355128.22250000003,0
355135.7593,0
355267.1013,0
355392.2305,0
355396.2868,0
355396.9897,0
355606.1252,0
355653.7564,0
355680.4297,0
355757.8599,0
355812.5959,0
355844.2397,0
356049.9463,0
356095.793,0
356231.8189,0
356235.8936,0
356236.9113,0
356316.0387,0
356480.0731,6614.556119999965
356660.4456,0
356955.7836,0
357236.2139,0
357257.8483,0
357518.4484,0
358014.9808,0
358316.7205,0
358344.7514,0
358399.3932,0
358408.97490000003,0
358417.4365,0
358489.4495,0
358711.8737,0
358874.2966,0
359081.5514,1179.935999999987
359377.2638,0
359576.3417,0
359591.2759,0
359699.5585,0
359858.6847,0
359985.2392,0
360139.904,0
360146.1816,0
360769.7681,0
361421.118,0
361570.2646,0
361601.9044,0
361698.8361,1413.1465000000317
361842.7087,0
362075.1106,0
362391.0544,0
362430.0181,0
362584.4803,4756.614999999991
362622.9601,0
362781.2123,0
362947.3153,0
362952.6958,0
362973.8657,0
362990.2575,0
363005.2069,0
363051.6656,0
363065.956,0
363242.4078,0
363300.1808,0
363377.213,0
363400.4703,0
363733.5342,0
363775.1193,0
363985.2577,0
364196.1692,0
364243.2854,0
364514.0236,0
364554.3822,0
364562.1023,0
364684.1313,0
364732.8063,0
364779.6782,0
364824.7273,0
365119.4835,0
365128.5283,0
365169.45530000003,0
365657.2432,0
365831.9084,0
366006.2185,4856.625800000038
366266.3128,0
366288.1579,0
366294.6886,0
366480.5744,0
366562.2462,0
366729.91980000003,0
366862.4763,0
367094.3481,0
367296.8142,0
367523.3006,0
367587.8487,0
367734.8719,0
367800.408,0
367861.0609,0
368068.0012,0
368189.7604,0
368300.4386,0
368381.7456,0
368429.5965,0
368454.122,2914.7055999999866
368681.4863,0
368704.9947,0
368717.7198,0
368799.4937,0
368888.9779,1796.6186999999918
368968.4386,0
369111.15760000004,0
369169.4771,0
369180.6713,0
369236.3487,515.5039999999572
369398.6841,0
369679.3403,5243.037699999986
369724.94550000003,0
369798.3804,0
369976.2302,0
370051.1539,0
370085.0466,0
370463.5118,0
370683.8003,0
370685.1634,2541.138800000015
370870.5617,104.13730000000214
371030.0136,832.2260000000242
371232.6791,0
371485.5507,0
371769.5481,0
371943.2662,0
371960.8029,0
372021.93929999997,0
372550.1291,0
372676.3477,0
372900.86699999997,0
373069.0415,0
373126.7958,0
373550.9266,0
373671.9902,0
373773.5146,0
374011.82660000003,0
374095.4112,0
374401.6194,3037.565500000026
374437.6553,0
374595.0049,0
374776.7825,0
375005.4685,852.3265000000247
375069.0532,0
375147.8369,0
375359.77520000003,0
375648.4135,0
375916.2993,0
376229.8468,0
376519.6872,0
376566.7053,7783.572699999961
376658.384,0
376868.6515,1526.9180999999517
376917.855,3935.0685999999987
376993.25789999997,0
377272.0365,0
377324.0987,0
377457.1409,3941.4860000000335
377466.464,0
377572.3354,4687.056999999972
377604.7789,0
377605.9666,3838.754499999981
378027.693,1906.985400000005
378031.1801,0
378312.0593,0
378891.0076,0
378952.3127,0
379119.2276,0
379240.7541,3992.779500000004
379386.7437,0
379751.2538,0
379859.1922,0
380170.17240000004,0
380195.8132,0
380731.7152,0
381076.4537,0
381117.2663,0
381272.5414,0
381648.1337,7017.563699999999
381878.6463,1542.501099999994
381961.9667666667,0
382074.4139,8331.763899999962
382213.3222,0
382365.07,13332.838500000013
382375.2714,10819.585000000021
382455.6379,6727.598199999949
382594.9506,0
382716.018,0
382828.54,0
383645.9125,0
383647.021,0
383721.3646,0
383723.9986,0
384038.5884,0
384194.6815,0
384237.1916,0
384757.2493,0
384944.0142,0
384960.2666,4380.070299999963
385066.2073,14612.252199999988
385185.7609,400.06809999997495
385195.7829,0
385203.7914,6601.584099999978
385334.2081,0
385496.82660000003,0
385639.9311,1897.8269999999902
385742.6303,0
385821.44909999997,0
386044.4148,9307.735900000029
386185.6945,0
386424.043,0
386500.5242,0
386506.6296,2491.3665000000037
386564.05590000004,0
386594.1705,0
386932.33845,0
387501.0969,0
387552.832,0
387587.7489,579.7325999999885
387745.2473,13982.421199999982
387754.5148,8251.036300000036
388261.3917,10530.786900000006
388271.2884,1839.5346000000136
388308.3846,1871.2728999999817
388665.9606,0
388676.759,959.9281000000192
388823.4545,13086.566699999967
388933.2717,4632.456199999957
389203.7278,1950.1056000000099
389413.8654,0
389455.6583,3017.2465000000084
389516.0392,0
389571.4885,0
389630.5962,14501.343300000008
389944.5419,0
390110.9948,0
390337.1434,0
390669.9094,0
390903.7093,0
390904.2846,7993.475399999996
391022.3585,812.9092999999411
391116.4523,0
391159.5557,2218.9303000000073
391182.814,0
391383.3281,0
391670.265,5994.011500000022
392058.9948,0
392307.926,14900.82620000001
392334.0909,0
392878.152575,0
393205.7787,2469.305000000051
393209.3846,464.87270000000717
393350.3911,4176.436500000011
393427.6111,0
393443.64300000004,0
393508.1618,0
393676.6808,15699.76119999995
393794.1675,0
393838.3799,14707.534999999974
393894.45,3751.5965000000433
393913.1109,689.6625000000349
393945.2774,12580.933400000038
393992.2809,0
394577.3433,0
395126.8484,10720.58460000006
395232.1246,0
395408.0945,0
395475.511,2867.8692166666733
395626.283,0
395879.3023,0
395882.6111,0
396028.5093,4939.293200000015
396383.0097,5604.734300000011
396440.0781,502.53450000000885
396528.2952,2354.460299999977
396583.1107,0
396729.2183,0
396869.38399999996,0
397028.7048,0
397575.151,1149.5160000000033
397624.3254,0
397764.1385,0
397884.1208,0
397965.9993,0
398250.6881,14943.07740000001
398312.81808,0
398371.6566,0
398438.3336,0
398543.1775,0
398606.0379,11025.11499999999
398916.4228,2696.060600000026
399027.6261,0
399043.98983333335,0
399060.8664,11976.959499999997
399955.972175,0
399989.9747,0
400091.5476,10650.995799999975
400197.9353,8304.958400000003
400202.1896,0
401118.9619,0
401312.3734,0
401315.2967,15646.475199999986
401317.88560000004,0
401466.5991,0
401781.1504,0
401912.0913,0
401936.3918,9643.410399999993
402016.6712,8687.398999999976
402112.0078,0
402164.2473,9146.327699999965
402292.1075,0
402477.1847,0
402588.1411,0
402700.19,0
402758.2861,0
402820.425,0
402990.51379999996,0
403016.955,0
403277.6275,6244.610700000019
403339.914,0
403408.8008,6099.890000000014
403493.1361,0
403875.0909,0
404142.2617,10362.62169999996
404248.8341,20717.527899999986
404457.149,2746.244399999967
404902.1185,10515.768099999987
404916.4526,0
404921.2412,0
405180.489,12851.815699999977
405319.6257,0
405682.5547,0
406334.013,0
406555.3417,1607.3061999999918
407082.7683,0
407727.0504,0
408344.2006,0
408448.8781,17261.72099999996
408622.0592,792.2790000000386
408711.2553,0
408764.3152,1576.588700000022
408964.3172,323.2966000000015
408995.75024,0
409302.54839999997,0
409571.1062,0
409823.780875,0
410507.0825,0
410508.7945,0
410574.9756,0
410654.9755,0
411130.7599,0
411254.3744,1907.8711999999941
411523.0571,0
411811.242,0
412222.9960666667,0
412223.1505,15619.807499999995
412239.3298,0
412402.5236,0
412472.5965,14294.214099999983
412506.7418,0
412517.8692,0
412539.222,0
412589.0092,0
412919.1431,0
413031.7317,0
413336.3449,0
413631.4209,0
413683.1993,0
413695.7963,0
413940.0442,0
413961.6104,0
414050.2546,0
414145.067,12953.177899999951
414469.1531,0
414508.33369999996,0
414638.9436,0
414652.69,11605.172100000025
414803.4741,0
414900.2671,0
415014.7741,0
415193.2245,0
415240.1279,0
415264.9694,0
415281.6741,0
415369.20530000003,0
415729.6479,0
416058.1631,0
416235.7809,0
416243.2433,0
416361.9231,0
416612.7161,0
416662.6534,0
416910.5224,0
416911.2815,0
417041.0349,11496.071100000001
417273.8533,18336.697199999995
417338.2869,0
417595.3637,280.342799999984
418093.0329,0
418165.4901,0
418206.306,1555.7081999999937
418920.1544,0
419288.7528,0
419509.0998,13923.304200000013
419677.179,0
419868.3466,22297.06329999998
419972.9574,20377.014400000044
420140.5072,29637.15830000001
420604.2547,0
420624.6003,0
421150.0812,0
421202.888,0
421278.0472,22184.36599999998
421422.276,0
421425.8346,0
421891.949,448.15340000001015
422127.4968,0
422309.3932,0
422393.5152,0
422640.2039,0
423489.0791,0
423577.5415,0
423673.7103,24698.584600000002
423718.172,0
423779.4803,0
423779.85109999997,0
424081.6077,0
424215.4101,0
424376.4491,0
424620.392,8671.831999999995
424649.7329,0
424719.7239,0
425347.4065,0
425365.8541,0
425376.4172,0
425411.5695,0
425434.8219,0
425587.7826,0
425734.56070000003,0
426381.0742,0
426440.2007,0
426640.1889,0
426718.0852,0
426792.98589999997,0
426862.8062,0
427197.4615,0
427270.2633,0
427525.5449,0
427637.1181,0
427757.8347,0
427944.1655,0
428123.604,0
428397.4227,0
428457.2704,0
428478.3628,0
428662.4586,0
428730.8655,0
429167.1643,0
429349.3313,0
429713.9821,0
430304.9612,0
430448.0072,0
430472.4364,0
430477.2626,0
430488.57378,0
430602.414,0
430618.4597,6092.6806000000215
431095.1869,0
431183.6198,0
431482.415,0
431684.5591,0
431720.9782,0
431895.7409,0
431931.8426,0
432108.351,29167.16460000002
432154.3517,0
432343.2373,2646.9652999999817
432456.6542,0
432613.609,0
432613.8725,6547.137900000031
432713.4343,0
432771.2265,0
432837.0518,0
432994.7728,0
433000.6935,0
433141.3831,0
433206.4173,0
433242.9065,0
433285.0696,0
433471.7026,0
433554.8639,0
433760.0311,0
433887.905,0
433896.7205,0
433969.015,591.7821000000113
434107.2812,0
434127.87,17410.76079999999
434149.9556,0
434157.7546,0
434167.0739,0
434199.1398,0
434384.8296,0
434567.39,0
434595.9038,2720.026599999983
434784.7434,0
434877.2044,0
435042.9631,0
435069.6117,0
435377.6047,0
435622.89890000003,0
435791.3195,0
436403.82935,0
436772.9023,0
436823.8772,0
436895.051,1987.4953999999561
436989.1822,0
437247.9623,0
437250.195,0
437523.1971,0
437590.88289999997,0
437807.3468,0
437817.4093,0
437904.3271,0
437908.1247,0
437922.2238,0
438024.7449,0
438160.0733,0
438173.0399,316.22589999996126
438264.814,0
438276.8521,0
438318.1315,4733.657300000021
438456.4157,0
438471.9743,0
438569.7454,0
438709.0286,0
438819.2596,0
438929.2317,0
438950.5025,0
439014.1808,14089.19279999996
439494.736,0
439810.8548,0
439876.7565,0
439879.9064,0
439950.6941,0
440167.80460000003,0
440207.0425,0
440325.6157,1593.907600000035
440361.79099999997,0
440509.2178,0
440690.6,519.2544999999809
440986.3557,0
441070.9145,0
441113.0927,0
441488.692,0
441572.3139,0
441635.6513,0
441662.4039,0
441834.9467,2930.85289999994
442096.0913,0
442320.6233,306.17129999998724
442869.6095,0
443049.155,0
443260.5106,0
443450.487,0
443562.6685,2060.495500000019
443591.0113,0
443597.6766,0
443813.69299999997,0
443916.5858,2098.216599999985
443959.7079,0
443995.5277,0
444193.6351,0
444385.433,0
444507.2337,0
444607.1373,0
444630.0237,0
444744.1306,1661.962899999984
444771.3851,0
444853.0063,0
444919.6973,0
444989.2809,0
445258.871,0
445329.4443,0
445364.0502,0
445447.3619,0
445613.6202,0
445741.9771,0
445928.5947,0
445971.532,0
446177.4407,0
446268.5844,0
446887.0549,0
447106.7056,0
447172.8669,188.71630000002915
447291.7973,0
447593.9587,0
447697.99569999997,0
447781.1908,0
448089.3931,0
448312.4185,0
448515.9561,0
448546.788,0
448618.5315,0
448800.9141,11661.35732499999
449205.9577,0
449356.4462,0
449374.8108,0
449426.8754,0
449636.2141,0
449738.3003,0
449758.039,0
450029.2977,0
450173.1452,0
450274.73829999997,0
450347.219,1777.7657999999938
450414.6549,0
450569.84010000003,0
450601.6655,1461.7715000000317
450825.9468,0
451150.3581,0
451352.1424,6246.449200000032
451352.174,0
451447.8636,0
451847.6486,0
451888.4122,0
451963.222,2161.5031999999774
452070.4699,0
452096.8506,0
452122.3999,0
452139.66256666667,0
452235.84239999996,0
452610.4797,0
452627.8649,0
452703.4311,0
452713.6943,0
452774.3822,0
452875.4765,0
452942.0386,10737.087700000033
453054.8758,0
453113.7341,0
453360.4721,2446.884699999995
453757.6005,0
453830.6447,0
453959.5203,0
454041.3407,2719.7261999999755
454063.1228,230.7092999999877
454131.9108,0
454263.0866,0
454482.4433,4878.736700000009
454482.4678,0
454627.2266,4799.628100000031
454720.5557,0
454883.31700000004,0
454974.6243,0
455112.7956,7308.894299999985
455841.1436,0
455916.7226,0
456211.2291,0
456596.2594,0
456719.5599,955.8532000000123
456775.4483,819.9023000000161
456905.43570000003,0
456939.7711,0
456944.6434,8912.281900000002
457018.2621,0
457035.4177,1742.5790999999736
457067.8871,0
457102.4785,10041.574200000032
457217.1977,0
457249.1226,0
457274.26159999997,0
457444.7789,2781.9035999999614
457960.7489,0
458427.01170000003,0
458552.3753,0
459307.5925,0
459328.7631,10502.704299999983
459584.56070000003,0
459584.7764,3782.3844999999856
460140.042,0
460513.3869,3074.832599999965
460577.3011,4793.969600000011
460686.63670000003,0
460756.913,0
461008.6121,0
461205.1454,0
461428.1349,0
461537.3431,7121.075699999987
461542.7864,0
461631.3931,5480.484599999967
461907.7983,0
462103.3219,4793.445699999982
462478.6712,0
462535.1614,0
462680.3921,1967.6811999999918
463002.475,0
463188.3076,0
463213.9492,3070.3712999999407
463341.3251,0
463431.8053,0
463538.8179,0
463653.3388,9083.077800000028
463706.7008,4935.939400000032
463981.5636,0
464017.1138,2529.016899999988
464034.5071,7594.478999999992
464252.125,0
464755.424,0
464997.45,4541.831799999985
465211.3349,0
465891.1536,0
465958.607,0
465988.4077,3695.9941999999573
466386.1564,0
466400.1481,0
466958.9461,11991.46669999999
467118.2541,0
467359.3417,5567.968499999959
467519.6587,0
467663.8713,0
467699.3227,2658.9994000000297
467849.2056,0
467982.145,8906.01860000001
468217.7109,0
468262.8186,5894.608599999978
468297.4243,0
468401.8054,5027.147600000026
468481.7548,0
468574.1312,0
468603.5704,10819.406100000022
468624.9402,4845.351900000009
468669.33999999997,0
468691.8422,5049.948100000038
468953.8847,6233.342899999989
469434.6435,0
469503.1458,5632.188699999999
469684.6009,8649.583600000013
469689.2026,1935.1221000000369
469772.8151,5210.957300000009
469889.8166,0
470085.3018,1002.4480000000331
470230.1816,11080.840399999986
470303.3768,355.2716000000364
470470.7323,977.4836999999825
470582.5104,12781.742500000051
470743.9212,2453.7190999999875
470744.6412,7304.024600000004
470875.2401,7573.270599999989
470982.5293,0
471075.9215,0
471231.8223,0
472132.788,17864.59950000001
472298.3946,0
472485.0176,3412.2706999999937
472675.84145,0
472713.4696,0
472775.2294,2068.3673999999883
472864.878,0
472982.561,17986.87109999999
473522.0574,18725.179199999955
473775.8651,5866.5865999999805
473826.1207,11518.723000000056
473856.8168,36.02879999997094
473932.2783,0
475041.996,0
475185.03124,0
475226.58770000003,0
475677.0314833333,0
475679.2955,12343.573100000038
475913.1772,0
475922.9364,0
476035.6044,4043.5002000000095
476073.9632,0
476351.4069,0
476410.6846,4589.454199999978
476774.1264,0
477023.539,346.8106999999727
477299.5335,20392.292800000054
477745.3447,2652.8993000000482
477781.6724,0
477890.9314,0
478128.99538,0
478187.8703,0
478286.6172,0
478291.4483,14735.372700000007
478320.0086,14984.924799999979
478325.2914,0
478575.5514,0
478660.1626,1146.648199999996
478674.0402,0
478968.7636,7403.405599999998
478993.5695,13730.59719999996
479049.6147,0
479424.4766,5806.806500000006
479428.2572,0
479676.7283,0
479733.5536,0
479816.793375,0
480187.3754,0
480210.7931,0
480392.5979,19470.402166666638
480465.1654,0
480961.8254,9172.964299999992
480982.0155,12891.977799999993
481091.2844,11483.98060000001
481101.78859999997,0
481787.5749,5029.082900000038
481866.6469,0
481893.5121,0
481976.9804,3490.077500000014
482207.3734,0
482236.9539,0
482416.729,4667.025399999984
482522.0716,7511.660200000042
482652.6202,0
482677.0181,0
482749.0203,0
482826.2166,0
482861.0947,0
482945.3284,10926.787100000016
483080.42220000003,0
483232.842,0
483338.2374,20069.519299999985
483347.15760000004,0
483989.3663666667,0
484080.7963,0
484148.7106,0
484647.464,10324.852199999965
484722.426,3145.675399999949
484769.4099,12947.818600000057
484822.6647,0
485070.405,0
485212.85771666665,0
485283.2747,0
485410.0264,12401.089599999948
485479.1796,10928.127799999958
486081.2596,14201.089399999997
486204.8783,0
486250.7531,0
486296.03119999997,0
486312.8043,12300.337100000004
486529.6634,5792.446400000015
486653.1561,18195.554850000015
486688.2471,6112.5304999999935
486708.2002,9245.047300000035
486885.3415,8049.48179999995
486928.8018,0
487106.13063333335,0
487140.2098,0
487157.5966,0
487160.3342,10898.68829999998
487181.7551,0
487335.9998,0
488063.7366,20536.332600000023
488331.4984,0
488631.6005,0
489073.7567,3277.425900000031
489183.5185,0
489293.2101,486.8967999999877
489328.6627,0
489386.9138,4895.828099999984
489894.3564,7486.607399999979
490124.4774,0
490515.5482,0
491413.2784,0
491634.8703,4215.47139999998
491804.3518,0
491820.9953,0
491894.0717,0
492129.0604,0
492421.8875,0
492472.1425,0
494121.0772,0
494172.315,0
494718.4915,0
494794.9241,0
494954.74586,0
494966.9453,0
494974.4774,0
495153.6916,1305.9418000000296
495423.2064,0
495449.3256,21931.03369999997
495498.8393,0
495552.5894,9065.577899999975
495647.2535,0
495980.0421,7362.476100000029
496258.4673,0
496399.1788,0
496500.908,0
496525.5402,0
496534.79709999997,0
496642.3145,0
496797.8037,0
496881.2951,0
497908.4381,0
498287.2264,0
498508.0705,0
498729.4086,0
498866.14043333335,0
498881.03306,0
499039.0193,0
499314.1688,0
499546.9367,0
499578.2767,0
500023.5347,0
500209.7149,10953.947800000024
500302.6417,0
500378.771,0
500446.8557,0
500537.011,0
500692.8085,0
500854.8723,0
500866.8833,0
500930.1936,7931.0646000000415
501155.0353,0
501943.9803,0
502063.4549,0
502165.30449999997,0
502183.5847,0
502681.6984,0
502723.7214,0
502776.8398,0
502839.385,0
502841.3556,0
503209.8119,0
503505.6922,25304.71259999997
503772.2617,0
503821.433,0
503874.6172,0
503981.6818,4722.611100000038
503997.8439,0
504063.4672,0
504152.74340000004,0
504226.8462,0
504399.3751,0
504557.9509,0
504730.7917,0
504913.7528,0
504987.3044,0
505394.77742,0
505483.4969,0
505625.3522,0
505643.656625,0
505843.7953,5096.262400000007
505914.4853,0
505977.0886,0
506395.8233,0
506450.1907,0
506501.9531,0
506605.7686,0
506657.1555,0
506706.8432,0
507166.3932,0
507399.79084,0
507414.2777,0
507501.106,0
507572.045,0
507604.5248,0
507716.5211,3422.5916000000434
507809.7278,0
508226.2473,910.3568999999552
508512.0113,0
508548.5079,0
508767.88458333333,0
508898.6132,0
508941.0806,0
509096.2917,0
509229.2291,0
509614.8404,0
509780.9275,0
510174.3588,0
510563.7131,0
510621.3321,35807.20869999996
510802.2699,0
510893.4836,0
511409.4423,0
511610.3726,0
512051.1812,0
512192.3283,0
512276.071475,0
512530.3991,0
512803.4686,0
512979.0588,0
513039.1085,0
513165.552,0
513679.6571,0
513815.1135,0
513950.9557,0
514517.9364,0
514722.7995,0
515008.1494,0
515068.7209,0
515175.1297,0
515370.5237,0
515584.1031,0
516023.333,0
516280.7216,0
516346.5112,0
516386.8251,0
516555.618,0
516616.73230000003,0
516833.5693,0
516893.2088,0
517001.34349999996,0
517141.7251,0
517229.8042,0
517246.2939,0
517308.0931,0
517331.1394,0
517433.8055,0
517461.2991,0
517603.3758,0
517605.2976,0
517651.4857,0
517660.1803,0
518032.2097,0
518162.1169,0
518169.1143,0
518376.4434,0
518443.3492,0
518565.0793,0
518626.8084,0
518779.5441,0
518905.3758,1733.0252999999793
518953.857,0
519353.0771,0
519368.1325,0
519541.8192,0
519814.24210000003,0
519865.6135,0
519952.7241,0
520047.2822,0
520184.8308,0
520682.9961,0
520767.8703,0
520971.0956,0
521158.7787,0
521284.3863,0
521291.9436,0
521659.6995,0
521768.4223,0
521931.6773,0
522091.3332,0
522419.7625,0
522459.2646,0
522483.2589,0
522606.2503,0
522611.2092,0
522769.6143,1602.147100000002
522809.6066,0
522852.5279,0
522943.5874,0
523050.0626,0
523092.88494,0
523096.4454,0
523519.1956,0
523611.3833,0
523955.7983,0
524123.9834,0
524224.4245,0
524304.1612,0
524346.3224,0
524571.0093,0
524590.6437,0
524593.4621,0
524926.2722,0
525016.0776,0
525031.906,0
525585.9788,0
525589.0659,0
525710.7575,0
525766.0457,0
525832.2471,0
525944.936,0
526160.4256,0
526465.7618,0
526471.6158,0
526910.0778,0
526925.2231000001,0
527019.8465,0
527081.7661,0
527135.0238,0
527139.2985,0
527168.8944,0
527252.4814,0
527492.1033,0
527541.0485,0
527637.3171,0
527646.1368,0
527840.2817,1787.9358000000939
527870.5872,0
527873.3004,0
527970.2966,0
528583.0382,0
528875.0154,1701.9115999999922
528890.8721,0
529004.4316,0
529064.8153,0
529370.2973,0
529395.1774,0
529469.5396,0
529529.7040666667,0
529537.2799,0
529688.7265,0
529700.1077,0
529800.7236,0
530026.6248,0
530240.4375,0
530303.8635,0
530368.5535,0
530404.6599,0
530514.6308,0
530524.7435,0
530550.2863,0
530865.3549,0
530994.748,4581.570599999977
531009.0896,0
531020.9089,0
531032.0638,0
531053.6943,0
531311.697,0
531523.5249,0
531539.6444,0
531753.4157,0
531948.149,0
532084.3645,0
532095.0113,0
532561.5607,0
532568.4319,0
532887.0103,0
533272.4294,0
533347.4931,0
533560.7152,0
533620.7597,0
533623.567,0
533829.4806,0
533954.3983,0
534201.0296,0
534319.9239,0
534339.6338,0
534549.5787,0
534578.0419000001,0
534860.4588,0
535010.2842999999,0
535109.4698,0
535139.2412,0
535303.6406,0
535482.9206,0
535616.4139,0
535759.1297,0
535832.9577,6730.529900000081
535867.8527,0
535902.7047,0
535947.8299,0
535998.6245,0
536007.1463,0
536146.2702,0
536654.3221,0
536690.9699,0
536793.1826,0
536840.2156,0
536928.963,0
537139.6024,0
537416.0169,6911.983020000043
537495.309,0
537752.1715,4327.267700000084
537802.8787,0
537972.3216,0
538145.557,0
538301.3832,0
538777.159,1418.6269999999786
539150.2274,0
539391.1063,0
539518.9853000001,0
539598.828,0
539606.9394,0
539640.6877,0
539707.3007,0
539772.72,0
539787.6803,0
539818.821,0
539843.6299,0
539844.015,12669.984924999997
540030.9889,0
540138.0782,0
540317.7036,1003.2870999999577
540367.52,0
540392.819,3383.675200000056
540543.8213,0
540741.0168,0
540755.3292,0
540787.5949,0
540841.6529,0
540847.4816,4189.72780000011
540884.9604,0
540948.1746,0
541314.1167,0
541524.3217,0
541805.3115,0
542001.7004,0
542108.1388,0
542135.9277,0
542195.6406,0
542229.2176,0
543651.3912,211.6768999999622
544068.9512,692.5513999999966
544086.1416,0
544212.3655,0
544875.5455,8265.030400000047
544896.6911,0
544921.3419,0
545057.0201,0
545203.1562,608.2824999999721
545335.6342,0
545416.5027,5664.03469999996
545920.2498,0
547053.1402,821.3335000000661
547260.7937,0
547297.947,0
547594.6489,0
548010.1772,7269.949600000051
548019.6406,0
548113.6156,0
548257.4033,0
548910.1781,0
548958.4208,0
548971.7631,0
549136.5941,11935.533599999966
549163.0289,7076.758600000059
549413.2904,5299.402500000084
549415.0033,0
549481.053,0
549529.2354,0
549611.9293,4449.617199999979
549688.9952,6039.875400000019
549700.6603,1939.5398000000278
549864.7414,853.8343000001041
549963.5467,14687.257799999905
549982.9176,0
550136.3293,0
550268.5748000001,0
550379.4013,0
550547.465,0
550565.4698,0
550608.2725,0
550795.1642,0
550942.1929,8134.740300000063
551060.8724,390.9449999999488
551125.1683,0
551134.1372,0
551236.9755,0
551326.2998,0
551347.5091,0
551878.4651,0
552223.7923,0
552237.9068,7167.213299999945
552342.0383,10070.807299999986
552411.2417,0
552667.3916,0
553047.795,0
553315.0085,662.9653000000399
553393.3648,10186.124199999962
553437.1263,8042.589999999967
553963.6462,12966.782000000007
554034.1083,767.0521999999182
554609.3529,0
554907.0268999999,0
555045.4159,2914.5456000000704
555304.6863,3234.2829999999376
555318.0102,1233.1162999999942
555520.4169,0
555710.0177,0
555727.9371,1983.6639999999898
555753.1111,5411.114699999918
555784.7325,3376.0090000000782
555849.3359,5536.409199999995
556038.8315,0
556205.3451,2314.5624000000535
556657.7795,0
556876.718,3051.167999999947
556925.6116,0
557026.6988,13178.65373333334
557134.247,0
557228.855,213.24739999999292
557289.1977,11345.50800000003
557298.2338,5712.898200000054
557782.8201,0
557950.0409,13903.517300000065
558060.0852,12137.257699999958
558112.5535,5819.901500000036
558188.6354,0
558383.6026,0
558456.7003,0
558472.0913,14122.387499999953
558551.7106,5582.041800000006
558800.322,5786.5336000000825
558957.9265000001,0
558961.8245,0
559304.6375,0
559436.3658,7812.4804
559482.7398,15965.260166666587
559938.4587,1938.135399999912
560095.8274,14206.18069999991
560373.4463,13898.854799999972
560802.7552,15117.321800000034
560907.4999,1370.1332000000402
560920.0353,15091.60990000004
561063.1993,9913.6777
561077.1813,0
561686.9608,973.0392500000307
561859.4504,0
562138.3796,6746.4847999999765
562254.1962,5009.886700000032
562293.5665,10745.536699999939
562350.5619,10245.725399999996
562453.3723,781.1703666667454
562556.8475,1100.6739000000525
562976.1292,14886.170500000007
563192.3036,0
563328.928,3901.110599999898
563454.5708,7427.878099999973
563703.004,2817.966299999971
564200.5514,0
564267.8210666666,0
564594.3736,0
564682.0774,13846.715800000005
565179.5217,0
565550.5586,503.20120000001043
565827.3081,0
565994.6551,8001.523399999947
566067.6694,738.3194000000367
566327.9128,12602.051900000079
566542.7563,1237.8079999999609
566934.7448,8711.254199999967
566980.1556,899.6268000000855
567106.5672,0
567220.3413,10757.981199999922
567333.2042,0
567428.0167,11283.50800000003
567883.8286,19035.63690000004
568204.7249,887.4314000000013
568222.2712,11317.854300000006
568277.2637,0
568552.992,6130.000699999975
568926.5178,9783.938500000047
569070.2535,3892.521300000022
569255.4032,8656.743299999973
569554.245,10897.738099999959
570234.6989,0
570641.8948,0
570700.8227,15068.829900000012
570808.4012,0
570880.5345,0
571093.1017,2970.7090000000317
571358.0069,0
571517.9111,13411.72609999997
571610.4235,13672.767500000075
572038.5958,0
572590.9098,12924.636500000022
572592.1232,2976.8353999999817
572686.3188,0
572716.4691,9149.517899999977
572880.2914,144.97919999994338
573259.0864,7402.156799999997
573550.3298,0
573651.2714,0
574104.8428,0
574609.7774,0
575159.467,0
575313.842,0
575716.3834,14391.421100000036
575947.7296,0
576320.2258,5345.010099999956
576372.152,20912.09349999996
576374.3356,2012.2093999999342
576382.4092,10248.172099999967
576845.2638,0
576877.7903,0
576981.2014,0
577088.7504,0
577389.4031,8622.21829999995
577502.4083,9251.721099999966
577670.8261,13041.004199999967
577694.3428,25762.910900000017
577894.9293,0
577908.0442,8340.014399999985
578017.3739,4940.502300000051
578060.5237,0
578129.1428,0
578136.13,255.33739999996033
578368.0313,2130.754799999995
578484.492,0
578522.8957,0
578547.7535999999,0
578603.755,0
578972.4027,7360.209999999963
578980.9628,0
578985.4899,0
579082.8366,3182.135200000019
579203.3642,352.0744999999879
579398.5024,0
579459.2506,20470.627399999998
579709.1262,230.38790000008885
580239.7301,698.1207000000868
580257.5458,19319.85149999999
580464.8108,28335.015999999945
580661.1096,1651.2433999999193
580727.7182,20853.83759999997
580741.49218,0
580809.76,0
580954.378675,0
581070.7655,0
581274.30695,0
581674.3535,12388.23589999997
581926.9477,0
581944.6769,3169.8763000000035
582428.5245,115.97140000003856
582705.4506,0
582729.7851,0
582959.0895,0
583178.0035,0
583212.1206,3084.3423000000184
583240.3008,0
583306.531,9670.229599999962
583447.3285,14445.562799999956
583603.1025,3089.879799999995
583680.3707,0
584072.3408,3194.955399999977
584088.8521,24157.26620000007
584189.0472,0
584190.8399,0
585216.8262,19408.184400000027
585492.3613,0
585603.5883,0
585692.7509,0
585940.1205,0
586051.4445,7386.89320000005
586079.0842,0
586496.54,21628.083600000013
586547.982,17948.06549999991
586680.8387,19789.79079999996
586807.7238,416.8125
586814.3408,0
586968.7434,0
587142.3716,0
587171.77,0
587526.5251,0
587639.6763,0
587738.6308,0
587908.146,17131.1865999999
588108.8247,0
588183.4867,2877.550799999968
588435.6492,11843.28999999992
588487.2946,346.7186999999685
588759.2582,1632.6912000000011
588862.5858,0
588995.0162,5038.825199999963
589103.3383,0
589238.7259,6648.133299999987
589257.6752,0
589483.86,0
589622.8704,0
589761.4539,0
589803.0833,850.8019000000786
590179.5922,2124.375
590818.6143,9674.947799999965
590982.9386,0
591095.7675,5470.445899999933
591257.8493,0
591332.3193,0
591392.7581,1591.7251999999862
591495.803,0
591633.446,6024.5309000000125
591650.3501,14497.253200000036
591702.8646,0
591918.1006,0
592087.0132,2507.8379000000423
592096.3105,0
592308.0402,0
592392.5647,0
592542.2418,0
592794.579,3738.9766999999993
592864.7593,0
592901.5046,0
593046.8035,0
593197.9322,0
593227.7961,0
593242.1732,1369.6512999999104
593317.423,0
593366.4978,0
593392.9458,0
593412.288,0
593468.8399,0
593520.9062,0
593536.7199,0
593668.866,28118.90399999998
593675.9241,0
594124.4977,0
594511.8084,9529.00709999993
594697.0642,22563.195200000075
594744.2313,26936.282099999953
595056.0323,0
595599.1383,0
595605.7579,1073.1959999999963
595726.705,0
595801.1708,0
595877.6467,0
595990.305,0
596275.5556,0
596931.9077,958.9344999999739
597046.6757,0
597156.884,910.3072999999858
597271.1401,20280.126699999906
597287.0767,0
597546.3108,1290.7421999999788
597612.4813,15861.83369999996
597696.7723,0
597832.48,0
598040.7287,0
598508.2722,0
598981.440225,0
599025.3568,0
599185.008,0
599391.4819,0
599820.6936,0
599959.3298,0
600061.4402,0
600067.4077,4594.150000000023
600222.8247,5539.509199999971
600425.5806,5695.809699999983
600686.2405,2017.0047999999952
600737.6285,0
600763.0814,0
601008.3998,0
601048.7587,0
601363.4104,0
601460.6662,0
601475.7529,0
601614.4479,0
601726.8173,0
601767.5305,0
602058.148,0
602118.2237,0
602201.6510833333,0
602365.7278,5301.746500000008
602706.43,1891.8846000001067
602859.2982,5993.350999999908
603066.6299,0
603338.331,7175.341999999946
603429.7887,3251.2569000000367
603723.9821,0
603786.066,3978.334099999978
603964.0345,0
604579.1564,0
604672.6021,0
604767.6695,0
605037.1599,0
605478.3249,3586.4148000000278
605494.4747,3226.028500000015
605555.1411,0
605573.2836,0
605703.6614,3988.409400000004
605836.8114,0
605899.0893999999,0
606032.1526,4707.4374000000535
606059.0852,0
606171.9839,292.2025999999605
606191.5368,9310.248099999968
606426.852,8997.590399999986
606475.0503,24253.249500000034
606501.9667,20015.31050000002
606523.5955,1001.9134000000777
607097.452,0
607175.8971,0
607255.2059,0
607445.0305,0
607507.1332,0
607632.4368,0
608132.9624,2811.8892999999225
608386.0787,0
609397.4265,2585.749899999937
609409.2916,0
609539.3778,0
609605.2594,6425.670099999988
609632.4843,0
609906.6442,0
609996.2735,0
610022.3898,0
610473.871,3997.841000000015
610518.6454,0
610628.9047,0
610776.7116,0
610790.2055,0
610801.6944,3036.7431000000797
610924.5279,0
611129.6479,0
611154.5741,331.36639999994077
611346.1748,3112.363699999987
611467.9552,0
611516.9622,0
611659.2883,5249.611799999955
611796.5675,0
611821.8586,0
611864.9711,0
611869.1095,30.99380000005476
611869.6907,0
611923.9252,7775.059760000091
612050.1595,0
612053.7882,0
612376.7186,5342.597300000023
612401.6136,5527.152000000002
612720.1494,32313.440300000017
612899.3654,2258.195466666715
612910.0514,4516.728200000012
612948.1115,3884.412699999986
613000.4664,7879.817299999995
613497.9535,1393.7837999999756
613507.6545,0
613644.5891,0
613821.6288,0
613977.8516,0
614039.6748,5190.817400000058
614094.5069,0
614299.6662,0
614378.9769,0
614713.7681,10297.005400000024
614966.0509,0
615030.5231999999,0
615214.5049,0
615383.7207,0
615495.9487,1114.7419999999693
616328.7094,0
616477.3319,0
616544.9479,0
616548.0494,0
616633.8284,0
616696.7232,0
616779.3364,8796.53170000005
616941.7679,10529.751700000023
616991.0105,4006.514899999951
617563.8976,219.7158000000054
617758.9055,0
617812.3172,2018.252600000007
617840.176,20088.14260000002
618066.6824,0
618261.2731,0
618390.8362,6942.334499999997
618544.2429,8430.342866666615
618630.7871,6244.453999999911
618886.956,0
618931.1772,0
619216.2626,0
619399.5252,3239.3483000000706
619525.322,8536.66240000003
619613.0606,0
619667.8822,18908.733200000017
619850.8234,705.6313999999547
620006.9407,33544.681300000055
620455.0736,0
620526.8645,84.24340000003576
620731.1663,29147.247100000037
621354.2817,11790.876600000076
621488.0746,8393.718800000031
621500.18,4318.412899999996
621622.7062,0
621633.8277,1560.4960999999894
621655.9757,0
621700.6462,0
621908.1359,480.217799999984
622326.0081,0
622356.9054,3692.3101000000024
622378.5473,0
622382.4679,0
622451.3159,0
622514.7143999999,0
622554.6885,2023.9942000000738
623476.8553,0
623600.2854,0
623766.2251,12303.15140000009
623769.806,11894.194049999933
623789.0648,2614.8680000000168
623928.7479,6940.1714999999385
624162.5521,1009.9749000000302
624338.5855,468.35590000008233
624459.0284,941.0815999999177
624484.2077,365.6926000000676
624567.7364,7805.823700000066
624682.3333,4823.535300000105
624834.6036,991.829400000046
624909.7313,1391.6135999999242
625600.6229,845.9549999999581
625772.37056,0
626030.559,0
626284.3433,8065.343399999896
626316.8941,0
626642.0569,3613.0849999999627
626665.3965,0
626698.2652,10029.66280000005
626876.9811,0
627019.1879,7437.011399999959
627096.5593,4587.48060000001
627178.7487,4644.492199999979
627451.4996,1985.4586000000127
627463.2011,0
627617.167,2526.4322000000393
627764.3981,8564.744599999976
627783.1947,0
628142.3831,0
628465.5467,11989.274299999932
628571.3082,0
628756.2243,3594.4046999999555
628871.056,0
628878.1883,2684.7777000000933
628908.2518,3525.2287999999244
628948.8529,0
628950.1094,0
629486.7631,6670.054000000004
629653.7486,9300.919400000013
629922.1739,9394.652200000011
630185.9117,0
630635.818,4794.6718999999575
630708.2908,0
631087.71,9342.906100000022
631088.4684,19177.889000000083
631098.766,11837.809199999901
631130.3051,5037.424200000009
631399.9452,8394.918399999966
631435.2572,0
631439.8162,5202.021900000051
631441.624,5477.3597999999765
631568.8215,5682.739199999953
631609.7607,13926.826699999976
631688.0162,6157.245799999917
631916.2026,0
632150.845,3410.2926000000443
632151.4126,7594.2815999999875
632374.5089,0
632675.91,3611.1998000000603
632696.628,12309.092300000018
632894.9912,6515.154500000062
633071.5861,6753.057999999961
633126.3288,4006.182999999961
633159.8864,4233.763099999982
633738.4784,9039.034600000014
634705.0453,4206.044200000004
634847.6593,12765.991400000057
634892.6175,0
634923.5296,0
635253.9006,18244.019000000088
635456.0858,3783.93200000003
635585.6335,4845.706200000015
635781.8611,0
636098.3167,9715.856700000004
636114.3765,5933.777899999986
636207.8261,0
636343.2264,4884.030299999984
636392.5696,3815.972700000042
637196.5173,0
637797.4122,5320.392600000021
637905.1411,8978.120100000058
638253.2611,6827.172099999967
638270.0235,10208.895600000047
638458.9566,13619.739133333322
638469.9284,5432.519899999956
638612.1352,13784.661900000065
638681.0608,12261.9142
638727.1232,3762.5415000000503
638847.9507,0
639048.1977,4816.234300000011
639482.5742,0
639632.1027,15725.653500000015
639899.0128,6705.292800000054
640321.5322,8509.50569999998
640380.574,6154.349300000002
640407.8608,0
640658.1858,0
641004.6766,6107.665799999959
641080.3723,5713.849300000002
641191.8875,8235.522999999928
641216.0751,5487.805599999963
641568.6992,9855.625899999985
641722.735,5928.599300000002
641727.3207,9197.612700000056
642186.1881,9251.456200000015
642246.0046,8453.140599999926
642345.7857,0
642390.4066,6391.83349999995
642506.7733,0
643022.5735,9951.601500000106
643064.0498,7118.380500000087
643065.2894,0
643463.4985,0
643469.8457,16929.643299999996
643846.4840333334,0
643905.7756,24980.03780000005
643987.0859,19569.979099999997
644045.0471,13739.566899999976
644190.673,6404.868299999973
644275.7913,10366.056300000055
644552.7345,8279.027699999977
644641.2901,18931.03489999997
644655.3977,7769.658599999966
644772.4159,12909.599400000065
644964.269,15219.397699999972
645227.3222,0
645228.1879,13296.122399999993
645586.6339,10703.168399999966
645841.0084,16184.126600000076
646105.4945,7418.217600000091
646980.5715,5647.646749999956
647782.1221,0
647924.6052,7517.254899999942
647984.9647,4739.3434000000125
648225.626,9572.204500000109
648427.8648,22095.99219999998
648702.5443,20569.88639999996
648814.9002,0
648825.3566,15004.313400000101
648891.7603,24546.967999999993
649308.5648,13101.395100000082
649516.8679,30414.569699999993
649717.4897,11428.786599999992
649744.7468,4303.133099999977
649991.0161,0
650010.3508,21192.42590000003
650120.3593,9566.816100000055
650124.231,20566.0784
650492.9511,21208.740799999912
650535.2853,16776.30799999996
650583.7056,14659.854399999953
650652.4295,17319.57050000003
650983.5718,10889.580200000084
651090.0447,9171.115999999922
651188.792,6165.063240000047
651481.4859,7422.581200000015
651530.058,6069.6695999999065
651854.8430999999,0
651945.1491,20058.207900000038
651991.3118,13048.213100000052
652049.7675,16398.461099999957
652147.6991,15333.912499999977
652318.5611,13693.943200000096
652451.2002,13599.729300000006
652764.8785,17251.71219999995
652997.0488,19819.96100000001
653045.8052,6072.884399999981
653293.8275,4717.738600000041
653766.2956,4986.13619999995
653866.2785,4839.6258999999845
653940.9728,5641.848600000027
654010.6946,3449.184499999974
654059.6144,17800.740899999975
654386.8357,7745.525600000052
654963.079,9871.593600000022
655226.3516,5775.863000000012
655454.0961,4844.927849999978
655537.0002,9541.704000000027
655555.2148,11458.549499999965
656240.7536,12579.138800000073
656414.9127,4958.837199999951
656447.5055,17191.0662
656545.1354,3604.6216000000713
656729.3458,0
656773.7454,22765.351200000034
657121.737,4951.958199999994
657288.9303,6149.761999999988
657303.8246,5851.546100000036
657456.0258,11661.700199999963
657601.7692,6451.237399999984
657772.766,30567.911599999992
657929.0324,4907.159199999995
657981.0175,4193.463400000008
658280.2726,0
658377.1279,7832.494100000011
658768.1825,0
659199.5794,20474.82209999999
659238.9396,2023.5889000000898
659240.2591,3749.4507166666444
659468.1554,12569.560500000021
659559.2656,3283.5228999999817
660557.6873,24479.526100000017
660636.5101,0
660759.4025,12919.177000000025
661473.5859,3436.0808999999426
661737.1924,7541.439400000032
661809.7063,11527.783199999947
661956.9516,0
662012.4705,0
662091.6803,0
662112.1603,25090.38029999996
662133.4184,0
662160.0397,10667.861999999965
662401.9701,0
662594.4503,17712.944800000056
663051.1625,0
663188.5234,12897.572899999912
663294.5863,8466.625
663952.5934,27881.26620000007
664009.3617,15787.366600000067
664101.5428,2771.3211000000592
664462.2028,7725.321799999918
664709.9396,4825.918900000048
664776.9289,11973.020200000028
664987.606,24796.090800000005
665068.2017,0
665207.103,0
665277.4191,22013.833900000085
665365.8196,8944.325300000026
665754.9729,12224.37950000004
665867.253,26593.163100000005
665868.3375,2370.810300000012
666739.1735,3044.5273000000743
666793.1198,8964.205199999968
667185.6026,17612.088499999954
667301.5258,11787.998199999915
667669.4628,6031.53727500001
667773.5626,5314.785299999989
667952.0145,0
667962.7932,0
668205.0341,4477.80540000007
668536.4225,0
668885.0203,4946.903199999942
669386.5733,23698.811400000006
669408.4519,3793.759399999981
669436.4707,2390.6075999999885
669613.7649,8273.166499999934
669673.8137,5945.346700000111
669777.7695,16968.62360000005
669894.1073,19245.23720000009
670097.07425,0
670468.0741,31746.040500000003
670559.4136,6151.40419999999
670668.5977,11861.906000000075
670772.7537,0
670888.2858,5503.9510999999475
670895.3463,1487.9804000000004
670962.31,0
671041.2079,0
671073.9518,0
671543.5796,11145.823800000013
671691.742,19289.42499999993
671737.7567,6325.4239000000525
671881.2718,6795.77919999999
672042.9608,37660.61210000003
672068.1968,5011.632700000075
672182.5505,2669.8645999999717
672410.8577,10209.611800000072
672450.9299999999,0
672584.7055,29048.0732000001
672655.4895,11635.080799999996
672959.2092,1393.0405000000028
672983.1818,8105.359200000064
673118.565,0
673177.9835,9051.066200000001
673243.3968,4786.26820000005
673447.9118,13516.481099999975
673500.9658,0
673576.2366,27476.18889999995
674139.5836,3060.665900000022
674148.8922,115.80500000005122
674499.8843,21856.683700000052
674512.1954,16999.10469999991
674875.8859,0
674896.6957,3410.2604000000283
675016.3902,0
675039.3082,0
675375.9924,1145.9581000000471
675601.4961999999,0
675776.8499,0
675860.4001,3736.3328200000105
675957.6858,0
676129.0888,9197.251999999979
676159.9673,25510.68610000005
676383.3478999999,0
676384.9219,13659.770399999921
676442.7141,8821.546100000036
676563.5628,0
676698.4997,10167.303000000073
676901.5226,28477.18400000001
676944.6804,23983.737199999974
676966.3723,0
677062.4938,0
677225.6555,8875.63089999999
677261.1768,2192.5141000000294
677326.53,12928.339700000011
677326.9962,2783.0074666667497
677565.4208,0
677654.4869,2351.5437000000384
677655.2478,1098.903799999971
678081.0373,0
678085.2424,27392.731700000004
678108.7439,0
678290.8605,0
678449.8781,0
678483.9443,25882.105499999947
678493.9148,7966.7031000000425
679032.4898,0
679079.4028,0
679110.0034,405.6122000000905
679553.0994,0
680094.0108,1840.7430000000168
680263.4722,13896.297799999942
680416.7764,333.9109999999637
680479.5409,0
680542.8892,794.5473999999231
680888.3302,23385.78879999998
680959.8950833334,0
680982.5733,3172.3270000000484
681152.5286,3035.5962999999756
681364.8258,5351.535499999998
681464.8492,2266.4082000000635
681617.4356,43897.64999999991
681643.9092999999,0
681903.1306,0
681948.9,2352.7177000000374
682133.5326,20781.827099999995
682402.6842,3815.4681000000564
682454.7364,0
682505.2089,5134.799099999946
682702.6301,1743.6343999999808
682755.2299,358.72200000006706
682798.8889,667.4409999999916
683171.8197,6115.4533999999985
683211.886,1182.32910000009
683270.5226,3047.2627000000793
683393.0859,2876.5168999999296
683526.0326,0
683878.2498,4921.044099999941
683991.6451,0
684045.1561,0
684369.1391,9847.472999999998
684415.2609,0
684499.8192,0
684924.3074,5534.7598
685001.7197,0
685108.5586,10.225299999932759
685272.9384,0
685579.39035,0
685883.9026,0
686038.0599,4739.190700000036
686162.0634,0
686223.5618,6236.598200000008
686385.8894,26982.110675000004
686405.5216,3983.873200000031
686562.6809,10317.227599999984
686604.7264,16528.410900000017
686614.8003,11896.700199999963
686648.8906,17778.304600000032
686764.1675,435.8428999999305
686875.037,20492.38730000006
687067.8718,9346.842124999966
687076.0142,0
687092.1633,0
687240.5205,0
687324.5293,0
687658.4546,1776.3940000000875
687669.8868,6662.320199999958
688057.4464,0
688876.1972,541.8148999999976
688905.0654,28238.84169999999
689030.8491,18403.943500000052
689043.2875,3889.971799999941
689097.3951,1596.7646999999415
689118.3294,18643.019200000097
689127.7765,0
689431.9502,7416.293399999966
689478.7982,72.27389999991283
689679.3423,290.94469999999274
689837.3576,0
689947.759,0
690181.1322,28612.164800000028
690188.5631,17721.35930000001
690389.3608,0
690487.9329,0
690849.6219,0
690918.5004,417.20550000004005
691034.2772,5241.049800000037
691131.4366,1495.0014000000665
691196.7973,0
691244.2748,0
691314.3998,9163.622700000065
691393.5026,2858.800200000056
691608.4731,0
691661.9952,7644.218100000056
691732.1196,0
692643.3826,930.4122999999672
692846.6489,1244.9183666666504
692930.5568,7351.638500000001
692954.4662,8077.045400000061
693168.1926,1566.4941999999573
693430.6601,0
693461.4643,5375.585800000001
693779.1265,1516.0731000000378
693802.7999,15526.360140000004
693809.8448,2178.936699999962
694746.5999,960.6199999999953
695248.5246,2901.7136000000173
695652.8856,6392.233500000089
695690.844,19822.693500000052
695745.0539,10127.658133333432
695840.0064,8298.006499999901
695852.308,3550.281699999934
695905.6444,2551.755600000033
696003.5126,0
696278.7471,3370.246000000043
696291.21,10163.498699999996
696539.0861,4556.005899999989
696546.9063,2268.0605000000214
696618.715,7668.440999999992
696874.2148,0
697086.9671,0
697159.276,16535.531899999944
697235.2744,11566.540999999968
697253.3094,4238.873200000031
697576.5613,5296.248099999968
697589.1392,0
697738.688,7710.976099999971
697942.1668,2963.008999999962
698256.1974,3280.7039999999106
698319.0881,2928.0116000000853
698885.0174,4011.1881000000285
698937.8558,6799.342399999965
699123.4958,20551.32480000006
699328.1751,17068.891500000027
699408.0557,0
699464.1104,9877.522899999982
699649.0354,16333.369850000017
699701.9219,0
700354.528,7245.0804000000935
700386.8449,7551.721060000011
700591.6843,0
700729.752,0
701190.6882,5386.650599999935
701203.436,0
701254.499,3895.7261999999173
701265.3412,11564.08990000002
701334.1354,7087.116500000004
701620.0101,4206.799499999965
701621.8815,0
701808.3585,0
702186.2665,0
702386.0188,7004.0627000000095
702529.7662,2461.2544999999227
702583.4018,7065.076000000001
702740.7266,6079.827600000077
702969.1264,0
703028.434,5809.760200000019
703355.5936,5392.212000000058
703430.8848,10009.609199999948
704043.4709,5711.812099999981
704047.7884,6388.693899999955
704074.6416,11754.159400000004
704083.6739,11988.066900000093
704103.6836,4054.577399999951
704447.295,3928.627000000095
704481.5546,0
704651.6495,11579.860500000068
704731.881,13154.247900000075
704811.1203,8772.92339999997
705037.7052,0
705258.8386,15733.731400000048
705311.8374,0
705595.8661,10302.557199999923
705745.2867,0
705760.4989,6168.585199999972
705866.296,16046.65969999996
705867.7508,6139.820799999987
706728.9615,5782.171399999992
706996.073,6318.469999999972
707037.4034,8039.2402
707262.3311,9293.003399999929
707395.8556,12560.79330000002
707459.8834666667,0
707644.6111,16285.4142
707671.7206,4841.155999999959
707692.8791,16976.27529999998
707974.181,0
708225.1975,15170.228200000012
708480.6818,16465.802600000054
708524.3982,15199.298200000077
708529.0983,1310.6650999999838
708737.2833,0
708775.8592,2251.6560999999056
708776.8744,14758.68909999996
709205.9535,8079.649600000004
709241.7961,8081.2353000000585
709319.1517,7087.01370000001
709411.5337,4544.796300000045
709438.9882,2502.9583000000566
709474.9574,7560.11819999991
709793.7149,14553.241900000023
709795.8157,14122.031799999997
710008.7136,2300.8423000000184
710183.133,0
710183.1448,7154.862599999993
710406.2564,2054.963699999964
710585.7413,10904.517400000012
710617.7225,6229.785400000052
710618.8827,0
710689.6634,14519.474500000011
710816.6316,15459.102100000018
711159.1715,11704.00840000005
711169.8979,7124.627199999988
711707.6614,0
712058.3035,10103.907000000007
712072.2178,9058.33369999996
712214.5275,0
712469.8596,6475.07349999994
712807.9607,0
713019.799,3431.597300000023
713950.7795,0
713987.9914,10235.719900000026
714173.2358,11322.101400000043
714486.8284,5287.087900000042
714710.606,17899.19929999998
714855.7069,11447.159299999941
714900.1274,6439.053799999994
715008.1512,6161.145099999965
715101.9768,9220.763599999947
715667.014,7027.6402000000235
715893.9942,0
716180.3577,8567.029100000043
716320.3836,7405.555199999944
716390.4854,10371.263299999991
716576.8314,7270.6414000000805
716610.4184,4764.696400000015
717070.0379,0
717173.7796,0
717295.2944,25751.13930000004
717341.9941,13358.265800000052
717468.9194,7947.207300000009
717513.9511,0
717843.7807,9397.15280000004
718182.3228,18377.460849999916
718195.1515,5308.731700000004
718366.5486,4932.774499999941
718988.3294,0
719059.4873,7091.885100000072
719348.066,11592.874700000044
719565.4467,17497.913699999917
719567.0858,0
720296.8138,8937.825799999991
720401.1807,0
720487.6495,5485.162200000021
720827.6342,10399.650699999998
720949.2455,17774.063599999994
721329.3281,13629.925200000056
721414.1304,18806.68319999997
721626.161,5426.552899999893
721889.833,12036.87910000002
722155.8824,21024.89870000002
722272.8907,13306.09739999997
722746.6671,13113.376699999906
722747.6319,0
723740.007,0
723950.6051,14030.928000000073
724148.5891,12288.571800000034
724202.5489,6601.467000000062
724446.4374,8998.814300000085
724475.1592,7377.337500000023
724509.1958,1715.12639999995
724640.6915,8280.343200000003
724648.1479,12259.37619999994
724822.3744,6648.216000000015
725035.0248,0
725232.5174,7865.303300000029
725233.3754,16705.755200000014
725408.7089,15804.654499999946
725704.2316,8763.678500000038
725877.1083,0
725935.8315,16855.2794
726095.0916,17097.802600000054
726217.0076,0
726398.582,6616.688000000082
726726.0012,9401.108600000036
726840.513,0
727410.7083,9227.624400000088
727503.5385,24718.753200000036
727791.9849,0
727995.2824,11090.963199999998
728150.8648,0
728391.7132,16032.449999999953
728410.5497,10023.351000000024
728488.2951,20086.45730000001
728799.5425,9864.243400000036
729403.812,0
729859.2804,17687.283000000054
729860.3467,23004.076100000064
730382.3591,8135.7345000000205
730534.0256,20519.945600000094
730672.0766,16999.166800000006
730738.4084,14230.996599999955
730791.4356,8870.958199999994
731472.0905,9048.804600000032
731473.2787,13591.697800000082
731591.0462,13710.983000000007
731657.5562,12719.222700000042
731739.1513,10492.556300000055
731944.0533,0
732327.9405,22471.021000000066
732618.973,15770.821699999971
732765.0448,0
732876.998,14159.712500000023
732899.0255,19481.645200000028
733085.4155,10881.213300000061
733211.1032,10883.745300000068
733248.9774,0
733408.4702,6278.0481000000145
733464.1649,23321.95530000003
733488.8253,9668.942200000049
733761.405,9852.647200000007
733836.5142,12053.232599999988
733898.6897,9565.844799999963
734045.3933,8266.159300000058
734885.4413,7973.381699999911
734968.5814,16831.252600000007
734980.8115,11939.928799999994
735062.863,7974.568800000008
735110.0717,0
735123.4379,18308.373699999996
735196.4373999999,0
735235.0324,9546.42670000007
735261.2056,8493.535299999989
735374.71732,0
735746.2339,23020.983499999973
736034.6167,8511.16080000007
736200.8907,15280.75549999997
736311.4251,17504.877399999998
736663.1194,22907.989300000016
736754.5615,6201.698399999994
736841.9647,17769.66650000005
736898.4002,9908.490900000092
737116.11,9533.71490000002
737444.8411,17460.22450000001
737766.6692,15329.34699999995
738105.3834,0
738115.167,15789.399399999995
738126.3883,0
738210.4201,20908.214500000002
738768.7532,18351.472300000023
738816.38,10434.157400000026
738911.7099,21492.848699999973
738971.8193,18225.52159999998
738995.7697,25524.733699999982
739147.0321,10819.478999999934
739790.5074,18291.587900000042
739866.2194,6594.050599999959
739942.5324,11696.647800000035
740475.5875,16246.339600000065
740530.729,16774.01090000011
741092.8818,0
741143.8032,0
741202.3829,8722.121199999936
741216.6551,9858.381199999945
741292.7361,8248.054400000023
741424.1473,6669.602774999919
741488.6892,17365.099999999977
742048.0221,8053.479899999918
742165.1054,20459.473899999983
742217.6688,7882.166439999943
742514.5411,7263.522899999982
742616.0117,8386.67220000003
742697.2936,11403.46490000002
743592.9845,15496.191100000055
743601.8886,8525.977799999993
743655.9154,0
743800.8101,5279.8440999999875
744165.1337,17010.593100000056
744514.7602,16951.419800000032
744527.598,15849.240299999947
744674.1096,6740.057399999932
744776.0681,0
744965.8191,0
745091.8895,16441.692400000058
745390.2537,11446.33600000001
745561.312,7321.125100000063
745586.7525,12143.36249999993
745651.3576,19068.402899999986
745677.4529,11342.518800000078
745982.4853,15489.275399999926
746119.1566,6485.22649999999
746224.5032,7656.943900000071
746726.5055,5333.162899999996
746870.9315,8523.98769999994
747050.3194,9152.221400000039
747085.5875,6799.232799999998
747358.9306,5582.430799999973
747596.7768999999,0
747628.5687,0
747786.7605,0
747954.6888,10966.912499999977
748196.7278,7975.46510000003
748471.5636,0
748741.032,0
748888.0448,7159.640400000033
748903.9534,11352.575500000035
748978.4051,16929.817700000014
749101.7008,0
749154.2311,18725.48019999999
749161.7012,13176.342700000037
749554.5238,14124.887999999919
749852.8135,10696.41830000002
749946.1293,7740.496000000043
750039.6238,14638.130199999898
750525.6477,7300.503900000011
750671.2436,9040.098600000027
750767.1576,34380.00880000007
751399.961,9272.490800000029
751403.9025,19116.83919999993
751436.8453,6937.087266666698
751555.0769,7103.71510000003
751901.4517,7307.059299999964
752017.2556,22348.833100000047
752019.2602,0
752102.3662,21132.75
752470.2631,6877.063499999931
752474.0555,9258.497100000037
752523.0278,6282.40850000002
753104.2572,27682.49159999995
753415.0215,18057.494399999967
753690.936,32456.272099999944
753696.3765,9052.185500000021
753974.899,31013.527000000002
754069.6814,13105.083500000066
754140.0115,0
754165.6105,6733.869999999995
754305.5837,12686.179000000004
754348.7277,14772.44200000004
755015.7008,22162.75893999997
755232.3143,5658.217100000009
755336.8519,14975.407200000016
755495.6934,23232.936400000006
755654.5056,6443.495600000024
756067.0859,6495.57349999994
756482.4712,6156.1565999999875
756534.1478,0
756636.9784,6221.827099999995
756813.1596,6050.15850000002
756826.8438,18736.55170000007
757132.9561,25021.75899999996
757136.6489,0
757246.7798,6754.749300000025
757631.0406,0
757720.001,4542.002300000051
757817.20046,0
758026.7392,3044.1048999999184
758044.1363,47030.46570000006
758228.445,6886.023699999903
758245.77,0
758432.0787,0
758591.0962,9411.665200000047
758709.30875,0
758735.3968,37735.6017
758959.5817,16675.744599999976
759430.7054,13588.135899999994
759508.8181,35317.133700000006
759549.5037,27273.10679999995
759867.7558,3139.4415000000736
760095.1707,10198.16630000004
760195.1287,1352.9377000000095
760198.7899,24870.134300000034
760310.4785,0
760329.9796,16642.083400000003
760590.7155,0
760609.4852,0
761142.1802,3091.36819999991
761741.6035,0
761864.1356,21294.575599999982
761980.9665,331.4945000000298
762306.5191,14200.097799999989
762374.2748,0
762387.1622,0
762405.7225,14779.954200000037
762456.8078,6890.889199999976
762635.7696,9854.202700000023
762690.8669,0
762726.8988,2455.833400000003
762787.1398,418.7754999999888
763184.4835,9001.980499999947
763302.6364,3690.530700000003
763385.0474,3307.935400000075
763554.1259,6739.677000000025
763573.6779,8099.6735000000335
763824.4477,53.39729999995325
763852.3305,15470.023000000045
763914.2027,1430.4002000000328
763942.185,4397.81520000007
763968.343,0
764402.974,6455.101266666665
764498.5064,28569.97589999996
764985.6347,36954.883700000006
765236.284,542.24729999993
765334.9613,0
765398.4339,35728.74170000001
765494.4257,28462.623900000006
765633.1962,0
766073.5597,18622.170599999954
766411.2906,0
766681.5028,0
766762.0849,0
767128.2512,0
767209.0318,0
767527.607275,0
768191.6879,26938.688399999985
768548.7061,0
768709.552,0
768881.8104,1870.4629999999888
769071.5629,11000.350199999986
769090.4615,0
769277.7832,0
769413.6956,0
769425.8682,0
769450.2033,7810.733800000045
769717.7285,3663.848999999929
769730.6676,5184.60010000004
769817.6804,7421.879783333279
769831.7826,0
769839.4302,14114.831099999952
769887.6993,3742.6128000000026
770220.6505,0
770297.6959,889.6493000000482
770303.5956,28381.653900000034
770465.277,0
771049.2865,7823.208883333369
771131.4827,3712.4381000000285
771397.902,26053.122100000037
771491.0964,26202.42690000008
771529.3784,0
771547.4779,934.250900000101
771703.338,1308.889599999995
771793.2836,0
771797.8259,2736.7177000000374
771804.2702,0
771840.4727,229.16350000002421
771937.5213,0
772155.8217,31294.58719999995
772269.0289,26859.598200000008
772478.0923,0
772525.4897,3872.8684000000358
772610.3304,881.5207999999402
772636.0107,0
772697.8813,31967.73270000005
772833.0573,0
772991.1919,0
773018.3606,0
773835.0843,8325.516399999964
773845.2689,0
774404.1496,363.8090999999549
774789.7438,0
774950.4125,4803.169899999979
775279.5215,0
775285.1511,0
775389.5551,0
775778.2007,0
775813.6221,0
775901.3565,6084.598099999945
775902.3733,1811.611900000018
775979.5361,2679.344000000041
776082.4256,0
776100.6234,135.74030000006314
776486.5741,20761.600600000005
776723.9649,0
777167.7394,33212.231099999975
777467.2087,4495.0925999999745
-----Simulation END-----
