-----Simulation 0-----
172929.7685,0
173046.242,0
173079.1657,0
173165.9636,0
173177.0888,0
173215.6409,0
173219.484,0
173474.5862,0
173493.0671,0
173509.6529,0
173579.8092,0
173592.0145,0
173669.04450000002,0
173905.7333,0
174011.2449,0
174340.796,0
174365.4567,0
174409.5872,0
174511.2708,0
174520.6557,0
174562.5649,0
174694.9062,0
174888.5954,0
175097.9773,0
175191.1201,0
175253.3801,0
175519.7398,0
175755.5119,0
175978.8159,0
176118.3702,0
176133.6928,0
176171.3675,0
176219.27779999998,0
176222.3175,0
176436.7353,0
176508.2088,0
176560.8717,0
176563.2063,0
176565.266,0
176615.9944,0
176665.09279999998,0
176686.0448,0
176729.5969,0
176899.4886,0
176949.3984,0
176988.6906,0
176997.5158,0
177013.438,0
177062.3166,0
177311.8773,0
177417.28889999999,0
177624.817,0
177664.4696,0
177696.0642,0
177707.39,0
177726.91848,0
178024.9847,0
178112.5099,0
178119.2115,0
178135.3339,0
178392.27120000002,0
178693.6377,0
178919.1416,0
179113.0522,0
179134.8096,0
179276.5118,0
179348.9765,0
179446.8576,0
179450.7367,0
179745.95620000002,0
179881.1825,0
179934.1212,0
179978.1037,0
180005.566,0
180024.1402,0
180087.4132,0
180135.477,0
180148.1318,0
180154.0785,0
180172.3273,0
180291.093,0
180382.4628,0
180427.10393333333,0
180487.3283,0
180517.2684,0
180529.8149,0
180589.5073,0
180731.3077,0
180787.811,0
180813.50650000002,0
181231.437,0
181247.3408,0
181383.084,0
181449.825,0
181477.979925,0
181478.1756,0
181496.802,0
181665.9829,0
181682.5233,0
181714.50650000002,0
181886.5579,0
181937.66509999998,0
182087.9808,0
182133.9518,0
182309.6657,0
182418.8749,0
182430.1366,0
182484.7618,0
182849.3706,0
182880.885,0
183045.9668,0
183162.6772,0
183187.3978,0
183193.8711,0
183257.2365,0
183317.126,0
183340.7152,0
183408.9274,0
183490.4549,0
183515.1911,0
183697.5975,0
183718.7368,0
183910.581,0
183943.3003,0
184155.0752,0
184246.3601,0
184390.7653,0
184478.5837,0
184592.262,0
184597.3052,0
184643.3422,0
184699.1207,0
184788.9877,0
184836.3711,0
184919.9325,0
184968.35869999998,0
184968.72580000001,0
184980.4204,0
185093.2077,0
185206.1906,0
185209.1386,0
185252.9924,0
185336.4297,0
185366.8684,0
185619.3996,0
185636.0606,0
185683.6097,0
185684.27980000002,0
185739.2456,0
185769.0121,0
185786.4525,0
185841.7685,0
185879.4678,0
186106.7486,0
186138.8454,0
186159.02169999998,0
186175.0066,0
186483.0982,0
186483.8478,0
186822.4965,0
186873.9997,0
186935.4986,0
187007.33909999998,0
187046.7877,0
187128.0679,0
187159.8546,0
187194.7115,0
187290.84350000002,0
187417.4576,0
187507.693,0
187525.6176,0
187596.6491,0
187621.9071,0
187631.763,0
187740.15519999998,0
187830.1974,0
188201.6367,0
188374.2753,0
188377.5147,0
188461.68660000002,0
188544.298,0
188709.8694,0
188731.97100000002,0
188739.5797,0
188888.6717,0
188909.6109,0
189169.3652,0
189258.739,0
189333.3429,0
189502.8241,0
189601.3798,0
189615.82,0
189702.2599,0
189712.3208,0
189798.3443,0
189863.8179,0
189873.283,0
189889.4132,0
190251.6093,0
190317.8262,0
190370.3155,0
190390.7763,0
190408.97710000002,0
190575.5344,0
190657.2627,0
190894.1256,0
190946.9651,0
191051.7897,0
191131.9509,0
191361.85825,0
191852.7105,0
191895.8872,0
191923.8148,0
191969.4894,0
191971.0206,0
192012.36609999998,0
192563.15970000002,0
192604.1106,0
192617.3655,0
192874.6125,0
192947.5996,0
192958.3786,0
193399.548,0
193575.0444,0
193608.1258,0
193979.3644,0
194037.842,0
194268.5566,0
194269.5709,0
194300.4393,0
194305.4547,0
194357.2302,0
194361.1207,0
194470.0791,0
194520.397,0
194932.3307,0
195020.4201,0
195090.85749999998,0
195094.0502,0
195252.7563,0
195299.5117,0
195632.3117,0
195678.8456,0
195839.9057,0
195872.4351,0
195942.9567,0
196132.7061,0
196149.7546,0
196448.7398,0
196457.2992,0
196658.5878,0
196887.2137,0
196968.451,0
196980.4943,0
197006.134,0
197272.0157,0
197398.1399,0
197474.4299,0
197517.7644,0
197743.54200000002,0
197782.07,0
197811.4845,0
198047.3581,0
198110.29379999998,0
198129.655,0
198187.2727,0
198252.0485,0
198257.9345,0
198343.3073,0
198507.37589999998,0
198928.0995,0
198981.6069,0
199184.21360000002,0
199287.2444,0
199428.82020000002,0
199448.1905,0
199518.0784,0
199651.3993,0
199864.3684,0
199983.65970000002,0
200166.51,0
200303.9058,0
200400.4017,0
200441.9596,0
200654.7899,0
200683.84639999998,0
200687.396,0
200781.7636,0
200859.3899,0
200926.7568,0
201015.82510000002,0
201193.78029999998,0
201270.9899,0
201358.3377,0
201402.5589,0
201497.5041,0
201533.3751,0
201614.4753,0
201857.2807,0
201884.136,0
201894.5345,0
201993.2073,0
202078.3711,0
202338.8164,0
202506.7341,0
202691.6481,0
202767.6041,0
202811.1295,0
203455.265,0
203512.2333,0
203682.1048,0
203721.3641,0
203724.2707,0
203797.16389999999,0
203827.4899,0
203942.0338,0
204007.1656,0
204135.1934,0
204166.1512,0
204478.7983,0
204736.4185,0
204777.4442,0
205074.0355,0
205083.5509,0
205235.16999999998,0
205248.2126,0
205323.5611,0
205448.9675,0
205454.7588,0
205465.367,0
205515.8805,0
205535.8285,0
205684.5042,0
205780.8684,0
205816.6012,0
205830.1175,0
206241.7828,0
206709.4904,0
206763.1691,0
206865.5895,0
207229.0213,0
207564.711,0
207896.699,0
208019.8451,0
208091.2032,0
208098.3317,0
208141.003,0
208487.56040000002,0
208562.2448,0
208576.06530000002,0
208612.0648,0
209025.902,0
209127.7982,0
209160.98690000002,0
209221.316,0
209523.00089999998,0
209663.2666,0
209668.8551,0
209784.2023,0
209794.2812,0
209850.3271,0
209887.6336,0
209976.5777,0
210070.8674,0
210089.2854,0
210108.15840000001,0
210255.2824,0
210339.9058,0
210344.724,0
210366.52883333334,0
210448.4156,0
210583.7337,249.11900000000605
210667.9294,0
210893.1363,0
210918.04,0
211207.5235,0
211279.9867,0
211493.2745,0
211571.3493,0
211615.82809999998,0
211677.2402,0
212019.7873,0
212249.0869,0
212293.07760000002,0
212381.10741666667,0
212395.3606,0
212472.3683,0
212511.7419,0
212784.1836,0
212961.5978,0
213038.767,0
213044.0806,0
213171.0148,0
213175.5904,0
213390.63,0
213392.49790000002,0
213414.702,0
213540.1996,0
213668.3889,0
213805.8739,0
214129.1393,0
214210.5156,0
214333.8174,0
214404.3667,0
214412.2886,0
214421.9577,0
214538.13,0
214663.61920000002,0
214736.5895,0
214803.5638,0
214849.8596,0
214951.29619999998,0
215187.94439999998,0
215241.2948,0
215272.7762,0
215358.0171,375.8464999999851
215380.7845,0
215810.6493,0
215827.1496,0
215831.4397,0
215842.64250000002,0
216193.17440000002,0
216609.4184,0
216642.7927,0
216725.8377,0
216954.4449,0
216973.75,0
217044.3662,0
217053.8363,0
217303.63569999998,0
217315.6449,0
217358.15756,0
217543.7744,0
217641.4831,0
217650.8316,0
218042.1434,0
218130.4779,0
218193.5848,0
218441.636,0
218503.4288,0
218580.4815,0
218604.345,0
218746.8704,0
218803.0932,0
218816.3408,0
218817.566,0
218838.1324,0
218853.5103,0
218986.615275,0
219105.7842,0
219106.2003,0
219187.3949,0
219239.9713,0
219263.4377,0
219447.5643,0
219485.6637,0
219856.74920000002,0
219884.05060000002,0
220009.4229,0
220038.0417,0
220061.1438,0
220110.328,0
220630.5593,0
220739.0943,0
220739.5602,0
220752.4087,0
220753.553,0
220778.4152,0
220870.3429,0
221054.0279,0
221171.8132,0
221278.58669999999,0
221565.213,0
221657.7457,0
221881.0992,0
221984.66330000001,0
222003.02850000001,0
222031.14870000002,0
222160.5439,0
222235.90066666665,0
222289.4348,0
222458.1048,0
222504.2588,0
222537.7103,0
222682.41460000002,0
222694.44525,0
222719.3873,0
222883.9106,0
222966.3395,0
223534.5386,0
223653.773,0
224089.7728,0
224136.46169999999,0
224264.3739,0
224347.5006,0
224480.75650000002,0
224649.1329,0
224670.8676,0
225286.46546666668,0
225382.01048,0
225456.1595,0
225463.4454,0
225805.8408,0
225894.9877,0
225940.1803,0
226026.421,0
226026.4679,0
226134.6963,0
226684.8748,0
226731.60629999998,0
227006.4382,0
227259.9393,0
227307.1944,0
227516.2988,510.4575999999943
227544.9903,0
227547.4943,0
227611.9061,0
227957.6891,0
228076.5858,0
228361.2003,0
228401.3793,0
228467.5453,0
228532.4969,0
228611.8424,0
228768.7016,0
228805.5345,0
228833.2957,0
228851.8437,0
229143.306,0
229339.6219,0
229467.2089,0
229565.14463333334,0
229581.5905,0
229602.3424,0
229643.6234,0
229659.3163,0
229833.4706,0
230182.11,0
230204.0395,0
230504.582,0
230824.1352,0
230860.2105,0
230889.7708,0
231212.4705,0
231284.7189,0
231355.9859,0
231398.7711,0
231423.49109999998,0
231563.8812,0
231641.666,0
231798.024,0
231880.3012,0
231982.9519,0
232221.3478,0
232269.7996,0
232465.7163,0
232610.8556,0
232885.708,0
232895.7869,0
232923.9117,0
233050.4822,0
233118.4357,0
233173.71970000002,0
233236.1808,0
233836.8785,0
233899.2749,0
234241.31290000002,0
234342.5148,0
234380.7521,0
234433.0429,0
234770.2677,0
234907.603,0
235179.4594,0
235199.603,0
235242.7294,0
235254.9323,0
235438.4542,0
235550.7731,0
235580.7268,0
235597.725,0
235614.1338,0
235738.2924,0
235793.16206,0
235803.83126666668,0
236082.1595,0
236202.41820000001,0
236239.4401,0
236295.976175,0
236326.8669,0
236417.3482,0
236444.6387,0
236504.2365,0
236568.2385,0
236626.0411,0
236673.7363,0
236853.10869999998,0
236939.9992,0
236952.9072,0
237056.3613,0
237142.439,0
237161.7668,0
237403.1507,0
237593.9131,0
237737.885,0
237748.51929999999,0
237749.3208,0
237852.586,0
238121.0577,0
238321.7216,0
238348.8363,0
238395.066,0
238734.78639999998,0
238936.6934,0
238963.2113,0
238982.2437,0
239102.6055,0
239300.63439999998,0
239425.33942,0
239433.8907,0
239563.9439,0
239569.4575,0
239703.2702,0
239807.2863,0
239811.2906,0
239826.7262,0
239990.9144,0
240038.602,0
240239.7361,0
240266.0722,0
240525.6158,0
240529.1755,0
240550.6606,0
240831.7121,0
240928.9731,0
241080.7046,0
241307.43811666666,0
241342.8953,0
241401.817,0
241486.5819,0
241529.62900000002,0
241757.63760000002,0
241766.0693,0
241936.16330000001,0
241974.6244,0
242059.9087,0
242061.8947,0
242082.7358,0
242161.413,0
242272.3936,0
242348.3811,0
242570.29009999998,0
242683.3761,0
242834.9888,0
242852.59,0
242855.6283,0
242944.5,0
243077.69005,0
243161.3292,0
243275.5642,0
243302.0629,0
243333.9101,0
243604.1212,0
243903.8387,0
243968.781,0
244044.1401,0
244058.73940000002,0
244069.7254,0
244123.1677,0
244137.9744,0
244406.5296,0
244506.2294,0
244580.4793,0
244782.7198,0
244819.666,0
244822.7493,0
245001.1997,0
245441.1944,0
245526.8991,0
245628.1257,0
245633.2161,0
245714.84666666668,0
245910.9054,0
246101.4799,0
246124.0651,0
246152.0169,0
246209.389,0
246222.4122,0
246560.7318,0
246605.4564,0
246648.3945,0
246709.6421,0
246932.5155,0
247059.6309,0
247105.3397,0
247147.2029,0
247338.1608,0
247345.9229,0
247426.7793,0
247516.0095,0
247535.4899,0
247749.2326,0
248068.7311,0
248143.1025,0
248251.2448,0
248348.46659999999,0
248411.1034,0
248866.9819,0
248950.2917,0
249018.6451,0
249128.596,0
249172.57559999998,0
249182.61800000002,0
249561.8749,0
249615.1599,0
249777.838825,0
249778.4311,0
249903.1331,0
249970.96600000001,0
249997.7348,0
249997.7504,0
250064.3349,0
250168.7128,0
250215.8716,0
250281.7074,0
250317.4437,0
250353.6219,0
250566.4717,0
250640.8624,0
250942.27539999998,0
251117.5105,0
251185.7633,0
251349.115,0
251381.1458,0
251400.9968,0
251407.1505,0
251420.4413,0
251449.7048,0
251508.6426,0
251627.3144,0
251650.3199,0
251658.8684,0
251661.8088,0
251759.67119999998,0
251837.5994,0
251850.3077,0
251917.5767,0
252013.0987,0
252147.52120000002,0
252388.6132,0
252520.2424,0
252524.7271,0
252635.972,0
252656.8353,0
252925.3377,0
252995.2856,0
252995.72389999998,0
253029.5602,0
253336.2067,0
253348.3279,0
253374.62125999999,0
253512.3555,0
253887.1827,0
253929.0297,0
253986.562,0
254012.7794,0
254178.9275,0
254233.7137,0
254266.89736,0
254297.3103,0
254361.2029,0
254686.1446,0
254813.7309,0
254818.6923,0
254839.6447,0
254910.0218,0
255029.5862,0
255110.8687,0
255169.6857,0
255415.864,0
255417.5649,0
255522.5931,0
255570.8978,0
255596.1453,0
255644.00650000002,0
255660.7392,0
255784.5584,0
255821.3755,0
255833.3551,0
256074.6992,0
256131.4983,0
256336.6331,0
256370.7163,0
256396.5449,0
256487.14049999998,0
256520.3617,0
256699.0799,0
256785.0559,0
256853.3596,0
257175.8097,0
257447.283,0
257450.1226,0
257454.198,0
257467.44329999998,0
257530.2191,0
257734.7098,0
257864.8218,0
257906.0427,0
258100.3918,0
258203.77610000002,0
258223.77730000002,0
258398.1574,0
258419.5858,0
258619.0493,0
258735.53889999999,0
258950.8797,0
258952.3972,0
258977.65230000002,0
259212.7963,0
259245.9526,0
259254.1347,0
259387.2122,0
259395.5172,0
259715.4977,0
259930.2253,0
260000.2525,0
260134.3686,0
260201.3541,0
260203.3802,0
260379.6022,0
260391.0052,0
260569.6018,0
260869.0943,0
261124.9962,0
261339.4496,0
261426.3177,0
261427.8423,0
261672.8519,0
261809.322,0
261852.2067,0
262040.2398,0
262155.5983,0
262601.0675,0
262615.0838,0
262685.9851,0
262727.8285,0
262732.4088,0
262767.48443333333,0
262769.0109,0
262807.31440000003,0
262837.793,0
262845.7951,0
262882.76780000003,0
262890.3849,0
262969.9956,0
263100.2119,0
263172.061,0
263353.6921,0
263401.2294,0
263426.7967,0
263584.7663,0
263843.3279,0
263915.9144,0
263919.1978,0
263940.3439,0
264246.4273,0
264418.5769,0
264616.7625,0
264622.1713,0
264661.5171,0
264666.8341,0
264816.0113,0
264892.3756,0
264920.7431,0
264954.8796,0
265210.0663,0
265215.0444,0
265243.9478,0
265272.2121,0
265395.6116,0
265411.4307,0
265523.1379,0
265743.1197,0
265781.4874,0
265794.7055,0
266013.9186,0
266063.3553,0
266157.41359999997,0
266302.8618,0
266385.07050000003,0
266385.6126,0
266660.5209,0
266675.6024,0
266686.57039999997,0
266732.676,0
266812.0303,0
266866.2963,0
266876.2256,0
266918.6886,0
267001.089,0
267022.707,0
267030.0673,0
267049.3291,0
267176.638,0
267197.4901,0
267409.425,0
267537.4073,0
267617.3047,0
267760.7195,0
267782.6928,0
267786.7649,0
267794.5003,0
267808.8002,0
267916.8405,0
267989.8861,0
268001.4361,0
268021.0776166667,0
268064.3992,0
268313.2659,0
268351.98840000003,0
268518.1816,0
268665.4316,0
268672.8984,0
268762.0265,0
268953.5641,0
268959.3804,0
268970.7022,0
268983.5666,0
269326.4257,0
269352.5057,0
269431.6949,0
269457.1889,0
269481.1585,0
269503.148,0
269536.4257,0
269538.3625,0
269594.6152,0
269679.4162,0
269718.705,0
269733.5688,0
269790.8077,0
269792.3092,0
270161.5603,0
270162.1756,0
270351.5031,0
270644.0786,0
270644.5084,0
270683.4284,0
270719.76930000004,0
270733.3927,0
270862.0985,0
270967.3772,0
270970.9111,0
270985.8516,0
271065.40671666665,0
271307.9943,0
271323.362,0
271425.9181,0
271655.2363333333,0
271773.1775,0
271910.9754,0
271920.10362,0
271950.9024,0
271968.3314,0
272141.3614,0
272179.8978,0
272249.026,0
272256.1972,0
272280.8983,0
272571.1647,0
272706.3237,0
273004.3421,0
273042.82039999997,0
273082.8263,0
273266.55,0
273280.4349,0
273652.6074,0
273718.6243,0
273811.39269999997,0
273813.3516,0
273853.1923,0
273919.45759999997,0
273954.00049999997,0
273963.4737,0
273973.2479,0
274040.6067,0
274226.3789,0
274442.7178,0
274449.7902,0
274558.6686,0
274667.1836,0
274729.69550000003,0
274772.3713,0
274783.7791,0
275542.33759999997,0
275582.6773,0
275630.0678,0
275812.2837,0
275841.0376,0
275973.8515,0
276011.224,0
276205.6761,0
276253.873,0
276304.1544,0
276359.8125,0
276399.7436,0
276484.7569,0
276544.1773,0
276596.4546,0
276789.8479,0
276821.2007,0
276888.8007,0
276923.1421,0
276928.0458,0
276949.0838,0
276977.3103,0
277011.9508,0
277031.1577,0
277134.6586,0
277417.0265,0
277438.3061,0
277546.9202,0
277578.0722,0
277607.7565,0
277609.9804,0
277626.0731,0
277642.3414,0
277666.9827,0
277670.3869,0
277784.3506,0
277815.9899,0
277851.3351,0
277885.7606,0
278002.1937,0
278188.316,0
278331.9313,0
278466.2785,0
278480.4642,0
278520.8444,0
278549.6065,0
278587.3388,0
278628.5109,0
278794.7647,0
278950.9432,13726.314699999988
279040.9028,0
279048.0981,0
279062.3208,0
279152.7722,0
279670.9201,0
279745.9102,0
279756.1287,0
279766.76780000003,0
280017.2736,0
280057.3727,0
280405.3738,0
280471.2635,0
280645.3298,0
280997.35970000003,0
281080.8,0
281201.3524,0
281211.8305,0
281238.2115,0
281239.4396,0
281257.0032,0
281287.8994,0
281617.6112,0
281646.5903,982.4787999999826
281719.7537,0
281926.1218,0
282014.487,0
282139.3533,0
282312.1889,0
282319.2923,0
282483.67220000003,0
282496.5431,0
282528.3631,0
282651.8846,0
282703.1206,0
282744.0146,0
282830.4928,0
282954.7263,0
283076.4526,0
283090.931,0
283092.4977,0
283273.6964,0
283563.7391,0
283605.8136,1402.0515000000014
283769.69550000003,0
283850.5297,0
283904.8298,0
284012.6352,0
284101.6212,0
284179.4176,0
284180.837,0
284181.3179,0
284294.332,0
284397.94,0
284405.3199,0
284556.6706,0
284733.1175,0
284890.3892,0
284917.27749999997,0
285326.35730000003,0
285403.116,0
285466.231,0
285639.7241,0
285655.69539999997,0
285929.4496,0
285956.2487,0
285979.0103,0
286004.4751,0
286024.5914,0
286073.844,0
286242.1866,0
286371.8985,0
286443.5271,0
286543.3832,0
286550.3855,0
286558.2056,0
286583.4045,0
286593.9476,0
286674.2632,0
286803.1415,0
286911.5862,0
287027.6246,0
287195.925,0
287285.0578,0
287322.3368,0
287498.8902,0
287594.8004,0
287692.0537,1606.064699999988
287910.4006,0
288043.3425,0
288044.4088,0
288178.78859999997,0
288376.7031,0
288421.216,0
288456.0183,0
288514.5261,0
288656.045,0
288992.5242,0
289126.2388,4201.169300000009
289152.0103,0
289207.5501,0
289322.33019999997,0
289448.9433,0
289568.6883,0
289571.4519,0
289652.8519,0
289664.10349999997,0
289683.3281,0
289850.82149999996,0
289997.5097,0
290147.248,0
290157.0629,0
290234.528,0
290255.7916,0
290383.8317,0
290519.3791,0
290537.4327,0
290649.3393,0
290837.3459,0
290857.5955,0
290906.86730000004,0
291052.8723,0
291091.5859,0
291190.9353,0
291367.0688,0
291382.5585,0
291439.025,0
291478.710925,0
291629.2256,0
291642.4737,0
292157.7082,0
292264.2318,0
292290.838,0
292437.6427,0
292651.15599999996,0
292668.0121,0
292722.1539,0
292767.35719999997,0
292986.0497,0
293048.7441,0
293062.5169,0
293143.6275,0
293489.6478,0
293649.994,0
293684.9875,0
293996.3507,0
294019.9929,0
294172.6559,0
294282.5419,0
294400.7845,0
294873.4675,0
294984.202,0
295040.7418,0
295048.9456,0
295144.7495,0
295159.5539,0
295315.5878,0
295369.1372,0
295376.3126,0
295477.2799,0
295544.1351,0
295688.21499999997,0
295691.07986,0
295726.5361,0
295778.9405,0
295908.616,0
296008.9694,0
296191.6536,0
296531.7628,0
296677.905,0
296726.8925,0
296883.8503,0
297141.3617,0
297180.00190000003,0
297257.75320000004,0
297356.3091,0
297528.0473,0
297532.6253,0
297621.3497,0
297792.037,0
297867.8918,0
298030.11360000004,0
298341.6798,0
298393.81169999996,0
298518.4323,0
298708.6419,0
298724.3056,0
298827.5378,0
298831.7371,0
299030.9772,0
299164.4144,0
299247.8269,0
299252.2833,0
299308.002825,0
299386.9506,0
299482.2976,0
299532.1586,0
299533.5131,0
299664.5751,0
299780.33666666667,0
299844.716,0
299869.5296,0
300168.36809999996,0
300212.9048,0
300650.1027,0
301090.56090000004,0
301178.8816,0
301219.4837,0
301221.3345,0
301230.89143333334,0
301550.9977,0
301925.2345,0
301979.7366,0
302033.80090000003,0
302247.4683,0
302306.4848,0
302583.2323,0
302639.7463,0
302739.2991,0
302860.8797,0
302932.7081,0
302965.5639,0
303090.3057,0
303237.0423,0
303598.0786,0
303604.1736,0
303625.9909,0
303675.0058,0
304068.865,0
304078.9187,0
304102.9513,0
304143.8135,0
304461.1976,0
304468.185,0
304585.44,0
305013.6799,0
305100.0676,0
305243.4929,0
305320.737875,0
305411.6939333333,0
305693.2521,0
305747.2323,0
305764.2473,0
305820.6543,0
305916.0009,0
306121.57039999997,0
306178.7782,0
306379.54375,0
306583.0721,0
306881.184,0
306941.4503,0
306966.48865,0
307020.1307,0
307227.3369,0
307243.0138,0
307417.4741,0
307426.1217,0
307860.4756,0
307955.5956,0
307967.2077,0
308256.6576,0
308280.1824,0
308580.2075,0
308733.1664,0
308845.685,0
308958.5064,0
308982.75042,0
309064.675,0
309366.2492,0
309445.5287,0
309460.43929999997,0
309491.1978,0
309636.5175,0
309737.4949,0
310024.0023,0
310205.7769333333,0
310863.15153333335,0
311006.5307,0
311025.6602,0
311099.4912,0
311198.9398,0
311470.627,0
311518.8694,0
311659.1024,0
311671.9966,0
311705.9911,0
311759.3662,0
311827.08629999997,0
311918.0662,0
312128.62320000003,0
312163.8477,0
312169.929,0
312179.07,0
312254.856,0
312386.8578,0
312536.813,0
312554.49,0
312591.25676,0
312759.2655,0
312793.5795,0
312828.7352,0
312982.8253,0
313242.3699,0
313263.5128,0
313299.2554,0
313384.2397,7924.390199999965
313506.3878,0
313713.0076,0
313777.5137,0
314135.8715,0
314362.1504,0
314362.4685,0
314458.105,0
314486.5015,0
314502.0792,0
314539.6581,0
314552.1378,0
314664.3514,0
314680.33790000004,0
314722.8934,0
314783.1058,0
314805.3274,0
315174.2877,0
315187.7696,0
315411.751,0
315689.38659999997,0
316214.01691666665,0
316397.5819,2841.159500000009
316456.8349,0
316507.6959,0
316524.2606,0
316726.047,0
316728.7475,0
316801.9529,0
317049.2579,0
317077.5422,0
317165.9492,0
317224.3838,6999.1503000000375
317378.8694,2797.57560000004
317399.6007,0
317603.02148,0
317670.9047,0
317674.7269,0
317804.0578,0
318059.0831,0
318126.3171,0
318288.1691,0
318336.6222,0
318468.1823,0
318712.5724,0
318715.5975,0
319033.5908,0
319199.6494,0
319209.9126,0
319670.1886,0
319876.6165,0
320207.2749,0
320325.3923,0
320369.120975,0
320668.6787,0
320703.4389,0
320849.9208,0
321049.7731,0
321378.4693,0
321600.5402,0
321670.99668,0
321709.3317,0
321746.9178,0
321755.8594,0
321793.7263,0
321921.3948,0
321924.8143,0
321946.46255,0
321984.1865,0
322029.5567,0
322109.4537,0
322207.009,0
322214.8412,0
322479.9276,0
323089.1756,0
323146.7504,0
323360.718,0
323368.904,0
323485.5691,0
323896.6598,0
323927.25049999997,0
323933.4624,0
324063.17339999997,0
324146.3605,0
324191.563,0
324200.7516,0
324256.1267,0
324448.1804,1076.922275000019
324564.6546,0
324708.51410000003,0
324716.9613,0
324815.1932,0
324883.5133,0
324930.6874,0
325033.6693,0
325050.991,0
325776.6603,0
325888.3349,0
325904.4151,0
326061.4084,0
326139.3688,0
326329.3345,0
326334.2014,0
326626.4113,0
326760.2911,0
326776.25316666666,0
326840.9556,0
326852.6339,0
326876.5007,0
327327.4095,0
327357.3736,0
327428.6669,0
327754.0975,0
327767.68438,0
327870.4154,0
328063.9721,0
328137.7815,0
328368.1668,0
328525.4882,0
328525.7217,0
328537.19833333336,0
328557.2026,0
328614.2205,0
328645.5067,0
328808.8709,0
328874.6543,0
329086.184,0
329271.8466,0
329328.4654,0
329384.4132,0
329550.4678,0
329650.11,0
329865.6485,0
329951.8268,0
330043.9864,0
330058.0751,0
330198.7639,0
330394.8566,0
330427.9321,0
330493.1339,0
330642.5831,0
330765.4482,0
330837.5427,0
331024.7264,0
331110.7339,0
331168.0106,0
331430.5336,0
331443.56810000003,0
331461.6788,0
331844.5163,0
331856.0412,0
331924.3771,0
331990.9317,0
332005.1249,0
332066.7065,0
332079.42,0
332444.3017,0
332500.9831,0
332893.0511,0
333058.9557,0
333112.1939,0
333419.7041,0
333493.0964,0
333551.6943,0
333622.0095,0
333828.4539,0
333919.4792,0
333970.2576,0
333988.7706,0
334003.4512,0
334114.823,0
334134.4554,0
334135.0232,0
334271.4969,0
334300.9326,0
334384.3931,0
334610.9055,0
334690.6516,0
334727.0494,0
334818.7661,0
334839.3723,0
334873.0569,0
334886.9968,0
335069.8545,0
335102.4784,0
335106.51534,0
335369.4176,0
335377.1371,0
335418.7757,0
335490.8342,0
335509.1379,0
335835.3669,0
335840.0777,0
335863.8033,0
335929.29839999997,0
335936.2316,0
336165.0903,0
336202.84212,0
336289.5142,0
336385.1843,0
336464.3262,0
336599.19909999997,0
336990.74,0
337015.955275,0
337168.8372,0
337297.857,0
337526.248,0
337546.9571,0
337703.6038,0
337922.7663,0
338082.6312,0
338174.5613,0
338180.8912,0
338261.7917,0
338347.3624,0
338352.8355,0
338522.16599999997,0
338957.0379,0
338998.3537,0
339088.0461,0
339293.8618,0
339412.3041,0
339519.9871,0
339620.4425,0
339630.0953,0
339747.2315,0
339765.3019,0
339879.449,0
339918.01,0
339980.0396166667,0
340034.8909,0
340079.8378,0
340143.2533,0
340237.2993,0
340282.5653,0
340363.4639,0
340363.9202,0
340515.5496,0
340906.1256,0
340962.9802,0
341038.7131,0
341204.2878,0
341275.7606,0
341309.73589999997,0
341322.8061,0
341327.3956,0
341372.4833,0
341383.3369,0
341613.5693,0
341694.3978,0
341720.6675,0
341761.348,0
342087.669,0
342219.0753,0
342320.2978,0
342360.1566,0
342512.7037,0
342607.5407,0
342700.7175,0
342801.763,0
342873.1333,0
342887.728,0
343020.6028,0
343172.9713,0
343178.5441,0
343249.9793,0
343344.9261,0
343587.519025,0
343601.2552,0
343664.114,0
343702.216,0
343776.601425,0
343788.8653,0
343815.6585,0
343832.5632,0
343871.6535,0
343998.5604,0
344045.2139,0
344079.8279,0
344110.4778,0
344333.8745,0
344482.431,0
344534.1912,0
344535.5332,0
344536.4175,0
344649.6462,0
344866.6075,0
345125.4114,0
345135.9191,0
345184.8852,0
345271.8879,0
345319.2399,0
345681.9109,0
345697.8792,0
345805.6913,0
345948.2363,0
345949.8285,0
346097.2253,0
346278.6017,0
346424.9816,0
346461.3521,0
346532.8624,0
346656.8471,0
346709.1192,0
346852.3679,0
346888.6888,0
347128.493,0
347226.74210000003,0
347268.03729999997,0
347383.2129,0
347515.1351,0
347575.8636,0
347678.9505833333,0
347708.0385,0
347718.6875,0
347721.33793333336,0
347722.9587,0
347751.0584,0
347772.02105,0
347913.65630000003,0
347951.3311,0
348202.8054,0
348260.6455,0
348361.5156,0
348451.0256,0
348608.6635,0
348677.8617,0
348783.6404,0
348859.0533,0
348972.3115,0
349234.9022,0
349270.0401,0
349369.9389,0
349376.1005,0
349446.5675,0
349449.8208,0
349647.9978,0
349976.2852,0
350060.5348,0
350214.24210000003,0
350259.97239999997,0
350263.0498,0
350266.3956,0
350338.5736,0
350383.8908,0
350627.0721,0
350697.5457,0
350755.7345,0
350938.1091,0
351314.5454,0
351349.8731,0
351488.0511,0
351753.229,0
351821.7375,0
352005.2791,0
352074.5271,0
352096.1942,0
352198.52989999996,0
352313.6455,0
352443.0423,0
352467.0909,0
352725.9863,0
352751.2976,0
352804.0187,0
352890.9628,509.2073000000091
352935.5437,0
352992.7132,0
353116.6238,0
353322.2561,0
353610.5818,0
353678.0356,0
353805.9241,0
353908.5541,0
353936.5994,0
353959.0521,0
354030.4546,0
354108.407,0
354220.91240000003,0
354341.1498,0
354443.5794,0
354585.5718,0
354604.9439,0
354615.8006,0
354770.0574,0
354779.7015,0
354785.3514,0
354964.1855,0
355061.3027,0
355181.5454,0
355251.8926,0
355259.765,0
355371.6012,0
355462.97609999997,0
355472.7044,0
355511.6018,0
355551.7531,0
355576.1173,0
355602.5576,0
355748.5149,0
355915.15009999997,0
356097.5711,0
356136.3561,0
356253.6967,0
356286.0401,0
356292.9392,0
356452.3612,0
356456.69299999997,0
356507.7535,0
356598.9268,0
356631.6253,0
356685.0769,0
356697.1361,1911.0304999999935
356783.6755,0
356893.39280000003,0
357162.49,0
357185.8463,0
357203.5135,0
357333.8478,0
357402.6128,0
357423.1446,0
357446.5672,0
357531.218,0
357710.0979,0
357870.1112,0
357931.6114,0
358231.4897,0
358370.7799,0
358476.5424,0
358588.1799,0
358706.122,0
358713.0436,0
358715.2128,0
358934.1895,0
359046.0343,0
359053.9744,0
359226.0262,0
359337.8717,0
359402.7155,0
359485.085,0
359538.3404,0
359553.47956,0
359566.1712,0
359669.5498,0
359899.3924,0
360071.89280000003,0
360075.8153,0
360085.5341,0
360234.0429,0
360346.8886,0
360363.5075,0
360403.2374,0
360653.5795,0
360746.1408,0
360977.135,0
360986.6153,0
360998.0159,0
361059.2439,0
361134.5283,0
361206.1093,0
361222.8239,0
361251.7414,0
361268.404,0
361277.3392,0
361293.1829,0
361350.4293,0
361369.8847,0
361651.5063,0
361958.8458,0
362046.0882,0
362048.4515,0
362200.1543,0
362484.558,0
362569.3853,0
362674.743,0
362710.4949,0
362746.3667,0
362796.64280000003,0
363092.5174,0
363144.4316,0
363161.777,0
363313.6352,0
363372.3822,0
363388.5505,0
363395.6801,0
363425.5245,0
363988.8859,2837.794500000018
364134.96,0
364172.4943,0
364245.5431,0
364347.228,0
364401.6773,0
364425.8029,0
364477.4933,0
364536.0532,0
364595.62309999997,0
364601.4229,0
364767.8055,0
364813.3161,0
364845.1058,0
364929.2041,0
364937.3975,0
365082.7955,0
365344.889,0
365406.4253,0
365559.1512,0
365594.5405,0
365850.68350000004,0
365898.4511,0
365987.0604,0
366125.52,0
366168.3388,0
366201.6943,0
366286.6331,0
366356.1833,0
366470.0635,0
366633.1512,0
367094.935,0
367175.8324,0
367190.71259999997,0
367301.4503,0
367346.7856,0
367484.45,0
367756.9138,0
367924.36340000003,0
367993.2504,0
368035.5865,0
368307.9616,0
368313.6921,0
368325.1219,0
368338.20279999997,0
368340.4386,0
368360.9809,0
368486.5496,0
368635.0605,0
368650.6699,0
368894.2013,0
368980.4602,0
369014.7377,0
369044.7865,0
369157.0036,0
369331.75289999996,0
369347.2481,0
369521.3588,0
369600.2981,0
369647.3101,0
369724.1545,0
369780.6895,0
369848.6013,0
369886.2705,0
369934.2779,0
369937.6961,0
370042.3103,0
370167.8093,0
370311.1291,0
370450.0854,0
370663.021,0
370896.66599999997,0
370967.0549,0
371157.5625,0
371186.0288,0
371286.6676,0
371617.1003,0
371655.1598,0
371845.8223,0
372143.6684,0
372201.2503,0
372278.6235,0
372281.385,0
372478.761,0
372651.09990000003,0
372691.2444,0
372825.0832,0
373105.0049,0
373165.6383,0
373229.4601,0
373398.5006,0
373496.9856,0
373501.412,0
373515.8886,0
373534.8848,0
373649.1737,0
373718.9271,0
373867.98,0
373919.8762,0
374061.592,0
374093.0527,0
374113.4015,0
374124.9109,0
374173.9253,0
374252.7628,0
374460.6575,0
374499.8283,0
374505.1911,0
374545.96613333334,0
374583.0638,0
374585.887,0
374633.8746,0
374821.9279,0
374874.8737,0
375049.76410000003,0
375056.2128,0
375092.936,0
375298.7339,0
375401.0202,0
375485.5959,0
375677.7459,0
375806.574,0
375846.5348,0
376093.309,0
376382.593,0
376485.5671,0
376525.4407,0
376542.7594,0
376612.9177,0
376652.9781,0
376691.3211,0
376709.0283,0
376723.5875,0
376820.6266,0
377084.28740000003,0
377182.5685,287.20120000001043
377227.9122,0
377254.86100000003,0
377297.2396,0
377341.2128,0
377346.069,0
377356.0135,0
377382.2118,0
377513.6776,0
377623.8781,0
377669.5023,0
377698.9085,8150.833100000047
377870.1807,0
378050.6038,0
378075.5635,0
378164.8972,0
378553.0862,0
378697.480075,0
379064.4826,0
379105.6229,0
379229.9801,0
379258.1234,0
379348.1776,0
379358.303,0
379412.2898,0
379422.6436,0
379443.6587,0
379515.7391,0
379921.7898,0
380152.4217,0
380199.3996,0
380293.0539,0
380563.5638,0
380566.8103,0
380709.1417,0
381000.9871,0
381034.7371,0
381145.831,0
381186.7319,0
381379.1463,0
381531.2566,0
381628.278,0
381773.3246,0
381799.81059999997,0
382192.5168,0
382246.5242,0
382275.9207,0
382299.5477,0
382341.4507,0
382368.6842,0
382400.9865,0
382552.5035,0
382660.1906,0
382693.37413333333,0
382756.2228,0
382832.9996,0
382841.1727,0
382848.2442,0
382929.9458,0
383135.3662,0
383164.3137,0
383474.579,0
383515.88899999997,0
383876.9667,0
383920.1799,0
383968.8568,0
384028.1463,0
384105.5293,0
384192.5016,0
384225.3738,0
384240.9461,0
384262.3698,0
384312.6863,0
384505.4388,0
384549.6801,0
384594.87930000003,0
384618.3194,0
384898.3201,0
384998.9793,0
385208.106,0
385488.1089,0
385708.9083,0
385759.137,0
385818.2124,0
386261.8192,0
386364.7771,0
386713.2448,162.73320000001695
386850.0274,0
386865.6142,0
387042.0767,0
387048.288,0
387266.5573,0
387460.2292,0
387474.001,0
387789.5237,0
388033.0232,0
388205.9602,9704.283399999957
388451.0458833333,0
388733.2407,0
388737.2358,0
388893.4658,0
388907.3183,0
388923.6553,0
388986.3425,0
389089.4082,0
389385.3286,0
389414.1473,0
389479.8476,0
389632.0192,0
389644.275,0
389880.2854,11892.4951
389934.2345,0
390146.8142,0
390240.9668,0
390401.6418,0
390414.9665,0
390667.3175,0
390675.358,0
390798.7473,0
390870.8524,0
390933.0539,0
391015.81070000003,0
391133.37096666667,0
391215.6596,0
391346.6708,0
391453.3569333333,0
391515.8741,0
391993.207,0
392198.5745,0
392419.12069999997,0
392464.3975,10011.949000000022
392590.9827,0
392701.5892,0
392747.1205,0
392783.1295,0
392923.51,0
393064.4083,0
393124.5722,0
393131.2796,0
393174.9816,0
393357.8207,0
393542.6671,0
393677.9129,0
393829.2781,8709.319099999964
394144.453,0
394325.7142,0
394409.7049,0
395083.4585,0
395103.3799,0
395205.3786,0
395403.7032,0
395588.9089,0
395606.953,0
395742.5955,0
395995.3565,0
396297.06425,0
396324.4635,0
396550.419,0
396736.5682,0
396782.3647,0
396806.7541,0
396850.0608,0
396920.8025,0
397314.5595,0
397324.01978333335,0
397414.3591,0
397451.419,0
397610.5451,0
397611.7759,0
397681.2941,0
397870.233,0
398376.2663,0
398596.1699,0
398898.9005,0
398932.4972,0
398941.5836,0
399020.0875,0
399056.4771,0
399210.3368,0
399330.0832,0
399850.7563,0
399950.5567,0
399997.4366,0
400105.9322,0
400111.04480000003,0
400427.346,0
400495.142,0
400844.7432,0
400853.0324,0
401448.129,0
401660.4025,0
401854.7104,0
401870.6584,0
402072.7344,0
402095.2492,0
402347.84880000004,0
402366.1257,0
402489.3106,0
402534.16000000003,0
402758.0988,0
403034.58836,0
403313.5419,0
403424.5562,0
403850.0648,0
403941.0737,0
404100.3024,0
404187.5015,0
404292.87232,0
404412.1324,0
404526.97380000004,0
404609.9558,0
405003.8231,0
405315.1102,0
405384.714,0
405530.816,0
405654.1925,0
405828.3721,0
405931.2442,0
406033.0241,0
406399.97345,0
406426.57805,0
406731.7316,0
406898.4645,0
407091.5222,0
407144.4777,0
407189.9944,0
407507.675,0
407638.3855,0
407745.7568,0
407816.066,0
407844.1369,0
407900.4853,0
408043.7809,0
408109.1295,0
408118.6317,0
408125.137,0
408404.0351,0
408617.4333,0
408621.1251,0
408659.047,0
408744.4808,0
408785.4335,0
409000.406775,0
409124.3417,0
409141.4396,0
409330.5885,0
409462.7801,0
409477.5479,0
409649.5614,0
409735.0327,0
409818.1938,0
410128.9073,0
410447.9346,0
410585.2923,0
410634.50601666665,0
410702.2086,0
411169.5453,0
411355.88563333335,0
411452.0617,0
411570.5929,0
411648.2691,0
411656.8059,0
411777.7502,0
411833.4975,0
411917.3013,0
412016.9565,0
412131.8719,0
412170.882875,0
412466.9144,0
412527.6386,0
412648.7446,0
412854.541,0
413068.2122,0
413115.7823,0
413450.0927,0
413472.3324,0
413776.2704,0
413788.392,0
413799.9466,0
413846.9163,0
413873.56680000003,0
413897.271,0
414104.1559,0
414312.4756,0
414377.19,0
414416.8881,0
414436.3523,0
414521.5761,0
414828.8197,0
414926.9199,0
414941.7572,0
415057.7154,0
415091.9902,0
415206.1281,0
415207.8741,0
415275.1651,0
415342.7897,0
415357.3751,0
415363.1312,0
415997.5913,0
416086.7105,0
416107.9258,0
416473.8956,0
416575.42579999997,0
416623.4929,0
416774.372,0
416938.0858,0
417087.476,0
417157.8886,0
417369.1851,0
417424.3229,0
417487.6414,0
417991.8439,0
418236.735,0
418244.8763,0
418323.3653,0
418428.9236,0
418444.7037,0
418535.474,0
418823.3027,0
418829.8007,0
418945.8607,0
419052.7104,0
419090.7791,0
419229.0123,0
419313.6485,0
419453.7885,0
419497.9499,0
419585.061,0
419771.9638,0
419772.0513,0
419929.186,0
419971.0708,0
420137.0196,0
420397.1625,0
420607.7895,0
420619.5072,0
420778.0063333333,0
420864.6417,0
420955.032,0
421033.6982,0
421161.0261,0
421168.7485,0
421343.7629,0
421419.65766,0
421574.0,0
421637.14626666665,0
421709.8452,0
421815.6484,0
421825.5394,0
421863.1159,0
421910.6913,0
421933.6912,0
421982.2633,0
421993.0664,0
422007.6026,0
422033.1375,0
422335.5525,0
422340.5593,0
422461.4691,0
422589.7179,0
422626.6788,0
422651.4539,0
422872.9661,0
422884.6379,0
422931.2612,0
423095.0654,0
423140.1664,0
423149.1111,0
423230.9116,0
423259.0459,0
423319.0672,0
423354.9893,0
423543.247,0
423569.8259,0
423647.5306,0
423781.7081,0
423808.61041666666,0
424220.6236,0
424283.6284,0
424417.2059,0
424665.7479,0
424785.9522,0
424983.021275,0
425062.4515,0
425084.808,0
425221.72479999997,0
425270.8337,0
425280.6302,0
425298.07050000003,0
425336.4168,0
425516.9366,0
425694.5966,0
425749.4571,0
425868.9556,0
425937.0655,0
425969.4667,0
426220.3308,0
426222.9282,0
426246.551,0
426362.1516,0
426526.6608,0
426572.8612,0
426585.99199999997,0
426603.1685,0
426731.6009,0
426732.6983,0
426750.1776,0
426882.0352,0
426892.2722,0
427098.9326,0
427187.2265,0
427309.0325,0
427583.99450000003,0
427696.7038,0
427900.0762,0
427963.5548,0
428005.5425,0
428007.0219,0
428038.40009999997,0
428044.2142,0
428095.2938,0
428165.7596,0
428231.2694,0
428321.8257,0
428486.9939,0
428768.7226,0
428770.6358,0
428781.5633,0
428845.7037,0
428997.4108,0
429034.2504,0
429054.8599,0
429151.5357,0
429401.7883,0
429561.3342,0
429697.499,0
429746.2391,0
429778.4152,0
429836.5058,0
429899.8507,0
430386.7958,0
430398.5298,0
430465.9537,0
430724.3703,0
430917.3827,0
430984.7975,0
430989.7147,0
431167.1016333333,0
431261.684,0
431336.0278,0
431445.3439,0
431522.3043,0
431560.1721,0
431637.0511,0
431649.297,0
431662.6561,0
431715.311,0
431784.40359999996,0
431863.6547,0
431961.2628,0
431987.5455,0
432048.869,0
432054.7876,0
432104.3108,0
432218.0047,0
432242.211,0
432299.5302,0
432419.6797,0
432535.1508,0
432799.54110000003,0
432812.8796,0
432970.9538,0
433070.3879,0
433119.0201,0
433142.224,0
433251.4101,0
433277.2131,0
433282.3454,0
433677.8967,0
433793.8509,0
433942.9017,0
434029.9795,0
434043.657,0
434074.9361,0
434178.372325,0
434284.229,0
434285.7503,0
434337.3978,0
434338.8536,0
434350.7863,0
434363.72250000003,0
434482.9166,0
434517.1966,2971.403800000029
434709.7419,0
434732.0039,0
434963.212825,0
434965.9711,0
434981.8028,0
435116.73470000003,0
435118.0642,0
435127.1448,0
435361.949,0
435406.1621,0
435467.7047,0
435518.49199999997,0
435609.16240000003,0
435679.7288,0
435730.0166,0
435764.9061,0
435767.5248,0
435785.7324,566.8867999999784
435945.3218,0
436078.05675,0
436172.0921,0
436195.4291,0
436333.878,0
436335.48424,0
436340.8611,0
436417.8838,0
436464.65249999997,0
436842.4488,0
436949.3734,2728.3020999999717
437227.6047,0
437239.1445,0
437322.8549,0
437332.9187,0
437342.9266,0
437345.6054,0
437376.3354,0
437483.7254,0
437531.5518,0
437533.0426,0
437636.4928,0
437682.5897,0
437705.6315,0
437796.8715,0
437797.88910000003,0
437837.8065,0
437918.3677,0
437973.5321,0
438072.662,0
438149.8169,0
438206.6025,0
438216.4769,0
438300.7007,0
438372.3956,0
438373.6406,0
438376.5659,0
438642.8799,0
438682.5543,0
438794.2106,0
439207.1386,0
439220.5533,0
439278.6164,0
439370.6044,0
439555.0094,0
439739.8063,0
439906.3151,0
439989.7559,0
440126.7336,0
440361.2294,0
440378.21510000003,0
440449.1064,0
440599.5048,0
440628.91133333335,0
440662.9187,0
440734.111,0
440800.3708,0
440862.909,0
440867.4483,0
440948.2421,0
441007.0951,0
441008.1169,0
441379.6674,0
441381.5756,0
441393.191,0
441478.0861,0
441525.9891,0
441627.637,0
441706.23470000003,0
441825.9533,0
441863.431875,0
442025.3985,0
442065.7929,0
442131.0007,0
442133.3321,0
442157.45900000003,0
442192.6129,0
442336.5797,0
442478.5779,0
442509.0586,0
442566.8209,0
442819.3006,0
442864.4611,0
442930.3621,0
442999.3988,0
443021.5977,0
443327.5483,0
443418.5155,0
443576.02,0
443651.3113,0
443705.8466,0
443752.8575,0
443928.1641,0
444036.0936,0
444333.3258,0
444344.7424,0
444356.9215,0
444484.8814,0
444668.7162,0
444675.62,0
444696.9803,0
444798.5328,0
445014.9606,0
445198.1645,0
445225.642,0
445331.6376,0
445475.0783,0
445511.406,0
445579.7936,0
445613.1159,0
445619.4608,0
445628.7319,0
445724.8725,0
445958.1236,0
446023.4558,0
446192.918,0
446193.2736,0
446342.0619,0
446655.7488,0
446733.9787,0
446749.4959,0
446797.1258,0
446961.012,0
447064.5824,0
447198.3138,0
447256.097,0
447258.2349,0
447265.3562,0
447343.3343,0
447376.6917,0
447408.39029999997,0
447429.669,0
447484.0222,0
447560.1575,0
447681.5669,0
447755.2959,0
447768.0561,0
447770.4686,0
447849.3105,0
447914.191,0
448074.3628,0
448124.7478,0
448362.6569,0
448369.8249,0
448453.5563,0
448497.1319,0
448571.1609,0
448879.745,0
448882.0703,0
448925.7137,0
449130.9554,0
449584.67590000003,0
450186.7975,0
450369.2729,0
450395.1212,0
450818.43,0
450824.444,0
450846.3093,0
450885.6413,0
450937.7773,0
450958.6844,0
450984.4759,0
451026.8021,0
451261.0706,0
451324.8894,0
451523.4046,0
451574.5115,0
451592.9498,0
451609.19299999997,0
451834.0073,0
451868.5838,0
451920.2559,0
452173.4722,0
452224.5475,0
452240.331,0
452478.8884,0
452533.157,0
452600.9968,0
452640.9106,0
452698.20900000003,0
453039.5489,0
453047.802,0
453161.83770000003,0
453187.63049999997,0
453261.3283,0
453307.769,0
453413.0523,0
453419.2262,0
453492.3749,0
453648.7419,0
453649.96403333335,0
453835.6892,0
453849.0231,0
453895.9239,0
454318.8773,0
454471.6075,0
454577.5712,0
454657.2672,0
454829.0834,0
454958.0995,0
455235.7218,0
455271.65236666665,0
455362.0095,0
455411.9993,0
455652.8509,0
455720.4354,0
455881.0725,0
456035.3329,0
456081.1436,0
456112.4631,0
456137.57779999997,0
456142.9039,0
456325.468,0
456327.1847,0
456527.0408,0
456853.7713,0
456904.6392,0
457056.88289999997,0
457273.9756,0
457285.8285,0
457308.755,0
457338.4077,0
457363.8506,0
457483.4514,0
457488.7955,0
457504.9924,2380.797599999991
457546.2581,0
457622.9361,0
457626.5327,0
457707.5449,0
457939.4897,0
457962.9213,2023.2936999999802
458146.8312,0
458155.9289,0
458226.5636,0
458321.8575,0
458348.9922,0
458467.6669,0
458482.5561,0
458525.2449,0
458654.9387,0
458666.2827,0
458762.7274,1670.4799999999814
458767.08160000003,0
458799.7084,0
458817.5697,0
458879.8419,0
459026.73250000004,0
459107.8796,0
459193.0327,0
459213.4059,0
459217.8015,0
459218.1912,0
459252.8865,0
459259.9454,0
459471.83160000003,0
459577.5314,0
459634.8077,0
459646.6392,0
459774.1965,0
459972.6128,0
459977.4254,0
460422.8804,0
460433.9694,0
460443.7041,0
460450.41,0
460678.6468,0
460741.8382,0
460850.9772,0
460910.8929,0
460926.7113,0
460965.7995,0
461015.73219999997,0
461039.9204,0
461520.1679,0
461639.47479999997,0
461758.8483,0
461827.7018,0
461965.02749999997,0
462047.6143,0
462229.7584,0
462310.8742,0
462422.0514,0
462643.2141,0
462788.0781,0
462821.3812,0
462997.9462,0
463074.6667,0
463117.3375,0
463286.8494,0
463480.0301,927.9410999999964
463616.8206,0
463729.3782,0
463909.8815,0
463926.9674,0
464033.0306,0
464137.2862,0
464379.8012,0
464538.2475,0
464542.6824,0
464807.8228,0
464843.9801,0
464893.16599999997,0
465103.7304,0
465212.9708,0
465305.4678,0
465469.1461,0
465604.0899,0
465650.8911,0
465754.0237,0
465772.3602,0
465786.4125,0
465987.2667,0
465991.4743,25.272200000006706
466026.0944,0
466048.7236,0
466255.9249,0
466316.93093333335,0
466425.1775,0
466428.9616,0
466657.4756,0
467048.1067,0
467099.6665,0
467158.7233,0
467239.8893,0
467519.5681,0
467579.8875,0
467776.3007,54.6247999999905
467887.9219,0
467922.51879999996,0
467994.9517,0
468276.6869,0
468390.9515,0
468628.8567,0
468752.3883,0
468838.9141,0
469645.8764,0
469716.1449,0
469822.733,0
469824.5158,0
469866.0816,0
469895.6437,0
470023.0067,0
470043.49809999997,0
470082.1839,0
470182.3738,0
470278.5895,0
470358.4423,0
470496.3498,0
470562.0941,0
470707.7811,0
470725.5146,0
470876.1196,0
470907.7699,0
471155.544,0
471161.4179,0
471288.3462,0
471318.5148,0
471509.8861,0
471670.1519,0
471718.0145,0
471729.2951,0
471982.2601,0
472191.51410000003,0
472585.5805,0
472588.2771,0
472691.121,0
472757.1108,0
473505.4008,804.9886999999871
473702.0134,0
473716.59510000004,0
473979.771,0
473994.79949999996,0
474037.8589,0
474046.6747,0
474068.9594,0
474451.1378,0
474468.65150000004,0
474473.7501,0
474478.5917,0
474523.8096,0
474633.4782,0
475182.8433,0
475420.624,7660.362100000028
475642.2732,0
475754.2258,0
475871.055,0
476022.348,0
476222.7164,1954.0654999999679
476320.33389999997,0
476414.2512,0
476493.8821,0
476521.9766,5337.497099999979
476556.6331,0
476615.21880000003,0
476654.6249,0
476773.1679,0
477042.05,0
477093.5888,0
477156.327,0
477159.4005,0
477226.4758,0
477259.442,5848.545400000003
477261.81460000004,0
477498.673,0
477701.788,0
477719.1108,0
477773.1224,0
477849.197,0
478009.4582,0
478237.4066,0
478525.3175,0
478719.4194,0
478743.4905,0
478766.9564,1127.3572000000277
478799.2318,0
478857.6937,0
478946.3881,0
479048.4224,0
479155.35360000003,0
479190.7651,0
479338.66229999997,0
479400.4852,0
479555.8295,3827.6315000000177
479616.2618,0
479758.1496,0
479838.4205,0
479849.93570000003,0
480091.7899,0
480109.4369,0
480211.753,0
480244.79110000003,0
480309.5679,0
480472.0281,0
480795.9618,0
481123.7986,0
481131.7089,0
481157.1359,0
481203.263,0
481232.8692,1796.9885000000359
481254.2181,0
481289.496,0
481595.8125,0
481641.64269999997,0
481895.3728,0
482036.293,0
482276.1373,0
482355.58900000004,0
482434.1555,552.349899999972
482456.9843,0
482612.9639,0
482931.6983,0
483114.5921,0
483157.635575,0
483229.1275,0
483271.9804,0
483508.0099,0
483540.6879,0
483662.6586,0
483786.1435,0
483885.3896,0
483953.4703,0
483985.4572,0
484017.3852,0
484609.5428,0
484691.185,0
484697.0169,0
484739.4464,0
484806.8689,0
484815.7378,0
484987.6426833333,0
485169.7434,0
485171.2597,0
485409.49,0
485734.3727,0
485957.4508,113.57815000001574
485984.1902,0
485999.1874,0
486265.9265,0
486552.5297,0
486685.2172,0
486686.7617,0
486801.2075833333,0
487136.4485,0
487202.131,0
487356.8159,0
487371.6805,0
487445.8102,0
487515.8367,0
487618.8621,0
487742.3957,0
488024.51545,0
488037.3966,0
488043.938,0
488229.083,0
488336.2757,0
488668.3782,2942.5308999999543
488693.9353,0
488697.803,0
488713.3375,0
488971.86329999997,0
488996.5888,0
489156.1127,0
489271.9411,0
489430.11950000003,0
489456.7323,0
489458.41599999997,0
489464.2349833333,0
489611.5174,0
489900.0552,0
490051.9617,0
490246.6841,0
490539.3021,0
490954.4684,0
491094.794,0
491230.001,0
491254.4007,0
491396.4758,0
491410.3477,0
491458.5474,0
491927.99193333334,0
491935.7997,0
491976.6357,0
492035.9019,0
492134.18220000004,0
492385.5885,0
492390.46259999997,0
492837.356,0
493127.4727,0
493251.57611666666,0
493328.41839999997,0
493655.94,0
493763.1824,0
493939.8961,0
494166.8646833333,0
494779.0156,0
494793.2559,0
495093.6743,0
495169.516,0
495566.2248,0
495707.2295,0
495709.31680000003,0
495918.1503,0
495986.63529999997,0
496105.1412,0
496111.1602,0
496122.1513,308.4255000000121
496314.07279999997,0
496381.2284,0
496386.7606,0
496398.76170000003,0
496434.9377,0
496523.5265,0
496613.0223,0
496724.8946,0
496974.5264,0
497113.15009999997,0
497311.7217,0
497346.2881,0
497490.36100000003,0
497807.08525,0
497893.6303,0
497905.2374,0
497974.0008,0
497975.7753,5607.132199999993
498146.4241,0
498208.841,0
498213.43830000004,0
498358.6749,0
498860.1933,0
498860.7818,0
499189.32824,0
499461.71869999997,0
499487.7932,0
499579.9821,0
499641.5202,0
499680.1886,0
499683.6867,0
499922.2013,954.5131000000401
499929.6243,0
500238.91260000004,0
500529.5217,0
500578.83759999997,0
500582.0926,0
500631.0742,0
500637.1095,0
500758.007325,0
501056.7848,0
501232.0675,0
501376.49332,0
501843.7362,0
502000.5273,0
502107.46880000003,0
502258.7945,0
502325.0892,4290.374699999986
502341.0701,7610.41730000003
502418.7847,0
502774.2861,0
502852.7317,0
502909.8283,0
503351.0243,0
503387.8547,0
503397.6359,0
503449.0551,0
503520.7539,0
503707.2078,0
503849.20389999996,0
503895.507,0
504032.2455,0
504115.8297,4938.0320000000065
504359.4296,0
504414.4388,0
504710.151,0
504790.5699,0
504822.0061,0
504886.0171,0
505078.0038,0
505159.8827,3366.467800000042
505160.1922,0
505234.0225,0
505315.1431,0
505395.5442,0
505422.0979,0
505459.5372,0
505510.3078,0
505595.3854,0
505602.4467,0
505786.8513,0
505903.5059,0
506120.9302,0
506485.4009,0
507141.1474,0
507149.6978,0
507256.6973,0
507280.68319999997,0
507298.0281,0
507378.422,0
507388.86340000003,0
507713.8623,0
507774.3247,0
507990.6632,0
508000.6822,0
508198.0789,0
508251.9729,0
508255.6333,0
508345.3343,0
508384.867,0
508664.9273,0
508800.6539,0
508807.6939,0
508840.5517,0
508889.6617,0
509481.901,0
509556.0426,0
509651.9621,0
509854.2851,0
509861.9365,0
509932.7971,0
509935.2725,0
510141.2187,0
510186.9883,0
510213.072,0
510264.2684,0
510301.3197,0
510317.7361,0
510383.365325,0
510450.0096,0
510633.8423,0
510656.95279999997,0
510675.5684,0
510737.768,0
510785.3767,0
510825.5845,0
510845.0548,0
511070.7409,0
511093.3538,0
511099.6174,0
511231.872,0
511263.2847,0
511473.09140000003,0
511534.5792,0
511611.1808,0
511757.7631,0
511814.3333,0
512004.46510000003,0
512094.7446,0
512171.2107,0
512182.8678,0
512288.7064,0
512411.5774,0
512480.9454,0
512634.8636,0
512745.2308,0
512790.3015,0
512801.2169,0
512900.675,0
513179.2035,0
513302.925,0
513346.8057,0
513446.8217,0
513604.4889,0
513857.5707,0
513886.4365,0
513987.4782,0
514081.8489,0
514169.1344,0
514226.1588,0
514371.3433,0
514491.8209,0
514811.4574,0
514826.376,0
514893.0726,0
514992.704,0
515083.139,0
515095.3244,0
515113.8727,0
515121.654,0
515231.2894,0
515309.3911,0
515348.6051,0
515456.24789999996,0
515516.619025,0
515633.5534,0
515644.5209,0
515713.0384,0
515719.29480000003,0
515730.5455,0
515732.6084,0
516051.0685,0
516248.7746,0
516328.4767,0
516748.5213,0
516837.266,0
516978.4575,0
516994.0076,0
517022.0413,0
517136.3841,0
517181.0588,0
517400.2142,0
517480.8828,0
517545.9481,0
517614.085,0
517671.453,0
517804.0543,0
517822.8085,0
517861.7499,0
517874.4301,0
517899.7931,0
518229.025,0
518410.576,0
518503.2867,0
518613.2813,0
518655.4209,0
518713.7394,7562.9295000000275
518766.5318,0
518918.9319,0
518932.724,0
519003.373,0
519277.294,0
519344.6332,0
519482.6877,0
519505.4119,0
519583.7471,0
519678.6811,0
519922.4788,0
520012.9865,0
520358.5389,0
520373.6851,0
520413.8503,0
520468.6854,0
520552.573,0
520605.6349,0
520716.6717,0
520892.9119,0
520932.03716666665,0
521060.4751,0
521103.421,0
521131.9075,0
521152.9615,0
521182.6635,0
521194.5784,0
521612.6492,0
521952.4936,0
522258.4733,0
522559.7311,0
522714.9501,0
523006.0639,0
523123.0658,0
523133.9156,0
523649.6187,0
523747.6673,0
523751.65249999997,0
523793.7064,0
523893.9072,0
523923.9117,0
524187.7582,0
524264.7194,0
524289.0006,0
524402.1284,0
524523.7384,0
524529.0972,0
524588.5482,0
524721.6978,0
524728.823,0
524755.1443,0
524936.8138,0
524955.0171,0
525054.49,0
525080.8111,0
525105.9879000001,0
525162.8622,0
525250.2245,0
525349.5797,0
525423.5156,0
525458.2738,0
525650.899,0
525685.7961,0
525833.4181,0
525880.8434,0
526066.2531,0
526209.2345,0
526247.6458,0
526299.8833,0
526423.0348,0
526432.5294,0
526450.2984,0
526467.385,0
526571.8025,0
526606.7914,0
526779.3696,0
527053.521,0
527388.0365,0
527520.9626,0
527532.1694,0
527586.764,0
527740.5011,0
527806.6332,0
527874.6905,0
528009.6126,0
528214.7727,0
528304.8632,0
528344.8332,0
528362.0276,0
528552.24,0
528638.5745,0
528781.1154,0
529059.4572,0
529172.7032,0
529328.8746,0
529481.4072,0
529510.0436,0
529651.3193,0
529657.1106,0
529827.0566,0
529984.1773,0
530049.7436,0
530237.772,0
530353.0047,0
530379.8677333334,0
530419.9887,0
530558.5494,0
530580.9662,0
530643.8141,0
530870.0989,0
531068.8632,0
531122.1002,0
531228.9274,0
531470.9674,0
531670.3451,0
531673.8314,0
531683.4193,0
531847.2915,0
532110.4107,112.42229999997653
532129.0364,0
532458.1443,0
532461.4008,0
532582.6361,0
532676.8144,0
532744.0925,0
532758.5317,0
532797.9092,0
532937.1758,0
533075.6579,0
533219.9048,0
533338.2521,0
533406.5608,0
533407.5315,0
533588.0486,0
533642.718,0
533877.3527,0
534043.8871,0
534118.85,0
534206.5924,0
534210.4097,0
534217.9052,0
534398.7798,2740.957300000009
534428.7775,0
534472.722,0
534486.6419,0
534535.1921,0
534540.0237,0
534549.7042,0
534564.6973,0
534627.348,0
534637.0773,0
534825.5277,0
534857.9109,0
534965.7558,0
535136.9775,0
535197.6569000001,0
535417.7441,0
535421.6684,0
535429.5289,0
535475.7133,0
535535.51,0
535558.2259,0
535805.9638,0
535850.1557,0
535853.0292,0
535872.3646,0
535946.9033,0
536434.5459,0
536440.8119,0
536454.403,0
536457.0387,0
536551.2332,0
536585.297,0
536606.3995,0
536793.4616,0
536813.2691,0
537137.2452,0
537296.2997,0
537327.8286,0
537580.6304,0
538086.1242,0
538107.6139,0
538191.4438,0
538310.6831,0
538316.5413,0
538454.3984,0
538475.0356000001,0
538732.3968,0
538815.1423,0
539054.8001999999,0
539055.169,0
539200.1488,0
539235.8667,0
539346.993,0
539382.6698,0
539464.0491,0
539632.2853,0
539742.0419,0
539791.275,0
539882.6923,0
539992.2711,0
540087.7412,0
540372.8689,0
540452.4162,0
540453.6409,0
540595.3757,0
540600.5093,0
540613.0663000001,0
540674.7736,0
540827.223,0
540953.494,0
541058.2837,0
541147.952,0
541291.6599,0
541311.3259,0
541403.8257,0
541415.4616,0
541459.1066,0
541511.2826,0
541671.2485,0
541822.7877,0
541894.1307,0
542063.0682,0
542074.9697,0
542119.7975,0
542175.8838,0
542442.7852,0
542473.406,0
542475.035,0
542518.1901,0
542545.5305,1949.8865000000224
542608.8773,0
542829.8384,0
542932.9198,0
542953.6273,0
543060.4794,0
543222.5456,0
543245.1078,0
543266.5206,0
543356.0731,0
543397.4871,0
543405.3698,0
543503.1101,1536.6897000001045
543524.9416,0
543696.1897,0
543950.471,0
544025.727,0
544028.9044,0
544122.4253,0
544133.2524,0
544306.5061,0
544352.6809,0
544577.3870999999,0
544598.5899,851.9015000000363
545118.4809666667,0
545140.7461,0
545159.5081,0
545196.0252,0
545361.9788,0
545539.0219,0
545579.8546,0
545699.4052,0
545755.129,0
545757.9207,0
545761.4511,0
545898.1099,0
545955.2224,0
546101.1061,0
546103.9068,0
546155.2604,0
546254.943,0
546262.2265,0
546455.591,0
546499.6075,0
546703.7245,0
546843.4942,0
546936.3669,0
547062.2383,0
547064.3735,0
547426.2258,0
547501.4306,0
547586.6674,0
547606.5859,0
547875.8005,0
547911.2885,0
548298.283,0
548367.137,0
548559.3701,0
548702.5828,0
548804.4828,0
548974.0429,0
549380.3608,0
549428.9824,0
549534.4527,0
549655.9927000001,0
549787.5238,0
549822.5663000001,0
550047.2865,0
550219.3317,0
550244.222,0
550293.1732,0
550382.7692,0
550388.3584,0
550479.44,0
550504.3424,0
550712.6994,0
550730.7929,0
550890.9357,0
551071.3801,0
551195.2142,0
551220.802,0
551353.9331,0
551588.352,0
551667.2853,0
552124.2121,0
552125.089,0
552302.3009,0
552360.8946,0
552411.6491,0
552449.0003,0
552496.5609,0
552775.161,0
552980.5329,0
553156.1168,0
553720.2598333333,0
553836.8963,0
553840.3162,0
553887.7144,506.46770000003744
553981.6414,0
554041.6223,0
554314.0364,0
554531.0035999999,0
554649.8851,0
554770.0088,0
554899.3525,0
554970.3763,0
555130.4667,1155.7844999999506
555189.9704,0
555236.3228,0
555368.8802,0
555420.5377,0
555563.7001,0
555803.0912,0
555807.9662,0
555832.3594,0
555943.5671,0
556104.8121,0
556108.3322,0
556349.8776,0
556379.5073,0
556421.1126999999,0
556430.931,0
556503.2474,0
556528.282475,0
556759.3883,0
557128.6896,0
557239.017825,0
557256.168,0
557625.4162,0
557690.4314,0
557916.1009,0
557924.2642,0
558326.8887,0
558450.6342,0
558500.666,0
558633.6271,0
558868.0062,0
558898.2109000001,0
559119.9488,0
559222.6897,0
559445.3005,0
559580.7384,0
559716.9872,0
559791.2809,0
559825.1152,0
560385.1876,0
560427.7714,0
560476.9006,0
560578.21864,0
560703.9839,0
560758.4271,0
560875.2083,0
560887.5146999999,0
560890.2246,0
560933.8992,0
560954.0202,0
561028.3881,0
561115.6071,0
561358.3447,0
561376.5011,0
561688.525,0
561840.6836,0
561886.9656,0
561936.0137,0
562073.9351,0
562268.8766,0
562397.6357,0
562460.3784,0
562554.9326,0
562555.0511,0
562603.2762,0
562751.2688,0
562758.3911,0
563113.1788999999,0
563127.895,0
563162.0392,0
563166.6739,0
563183.1228,0
563525.5559,0
563567.5016,0
563594.4986,0
563749.6885,0
563871.6679,0
563893.6407,0
563934.8865,0
564068.843,0
564121.78715,0
564175.5856999999,0
564251.3029,0
564290.1769,0
564354.509,0
564438.4888,0
564505.0176,0
564549.8481000001,0
564559.4622,0
564609.6425,0
564735.3299,0
564934.8674,0
565005.9321,0
565102.2646999999,0
565137.9532,0
565354.4399,0
565402.8197999999,0
565464.0116,0
565485.0248,0
565987.0357,0
566018.1423,0
566053.7431,0
566142.803,0
566164.7917,0
566246.6161,0
566304.2591,0
566359.7663,0
566366.4149,0
566414.8197,0
566451.6152,0
566483.3151,0
566500.1452,0
566702.3716666667,0
566922.4198,0
566925.5273,0
566932.1114,0
567245.9296,0
567312.696,0
567326.8896,0
567335.3067,0
567400.8738,0
567655.9301,0
567812.6523,0
567843.3124,0
567855.568,0
567957.1835,0
567991.4278,0
568193.4688,0
568345.4151,0
568468.7092,0
568471.5152,0
568625.4515,0
568686.9918,0
568779.4828,0
568828.0498,0
568889.8196,0
568897.4124,0
568902.0278,0
568934.9924,0
569151.6751,0
569162.0707,0
569180.5146,0
569333.0076,0
569344.1434,0
569403.629,0
569527.5169,0
569618.6199,0
569699.4888,0
569709.5018,0
569894.4578,0
569975.0503,0
570071.7142,0
570157.3603000001,0
570248.9565,0
570348.355,0
570456.9203,0
570521.7953,0
570529.1546,0
570775.5441,0
570860.3376,0
570930.1528,0
571041.0684,0
571161.4373,0
571337.2552,0
571560.943,0
571667.5734,0
571811.1744,0
572486.1233,0
572680.6801,0
572902.4279,0
573003.3244,0
573094.1914,0
573213.9333,0
573228.9177,0
573251.4427,0
573410.2183,0
573479.0111,0
573570.1289,0
573700.57425,0
573840.2204,0
573948.1063,0
574027.0233,0
574102.4235,0
574117.8049,0
574123.9345,0
574250.5816,0
574254.5059,0
574279.3008,0
574348.0457,0
575071.5029,0
575271.0359,0
575803.0347,0
575829.0702,0
576062.4276,0
576158.69094,0
576176.4846,0
576179.6537,0
576197.0544,0
576211.3694,0
576232.5414166667,0
576430.3081,0
576496.9799166666,0
576533.5684,0
576669.4294,0
576930.7498,0
577444.7043,0
577464.9789,0
577595.0438,0
577676.8576,0
577725.0153,0
577846.7138,0
577892.6844,0
578032.8796,0
578065.7382,0
578124.7667,0
578772.5462,0
578940.3507,0
579047.7998,0
579091.4165,0
579108.8877,0
579133.1038,0
579201.067,0
579356.2741,0
579570.6883,0
579588.686,0
579721.5471,0
579830.6562,0
580136.4693,0
580220.2069999999,0
580608.0259,0
580644.9982,0
580820.8338,0
580825.4098,0
580930.1268,0
581298.9591,0
581299.2483,0
581469.4921,0
581602.0632,0
582107.0099,0
582136.4443,0
582321.019,0
582359.1591,0
582429.1488666667,0
582510.5054,0
582566.4862,0
582573.4823,0
582690.7836,0
582965.7413999999,0
583201.8923,0
583362.7968,0
583444.0076,0
583528.8915,0
583767.9968,0
583894.9008,0
583984.1315,0
584026.6605,0
584031.1806,0
584501.4745,0
584834.1792,0
584923.3994,0
585246.7194000001,0
585451.4145,0
585483.597,0
585523.3765,0
585716.8077,0
585868.6382,0
585930.395,0
585972.316,0
585978.1332,0
586302.171,0
586365.3209,0
586756.4145,0
586939.3497,0
586940.8343,0
586955.2624,0
587148.946,0
587261.7251,0
587338.4436,0
587999.7224,0
588194.1972,0
588316.68382,0
588451.5372,0
588526.4552,0
588591.1406,0
588692.4087,0
588770.3571,0
588847.3473,0
588949.7058,0
588969.107,0
589104.8693,0
589240.9413,0
589269.8571,0
589494.3751,0
589668.0797,0
589718.819,0
590048.0034,0
590063.8101,0
590136.8985,0
590237.8478,0
590344.1666,0
590414.0651,0
590525.4671,0
590648.1446,0
590677.9032000001,0
590719.7804,0
590761.7546,0
591049.0453,0
591300.9181,0
591307.21748,0
591381.7204,0
591681.2001,0
591856.3644,0
592167.4216,0
592250.7276999999,0
592410.5762,0
592507.7691,0
592649.7226,0
592972.7678,0
593141.2301,0
593244.1528,0
593315.2605,0
593461.1729,0
593541.3377,0
593612.7388,0
593708.7726,0
593789.8483,0
593847.9452,0
593880.9472,0
593929.0921,0
593982.8678,0
594294.2189,0
594299.2143,0
594336.3689,0
594469.9823,0
594764.3649,0
594833.1472,0
594840.4055,0
594927.922,0
595014.9649,0
595039.4748,0
595103.6216,0
595109.2084,0
595157.0229,0
595161.6964,0
595239.3798,0
595417.5229,0
595458.3758,0
595513.2187,0
595542.169,0
595545.4692,0
595622.8445,0
595667.8218,0
595711.3364,0
595778.5916,0
595837.2632,0
596011.0512999999,0
596047.2103,0
596248.358,0
596372.5178,0
596393.4157,0
596406.5098,0
596564.1147,0
596614.8503,0
596817.0644,0
597115.1922,0
597144.8138,0
597241.929,0
597315.9298,0
597525.9351,0
597542.6784,0
597639.7297,0
597651.2959,0
597969.621,0
598012.1615,0
598051.1042,0
598105.8889,0
598117.6417,0
598311.3278,0
598338.4825,0
598365.5226,0
598480.5665,0
598667.9023,0
598699.9976,0
598748.959,0
598769.5687,0
598881.2602,0
599025.877,0
599152.4085,0
599164.0456,0
599382.4711,0
599659.0413,0
599820.4989,0
599864.2736,0
599879.9752,0
599906.4316,0
599949.9489,0
600091.2985,0
600146.8705,0
600204.8938,0
600210.3877,0
600308.2158,0
600376.738,0
600536.309,0
600538.1852,0
600538.4749,0
600619.3095,0
600654.3964,0
600752.3651,0
600771.337,0
600773.099,0
600873.8093,0
600966.4805,0
601016.5519,0
601278.777,0
601564.5655,0
601565.9384,0
601582.5581,0
601720.0379,0
601962.7249,0
602074.7858,0
602092.9744333334,0
602117.4373,0
602306.6124,0
602349.5967,0
602362.4653,0
602446.8426,0
602485.0428,0
602534.149,0
602842.9731,0
602888.7087,0
602897.7561,0
602911.9515,0
602916.9426,0
603033.3989,0
603056.0279,0
603068.0509,0
603069.1885,0
603140.1326,0
603246.7675,0
603262.7183,0
603289.3321,0
603306.1223,0
603354.9771,0
603484.3571,0
603521.4557,0
603527.0957,0
603538.5503833333,0
603556.3673,0
603563.6377,0
603576.4438,0
603688.626,0
603758.7539,0
604004.6872,0
604011.6405,0
604070.3656,0
604096.924,0
604098.7707,0
604150.9331,0
604259.4251,0
604283.9323,0
604309.9881,0
604329.0043,0
604348.7308,0
604404.3365,0
604552.0382000001,0
604584.4972,0
604691.555,0
604830.6629,0
604844.8638,0
604936.9711,0
605311.8465,0
605343.2591,0
605456.5327,0
605544.4319,0
605863.5196666666,0
606060.018,0
606111.8997166667,0
606154.2036,0
606322.8828,0
606334.2831,0
606493.171,0
606594.5508,0
606665.452,0
606775.8959,0
606815.2131,0
606821.8547,0
606848.2542,0
607060.9778,0
607110.9285,0
607144.5684,0
607253.5574,0
607292.8458,0
607316.6316,0
607542.5378,0
607594.1073,0
607622.6158,0
607787.38,0
607836.6879,0
607836.9626,0
607859.0303,0
607926.4587,0
607956.6283,0
608248.9617,0
608568.6875,0
608588.1217,0
608809.7833,0
608844.3069,0
609120.2504,0
609198.1277,0
609207.9004,0
609357.2848,0
609409.4219,0
609470.43565,0
609483.2768,0
609488.314,0
609594.0823,0
609601.9852,0
609815.96,0
609948.223,0
609952.8534,0
609963.145,0
610154.157,0
610181.7693,0
610315.7308,0
610355.9038,0
610419.7161,0
610629.2904,0
610653.8204,0
610755.8817,0
610816.2345,0
610854.5294,0
610908.7496,0
611059.0346666666,0
611291.1736,0
611354.7538,0
611385.806,0
611576.2815,0
611670.6596,0
611914.7533,0
612008.0721,0
612069.7053,0
612222.1614,0
612270.9364,0
612649.9689,0
612691.6406,0
612796.5352,0
612890.1457,0
613003.8506,0
613010.9387,0
613235.0891,0
613321.1977,0
613357.5262,0
613394.1576,0
613399.6,0
613495.0048,0
613528.8071,0
613627.9587,0
613648.3169,0
613684.3347,0
613743.2587,0
613822.3327,0
613844.9089,0
613954.9506,0
614074.5237,0
614098.9375,0
614105.0272,0
614134.5956,0
614144.3676,0
614195.58,0
614226.088,0
614258.875,0
614360.7164,0
614386.7421,0
614505.2107,0
614511.1828,0
614544.9215,0
614558.4732,0
614577.7522,0
614586.4822,0
614632.7997,0
614637.388,0
614725.5211,0
614918.9539,0
614925.3462,0
614927.8707,0
614943.0218,0
615056.6076,0
615065.9454,0
615084.3234999999,0
615229.5385,0
615313.1227,0
615354.8401,0
615479.2087,0
615550.8946,0
615579.603,0
615584.8486,0
615649.4916,0
616121.8863,0
616129.0086000001,0
616148.8555,0
616225.0448,0
616466.1522,0
616467.002,0
616492.4614,0
616562.9462,0
616599.0574,0
616672.0701,0
616700.5933,0
616715.3462,0
616740.5255,0
616757.2123,0
616932.5078,0
617089.9206,0
617241.4488,0
617413.366,0
617492.9742,0
617536.2966,0
617768.7751,0
617864.8775,0
617874.1598,0
617995.4895,0
618054.2079,0
618164.6581,0
618362.9771,0
618379.9165,0
618388.9478,0
618434.9539,0
618468.01,0
618601.9859,0
618772.1422,0
618955.8547,0
618963.727,0
619290.3396,186.83669999998529
619330.4579,0
619355.1819,0
619453.019,0
619514.4155,0
619821.7785,0
619924.2169,0
620106.8605,0
620108.5331,0
620157.9765,0
620233.9113,0
620289.245,0
620313.8194,0
620386.6115,0
620424.5228,0
620487.8443,0
620551.9393,0
620647.6225,0
620777.9978,0
620830.4935,0
620856.6425,0
621362.2535,0
621403.9105,0
621538.1684,0
621580.2482,0
621839.3635,0
621953.2006,0
621957.3528,0
622040.5476,0
622059.4693,0
622100.2434,0
622359.7024,0
622779.2553,0
622961.3281,0
623234.8371,0
623282.792,0
623288.526,0
623572.4583,0
623820.2896,0
623865.0686,0
623956.9142,0
624101.6181,0
624144.1773,0
624146.4319,0
624260.1884,0
624588.3125,0
624650.9045,0
624792.79,0
625156.9174,0
625265.2957,0
625397.725,0
625428.6307,0
625489.7228999999,0
625536.1697,0
625618.5966,0
625665.476,0
625691.589,0
625732.4317,0
625747.303,0
625844.6156,0
625937.5528,0
626003.6309,0
626022.9447,0
626053.0283,0
626130.6575,0
626163.7188,0
626485.5028,0
626698.9871,0
626720.5662,0
626825.0083999999,0
626847.4951,0
626975.2795,0
627086.4521999999,0
627175.2367,0
627233.2708,0
627388.257,0
627441.7225,0
627524.9027,0
627556.3654,0
627938.6533,0
628202.5961,0
628253.9675,0
628512.4014,0
628565.1124,0
628566.04,0
628659.1107,0
628682.7203,0
628745.4857,0
628808.5913,0
628934.8368,0
629152.4943,0
629159.8207,0
629483.8687,0
629486.2062,0
629513.9287,0
629824.4799,0
630034.8806,0
630049.1904,0
630197.6137,0
630213.2294000001,0
630325.801,0
630376.5205,0
630566.3954,0
630594.1973,0
630692.1818,0
630784.2896,0
630946.0432,0
630949.1901,0
631002.6429,6549.208099999931
631072.0875,0
631093.8107,0
631144.2345,0
631151.1089999999,0
631457.1607,0
631457.6942,0
631481.1468,0
631488.8089000001,0
631503.7635,0
631516.4807,0
631563.9305,0
631573.8525,0
631844.7113,0
632181.1342,0
632225.4389,0
632502.1046,0
632590.0131,0
632636.3541,0
632685.416,0
632795.9025,0
632798.7925,0
632804.2356,0
632975.6597,0
633224.9098,0
633578.1632,0
633611.0046,0
633658.9616,0
633690.1647,0
633713.6889,0
633988.8042,0
634292.7319,0
634303.8717,0
634629.2638,0
634676.5358,0
634721.985,0
634970.1332,0
635099.368,0
635293.8741,0
635294.8797,0
635363.8179,0
635435.9696,0
635452.8337,0
635685.4076,0
635728.5893999999,0
635743.9128,0
635796.4955,0
635831.765125,0
635979.2376,0
636008.5874,0
636047.1588,0
636051.7508,0
636148.0211,0
636458.9455,0
636501.315,0
636760.8556,0
636975.1505,0
637103.2011,0
637136.6159,0
637211.2566,0
637382.0082,0
637437.7217999999,0
637458.4218,0
637461.437,0
637481.8653,0
637581.2187,0
637593.8076,0
637833.317,0
638104.9615,0
638194.6403,0
638213.9827,0
638348.5711000001,0
638570.246,0
639012.3504,0
639112.2224,0
639201.7375,0
639243.6103000001,0
639281.2063,0
639484.2978,434.41379999998026
639634.2622,0
640061.8436,0
640248.5283,0
640257.8269,0
640322.4349,0
640345.8157,0
640369.5439,0
640529.9664,0
640742.6089999999,0
641063.4697,0
641186.8782,0
641235.1489,0
641333.9674,0
641363.56215,0
641412.337,0
641462.0501,0
641579.0475,0
641615.435,0
641662.2441,0
641869.0492,0
641989.6142,0
642089.0317,0
642130.8513,0
642208.2388,0
642296.7772,0
642362.6807,0
642370.8347,0
642427.0558,0
642639.1773,0
642919.6546,0
643164.5213,0
643237.1777,1911.1404999999795
643338.0964,0
643621.608,0
643736.8112,0
643883.8186,0
643995.3134999999,0
644281.9114,0
644300.162,0
644564.7646999999,0
644666.7878,0
644733.1389,0
644760.1844,0
644804.9774333333,0
645073.7405,0
645101.6701,0
645118.0636,0
645129.4286,4989.273099999991
645171.9966,0
645249.5188,0
645460.7794,0
645562.2707,0
645583.5984,0
645658.1151,0
646004.8377,0
646118.3258,0
646180.5729,0
646548.179,0
646686.4183,0
646702.2676,0
646877.0885,0
646969.8177,0
647069.3222,0
647179.4541,0
647184.0007,0
647310.0088,0
647426.8603000001,0
647547.7683,0
647633.8294,0
647706.0595,0
647813.2365,0
647937.435,0
648327.6587,0
648509.047,0
648632.5126,0
648785.6777,0
649392.0656,0
649393.3612,0
649404.36,0
649534.1396,0
650010.6495,0
650296.6575,0
650301.5288,0
650310.6622,0
650358.0711000001,0
650437.6446,0
650806.893,0
650817.6592,0
650876.8596,0
650973.3369,0
651067.2476,0
651349.3507,0
651429.21,0
651499.1499,0
651550.5172,0
651643.4271,0
651708.0205,0
652081.6303,0
652229.8009,0
652431.1908,0
652825.0083,0
652947.0408,0
653068.324,0
653384.729,0
653411.0715,0
653463.4546,0
653485.207,0
653492.9117,0
653514.8753,0
653562.2585,0
653658.6066,0
653765.2205,0
653766.0504000001,0
653840.7744,0
653865.7648,0
653973.7339,0
653991.4207,0
653994.8269,0
654319.4099,0
654326.6559,0
654447.2364,0
654555.3152,0
654700.063,0
655196.662,0
655238.2047,0
655416.3098,0
655935.6322,0
656101.3215,0
656250.927,0
656327.7488,0
656388.874,0
656450.4334,0
656583.5022,0
656664.7589,0
656824.6922,0
656841.2767,0
656890.9703,0
656948.1447,0
656958.2237,0
657067.0398,0
657083.0454,0
657106.8513,0
657155.0313,0
657453.3043,0
657528.6436,0
657686.5509,0
657802.1218,0
657816.3548,0
657901.9845,0
657943.7642,0
658194.7794,0
658347.102,0
658436.72,0
658657.2836,0
658858.04755,0
658920.6693,0
658922.8719,0
658999.7352,0
659089.1584,0
659125.3493,0
659287.3937,0
659514.9177,0
659977.4961,0
660058.3625,0
660293.8649,0
660498.3677000001,0
660682.9486,0
661235.3234,0
661253.1723,0
661299.8472,0
661594.3068,0
661780.2397,0
661865.9664,0
662046.5929,0
662298.3382,0
662839.4114,0
662930.2334,0
663148.152,0
663173.5416,0
663179.6398,0
663568.0201,5731.858099999954
663649.9,0
663725.5494,0
663760.2409,0
663839.3802,0
663854.0646,0
663963.9113,0
664217.7661,0
664298.5926,0
664572.5185166667,0
664631.9373,0
664729.373,0
664800.8143,0
664822.0845,0
664861.236,0
664919.4988,1779.2136999999639
665282.1268,0
665457.1228,0
665677.1993,0
665879.2789,1375.06520000007
666458.5226,0
666477.1664,0
666609.1484,0
666610.2241,0
666704.9761,0
666728.1536,0
666748.0948,0
666901.011,15240.80495000002
667016.3709,0
667145.174,0
667206.49225,0
667259.2947,0
667788.4073,0
667908.223,0
667934.5854,0
667951.2913,0
668071.2646,0
668154.1375,0
668244.6648833334,0
668274.8252,0
668286.6833,0
668312.4767,0
668364.2503,0
668568.1408,0
668625.2582,0
668736.857,0
668826.2455,0
669059.8855,0
669110.4326,0
669164.5037,0
669176.1383,0
669267.3523,0
669332.0836,0
669424.3157,0
669426.2118,0
669440.5249,0
669523.9217,0
669578.7121,0
669846.0082,0
669896.4878,0
670038.0198,0
670273.3786,0
670429.8289,0
670456.8232,0
670479.2701,0
670482.1652,0
670749.0452,0
670847.5164,0
670864.9654,0
671068.7441,0
671071.911,0
671271.2276,0
671381.1933,0
671392.2016,0
671451.2768,0
671633.4669,0
671922.1633,0
672062.852,0
672264.1226,0
672472.6163999999,0
672501.5296,0
672561.9627,0
672600.1762,0
672606.62,0
672939.5832,0
672988.2959,0
673019.8839,0
673040.6807,0
673290.925,0
673375.8927,0
673399.7188,0
673426.1671,0
673464.7264,0
673514.8338,0
673540.4431,0
673773.45,0
673847.2198,0
674059.439875,0
674296.0547,0
674357.805525,0
674571.4858,0
674660.4021000001,0
674950.6324,0
675045.911,0
675216.3476,0
675269.3476,0
675322.1245,0
675324.7811,0
675531.8643,0
675558.26,0
675746.8645,0
675932.3755,0
676126.5661,0
676410.5801,0
676901.1425,0
677211.5318,0
677214.296725,0
677310.7141,0
677485.5223,0
677952.5831,0
677975.0022,0
678020.7776,0
678153.1218,0
678178.5754,0
678225.2495,0
678277.3593,0
678353.3815,0
678403.5487,0
678539.2913,0
678552.8617,0
678662.823,0
678786.9819,0
678960.0223,0
678962.2663,0
679002.5335,0
679172.2441,0
679369.178,0
679393.7568,0
679429.5064,0
679431.0408,0
679433.654,0
679451.2013,0
679800.1946,0
679806.1782,0
679868.5451,0
680071.0473,0
680242.7642,0
680502.6621,0
680527.9778,0
680613.0904,0
680615.7315,0
680649.2737,0
681158.6253,0
681196.2274,0
681198.7166,0
681199.4728,0
681372.8714,0
681393.8367,0
681457.4379,0
681498.9935,0
681584.9943,0
681596.1967,0
681654.3991,0
681696.1557,0
681717.4339,0
681838.7526,0
682021.4318,0
682160.0264,0
682277.0243,0
682333.7896,0
682354.6471,0
682363.5129,0
682370.9665,0
682629.9071,0
682723.4516,0
682884.884,0
682894.0596333334,0
682982.1389,0
683063.9585,0
683143.295,0
683216.9101,0
683242.2325,0
683290.1432,0
683381.6128,0
683407.619,0
683481.9482,0
683502.2234,0
683574.0753,0
683604.0167,0
683840.6321,0
683865.0311,0
683881.4651,0
683937.8024,0
683943.7323,0
683984.3642,0
684049.8765,0
684098.7352,0
684261.1225,0
684407.0114,0
684439.09966,0
684460.4831,0
684475.8966,0
684594.622,0
684603.4627,0
684611.0237,0
684698.6804,0
684759.7088,0
684778.5206,0
684886.245,0
685012.7248,0
685072.4677,0
685128.2751,0
685148.1902,0
685229.482,0
685345.778,0
685466.8569,0
685480.3003,0
685657.0725,0
685669.8012,0
685712.2707,0
685830.2574,0
686070.1768,0
686073.8571,0
686316.8376,0
686324.6335,0
686367.563,0
686401.6183,0
686703.5637,0
686867.9356,0
686870.7852,0
686937.1083,0
687153.3314,0
687317.0630833333,0
687454.9759,0
687597.4297,0
687764.5702666667,0
688035.9159,0
688066.9295,0
688106.4191,0
688217.9779,0
688327.6817,0
688511.8065,0
688543.9368666667,0
688574.7795,0
688578.665,628.9856000000145
688635.7676,0
688842.7116,0
688845.6255,0
688954.5293,0
689024.0586,0
689141.008,0
689288.8806,0
689329.586,0
689403.1102,0
689465.9447999999,0
689589.1658,0
689786.9036,0
690055.2383,0
690069.5377,0
690079.1576,0
690131.4768,0
690179.0889,0
690200.246,0
690329.13,0
690394.2078,0
690453.9156,0
690482.3686,0
690664.1009,0
690714.8851,0
690724.4617,0
690743.2174,0
690820.4322,0
690829.0334,0
690885.6775,0
690901.1562,0
690952.421,0
690955.9911,0
691294.3657,0
691596.77,0
691619.8286,0
691676.756,0
691718.7785,0
691755.881,0
691803.9959,0
691855.246,0
691946.9194,0
692062.1533,0
692152.3405,0
692528.1021,0
692557.4331,0
692653.459,0
692677.5751,0
692803.7729,0
692822.8303,0
692847.0179,0
692934.7162,0
692979.2425,0
692984.62,9457.569999999949
693039.5139,0
693086.3224,0
693101.0159,0
693148.4866,0
693210.2667,0
693258.4606,0
693265.76,0
693333.8361,0
693426.113,0
693608.3192,0
693654.2964,0
693824.9585,0
693841.3292,0
693875.2332,0
693896.541,0
694097.7715,0
694121.3851,0
694235.9506,0
694271.1167,0
694426.8045,0
694532.9198,0
694581.1761,0
694610.8998,0
694614.6532000001,0
694721.4256,0
694769.5354,0
694796.084,0
694805.4402,0
694872.4443,0
695007.5217,0
695067.8712,0
695107.2064,0
695160.7192,0
695394.9617,0
695416.9558,0
695512.45254,0
695527.0678,0
695587.5523,0
695717.9302000001,0
695768.7438,0
695825.6187,0
695929.4869,0
696132.143,0
696373.1986,0
696395.3597,0
696488.0085,0
696530.8879,0
696612.5655,0
696615.9573,0
696985.8669,0
697018.8188,0
697026.5395,0
697304.653,0
697384.62,0
697895.2983,0
698012.9344,0
698141.3491,0
698334.2863,0
698671.9046,0
698671.9970333333,0
698729.0837,0
698910.6336000001,0
699179.2319,0
699240.7634,0
699268.6753,0
699287.3737,0
699397.002,0
699628.5924,0
699895.3425,0
699964.1473,0
700100.3312,0
700462.4023,0
700554.5472,0
700597.2606,0
700660.5955,0
700950.8704,0
701094.6118000001,0
701132.3896999999,0
701257.0271,0
701315.7721,0
701320.6317,0
701400.1131,0
701435.9214999999,0
701447.2253,0
701482.2306,0
701518.7336,0
701650.116,0
701689.5641,0
701701.5966,0
701714.259,0
701985.6327,0
702042.3046,0
702081.3249,0
702253.6636,0
702268.345,0
702364.2333,0
702371.9116,0
702588.2546,0
702591.9672,0
702762.0914,0
702864.2793,0
702977.4669,0
703037.4882,0
703054.5983,0
703063.0123000001,0
703179.9802,0
703211.9002,0
703231.9706,3030.176499999943
703410.5431,0
703499.9927000001,0
703599.9549,0
703621.1015,0
703651.8839,0
703742.9908,0
703894.8522,0
703895.0812,0
704141.7835,0
704195.3973,0
704208.2134,0
704242.5546,0
704251.6643,0
704508.3908,0
704616.7804,0
704657.7137,0
704721.2018,0
704806.4829,0
704857.8886,0
704870.9027,0
705062.2747,0
705105.5737,0
705108.9116,0
705178.5452,0
705190.5671,0
705227.3138,0
705262.6925,0
705296.7262666667,0
705312.9139,0
705394.5595,0
705424.6322,0
705541.5304,0
705610.1398,0
705798.1676,0
705820.0174,0
705924.8806,0
705977.5005,0
705999.8141,0
706042.1261,0
706086.2579,0
706183.7266,0
706323.7438,0
706603.6293,0
706760.5392,0
706858.1049,0
707068.5884,0
707111.9061,0
707135.5928,0
707290.7499,0
707341.2644,0
707381.7897,754.3045999999158
707589.6529,0
707619.8258,0
707630.3142,0
707726.2561,0
707777.6727,0
707872.6682,0
708148.9506,0
708228.0643,0
708308.7327,0
708338.3574,0
708365.6544,0
708372.0469,0
708450.9102,0
708487.9954,0
708498.0103,0
708549.5454,0
708622.1366,0
708653.1459,0
708867.183,0
709229.0558,0
709323.1857,0
709351.0155,0
709386.2449,0
709503.6024,0
709544.2869,0
709652.103,0
709731.6328,0
709782.7071,0
709809.0325,0
709912.0597,351.14359999995213
710024.0289,0
710220.1433,0
710262.6009,0
710289.2749,0
710293.7117,0
710318.7106,0
710373.8376,0
710408.9448,0
710429.629,0
710521.3984,0
710585.6637,0
710588.8935,0
710599.7517,0
710621.2815,0
710710.0521,0
710872.9747,0
710895.9493,0
711102.1541,0
711136.2348,0
711210.0706,0
711212.5948,0
711299.2839,0
711374.8485,0
711483.1696,0
711503.4138,0
711805.2967,0
711843.1913,598.2273999999743
711843.4903,0
711892.3195,0
712055.5325,0
712138.6873,0
712167.1221,0
712256.0888,0
712373.7821,0
712378.934,0
712504.3673,0
712648.1028,0
712681.3051,0
712705.2391,0
712987.1032,0
713037.7014,0
713101.8219,0
713175.1566,0
713230.7416,0
713242.3909,0
713364.9166,0
713530.5713,0
713605.7193,0
713618.1491,0
713756.4197,0
713759.4562,0
713773.5832,0
713917.6983,0
714057.7551,208.1449999999022
714062.6975,0
714157.426,0
714160.2579,0
714329.0109999999,0
714365.4623,0
714369.1357,0
714439.7723,0
714517.7116,0
714682.3913,0
714713.056,0
714829.9157,0
715053.9913,0
715208.6053,0
715265.785,0
715270.8149,0
715468.7567,630.0811000000685
715573.3744,0
715632.3623,0
715969.0799,0
715977.2005,0
716032.2154,0
716039.4118,0
716041.9294,0
716108.4419,0
716154.5433,1153.6728000000585
716160.8653,0
716182.3281,0
716200.8854,0
716228.0557,0
716266.6337,0
716329.9253,0
716350.2443,0
716691.0055,0
716930.0972,0
716985.4497,0
717447.815,0
717448.8182,0
717526.914,0
717680.2716,0
717680.5545,0
717821.6924,0
718084.0767,0
718090.681,0
718125.9311,0
718160.9085,0
718262.793,0
718369.2052,0
718416.7631,0
718596.4862,0
718650.2637,0
718772.1153,0
719094.6766,0
719177.3758,0
719289.8726,0
719577.9088,0
719687.8772,1479.8752000000095
719696.226,0
719707.791,0
719731.0629,0
719749.0146,0
719756.7819000001,0
720087.6007,0
720110.0744,0
720150.0197000001,0
720553.5342999999,0
720592.2255,0
720815.9709,1011.1534999998985
721155.3392,0
721209.808,0
721298.1264,0
721299.6888,0
721436.3845,0
721537.307,0
722008.3767,0
722088.4978,0
722217.6052999999,0
722339.8461,0
722387.0896,0
722541.2486,201.23889999999665
722569.4106000001,0
722620.7505,0
722715.4219,0
722782.2034,0
722975.8171,0
722984.9276,0
723043.099,0
723121.5078,0
723631.4856,0
723689.4091,174.55320000008214
723731.6221,0
723854.5193,0
723925.5673,0
723951.6091,0
724201.1386,0
724353.8492,0
724542.2353000001,0
724578.3821,0
724616.863,0
724628.1007,0
724672.4697,0
724736.3647,0
724930.8203,0
724966.2218,0
725008.4594,0
725012.7178,0
725198.0585,0
725300.9992,0
725456.7163,0
725491.2087,0
725830.0096,0
726052.2273,0
726341.6803,0
726348.0127,0
726378.9484,0
726489.868,0
726584.7136,0
726731.6089999999,0
726770.9192,0
726786.3579,0
726787.1803,0
726829.9281,0
726946.4103999999,0
727024.6413,0
727109.4454,0
727212.4444,0
727221.0227,0
727394.6916,0
727602.3617,0
727781.3055,18.584600000060163
728033.959,0
728167.2847,0
728513.5928,0
728558.4345,344.56929999997374
728751.8913,0
728800.6807,0
728828.8837,0
728977.6828000001,0
729129.5852,0
729175.7735,0
729334.6344,0
729356.7993,0
729468.7688,0
729488.3391,0
729508.1207,0
729565.0043,0
729682.664,0
729769.522,0
729840.2812,0
729898.3595,0
729974.7878,0
730152.4383,0
730639.4316,0
730763.5419,0
730792.3192,0
730811.8563,0
730875.0685,0
730879.2234666666,0
731182.5439,0
731300.75,0
731472.9384,0
731543.3932,0
731795.761975,0
731831.0458,0
731894.45404,0
731954.8419,0
732000.1795,0
732017.5862,1371.3865000000224
732200.7978000001,0
732253.7311,0
732287.487,1383.233099999954
732341.1706,0
732345.6946,0
732532.8453,0
732692.3651,0
732696.3481000001,0
732774.5046,0
732957.2471333334,0
732962.7643,0
733184.526,0
733255.9471,0
733419.6411,0
733455.0657,0
733569.9165,0
733581.6474,0
733701.744,0
733881.7197,5185.378600000055
733893.6816,0
733902.8538166666,0
734087.1088,0
734119.0001,0
734171.5032,0
734357.16,0
734431.6029,989.8099000001093
734547.6452,0
734547.8586,0
734622.8759,0
734848.0115,0
734875.3109,203.34760000009555
734900.9737,0
734929.5332,0
735044.0333,16253.277499999967
735127.2682,0
735402.7304,0
735526.8211000001,0
735559.7905,0
735662.6714999999,0
735830.1699,0
735949.8905,0
736072.4518,0
736222.9597,0
736271.1128,0
736314.4745,0
736487.4016,0
736626.755,0
736702.7407,0
736847.1405,0
737160.823,0
737293.9306,0
737443.9735,0
737447.0239,0
737451.0048,0
737465.7098,0
737735.3855,0
737977.7259,0
738025.3784,0
738029.0192,0
738039.7587,0
738240.7429,0
738280.0129,0
738335.8058,0
738501.7615,0
738633.71236,0
738634.473,0
738675.2608833333,0
738817.7226,0
738949.5342,0
739114.5514,14789.271700000041
739139.8666,0
739484.557175,0
739634.4804,0
739634.7134,0
739704.6732,0
739884.342,12659.699599999934
739957.5041,0
739974.7545,0
740195.232,0
740465.549,0
740583.5368,0
740731.5171,0
740804.0949,0
740935.9682,0
741133.656,0
741867.1999,0
741934.9726,0
741973.4424,0
742202.5579,0
742243.1484,0
742964.2316,0
743126.9154,0
743472.134,0
743533.5013,0
743558.9173,0
743626.0265,0
743763.6202,0
743831.3114,0
743977.7507,0
744087.7424,0
744292.229,0
744331.7021,0
744438.2395,0
744770.799,0
744880.4739,0
744927.0235,0
745131.226,0
745133.0104,0
745255.4223,0
745692.442,0
745729.6079333334,0
746100.0414,0
746113.5686,0
746344.8612,0
746542.8618,0
746547.7188,0
746845.0489,0
747120.1187,0
747374.8703,0
747442.5377,3630.7413999999408
747715.2878,0
747830.2058,0
748011.9314,0
748165.5933,0
748238.4409,0
748314.0211,0
748342.6079,0
748425.7711,0
748437.6476,4146.818800000008
748786.3519,0
748844.142,0
748987.7852,0
749042.00182,0
749260.0739,0
749469.3452,0
749487.2325,0
749553.3207,0
749577.3158,0
749710.0221,0
750032.9578,0
750124.4825,0
750854.7663,0
750871.9425,0
750907.3589999999,0
751033.6774,0
751200.9159,0
751228.3439,0
751302.0933,0
751381.8863,0
751448.8983,0
751710.2242,0
751975.5889,0
752015.2565,0
752065.4829,0
752072.9032000001,0
752370.2338,0
752388.943,0
752593.0714,0
752597.9098,0
752603.3734,0
752696.3589999999,0
752831.2921,0
753185.6166,0
753455.7937,0
753843.0986,0
753899.3785,0
754286.341,0
754343.7495,0
754688.2297,0
754840.0311,0
754924.3743,0
755143.2211,0
755199.7769,0
755351.0744,0
755362.2936,0
755424.2995,0
755471.1252,0
755643.0653,0
755692.2761,0
755762.5823,0
755766.8948,0
755794.23614,0
755835.939,0
755846.2186,0
756054.3388,0
756149.6448,0
756152.7998,0
756178.7597,0
756348.2176,0
756424.4539,0
756484.304,0
756634.685,0
756948.6128,0
756959.8009,9785.397400000016
756993.3161,0
757031.7803,0
757129.8936,0
757365.0262,0
757615.2049,0
757734.7438,0
758106.0839,0
758173.3243,0
758227.5723,0
758441.0746,0
758465.0192,0
758469.7586000001,0
758655.7332,0
758659.7976,0
759037.8814,0
759050.7389,0
759073.0336,0
759240.0799,0
759305.5936,0
759539.402,0
759689.0046,0
759876.7015,0
759955.8897,3471.1798000000417
760157.5637,0
760292.2652,0
760325.3177,0
760525.8376,0
760831.584,0
761004.8868,0
761026.8556,0
761136.2278,0
761262.7566,0
761282.2258,0
761303.4537,0
761512.7842,0
761562.2728,0
761728.218,0
761804.9938,0
761876.5546,0
762315.0786,0
762340.6588,9962.194699999993
762376.9677,0
762379.3072,0
762519.6803,0
762723.3638,0
762981.2577,0
763240.1625,7315.039099999936
763405.1769,0
763444.7357,0
763686.2902,0
763686.9831,0
763923.6194,0
763967.0924,0
764191.8561,0
764206.009,0
764315.5755,0
764333.0294,0
764389.0993,0
764464.8057,0
764477.612,0
764576.7117,0
764608.6468,0
764627.5357,0
764650.4726,0
764710.2496,0
764743.2981,0
764763.631,0
764935.2733,5210.74450000003
765005.744,0
765152.1362,0
765198.1577,0
765390.3918,0
765624.5102,0
765686.1592999999,0
765740.967,5490.351799999946
765893.9786,0
765935.9896,0
766127.4492,0
766258.9061,0
766335.6535,0
766341.5593,0
766346.9569,0
766376.1272,0
766397.4347,0
766701.1186,0
767032.0943,0
767095.7798,0
767115.3874,0
767207.2534,0
767212.4781,0
767234.7237,0
767301.7127,0
767312.5854,0
767406.0191,0
767543.8635,0
767672.8146,0
767704.2021999999,0
767742.9989,0
767749.8955,0
767804.3885,0
767897.0530000001,0
768242.6306,0
768394.7532,0
768420.6602,0
768766.3736,0
769110.7443,0
769147.1669,0
769168.0852,0
769178.5582,0
769212.563,0
769353.1193,0
769562.3542,0
769747.8430999999,0
769837.0693,0
769863.3801,0
769863.8098,0
769990.9664,0
770065.1404,0
770086.9885,0
770163.3961,0
770384.6081,0
770397.4003,0
770408.9479,0
770509.7487,0
770515.28,0
770667.6589,0
770913.156,0
771171.725,0
771394.2202999999,0
771578.1256,0
771597.0473,0
771700.1772,0
772095.6137,0
772354.3153,0
772384.4109,0
772396.8994,0
772480.7924,0
772538.9903,0
772643.9712,0
772742.7178,0
772827.933,0
772968.5685,0
772972.7073,0
773069.4904,0
773079.4978,0
773085.491,0
773308.4536,0
773332.695,0
773339.5728,0
773359.5433,0
773472.7993,0
773881.5645,0
773907.9035,0
773956.8903,0
774012.8061,0
774302.3669,0
774374.2784,0
774481.9789,0
774488.1895,0
774654.161,0
774713.7532,0
774756.1654,0
774833.3875,0
774855.9243000001,0
774856.5417,0
774883.8702,0
774958.6957,0
775061.99,0
775143.8147,0
775403.5549,0
775753.6912,0
775853.0265,0
776004.452,0
776019.8106,0
776071.2056,0
776206.523,0
776254.4041,0
776506.8174,0
776673.4573,0
776755.4932,0
776764.3331,0
776959.3148,0
777011.6501,0
777182.3248000001,0
777377.0029,0
777395.4819,0
777456.1947,0
-----Simulation END-----
