-----Simulation 0-----
172854.2996,0
172874.3929,0
172940.4374,0
173058.5083,0
173121.7874,0
173127.0823,0
173189.1215,0
173201.8991,0
173412.1108,0
173469.68593333333,0
173475.6929,0
173657.0973,0
173892.45870000002,0
173961.8788,0
173989.1826,0
174050.0246,0
174059.9262,0
174136.2734,0
174210.1055,0
174342.7336,0
174377.79602,0
174413.957,0
174591.3298,0
174601.9346,0
174704.9253,0
174708.01929999999,0
174848.41629999998,0
175088.1359,0
175139.1276,0
175212.6707,0
175263.9526,0
175287.23739999998,0
175311.8718,0
175396.2929,0
175415.926,0
175443.2531,0
175461.3988,0
175520.9175,0
175583.4577,0
175634.5887,0
175814.5914,0
175925.5194,0
175933.6534,0
176036.6123,0
176050.9705,0
176113.3847,0
176261.6194,0
176282.76559999998,0
176336.8357,0
176456.4165,0
176570.66999999998,0
176723.2858,0
176763.8567,0
176787.0278,0
176809.7181,0
177126.164,0
177325.588,0
177674.21169999999,0
177928.843,0
177971.23930000002,0
177986.6778,0
178295.8353,0
178430.2317,0
178524.9088,0
178678.8181,0
178761.311,0
178803.4067,0
178847.2047,0
178871.6898,0
178987.18893333332,0
179245.0473,0
179407.805,0
179450.23739999998,0
179631.6779,0
179770.6775,0
180009.6893,0
180028.6345,0
180197.80533333332,0
180210.426,0
180245.8881,0
180286.1637,0
180333.2414,0
180397.4612,0
180412.8615,0
180552.93959999998,0
180633.4593,0
180683.55109999998,0
180739.5174,0
180850.79129999998,0
180932.39250000002,0
181040.8595,0
181085.5587,0
181188.1637,0
181190.1983,0
181330.8549,0
181410.953075,0
181435.2107,0
181438.3093,0
181451.6785,0
181499.1036,0
181540.79580000002,0
181548.6869,0
181558.3931,0
181567.7259,0
181694.6328,0
181764.3151,0
181782.4306,0
181788.5758,0
181976.0539,0
182242.5435,0
182283.5333,0
182322.0283,0
182329.7465,0
182349.7612,0
182368.0971,0
182462.0019,0
182551.1956,0
182608.23859999998,0
182732.2152,0
182765.5456,0
182774.7624,0
182784.2505,0
182787.3029,0
183174.2737,0
183249.9752,0
183308.0614,0
183637.91820000001,0
183756.69939999998,0
183767.0782,0
184157.2852,0
184235.27,0
184539.1462,0
184588.9864,0
184745.4129,0
184851.2358,0
184906.66950000002,0
184951.275325,0
184952.1054,0
184982.83120000002,0
185364.2282,0
185399.9443,0
185409.02240000002,0
185458.4364,0
185547.01,0
185553.9038,0
185599.5377,0
185629.9601,0
185682.098,0
185832.3953,0
186071.5332,0
186285.5231,0
186330.3041,0
186331.2161,0
186423.2818,0
186555.9569,0
186834.7346,0
186982.9901,0
186986.0251,0
187002.6044,0
187213.7922,0
187515.7391,0
187535.8537,0
187539.9752,0
187540.56530000002,0
187579.84,0
187664.5899,0
187826.0602,0
187941.85869999998,0
187958.38760000002,0
188252.1059,0
188389.5219,0
188429.7495,0
188530.3031,0
188671.8156,0
188697.6741,0
188710.5893,0
188786.1599,0
188991.2763,0
189106.3657,0
189363.475,0
189373.3949,0
189515.4026,0
189580.6142,0
189586.157,0
189806.5524,0
189825.4205,0
189946.6261,0
189978.3764,0
190285.9096,0
190304.2425,0
190382.6007,0
190387.8933,0
190401.8437,0
190613.22710000002,0
190758.0707,0
191032.0944,0
191047.3929,0
191088.6311,0
191235.7943,0
191285.97950000002,0
191304.9822,0
191314.2292,0
191467.66700000002,0
191492.8143,0
191511.9683,0
191566.865,0
191599.0776,0
191637.8008,248.30019999999786
191673.1495,0
191738.303,0
191762.3796,0
191838.161,0
191869.64010000002,0
191932.7654,0
191951.239,0
192133.6528,0
192319.902,0
192362.8567,0
192469.1481,0
192524.29869999998,0
192562.8307,0
192584.1448,0
192738.5001,0
192838.6319,0
193006.7673,0
193122.1754,0
193266.4703,0
193336.9722,0
193465.732,0
193632.847,0
193668.9138,0
193808.062,0
194453.3147,0
194788.8977,0
194824.29570000002,0
194846.4108,0
194859.8596,0
194928.604,0
194967.9419,0
194982.0031,0
195177.4556,1301.271299999993
195183.4124,0
195197.695,870.273600000015
195421.7541,0
195448.4461,0
195623.6937,0
195859.06650000002,0
195864.35330000002,0
195997.3882,0
196026.3028,0
196098.9523,0
196220.08980000002,0
196442.3863,0
196459.7024,0
196622.62099999998,0
196687.7562,0
196896.6054,0
197030.3039,0
197116.2831,0
197360.67369999998,0
197362.3753,0
197612.97269999998,0
197926.28029999998,0
197991.5012,0
198106.1372,0
198419.3881,0
198830.8716,0
199055.5406,0
199201.65899999999,0
199213.0794,0
199268.5779,0
199377.0508,0
199567.8094,0
199750.1771,0
199777.8008,0
199864.152,0
199881.2715,0
199920.4332,0
200087.0311,0
200245.5925,0
200310.3798,0
200491.0994,0
200516.0508,0
200672.5819,0
200704.0927,0
200819.7917,0
200836.1442,0
200860.2009,0
200877.6642,0
200882.525,0
201065.0773,0
201165.9725,0
201167.88559999998,0
201201.8688,0
201365.1515,0
201409.80969999998,0
201481.7398,0
201723.9121,0
201744.8286,0
201772.2229,0
201906.935,0
202468.9861,0
202523.5969,0
202549.16314000002,0
202736.4411,0
202808.0492,0
202809.4519,0
202821.0951,0
202824.7574,0
202993.54009999998,0
203033.6574,0
203090.8062,0
203294.0719,0
203416.4724,0
203461.2985,0
203484.7555,0
203629.7194,0
203707.0269,0
203756.54855,0
203846.6515,0
203882.3507,0
203909.436,0
204232.303,0
204336.39556666667,0
204487.2028,0
204536.969325,0
204598.53696666667,0
204699.1325,0
204912.9425,0
204955.711,0
205196.6833,0
205418.6888,0
205527.37660000002,0
205575.0625,0
205794.0766,0
206044.2056,0
206055.19908,0
206170.5115,0
206224.4659,0
206470.8543,0
206592.80479999998,0
206614.0897,0
206703.0135,0
207512.1483,0
207525.3628,0
207538.7677,0
207692.7723,0
207711.90039999998,0
207714.14870000002,0
207742.0149,0
207764.1145,0
207815.2852,0
207833.6676,0
207841.610275,0
207920.5923,0
208190.88640000002,0
208210.8966,0
208375.9871,0
208438.0046,0
208675.502975,0
208750.8961,0
208783.3126,0
208825.3372,257.3583000000217
208934.30476666667,0
208979.0904,0
208980.5598,0
209022.8676,0
209191.1524,0
209498.52289999998,0
209512.4216,0
209634.2637,0
209638.6619,0
209680.3149,0
209720.1151,0
209743.6924,0
209857.2311,0
210012.3424,0
210427.0028,0
210428.9013,0
210780.6951,0
210803.8227,0
210831.8166,0
210928.3307,0
211141.8718,10928.044499999989
211271.7662,0
211487.9458,0
211689.0277,0
211714.3089,0
211740.1545,3725.260899999994
211777.0612,0
211949.6996,0
212173.3522,0
212198.1195,0
212334.9908,0
212399.8654,0
212505.9499,15699.002600000007
212602.2695,0
212698.1385,0
212795.9225,0
212816.2511,0
212816.30550000002,0
212873.51698000001,0
212896.2787,0
212897.58323333334,0
212912.0785,11350.229200000002
212952.06900000002,0
212978.0588,0
213012.5872,0
213113.2958,0
213343.4106,0
213381.3909,0
213443.95823333334,0
213529.7768,0
213803.13559999998,0
213862.0817,0
214083.08833333332,0
214163.626,0
214199.5685,18747.84969999999
214212.2427,0
214350.66330000001,0
214553.9378,0
214666.8566,0
214690.2563,0
214783.0594,0
214915.35460000002,0
215122.7319,0
215155.4714,0
215231.8983,0
215246.7579,0
215251.0338,0
215309.09149999998,0
215515.1974,0
215646.0582,0
215741.0595,0
216502.6901,0
216624.3232,0
216929.7326,0
216948.33049999998,0
216965.0414,7772.5083999999915
217008.3868,5248.943566666683
217042.8511,0
217380.8727,0
217463.8024,0
217504.3249,0
217520.9276,0
217526.9255,0
217683.8143,0
217693.1887,0
217900.4843,0
217988.4708,0
218029.30670000002,0
218294.7127,0
218397.8413,0
218750.9107,0
218873.41592,0
219246.94936666667,0
219557.5113,0
219592.78389999998,0
219769.4271,0
219770.732,0
219829.163,0
220045.9426,0
220086.9078,0
220284.381,0
220457.6954,0
220458.0907,0
220500.4736,0
220542.5072,0
220562.5575,0
220597.8492,0
220781.27575,0
221221.7514,0
221343.0553,0
221400.6154,0
221455.7224,0
221531.472,0
221567.0244,0
221619.8141,0
221680.823,0
221770.5159,0
221811.2966,0
221839.6149,0
222042.9936,0
222297.5484,0
222320.44079999998,0
222458.33,0
222529.6816,0
222597.068,0
222615.2759,0
222617.2039,0
222986.0544,0
223056.0485,0
223200.6296,0
223579.39370000002,0
223649.0969,0
223737.08825,0
223781.6248,0
223803.1662,0
224082.588,0
224195.3317,0
224253.1674,0
224330.4339,0
224442.4595,0
224491.608,0
224511.22,0
224599.3737,0
224623.2646,0
224652.9662,0
224721.6323,0
224727.1149,1596.87049999999
224992.4687,0
225186.7628,0
225242.9296,0
225353.6184,0
225431.7879,0
225467.0544,0
225633.309,0
225695.9878,0
225711.68959999998,0
226346.2352,0
226372.49469999998,0
226446.6021,0
226750.5927,0
226899.11563333333,0
226909.02419999999,0
226925.2575,0
226933.93961666667,0
227121.04570000002,0
227470.272,0
227509.49725,0
227517.1588,0
227608.9997,0
227718.4774,0
228094.6233,0
228196.1728,0
228340.5814,0
228416.9774,0
228519.3618,0
228725.891,0
228849.2516,0
228911.899,0
229038.7243,0
229054.9486,0
229286.5378,0
229349.9453,0
229390.1887,0
229633.7382,0
229658.3315,0
229812.9198,0
229952.42489999998,0
230240.06653333333,0
230251.36479999998,0
230340.5325,0
230470.3743,0
230594.569,0
230602.0739,6181.147899999982
230703.418,0
230723.5898,0
230785.408,0
230852.8298,0
230866.077275,0
231125.4761,0
231154.0566,0
231313.173,0
231770.3488,0
231813.5835,0
231817.0914,0
231989.2114,0
232030.0079,0
232058.4386,0
232173.4773,0
232174.4199,0
232740.4995,0
232951.33980000002,0
233159.72580000001,0
233506.8786,0
233517.5721,0
233567.5196,0
233610.2219,0
233628.6955,0
233683.28889999999,0
233702.59649999999,0
233747.3833,0
234227.96676666668,0
234491.0057,743.145833333343
234655.31,0
235167.4614,0
235269.1018,0
235301.7347,0
235491.4138,0
235508.2171,0
235590.95510000002,0
235630.02419999999,0
235947.2371,0
235965.3226,0
236024.8249,0
236183.1774,0
236201.5308,0
236307.604,0
236400.1702,0
236614.7876,0
236707.3467,0
236946.0234,0
236977.7434,0
237246.948,0
237301.5223,0
237418.4196,0
237580.6815,0
237594.5655,0
238032.8193,0
238116.2361,0
238307.6717,0
238368.3333,0
238466.6257,43.842800000013085
238715.35830000002,0
238998.03149999998,0
239040.2404,0
239075.609925,0
239208.9948,0
239314.0737,0
239416.33845,0
239463.4979,0
239602.6569,0
239659.03340000001,0
239806.7943,0
240004.0481,0
240213.6044,0
240400.3279,0
240507.2283,0
240572.6746,0
240587.4853,0
240948.4374,0
240999.1021,0
241172.7805,0
241355.57766666668,0
241594.8033,0
241638.6714,0
241696.6525,0
241914.03830000001,0
241950.72090000001,0
242135.5211,0
242155.3524,0
242397.65748333334,0
242641.7311,0
242834.2051,0
242849.60408333334,0
243117.842,0
243141.5001,0
243241.7168,0
243523.5997,0
243645.0945,0
243652.5782,0
243850.2024,0
243986.8192,0
244054.780875,0
244583.1407,0
244587.4369,0
244709.0909,0
244729.118,0
244814.59470000002,0
245130.2035,0
245218.2196,0
245285.5022,0
245418.868,0
245449.94150000002,0
245470.64178333333,0
245638.8055,0
245640.95059999998,0
245699.6258,0
245787.5406,0
245882.1969,0
245935.096,0
246039.41389999999,0
246398.0171,0
246471.3246,0
246603.7496,0
246822.8432,0
246905.5563,0
246958.00650000002,0
246960.8665,0
247030.4287,0
247223.9166,0
247416.4668,0
247487.9463,0
247548.0292,0
247596.9583,0
248159.6134,0
248288.5738,0
248301.7894,0
248751.1525,0
248857.2972,0
248867.9601,0
249117.5967,0
249154.4336,0
249275.1444,0
249337.5045,0
249572.213,0
249861.37,0
249876.4533,0
249928.4309,0
250108.8187,0
250111.3621,0
250220.18959999998,0
250453.3956,0
250472.9456,0
250814.0873,0
251135.5488,0
251189.872,0
251227.62219999998,0
251338.955,0
251487.9302,0
251615.521,0
251630.0577,0
251718.83490000002,0
251755.8657,0
251826.395,0
251925.2599,0
251943.7113,0
251947.2837,0
252071.12829999998,0
252220.9224,0
252268.8211,0
252303.38569999998,0
252360.1062,0
252437.1782,0
252522.0086,0
252733.2449,0
252753.4819,0
252790.5297,0
252897.2698,0
252921.2865,0
253103.4377,0
253176.7135,0
253210.8811,0
253351.8225,0
253363.1991,0
253369.3167,0
253406.5976,0
253460.3127,0
253591.4554,0
253629.4786,0
253861.3611,0
253868.4206,0
253891.179,0
253929.6782,0
253976.7228,0
254005.9403,0
254245.34889999998,0
254260.3047,0
254312.6005,0
254362.27539999998,0
254414.1318,0
254443.3037,0
254475.6827,0
254517.31530000002,0
254564.3353,0
254625.1475,0
254668.0929,0
254688.7273,0
254807.1132,0
254881.5188,0
255195.5041,0
255453.1475,0
255486.212,0
255839.9399,0
255852.80920000002,0
256019.6103,0
256080.2045,0
256095.9721,0
256101.9075,0
256173.0419,0
256183.1579,0
256460.5603,0
256517.425,0
256592.8386,0
256786.912,0
256805.4095,0
256877.12102,0
256986.07140000002,0
257287.7469,0
257334.9223,0
257353.1088,0
257458.4937,0
257468.3633,0
257569.28,0
257721.1983,0
257811.7995,0
257883.7612,0
257952.0523,0
258034.0032,0
258044.7323,0
258182.3466,0
258226.5484,0
258245.4391,0
258336.13809999998,0
258363.1184,0
258428.9671,0
258497.3448,0
258566.4872,0
258932.8688,0
259137.2181,0
259212.3957,0
259251.188,0
259428.4159,0
259472.1831,0
259543.5975,0
259723.45620000002,0
259832.7674,0
259869.5678,0
259911.7493,0
259986.2181,0
260300.1129,0
260497.8029,0
260639.51929999999,0
260703.3429,0
260738.4132,0
260745.4378,0
260793.6428,0
261074.5386,0
261325.7784,0
261438.83620000002,0
261504.2633,0
261520.867,0
261603.8173,0
261698.8215,0
261719.559,0
261773.2697,0
261815.6787,0
261882.3951,0
261925.9902,0
262310.8982,0
262326.1801,0
262375.3477,0
262618.3467,0
262893.0049,0
262922.2392,0
263477.5371,0
263531.4309,0
263555.6787,0
263636.9132,0
263688.65,0
263984.4415,0
264124.5564,0
264151.3161,0
264297.5085,0
264548.1181,0
264692.8047,0
264707.72665,0
264715.8317,0
264756.9219,0
264796.8748,0
264841.4265,0
264858.2741,0
264859.1454,0
264936.6202,0
264942.7585,0
265017.1507,0
265112.55128333333,0
265339.0833,0
265345.6475,0
265440.2361,0
265622.7161,0
265634.2743,0
265637.8468,0
265760.4649,0
265878.1277,0
266039.00800000003,0
266073.2772,0
266073.4803,0
266301.7875,0
266368.0158,0
266371.0307,0
266382.4039,0
266406.7894,0
266529.3505,0
266553.7323,0
266564.0403,0
266586.7173,0
266620.7072,0
266732.9964,0
266743.7099,0
266773.7253,0
266879.9953,0
266952.2035,0
267020.7302,0
267039.2162,0
267283.9436,0
267288.795,0
267361.7866,0
267686.03729999997,0
267738.77760000003,0
268088.2528,0
268104.7205,0
268158.8449,0
268187.1469,0
268196.24569999997,0
268336.9598,0
268439.52760000003,0
268489.7959,0
268494.5376,0
268508.1594,0
268568.8296,0
268587.1226,0
268601.0241,0
268853.664,0
269098.2953,0
269101.0883,0
269200.6729,0
269375.6003,0
269394.8791,0
269837.5192,0
269926.6892,0
270214.5069,0
270321.06440000003,0
270440.38080000004,0
270519.0329,0
270686.8254,0
270798.5173,0
270860.1478,0
270921.4334,0
271042.0261,0
271102.9121,0
271116.2663,0
271186.55418,0
271210.7483,0
271219.6414,0
271305.2661,0
271319.5913,0
271375.8281,0
271425.1558,0
271450.9623,0
271546.9631,0
271672.289,0
271779.6266,0
271798.3408,0
271846.976,0
271976.9305,0
272129.7713,0
272151.9341,0
272166.7152,0
272167.9507,0
272208.6314,0
272314.1269,0
272357.1544,0
272369.7108,0
272504.2361,0
272606.876,0
272693.4732,0
272701.63049999997,0
272978.1041,0
272998.4544,4247.99530000001
273087.969,0
273275.056,0
273276.0362,0
273324.9125,0
273333.48219999997,0
273360.2315,0
273593.89,0
273633.654,0
273719.1131,0
273783.1154,0
273831.2081,0
273927.7329,0
273958.276,0
274173.419,0
274177.8952,0
274283.10936666664,0
274310.0012,0
274429.4667,0
274676.7036,0
274732.2317,0
274909.8061,0
275014.78489999997,0
275027.8518,0
275081.1262,0
275119.2148,0
275190.6608,0
275195.6969,0
275354.7081,0
275390.99,0
275571.3528,0
275595.876,0
275775.3039,0
275878.004,0
275962.1119,0
276087.4934,0
276356.6928,0
276455.9637,0
276483.1444,0
276495.8201,0
276591.3378,0
276759.4205,0
276776.1675,0
276804.4059,0
276919.7355,0
276955.998,0
277076.5378,0
277150.9229,0
277554.9109,0
277729.1126,0
277769.5233,0
277773.0927,0
277802.2071,0
277866.4546,0
277941.9306,0
277999.5583,0
278357.1643,0
278631.0795,0
278822.73459999997,0
278840.1632,0
278893.9546,0
279075.0063,0
279094.635,0
279232.1509,0
279300.0291,0
279385.4276,0
279473.5518,0
279574.75190000003,0
279687.5449,0
279771.7562,0
279779.646,0
279861.3622,0
280080.8264,0
280227.7756,0
280246.2424,0
280906.69539999997,0
280971.9801,0
281155.203,0
281236.6042,0
281323.38300000003,0
281340.9907,0
281381.4742,0
281391.718,0
281453.2277,0
281509.2466,0
281548.81799999997,0
281587.4568,0
281608.6947,0
281664.9181,0
281691.85349999997,0
282138.6906,0
282219.1393,0
282467.0072,0
282510.8706,0
282528.24450000003,0
282555.4083,0
282791.0531,0
282815.2082,0
282840.6507,0
282890.6111,0
282921.1058,0
283099.6444,0
283428.9577,0
283604.4526,0
283617.6518,0
283742.05449999997,0
283754.4364,0
283823.7066,0
283851.3733,0
283899.6091,0
284157.9242,0
284256.9705,0
284295.5119,0
284377.804,0
284569.9505,0
284585.9196,0
284644.6315,0
284750.06570000004,0
284790.3881,0
284832.3599,0
284891.0833,0
284970.415,0
284980.79720000003,0
285020.8003,0
285022.2848,0
285092.2265,0
285168.5731,0
285361.9755,0
285419.4173,0
285434.3257,0
285445.922,0
285467.8003,0
285634.9565,0
285752.5148,0
285774.57649999997,0
285801.5665,0
285946.7484,0
285959.2512,0
285970.2375,0
286193.6516,0
286312.0764,0
286544.5542,0
286558.6951,0
286682.8253,0
286787.0168,0
286838.3272,0
286853.9556,0
286951.6539,0
287024.7662,159.27050000004238
287092.9843,0
287129.7841,0
287131.07458,0
287151.1655,0
287194.0027,0
287328.8054,0
287621.64280000003,0
287630.6338,0
287673.5922,0
287673.8464,0
287679.2704,0
287681.8468,0
287772.1933,0
287947.658075,0
288079.1775,0
288141.9044,0
288436.6263,0
288521.7927,0
288528.8663,0
288593.8674,0
288796.2436,0
288852.0402,0
288936.5272,0
289004.5722,2883.484300000011
289101.41240000003,0
289205.0197,0
289423.2425,0
289667.3566,0
289732.556775,0
289867.9419,0
289946.4135,0
289946.7067,0
290055.3169,0
290099.9763,0
290191.3935,0
290315.6324,0
290331.1032,0
290534.6754,0
290601.9729,0
290603.4311,0
290930.1424,0
290945.3177,0
291101.4504,0
291399.8369,0
291438.9891,0
291657.52846,0
291695.7454,0
291941.4254,0
291957.7943,0
291965.1643,0
292372.731,0
292377.95813333336,0
292438.8105,0
292618.01170000003,0
292663.1419,0
292709.0871,0
292886.4373,0
293035.9148,0
293138.77780000004,0
293311.8802,0
293417.7426,0
293561.0708,0
293591.1495,0
293597.2109,0
293641.7497,0
293748.45149999997,0
293769.4693,0
293814.3455,0
293966.88300000003,0
294054.4227,0
294274.9915,0
294380.0956,0
294523.5249,0
294525.1436,0
294563.4175,0
294577.8856,0
294844.2349,0
294898.652,0
294953.913,0
295226.7956,0
295397.4351,0
295427.7533,0
295461.8622,0
295472.5247,0
295725.45635,0
295859.5841,0
296490.2516,0
296515.6023,1081.8663000000524
296623.69299999997,0
296711.3503,0
297197.3967,0
297571.672,0
297604.8155,0
297757.6588,0
297788.26379999996,0
298217.4758,0
298235.5723,0
298607.6074,0
298712.849,0
298765.7766,0
298804.0186,0
298808.2081,0
298826.3681,0
298851.1335,0
299207.0825,0
299279.2073,0
299287.7795,0
299326.1948,0
299395.7533,0
299532.8458,0
299537.2686,0
299679.0824,0
299699.5368,0
299810.11434,0
299811.5597,0
299987.7024,0
300064.0549,0
300186.3747,0
300309.25690000004,0
300362.5691,0
300486.6094,0
300553.6941,0
300585.1564,0
300663.7856,0
300758.43,0
300858.0885,0
300958.4263,0
300986.2221,0
301011.2605,0
301036.3851,0
301065.0298,0
301070.0402,0
301112.8758,0
301187.9587,0
301238.9909,0
301270.2809,0
301320.57039999997,0
301376.3445,0
301664.17350000003,0
301881.895,0
301898.5124,0
301910.9098,0
301954.3604,263.8090000000084
302091.9005,0
302129.9595,0
302135.0195,0
302288.793375,0
302322.4462,0
302577.4521,0
302691.5557,0
302745.9372,0
303022.4522,0
303136.668,0
303160.6528,0
303408.9261,0
303713.3287,0
303826.5874,0
303900.2991,0
304026.3523,0
304039.3676,0
304073.6563,0
304082.2997,0
304260.60125,0
304277.0767,0
304435.7769,0
304506.7302,0
304568.78859999997,0
304722.9474,0
304808.6202,0
304911.4122,0
305017.7736,0
305165.9509,0
305200.3999,0
305358.6363,0
305563.5344,0
305598.3874,0
305642.5331,0
305651.3331,0
305933.7161,0
305967.81409999996,0
306051.8435,0
306157.0203,0
306177.9163,0
306242.8639,0
306260.842,0
306305.3663666667,0
306379.7505,0
306647.9352,0
306662.9948,0
306767.967,0
306783.2,0
307240.5621,0
307317.926,0
307330.5757,0
307653.4943,0
307690.8388,0
307884.8424,0
308048.3822,0
308068.3459,0
308131.87820000004,0
308182.2304,0
308226.3379,0
308457.13063333335,0
308603.38399999996,0
308698.8287,0
308716.4677,0
308772.4317,0
308932.6961,0
308989.5413,0
309212.2539,0
309258.7069,0
309282.4948,0
309476.5296,0
310418.5377,0
310579.5,0
311199.4542,0
311290.7891,0
311926.5016,0
312680.7313,0
312717.8588,0
312801.1433,0
312826.5493,0
312919.0791,0
313120.59392,0
313142.9953,0
313299.7980333333,0
313424.46694,0
313901.8935,0
313960.3368,0
313979.1375,0
314046.0772,0
314205.1497,0
314222.8772,0
314362.8507,0
314373.9794,0
314968.4871,0
314991.51433333335,0
315358.0604,0
315594.6064,0
315614.0249,0
315960.62178,0
316242.3443,0
316370.1252,0
316377.7166,0
316898.402,0
316943.49186666665,0
317194.6537,0
317533.15760000004,0
317708.8393,0
317777.38670000003,0
317807.2158,0
317930.0671,0
318212.4985,0
318238.7319,0
318440.5413,0
318572.2908,0
318658.8425,0
318741.14043333335,0
318754.7495,0
318882.4595,0
318927.3645,0
319578.5579,0
319717.1788,0
319746.2001,0
319828.3527,0
320301.2597,0
320435.8833,0
320489.8723,0
320665.9108,0
320717.7711,0
321042.7936,0
321443.1676,0
321640.0193,0
321681.4549,0
321682.1125,0
321739.3468,0
321931.60970000003,0
321962.0759,0
322099.301,0
322110.3361,0
322165.4086,0
322555.5636,0
322583.5414,0
322610.7478,0
322617.7631,600.6198999999906
322620.0412,0
322798.273,0
322835.324,0
322861.3754,0
322888.9121,0
322915.6984,0
323060.7531,0
323195.8119,0
323282.1046,0
323293.7471,0
323309.8103,0
323825.8462,0
323917.6842,0
323957.2704,0
324072.4095,0
324452.88300000003,0
324634.5869333333,0
324756.8652,0
324829.77742,0
324879.1372,0
325189.0665,0
325514.64,0
325899.521,0
326097.4193,0
326157.3433,0
326368.1002666667,0
326373.7068666667,0
326410.8233,0
326460.0729,0
326584.4672,0
326859.2777,0
326875.7338,0
326949.1907,0
327022.1481,0
327408.6259,0
327426.6172,0
327514.1236,0
327517.5883,0
327634.1912,0
327733.67449999996,0
327788.1921,0
327897.2119,0
327930.6701,0
327968.0832,0
328016.79385,0
328109.3404,0
328406.1553,0
328427.5272,0
328882.0891,0
328929.2021,0
328979.3725,0
329048.0882,0
329084.4562,0
329103.6132,0
329114.3003,0
329208.4646,0
329520.0071,0
329530.8949,0
329600.39029999997,0
329627.1555,0
329788.3335,0
329826.3588,0
329937.2486,0
330061.7209,0
330317.9912,0
330463.9817,0
330641.1966,0
330677.6503,0
330800.1632,0
330823.0905,0
330923.4359,0
330992.0171,0
331004.2481,0
331256.208,0
331305.275,0
331315.3726,0
331526.6788,0
331758.1675,0
331801.0962,0
331836.2096,0
331935.3069,0
331956.9796,0
332024.5982,0
332025.2672,0
332118.8704,0
332175.16405,0
332219.3376,0
332260.9938,0
332277.9275,0
332288.3839,0
332472.5717,0
332526.8404,0
332606.7317,0
332908.6866,0
332945.0555,0
333097.5171,0
333244.2198,0
333519.2619,0
333528.8432,0
333583.9969,0
333604.7215,0
333649.3725,0
333725.0642,0
333768.6241,0
334046.7741,0
334094.9472,0
334311.357,0
334361.1542,0
334368.2219,0
334455.6773,0
334464.7371,0
334820.2822,0
334832.8167,0
334879.7432,0
334935.5271,0
335039.70225,0
335316.5809,0
335336.8915,0
335367.4782,0
335390.6974,0
335708.1034,0
335725.3081,0
335927.2141,0
336004.618,0
336019.61,0
336052.1135,0
336114.6985,0
336253.6571,0
336498.9245,0
336498.9972,0
336831.5681,0
337082.7251,0
337086.2939,0
337268.49199999997,0
337543.1297,0
337726.1169,0
337771.90592,0
338260.9824,0
338297.0135,0
338466.1031,0
338482.6265,0
338573.3409,0
338617.8421,0
338691.5714,0
338740.493,0
338742.8354,0
338803.7338,0
338829.1812,0
338851.7208,0
338858.062,0
339029.5842,0
339050.321,0
339063.9685,0
339068.6919,0
339153.7106,0
339385.7012,0
339418.0419,0
339492.5112,0
339535.1325,0
339537.14280000003,0
339902.76560000004,0
340022.6135,0
340114.3505,0
340133.9623,0
340244.3688,0
340292.1131,0
340413.3535,0
340425.6647,0
340548.3915,0
340624.1956,0
340719.8,0
340876.6989,0
340913.4544,0
340914.4868,0
340970.629,0
340981.2523,0
341061.20900000003,0
341247.1678,0
341256.0566,0
341443.2432,0
341443.3129,0
341464.7156,0
341563.5269,145.3904999999795
341607.3517,0
341665.0417,0
341682.2484,0
341820.143,0
341901.4308,0
341961.8239,0
342035.468,0
342087.9322,0
342121.72250000003,0
342287.5976,0
342443.24210000003,0
342500.7241,0
342529.3786,0
342544.988,0
342590.2733,0
342965.6827,0
343006.7156,0
343114.7403,0
343151.4137,0
343243.989,0
343341.7787,0
343388.6785,0
343557.7117,0
343563.566,0
343575.3863,0
343593.6086,0
343650.1384,0
343786.3855,0
343964.0093,0
344054.8413,0
344066.2931,0
344126.9098,0
344177.49218,0
344183.1744,0
344197.444,0
344200.30449999997,0
344286.6323,0
344307.25430000003,0
344391.0032,0
344664.7377,0
344889.906,0
344933.5638,0
345113.2646,0
345137.5207,0
345182.6995,0
345330.7273,0
345349.3332,0
345403.3627,0
345475.3459,0
345488.6068,0
345650.0659,0
345934.6939,0
346086.2577,0
346131.2468,0
346142.4506,0
346146.0016,0
346321.4162,0
346367.3356,0
346437.6576,0
346576.1038,0
346696.8418,0
346779.3945,0
346866.1243,0
346958.1712,0
346971.8005,0
347087.89890000003,0
347138.5024,0
347208.936,0
347415.2427,0
347558.0417,0
347641.608,0
347655.8581,0
347732.3261,0
347850.4251,0
347911.5958,0
347940.5872,0
347968.6437,0
347976.2634,0
348108.40619999997,0
348137.8811,0
348145.3489,0
348228.6779,0
348340.0382,0
348469.9012,0
348478.552,0
348548.20279999997,0
348752.4297,0
348927.3613,0
348991.40989999997,0
349002.2032,0
349114.0457,0
349128.6161,0
349251.07779999997,0
349264.1774,0
349266.8428,0
349416.1463,0
349431.8326,0
349438.7181,0
349511.7265,0
349515.2276,0
349518.4814,0
349588.5396,0
349627.2799,0
349767.0507,0
349964.88,0
350123.3982,0
350242.9167,0
350308.6877,0
350414.0707,0
350625.2281,0
350843.929975,0
350881.67590000003,0
351035.5534,0
351073.4096,0
351164.79709999997,0
351432.5169,0
351448.308,0
351635.5103,0
351698.80480000004,0
351866.3623,0
351909.4224,0
351988.56070000003,0
352016.0191,0
352017.0841,0
352044.0025,0
352087.3252,0
352228.9089,0
352305.3345,0
352351.30700000003,0
352463.8593,0
352680.37069999997,0
352757.1393,0
352760.652,0
352798.249,0
352911.9067,0
353007.8452,0
353203.4414,0
353398.6932,0
353965.8467,0
354068.165625,0
354180.8387,0
354399.9784,0
354434.8861,0
354443.3865,0
354617.3981,0
354632.4054,0
354674.869,0
354869.8438,0
354887.733,0
354961.1903,0
355031.8853,0
355222.2552,0
355236.149,0
355523.7017,0
355582.0908,0
355817.60236666666,0
355976.8247,0
356022.4572,0
356170.2702,0
356324.6538,0
356395.9239,0
356547.4597,0
356553.5392,0
356582.9699,0
356662.5151,0
356670.4836,0
356727.6359,0
356796.532,0
356877.0215,7912.179899999988
357014.2274,0
357247.9729,0
357328.5663,0
357356.45160000003,0
357463.9468,2188.0940999999875
357540.89269999997,0
357595.5437,0
357727.6143,0
357899.4089,0
357959.4796,0
358109.5926,0
358194.01029999997,0
358253.345,0
358436.3501,0
358493.5739,0
358515.89639999997,0
358530.66980000003,0
358539.3919,0
358643.3822,0
358770.9728,1591.8666000000085
358849.9151,0
359103.3835,0
359136.7133,0
359180.6401,0
359272.1155,0
359334.2438,0
359343.5723,0
359409.71770000004,0
359562.8131,0
359563.93940000003,0
359586.1063,0
359621.0605,0
359622.0267,0
359747.468,0
360008.9487,0
360038.38910000003,0
360038.5255,0
360226.2759,0
360300.2999,0
360331.9038,0
360554.5126,3199.872000000032
360773.3275,0
360810.82779999997,0
360856.8683,11708.281399999978
360940.6529,0
360998.0259,0
361084.0525,0
361233.078,0
361358.3312,0
361527.0924,0
361566.4862,0
361644.0976,0
361651.174,2206.8624999999884
361775.1751,0
361851.4125,0
361943.8123,0
362060.1362,0
362085.6877,0
362218.6887,0
362240.0782,0
362263.6777,8547.416199999978
362357.2469,0
362482.0179,0
362546.4526,0
362638.2406,0
362758.1063,0
362765.2276,0
362795.3998,0
362856.3879,2326.0460999999777
363137.5915,0
363444.1364,0
363509.8879,0
363644.3699,0
363873.4805,0
363891.907,0
363900.7998,0
364034.6225,0
364050.7374,0
364064.4085,0
364140.1016,2120.806099999987
364259.7894,0
364287.9421,0
364303.4494,12417.956299999962
364333.7199,0
364438.6849,0
364516.5269,0
364725.0201,0
364845.2976,0
364905.6662,0
364908.7744,0
365150.563,1989.1274000000558
365283.5104,0
365336.4203,0
365473.8275,0
365492.3419,567.617499999993
365522.4038,0
365551.6943,0
365610.9951,0
365683.5632,0
365718.9441,1181.0194000000483
365780.2169,0
365884.48,0
366093.1877,0
366175.4444,0
366269.5152,5301.722800000047
366325.5485,0
366458.440225,0
366489.6984,0
366501.0128,0
366584.0989,0
366606.2805,0
366700.01529999997,0
366827.3412,924.3934000000008
367013.6767,0
367016.3848,0
367042.0814,0
367099.859,0
367122.2201,0
367126.7806,0
367169.9821,0
367216.9543,0
367693.0473,0
367793.3187,0
367811.5798,0
367814.0345,0
367880.9414,0
367953.3433,0
368273.9775,0
368321.1354,0
368721.3929,0
368748.5842,1781.2698000000091
368802.7533,0
368880.5599,0
368934.5838,0
369119.9071,0
369383.9587,0
369409.7342,0
369473.0126,0
369474.5601,0
369578.3293,0
369596.0385,0
369706.35860000004,0
369730.9964,0
369806.217,0
370036.8877,0
370069.9274,0
370130.46499999997,0
370197.2577,0
370262.81059999997,0
370813.7047,0
371005.5544,0
371063.7386,0
371435.7803,12897.065199999954
371586.7014,0
371640.27390000003,0
371659.0894,0
371902.4423,0
371904.4319,0
372002.5537,0
372014.8726,0
372026.4169,0
372032.1642,0
372234.0432,0
372500.74569999997,0
372656.44310000003,0
372826.2009,959.515699999989
372977.3383,0
373094.9235,0
373157.6051,0
373371.9639,5279.4611999999615
373402.1681,848.2556000000332
373431.2293,0
373446.5267,0
373597.55,0
373948.4147,0
374035.24100000004,0
374038.6312,9327.289300000004
374233.2055,0
374562.33116666664,0
374598.0513,6620.112900000007
374696.8061,0
374847.8971,0
374867.5916,13653.940899999987
374877.3232,0
374884.475,1440.2518999999738
374922.0067,0
374961.414,0
374981.3971,5161.434799999988
375039.12899999996,0
375161.9417,0
375233.6253,0
375443.0731,0
375447.1337,0
375468.185,0
375526.7026,0
375547.5322,0
375636.8534,0
375759.9928,0
375787.3908,1737.7141999999876
375866.6765,0
375969.0095,0
376019.8047,0
376123.4613,1375.153500000015
376135.795,0
376219.4474,0
376251.0852,0
376280.51410000003,0
376429.6107,6713.027200000011
376490.5859,0
376567.947,0
376605.2568,0
376634.5291,0
376711.4169,0
376972.547,0
376975.6703,0
376982.6076,0
377061.6572,0
377076.2485,0
377657.5682,0
377701.5632,0
377734.7589,0
377770.7077,0
377897.46369999996,0
377943.3739,0
377943.61195,0
378045.2242,141.9600999999675
378478.5976,10334.852599999984
378661.1873,0
378731.8906,0
378753.0737,0
378892.3378,0
379108.2185,3399.9471000000485
379188.872,0
379267.59010000003,0
379595.019,0
379744.1595,0
379760.0544,933.9127000000444
379909.2792,0
380304.0477,7328.994699999981
380338.697,0
380369.1494,0
380481.4702,0
380623.7671,0
380800.0304,0
381010.7957,8222.092999999993
381032.1575,0
381056.8765,0
381420.3587,1060.8107999999775
381490.7625,0
381517.4336,0
381526.0586,0
381680.579,6809.9065999999875
381728.6447,0
381829.4703,0
382016.9265,0
382024.01910000003,0
382036.09876,0
382373.7708,0
382490.3676,1123.4318000000203
382660.6884,0
382758.0944,0
382758.4189,0
382763.6148,0
382940.1325,229.71390000003157
383298.8135,0
383556.1476,0
383603.007,1595.4290000000037
383766.2888,0
383919.8284,0
384011.388,0
384127.4498,0
384316.3736,0
384318.3316,0
384507.9302,0
384580.498,0
384687.0002,10731.73860000004
384747.826,0
385015.4564,0
385257.73219999997,0
385335.085,0
385545.2252,0
385560.3565,0
385594.1928,3491.5250000000233
385974.0209,0
386257.4099,0
386397.3313,0
386465.8661,0
386526.2925,0
386650.7954,0
386783.5294,0
387480.9973,3120.4874999999884
387483.3331,0
387584.0168,0
387936.0973,0
388025.9917,0
388093.9472,0
388128.8746,2908.4695000000065
388329.6521,0
388394.249,1566.7749000000185
388469.303,0
388629.5918,0
388720.18570000003,0
388946.389,0
389164.6679,0
389508.1772,0
389628.8827,0
389636.6625,1548.5682999999844
390232.95629999996,0
390271.0774,0
390287.1996,0
390324.7723,0
390373.9838,0
390522.9526,0
390701.9048,0
390859.0131,0
390955.5556,0
390991.2664,0
391199.8134,0
391313.9934,0
391417.78359999997,0
391490.8054,0
391607.3653,0
391664.74,0
391700.6091,0
391706.8742,0
391750.7176,0
391793.8173,0
391866.64890000003,0
391954.8138,0
391972.8819,0
392223.8726,0
392522.6559,0
392696.2484,0
392850.7144,0
392904.1455,0
392915.0416,0
393027.0823,0
393031.0515,0
393278.2923,0
393728.2064,0
393730.83640000003,0
393827.2482,6656.062699999951
393991.1439,0
394040.423,0
394341.9291,5614.482900000003
394481.0838,0
394958.2907,0
395045.986,0
395061.0789,0
395138.06799999997,0
395200.9604,0
395252.065,2431.4274999999907
395367.2201,0
395394.1965,0
395618.0752,0
395815.2894,0
395823.9525,0
395891.5305,0
396106.4104,0
396115.8112,0
396128.026,0
396249.5915,0
396400.7811,0
396465.6508,0
396573.2991,0
396707.4924,0
396723.8097,0
396814.0395,0
396917.65108333336,0
397082.8749,0
397363.65,0
397411.457,2343.9899999999907
397654.4449,0
397705.9933,16884.33369999996
397737.7636,0
398006.8916,0
398009.41610000003,0
398114.44920000003,0
398196.1651,0
398397.0733,0
398748.6188,0
398783.1293,2516.6362999999546
399053.0857,0
399244.1532,446.2895000000135
399618.8367,0
399818.7091,0
400171.3109,0
400533.5799,1437.2339999999967
400741.6665,0
400896.3645,0
401210.931,0
401495.9412,0
401883.4514,0
402058.7671,0
402068.72010000004,0
402149.9975,0
402281.1781,0
402637.7535,0
402678.3384,0
402992.9771,0
402996.9864,0
403217.8371,0
403411.4179,0
403892.72876,0
404047.3884,0
404080.3291,0
404191.6487,0
404288.6179,0
404447.2247,0
404578.2735,0
404585.16993333335,0
404720.1331,7061.632799999963
404749.0702,0
404866.6945,0
405014.478,0
405014.5634,0
405019.2997,2148.3581999999587
405231.3848,0
405263.9359,0
405609.5131,0
405799.4568,0
405802.7882,0
406062.1949,0
406301.7974,0
406377.79714,0
406463.65619999997,0
406496.6508,0
406611.8566,0
406692.8279,0
406716.8011,0
406773.3212,0
407007.562,0
407073.007,0
407214.4655,0
407265.0889,0
407507.3431,0
407616.65548333334,0
407617.6033,0
407689.348,0
407891.4247,0
407979.8348,0
408013.2533,0
408075.9681,0
408462.274,0
408505.3505,0
408763.0937,0
408775.3109,0
408902.2092,0
409069.4714,0
409146.2038,0
409277.6952,0
409387.21,0
409509.478,0
409574.6554,0
409593.6679,0
409704.7314,0
409754.1695,0
409945.5014,0
410025.7416,0
410274.4706,13192.339600000007
410996.31,0
411109.836,0
411212.8902,0
411584.1109,22563.919700000028
411687.6794,0
411789.66615,0
411972.0477,0
412022.0224,0
412389.7149,0
412506.8188,0
412704.90020000003,0
412785.09653333336,0
412915.2531,0
412959.1608,0
413209.0563,0
413374.3052,0
413398.57660000003,0
413515.8223,0
413563.8406,0
413757.9501,0
414042.0645,0
414180.4562166667,0
414270.57420000003,0
414292.9097,0
414312.5873166667,0
414347.5422,0
414406.755,0
414444.9542,0
414558.3665,0
414558.5274,0
414627.9421,0
414649.2844,0
414692.676,0
414725.0292,0
414732.3749,0
414759.7567,0
414852.1267,0
414866.8613,0
414872.0081,0
414918.985,0
415018.1294,0
415105.9747,0
415222.1967,0
415328.8747,0
415341.7065,0
415374.0963,0
415566.8888,0
415608.5047,0
415908.03599999996,0
415922.5101,0
415975.5343,0
416053.4914,0
416133.6747,0
416364.7109,0
416653.28740000003,0
416658.3664,0
416846.4184,0
416883.2422,0
416993.1099,20805.40049999999
417013.3059,0
417063.9518,0
417068.6875,2185.492900000012
417107.16370000003,0
417139.06728,0
417192.6399,0
417323.0215,0
417557.37056,0
417560.1076,0
417574.2894,0
417912.5772,0
417963.9662,0
417996.0334,0
418030.7943,0
418082.9468,0
418101.9732,0
418106.9235,0
418181.7935,0
418415.239,0
418473.2389,0
418758.853,0
418820.48840000003,0
418838.264,0
418875.5869,19445.6887
418909.5058,0
418940.9423,0
418975.9317,0
419097.4307,0
419242.5183,0
419479.21746666665,0
419574.9438,0
419596.4576166667,0
419618.5061,0
419985.8864,0
420145.443675,0
420213.8981,0
420557.3831,0
420692.673,0
420865.1921,0
420895.3902,0
420980.5281,0
421000.1923,9093.00079999998
421074.64,0
421286.3912,0
421322.3862,0
421330.462,0
421408.0012,0
421485.8818,0
421503.7546,0
421689.8529,0
422036.2154,0
422143.7357,0
422235.3332,7972.785600000003
422295.0813,0
422438.6212,0
422630.467,0
422841.6168,0
423137.9173,0
423142.5984,0
423204.5188,0
423230.83759999997,0
423558.5652,0
423673.0011,0
423709.0655,0
423786.1751,0
423798.441,0
423801.82004,0
423828.7463,0
423870.8478,6066.642499999958
424052.3835,0
424235.7333,0
424265.1564,0
424525.7352,0
424621.9432,0
424761.58768,0
424774.28890000004,0
424862.1746,0
425047.0077,0
425146.2321,0
425173.89694,0
425211.5965,0
425219.10349999997,0
425255.0721,0
425299.9273,0
425375.219,0
425603.864,0
425634.708,0
425661.0162,0
425683.2745,0
425876.0971,0
425890.15009999997,0
426071.0403,0
426121.5883,0
426127.7189,0
426511.33759999997,0
426580.4938,0
426748.8265,0
426888.4058,0
426996.9968,0
427206.1437,0
427244.5969,0
427365.968,0
427377.5017,0
427405.2596,0
427434.029675,0
427637.8471,9095.973300000012
427747.4058,0
427757.4569,0
427812.6116,0
427860.2284,0
427894.908,0
427941.7855,0
428038.0108,0
428046.6667,0
428089.5385,0
428102.3333,0
428302.1651,0
428310.8611,0
428332.9497,0
428590.4586,0
428701.2946,0
428755.3259,1672.6168999999645
428854.0945,0
428856.3328,0
428888.2721,9819.970499999996
428940.0621,7320.212200000009
428948.1633,0
429044.3873,0
429190.5923,0
429247.3398,0
429343.7773,0
429516.2478,0
429558.2049,46.898500000010245
429596.6372,0
429608.0729,0
429661.5198,0
429751.9214,0
429775.5173,0
429854.1501,0
429886.7391,0
429903.962,0
430084.628,0
430095.502,0
430111.4989,0
430493.4814,1312.4360999999917
430521.1357,0
430527.202,0
430551.6162,0
430601.6174,0
430665.3272,0
430685.6693,0
430720.1433,0
430834.9215,0
430890.9521,0
430938.7824,0
431100.24679999996,0
431237.753,0
431419.7866,0
431505.9052,0
431702.3016,0
431889.6484,0
432161.723,0
432171.4842,0
432199.4175,10975.070999999996
432211.4098,0
432214.2592,0
432229.4464,0
432344.6911,0
432495.1858,0
432515.539,2468.994699999981
432634.6523,0
432688.6304,0
432850.9916,0
432955.9922,0
433010.0987,0
433032.8466,0
433147.26769999997,0
433263.2769,0
433497.136,0
433523.12682,0
433624.43976,0
433844.0922,0
433967.3948,0
434113.2754,0
434266.5688,0
434298.4028,0
434366.634,0
434639.9616,0
434692.0071,0
434856.9901,0
434861.6202,0
434883.1654,0
435075.5723,0
435115.7898,0
435199.8702,0
435262.6581,0
435266.2121,0
435325.7458,11533.599999999977
435383.8515,0
435482.9384,0
435610.3663,0
435832.192,0
435861.4536,0
435880.5646,0
435936.2262,10158.831999999995
435943.426,0
435969.4059,0
436107.4985,0
436270.0634,0
436405.7514,0
436406.7263,0
436431.4118,0
436486.4215,0
436751.0752,0
436854.66555,0
436973.3621,0
437025.8705,0
437164.4479,0
437225.4973,0
437525.2386,0
437579.6908,0
437739.855,0
437904.1703,546.2521999999881
438080.8219,0
438176.3554,0
438179.9116,0
438194.2836,0
438454.9628,0
438521.0474,0
438641.9143,0
438704.9446,8236.481499999994
438747.6653,0
438878.31885,0
438911.1123,0
438914.9537,0
439019.3,0
439031.5285,1186.7810000000172
439031.7274,0
439250.3292,0
439273.8162,0
439279.8823,0
439603.5409,0
439638.5674,2124.966599999985
439712.1966,0
439802.2638,0
439809.4854,0
439893.70290000003,0
439905.9516,3223.708399999945
439928.725,0
439956.8218,0
440022.7839,0
440197.8592,0
440257.7619,0
440326.9561,0
440329.0534,3808.0559999999823
440335.7531,0
440502.4192,0
440572.6445,0
440652.0158,0
440736.9183,0
441019.9999,0
441083.6494,0
441152.8838,0
441182.6801,0
441332.966,0
441466.7999,0
441477.7146,0
441566.0522,0
441664.2889,0
441755.4601,1560.1268000000273
442143.6541,2057.415399999998
442176.6724,0
442241.1258,0
442335.6125,0
442712.6229,0
442767.0371,0
443083.3343,5392.821699999971
443086.1647,0
443223.3371,0
443358.717,0
443435.789,0
443537.1836,0
443590.3024,0
443650.1861,0
443709.06,0
443755.3433,0
443806.5633,0
443806.8987,0
443828.9288,0
443853.1748,1568.2096999999485
443860.4205,0
443862.30079999997,0
443944.9799,0
444071.4208,0
444201.3157,0
444210.39650000003,0
444345.3957666667,0
444366.23,0
444494.55700000003,0
444507.6338,0
444527.5114,0
444560.4896,13134.054399999965
444648.0161,0
444702.3462,0
444747.4401,0
445060.97609999997,0
445522.7592,0
445523.7988,0
445648.4165,0
445714.8401,2289.21669999999
445720.3513,12140.574199999974
445748.4836,0
445785.1683,0
446301.5143,0
446391.9558,0
446533.118,0
446565.8863,0
446581.8237,0
446671.4067,0
446952.84,0
447013.317,0
447256.7246,0
447280.9273,0
447304.1149,0
447338.2645,626.118599999987
447347.2877,0
447413.6098,0
447538.5834,0
447568.5338,0
447692.7447,0
447711.5541,0
448026.9693,0
448194.5503,0
448204.543,0
448220.2513,0
448226.7283,0
448300.3828,0
448314.2131,0
448375.5796,6141.680799999973
448422.5875,0
448508.3442,349.842399999965
448547.3976,0
448708.2552,0
448774.4237,0
448928.365,1674.829299999983
448951.9707,0
449029.6556,0
449089.5462,0
449421.6965,16104.627399999998
449552.9707,0
449578.75333333336,0
449635.6998,13103.87050000002
449684.1835,0
449865.55449999997,0
449892.7121,0
450183.1726,2040.6175999999978
450197.2044,0
450407.1958,0
450532.3833,0
450568.5285,0
450759.02619999996,0
451111.4085,0
451252.1826,0
451367.3504,0
451371.2898,0
451433.6844,0
451525.4975,0
451697.4655,1212.119699999981
451885.8893,0
451988.4362,0
452004.3418,3987.945299999963
452028.7008,0
452067.99199999997,0
452156.2176,5666.104999999981
452576.7694,0
452689.4954,0
452721.926,393.3338999999687
452739.332,0
452915.2517,0
452952.6333,3537.9277
453007.89029999997,0
453150.7594,0
453163.22490000003,0
453416.5898,1521.9912999999942
453538.69169999997,0
453568.6279,0
453580.64890000003,0
453649.1994,0
453687.9899,0
453696.1703,0
453851.0608,0
453964.9898,0
454054.0932,1540.3703000000096
454299.4937,0
454462.6478,0
454635.9835,0
454828.128,0
454935.9539,0
455016.6969,0
455244.5361,0
455249.796,0
455261.8352,1497.8890999999712
455283.71270000003,0
455288.929,0
455298.1592,2655.9604999999865
455299.7143,2764.6165000000037
455341.6864,1264.3298000000068
455483.1612,0
455613.8204,3163.8800000000047
455628.2451,0
455665.4309,2491.406399999978
455794.1091,0
455873.8946,0
456012.005,0
456051.2596,0
456105.2413,0
456283.5697,0
456288.2212,7960.8910000000615
456886.9665,1414.2997999999789
457172.6121,0
457488.7022,4170.612599999993
457721.38320000004,0
457834.6384,940.5739999999641
457839.786,2920.939500000037
457847.70530000003,0
458052.3314,0
458077.581,0
458163.4803,0
458315.9055,0
458323.1828,0
458406.4985,0
458467.0736,0
458508.13910000003,0
458569.6396,6459.090199999977
458617.7795,0
458677.7936,0
458814.871,0
459090.1903,0
459178.6593,0
459352.752,0
459397.8446,0
459867.684,2730.3698999999906
459904.3804,4444.842000000004
460078.6346,0
460079.6901,0
460132.92319999996,0
460133.3832,0
460206.3884,0
460308.1886,0
460320.7649,0
460389.0407,2087.135200000019
460506.7772,0
460884.8352,6794.482499999984
460910.2982,0
461200.0145,0
461338.6404,0
461372.1054,0
461375.8918,0
461400.6922,0
461498.1548,0
461753.1858,0
461845.12995,0
461926.6022,0
462043.8036,4131.980999999971
462102.1853,0
462308.7116,0
462329.2117,0
462436.026,7528.069100000022
462665.9943,0
462691.7228,0
463223.7387,0
463376.31,0
463703.08759999997,0
463703.7314,0
463784.036,0
463821.6159,3147.264899999951
463970.7624,0
464086.8775,0
464121.6854,8454.8027
464491.2534,0
464528.0931,0
464643.3102,0
464702.1876,0
464710.3155,0
464768.1838,0
464828.8988,0
465020.5581,0
465096.3035,1876.672900000005
465179.26379999996,0
465422.43929999997,0
465424.4924,3199.0779999999795
465573.9339,0
465582.2366,0
465620.0701,5787.586500000034
465698.3938,3173.5121999999974
465726.13060000003,0
465730.3483,0
465887.9919,0
465960.4807,0
465967.5551,0
465981.5281,5746.089500000002
466154.3035,1786.9291000000085
466234.0207,0
466324.6284,0
466404.18799999997,0
466431.0218,0
466512.0173,0
466526.2918,0
466611.2191,4552.667699999991
466642.3958,0
466689.1126,0
466867.7515,0
467009.6495,0
467112.2785,0
467477.9389,153.58370000001742
467576.8185,3949.764599999995
467773.9511,0
468111.7109,3301.0008999999845
468133.3618,0
468170.0267,0
468198.6194,30.11139999999432
468244.5328,55.509099999966566
468634.1253,1393.8007000000216
468729.5359,0
468888.5056,0
469000.9792,7617.257600000012
469165.7964,0
469185.4391,15157.227699999989
469198.955,5795.072800000024
469385.4743,0
469417.4633,5126.156499999983
469483.0681,0
469502.6499,12372.047699999996
469719.4753,0
469832.6511,1654.775800000003
469974.9352,8545.524600000004
470086.0614,0
470146.8748,0
470213.2537,8569.06270000001
470327.957,0
470434.4704,0
470451.2994,3737.4204000000027
470455.9506,1355.8705999999656
470605.0076,0
471104.3479,0
471215.5804,3013.329999999958
471676.6988,0
471696.6488,0
471755.1538,0
471894.0822,0
471948.4022,364.97240000002785
472000.0305,0
472323.348,17273.765200000023
472347.8069,290.57070000004023
472366.6176,1566.1798999999883
472451.4962,0
472680.596,0
472765.2345,0
472791.4603,9337.571599999967
472865.1563,0
473044.9882,0
473232.42209999997,0
473293.2599,0
473390.1971,0
473431.1877,4259.2416000000085
473446.032,0
473633.1294,0
473650.4149,524.2439000000013
474284.8717,0
474350.093,7565.67300000001
474934.2678,2991.9098999999696
475004.9377,0
475036.3692,2336.8084999999846
475051.7468,2035.0991000000504
475069.2733,0
475252.415,0
475306.7509,0
475443.6239,0
475596.6638,5354.4297999999835
475964.6242,1791.6388000000152
475989.3059,0
475993.87296,0
475994.8727,5482.868900000001
476097.6057,0
476279.9195,0
476414.9065,11021.986999999965
476477.9066,33.010399999970105
476540.7574,242.86639999999898
476712.8933,8965.41869999998
477103.961,11447.168000000005
477139.0311,0
477161.5943,0
477632.8827,0
477719.3128,0
478205.3143,0
478253.7392,0
478272.61214,0
478284.9915,0
478473.3334,6820.7880000000005
478488.0092,0
478489.7305,0
478534.3698,0
478572.9521,0
478966.5686,0
479177.5152,0
479239.51780000003,0
479318.7673,13326.712999999989
479475.328,9145.637799999968
479522.1191,0
479535.7772,0
479626.3465,0
479682.005,0
479884.0956,12126.196600000025
479917.5806,9765.802299999981
480180.4489,0
480302.3351,0
480345.5383,0
480365.812,0
480583.4942,6019.058799999999
480658.7012,0
480665.4514,0
480672.0406,0
480798.7133,0
480810.5812,7495.154000000039
480924.5636,0
480947.6558,0
481045.3405,0
481094.4067,0
481235.7312,0
481295.3719,4365.642300000007
481335.55449999997,0
481408.1262,0
481616.0865,0
481631.599,2128.971099999966
481692.4761,8769.605900000024
481693.5809,0
481723.1329,5368.271700000041
482067.0118,5700.853399999964
482287.3655,0
482475.9372,0
482517.3869,9396.289699999965
482547.3552,0
482714.9453,0
482842.0792,761.587200000009
482894.1057,0
482982.23,8882.825799999991
483154.30590000004,0
483176.9006,2502.130599999975
483191.6035,0
483275.0848,0
483291.2356,7553.509100000025
483332.2819,0
483402.7388,0
483417.5093,0
483605.3024,13806.271999999997
483665.9685,0
484085.9388,0
484148.0502,2768.849739999976
484284.3215,6845.3348000000115
484291.4818,0
484357.7515,6497.958100000047
484368.6022,0
484622.2049,0
484672.2433,0
484674.7294,0
484689.8362,0
484978.2572,0
485226.6777,0
485246.4024,9973.618799999997
485284.0748,0
485565.6205,0
485653.0675,0
485732.8569,1011.6941000000224
485742.4608,0
485890.6786,10651.675699999963
486192.0394,0
486363.5101,0
486700.7283,6756.755400000024
486869.0325,0
486907.8364,7305.151999999944
487145.2226,0
487193.4399,0
487253.6033,2860.8865000000224
487300.637,0
487324.8476,2742.087199999951
487694.0234,14598.294200000004
487770.1509,0
488022.6188,0
488201.4794,0
488292.5776,1967.6416000000318
488613.3317,0
488788.1394,8851.255200000014
488789.4088,0
488917.2944,8912.560400000017
488991.0849,0
489142.402,2239.514599999995
489161.607275,0
489342.2419,0
489418.0044,0
489652.2398,0
489660.9121,0
489726.572075,0
489868.473,0
489948.8287,0
489956.3397,0
490161.127,0
490189.0647,0
490190.5411,99.04379999998491
490679.3429,9709.07740000001
490714.0955,4854.8116000000155
490824.4929,0
490845.0865,0
490893.7008,12589.577699999965
491087.8698,869.2152999999817
491269.6559,0
491317.387,0
491332.9468,1164.8369999999995
491545.2774,0
491709.34739999997,0
491720.9273,0
491729.8384,12180.736199999985
491837.1514,0
491899.8194,6530.099199999997
491939.6379,10595.75589999999
492090.0745,0
492474.2777,0
492511.7418,0
492749.9442,0
492815.324,0
492835.8682,0
492945.654,602.9584000000032
493143.1381,0
493275.3878,1072.3412000000244
493558.769,0
493849.607,0
493962.8328,0
494314.6532,0
494348.1817,0
494488.6905,0
494636.5213,0
494840.917,0
494853.4223,0
494900.0142,0
495067.3092,0
495468.1497,0
495512.4508,1604.0724000000046
495569.3131,0
495571.8963,0
495677.4466,0
495713.5641,0
495762.60730000003,0
495773.6332,0
495951.9785,0
496295.6803,0
496364.5734,0
496473.1161,0
496889.8663,0
497037.8085,0
497140.1946,3371.934399999969
497189.4044,0
497382.4654,656.3482000000076
497407.7769,0
497426.8451,0
497526.90578,0
497639.3448,0
497644.1002,0
497698.5362,0
497765.7864,0
497843.2049,0
497970.9125,0
498080.6221,0
498107.5126,0
498211.4895,0
498222.1616,0
498228.0923,0
498567.2628,0
498695.7842,0
499221.2577,0
499427.3132,9933.041399999987
499427.99439999997,0
499543.1596,0
499563.2815,0
499573.1634,0
499615.63910000003,0
499627.81440000003,0
499743.93005,0
499937.4452,0
499974.195,0
500083.58869999996,0
500200.1027,0
500281.116,0
500376.1762,0
500405.8874,0
500694.0294,0
500777.8236,0
500880.63501666667,0
500927.5452,0
500936.3262,935.3218999999808
501086.7535,0
501123.1139,0
501270.1511,0
501420.056,0
501524.0054833333,0
501564.7216,0
501588.487,0
501606.7288,0
501740.4335,8513.925199999998
501861.8153,0
501897.3946,3808.9425000000047
502062.6507,3676.97490000003
502093.227,0
502093.58305,0
502161.8117,0
502168.4256,0
502311.4758,0
502501.5477,0
502545.8728,979.4148000000278
502706.8304,0
502878.8831,0
502883.299,0
502924.6434,1127.014199999976
502964.3747,0
502993.204,0
503023.8392,0
503227.9026,0
503395.768,0
503898.5353,0
504027.7037,1010.3439000000362
504125.99834,0
504846.4007,1849.8850000000093
504992.2472,0
505069.4559,0
505175.1136,0
505345.0516,0
505434.0037,0
505593.2931,0
505609.3332,0
505845.002,0
506025.1784,0
506058.5602,0
506162.3429,0
506231.1681,0
506353.0067,3189.3254000000306
506388.96275,0
506561.6832,225.33280000003288
506603.21270000003,0
506766.69888333336,0
506804.5795,0
506838.078,0
506944.674,2892.3736250000075
507014.0241,0
507186.3802,0
507273.1727,0
507274.3711,0
507274.8737,0
507288.0511,0
507293.861,0
507468.255,54.68859999999404
507547.8529,0
507548.54110000003,0
507586.0049,0
507638.7087,0
507689.3405,0
507697.6479,0
507823.2999,0
507964.81070000003,0
507966.42,0
508001.1791,0
508300.8953,0
508363.1866,0
508384.3479,0
508613.7743,0
508660.3088,0
508753.925,0
508780.5142,0
508798.8167,0
508806.299,0
509004.3238,0
509028.8417,0
509064.6098,0
509255.9998,0
509297.7541,615.664700000023
509316.8136,0
509463.3716,0
509778.5431,0
509788.3076,0
509989.8097,0
510411.9371,0
510586.7842,0
510713.57660000003,0
511034.326,0
511404.2794,692.2093999999925
511412.6313,0
511673.6018,0
511752.994,0
511822.3748,0
511916.0502,0
512037.7949,0
512139.4775,0
512253.4606,0
512260.5477,0
512284.8816,0
512382.1259,0
512388.8373,0
512448.7855,0
512513.5299,0
512590.4326,0
512713.4692,0
512756.9717,0
512835.78859999997,0
512858.67,0
512876.2144,0
513034.8814,4772.467000000004
513095.5242,0
513187.5794,0
513387.6849,0
513678.4862,0
513761.1514,0
513764.2664,0
514101.8627,0
514215.5227,0
514237.85109999997,0
514601.3153,0
514620.8359,0
514862.2167,0
514876.2615,0
515035.4456,0
515081.2084,0
515262.7809,0
515280.8212,0
515306.0808,0
515363.4311,0
515478.0093,0
515610.6581,0
515709.4779,0
515721.4613,0
515746.3144,371.61329999996815
515750.2158,0
515754.7473,0
515762.0154,0
515904.42339999997,0
516323.0487,0
516347.0468,0
516567.3332,0
516622.7754,0
516669.92449999996,0
516926.7349,0
516940.3615,0
517061.6188,582.1474000000162
517104.3381,0
517221.0245,0
517396.9933,0
517441.7504,0
517446.03489999997,0
517469.6296,0
517663.2704,0
517666.1971,0
517979.82753333333,0
518055.6787,0
518056.7667,0
518195.9013,0
518279.8057,0
518321.2869,0
518328.9929,0
518344.3968,7545.451599999971
518399.3525,0
518444.0576,0
518454.78698333335,0
518506.0258,0
518665.2385,0
518676.7831,0
518868.12179999996,0
518872.2002,0
518893.1386,0
519098.3772,0
519113.0419,0
519146.80295,0
519208.7724,0
519274.4013,0
519302.9662,2969.299100000004
519501.22875,0
519607.5787,0
519659.0739,0
519819.5513,0
519876.6318,0
519918.9971,2600.2294999999576
520045.2598,0
520077.1728,0
520402.7685,0
520425.19909999997,0
520535.3929,0
520608.906,0
520636.5561,0
520685.47490000003,0
520719.6159,0
520769.5451,2976.264199999976
520830.2832,0
520929.9668,0
520979.1853,0
520988.6962,0
521082.8466,0
521088.6978,66.58100000000559
521093.1982,0
521163.2426,0
521692.7575,0
521704.4653,0
521901.2245,0
522102.0027,0
522157.2363,0
522163.6996,603.3810999999987
522426.3645,0
522486.2102,0
522489.312,0
522613.0635,0
522678.0961,0
522730.33999999997,0
522813.7854,3028.876799999969
522822.72239999997,0
522855.249,0
522872.2348,0
523084.5626,0
523092.2622,0
523140.5444,0
523155.6454,536.4555999999866
523496.0991,0
523643.2063,0
523697.8002,0
523704.2933,0
523728.0247,0
523738.1353,0
523788.9586,0
523815.6922,0
523915.50179999997,0
524164.8871,0
524294.9697,0
524618.7771,0
524774.0702,0
524792.819,0
524800.0574,0
524855.5959,0
525065.7477,0
525141.9541,0
525257.2315,0
525439.7891,0
525514.5448,0
525546.2335,0
525824.8112,0
525831.3874,0
525971.4393,0
526010.9046,0
526027.8756,0
526135.5767,0
526139.1215,0
526235.8203,0
526307.1983,0
526355.2544,0
526359.1083,3588.495399999956
526593.5478000001,0
526603.0787,0
526630.8195,0
526801.4624,0
526888.1785,0
526906.4357,0
527075.8645,4420.588300000003
527316.1224,0
527322.0857,0
527490.1839000001,0
527497.681,0
527533.9236,0
527740.71,0
527837.9792,0
527944.0935,0
528038.3919,0
528127.1502,0
528422.2962,0
528533.0254,0
528653.9183,5760.411200000031
528662.6043,0
528676.1858,0
528711.7701,0
528777.6984,0
528829.3537,0
529186.5969,0
529497.1367,0
529497.4193,1354.9554999999236
529503.728,0
529508.2175,0
529568.2145,0
529584.4377,0
530698.4618,0
530793.5621,0
530806.6001,3686.1297000000486
530916.4823,0
530950.91,0
530951.01304,0
531059.0872,0
531279.1243,0
531282.6357,0
531312.3692,0
531353.529,0
531354.1073,0
531485.2151,0
531608.2493,0
531611.0504000001,0
531619.051,0
531724.8585,0
531769.1243,0
531771.0336,0
531777.1493,0
531844.5553,978.671399999992
531877.0562,0
532250.7364,0
532638.1953,1118.607100000023
532894.6704,0
532916.2166,0
532987.1946,0
533260.5085,0
533274.0999,0
533466.9327,0
533470.2051,0
533478.2004,0
533558.1942,0
533562.7331,0
533590.2086,0
533595.1616,0
533646.7752,0
533848.548,0
534003.5284,0
534106.2286,6102.754500000039
534110.7172,0
534246.5626,1567.9460999999428
534250.0264,0
534418.7481333333,0
534600.5221,6601.675699999905
534645.245,439.6457999999402
534703.8104,331.2577999999048
534916.9291,1218.156399999978
534925.8804,0
535105.2569,1292.2738000000827
535318.9895,0
535567.2124,0
535748.0643,0
536047.887,0
536080.6174,0
536148.6343,0
536359.6999,0
536375.7592,0
536422.9767,0
536547.9721,0
536698.0201,4363.855099999928
536775.5186,0
537040.3464,5074.336800000048
537076.9866,6671.022999999928
537112.3592,0
537148.0648,1510.5201000000816
537210.6623,0
537252.5552,1389.4128999999957
537340.8259,217.1382000000449
537355.8216,0
537356.2675,0
537425.6564,591.2657999999356
537573.8755,0
537607.6483,0
537670.149,0
537823.065,0
537869.8689,5629.223600000027
538095.3441,0
538140.2822,0
538179.934,0
538275.4932,0
538316.0566,2710.677299999981
538540.7252,0
538555.1877,0
538639.767,0
538827.5754,0
538894.0905,0
538968.2533,0
539024.2952,0
539122.0249,2108.0521999999182
539153.9518,0
539260.6722,6391.245100000058
539280.5879,5876.597000000067
539356.3103,0
539422.9489,8497.182199999923
539735.0989,1308.987300000037
540124.5509,8818.077300000004
540249.4186,9040.635599999921
540376.5103,0
540491.29,10135.949299999978
540603.8816,0
540637.2332,0
541121.3804,7162.643800000078
541241.5237,7159.802099999972
541363.4128,0
541515.5932,0
541686.5236,0
541690.3408,0
541773.7299,0
541787.9979,0
541951.9343,857.4645000000019
542024.1537,1196.8401000000304
542106.1883,495.15340000006836
542295.1888,1819.2053000000305
542353.7355,7678.7930999998935
542389.4738,0
542550.2644,0
542641.7692,0
542767.2069,0
543030.817,0
543163.7235,0
543177.2587,0
543219.0195,3075.1184000000358
543350.3542,1573.5445999999065
543573.291,0
543817.098,0
543918.4428,0
544001.8308,0
544083.1677,4134.603699999978
544212.572,0
544245.5619,0
544498.9779,0
544635.9848,0
544680.3831,0
544701.1346,878.6145999999717
544836.4937,6817.358800000045
544961.7728,0
545055.8165,0
545108.5104,7129.651599999983
545272.0058,7807.973899999983
545289.2862,246.3070000000298
545303.5342,0
545447.2115,2240.1300000000047
545482.1882,1078.216400000034
545567.7485,0
545605.4235,0
545627.3706,0
545724.3057,0
545825.5702,0
545826.9971,8082.040900000022
545880.3139,0
545980.8636,762.6303000000771
546132.4573,0
546197.5786,968.6232999999775
546366.0645,0
546456.2302,2426.2641000000294
546456.811,0
546518.9441,18.712999999988824
546637.7017,1342.2689000000246
546701.679,2191.1169999999693
546714.9172,0
546722.1254,50.18469999998342
547011.1567,7136.029500000062
547041.4392,0
547049.8451,0
547127.8686,3350.7831000000006
547209.9188,0
547268.926,7130.918799999985
547524.7345,0
547555.1905,1612.6875
547627.9197,0
547811.9281,0
547866.653,8229.697700000019
547868.1477,0
548242.5943,0
548301.636,986.642000000109
548413.6880666667,0
548421.7616,0
548422.1021,3121.783700000029
548481.4412,0
548550.714,0
548891.7266,13778.2598
549039.7717,0
549120.7116,0
549370.3897,894.3054000000702
549475.2555,0
549719.8708,7563.35129999998
549826.561475,0
549903.0481,2786.064699999988
549944.0807,0
550071.2524,5797.381799999974
550259.2094,2806.2686000000685
550299.9727,11653.527200000011
551087.8689,0
551104.4159,1945.0908000000054
551166.3073,0
551177.3025,0
551212.5243,0
551301.2616,4472.986900000018
551585.8528,5746.44319999998
551718.9821,3997.9239000000525
551725.8459,2576.238299999968
551771.7324,0
551810.7763,3288.935300000012
551838.1388,1162.5003999999026
551946.07996,0
552081.8552,0
552208.5847,1447.26390000002
552313.3156,0
552403.7026,2368.1703999999445
552646.9481,0
552661.2369,88.07440000004135
552737.3886,0
552905.7638,0
553119.7284,4806.779900000081
553203.5182,1819.0665000000736
553265.1426,930.5073000000557
553317.5816,0
553544.2523,0
553685.0816,6778.822900000028
553777.5679,2289.9690999999875
553796.9486,1276.047900000005
554008.0862,3493.325700000045
554199.7845,0
554214.7315,3088.96669999999
554310.4372,0
554342.2151,7257.2039000000805
554486.3795,7288.026900000055
554579.2604,3128.3412000000244
554664.5016,6892.307799999951
554807.2585,2005.0679999999702
555068.5439,0
555373.13,0
555439.434,595.1439000000246
555477.1343,0
555709.174,5177.683300000033
555781.4871,1763.3329999999842
555977.6233,4297.039499999955
555994.9161,2102.97350000008
556008.2386,1242.1326000000117
556044.7361,4781.218499999959
556129.606,8558.974099999992
556562.5474,315.95180000003893
556652.7342,0
556699.7053,0
556719.2132,2249.9277999999467
556872.0781,2105.5853500000667
557177.55,0
557348.1345,0
557483.8606,0
557521.5305,198.56579999998212
557523.7969,3625.056199999992
557538.5824,354.8456999999471
557567.0815,0
557763.1617,0
557861.1227,0
557892.4851,0
557899.8094,0
557982.8284,0
558004.4586,3569.3743999999715
558032.3784,8418.883499999996
558059.1282,7370.016900000046
558135.3042,0
558176.7052,3128.365899999975
558220.6045,0
558304.0622,1280.156200000085
558355.5866,455.76329999999143
558375.3292,0
558411.8856,8413.360199999996
558438.2045,8298.597799999989
558497.0763,4331.729199999943
558538.8614,0
558586.8247,0
558760.1981,0
559120.9984,0
559142.51,150.10510000004433
559186.1137,0
559577.742,783.936400000006
559683.7951,0
559687.9242,0
559800.1561,0
559800.5721,0
559819.6281,0
559874.0136,0
559990.461,9237.264800000004
560062.3787,6768.385600000038
560145.8542,0
560255.2169,0
560310.0444,6959.514900000067
560665.7108,0
561137.6646,1728.8721000000369
561227.4795,4997.213500000071
561708.1334,0
561721.8226,0
561788.9282,0
561837.6249,1040.8078000000678
561918.6565,1608.4737000000896
561977.4583,4786.285100000096
562030.7397,0
562038.0122,6894.449600000051
562145.3879,0
562196.4481,3625.996700000018
562244.8021,0
562253.5515,1880.0092999999179
562363.8835,5378.904300000053
562485.4919,0
562612.4317,199.99339999991935
562627.8556,11190.189499999979
562835.6104,10303.803399999975
562897.1507,3355.636599999969
563629.2286,0
563765.1782,0
563849.6089999999,0
564002.0338,1048.746199999936
564156.4169,2342.8809999999357
564347.1071,0
564357.3642,0
564509.7924,2722.7203000000445
564583.0672,5888.021600000095
564894.6454,1904.7700000000186
564924.2336,9191.518099999987
565077.5168999999,0
565128.6322,5215.581499999971
565200.1969,13796.414800000028
565338.4437,0
565439.1515,0
565573.7269,2642.5021000000415
565661.1833,5564.247399999993
565746.8964,11488.715199999977
565840.2041,0
565947.7271,1185.4440666666487
566026.7935,0
566058.2852,7668.766500000027
566096.1384,0
566120.0573,11354.328699999955
566173.2774,0
566400.7623,11551.69439999992
566692.6292,0
566715.0168,0
566722.4163,10233.75939999998
566749.171,220.30379999999423
566760.9567,1699.0078999999678
566801.1451,0
567163.3341,0
567302.3838,0
567384.5575,0
567429.1627,2657.785399999935
567442.1134,0
567511.9432,219.77370000001974
567543.678,1181.4104999999981
567605.5087666666,0
567672.1356,0
567780.1786,0
567845.7137,1907.4371999999275
568067.5513,0
568072.3493,0
568345.4669,0
568405.001,3956.0905000000494
568493.7988,1980.6359999999404
568577.8751,16581.949399999925
568773.2177,0
568778.9334,0
569145.0173,0
569184.7303,685.081700000097
569313.6618,0
569392.6239,23.29899999999907
569503.628,4742.848100000061
569798.4474,3524.079749999917
569925.6111,0
570030.0933,0
570051.2507,0
570111.2283,0
570147.8023,78.60809999995399
570155.3638,12304.304899999988
570275.0221,13971.146599999978
570453.5092,3304.494799999986
570490.8179,0
570514.0249,0
570657.8103,0
570743.8871,0
570834.6949,0
570849.4037,0
571023.3853,0
571140.998,0
571264.0732,0
571369.3793,0
571406.3637,0
571419.869,0
571616.0777,18829.185300000012
571691.3423,6.644100000034086
571907.6543,6966.131200000062
572129.9427,0
572301.678,0
572316.1546,0
572378.1289,17973.53960000002
572459.1491,0
572901.017,763.3312999999616
572902.2044,0
572940.9593,1811.6126999999397
573012.915,0
573029.2992,2208.42630000005
573304.7803,12375.927999999956
573325.85122,0
573447.1249333334,0
573789.8639,727.4355000000214
574226.4985,0
574952.5983,0
575053.3837,0
575145.1070666667,0
575256.58,6707.880999999936
575277.1968,0
575278.1844,0
575682.6893,9393.093400000012
575722.2358,0
575733.3318,0
575747.0238,0
576028.2772,0
576145.5591,0
576225.3001,0
576324.5915,3819.7983999999706
576332.1937,0
576457.5952,0
576505.9741,440.1959999999963
576578.3557,0
576589.356725,0
576763.2517,0
576818.0035,0
576988.8614,0
577132.4500166667,0
577148.3857,0
577239.3027,0
577289.2636,6798.369199999957
577387.0976,0
577631.55,8628.599400000065
577994.782,0
578322.6952,0
578393.1451,0
578581.3479,0
578878.2773,0
578892.9132,0
579095.3057,0
579465.5791,0
579473.8473,20401.674499999965
579724.1932,0
579744.3008,0
579749.6876,0
579782.3465,0
579856.8205,0
579873.8999,6691.208899999969
580055.5456,8863.246999999974
580326.8941,0
580501.2203,0
580523.3506,0
580598.8269,0
580783.3901,0
580869.509,0
580870.8003,0
580968.1125,0
581074.6039,0
581213.1476,0
581548.4469,7493.91240000003
581716.9942,0
581959.6718,22623.744399999967
581966.9658,0
582037.272,0
582265.7931,0
582291.77,0
582411.1652,15951.4365666667
582661.1734,0
582713.0237,0
582757.6525,0
582819.7057,0
583362.5595,0
583502.8529,0
583941.2721,0
584009.1882,0
584067.9094,0
584070.1065,0
584122.3927,21014.40286666667
584504.0512,0
584764.5591,0
584852.0458,0
584900.6227,0
584952.3467,16108.444200000027
584965.35185,0
585256.1308,0
585450.6049,0
585535.9176,0
585605.9851,0
585802.3037,0
586161.3099,0
586173.0031,9658.589799999958
586196.4334,0
586264.2135,0
586657.7726,5003.79859999998
586670.372,0
586703.7376,0
586765.9456,0
586969.7301,0
587036.506,0
587358.0366,0
587598.4926333333,0
587617.6804,0
588054.5881,0
588160.091,0
588173.1798,0
588254.2784,0
588335.7311,0
588451.4973,0
588522.3728,0
588840.9674,0
589061.0183,0
589079.4833,0
589115.4959,0
589309.0311,0
589407.8957,0
589623.3673,0
589750.8585,0
589800.0937,0
589856.5548,0
589863.963,0
590055.6642,0
590304.1029,0
590515.347,0
590630.7903,0
590728.3083,0
590811.1039,0
590952.167,0
591032.1524,0
591247.66,0
591758.1755,0
591795.9358,0
591819.2919,0
592088.0622,0
592246.7463,0
592252.3792,3953.813199999975
592289.7043,0
592498.809,0
592725.7937,0
592776.4911,0
592827.5401,111.84889999998268
592829.9851,0
592891.849,0
592961.1904,0
593208.8161,0
593209.5085,0
593295.4461000001,0
593299.301,0
593314.704825,0
593344.158,0
593362.5018333333,0
593607.9195,0
593980.3613,0
594084.2867,0
594120.4849,0
594174.7812,0
594242.9558,0
594249.3951,601.407200000016
594493.7675,0
594498.2535,0
594601.8842,0
594632.0856,0
594913.2267,0
595435.8259,0
595445.5498,0
595550.9958,0
595665.4802,0
595966.8622,0
596196.9785,0
596244.019,19927.169400000013
596271.4426,0
596277.8122,0
596312.3981,0
596327.8331,0
596840.7837,0
596975.1311,0
597114.375,0
597210.5568,0
597279.4318,0
597511.1536,0
597724.3658,0
597795.6938,0
597811.4366,2569.387400000007
597987.2815,16988.20160000003
598320.6151,0
598395.948,0
598443.786,0
598451.4244,0
598592.6727,1298.2702399999835
598628.8455,0
598682.1263,20155.087700000033
598698.8582,0
598702.601,0
598894.7516,0
599013.2415,0
599364.4156,0
599506.0404,0
599567.2413999999,0
599656.576,0
599762.0288,1925.6149999999907
599788.3463,0
600143.5365,0
600246.1983,0
600376.2473,0
600406.7745,0
600429.7056,0
600491.6986,3953.605300000054
600579.5798,0
600783.1431,0
600811.6984,0
600906.7582,0
601021.1078,0
601084.9736,0
601163.0533,0
601290.8369,12169.76549999998
601339.5865,0
601425.627025,0
601583.5728,18154.606499999994
601669.6167333333,0
601742.0999,0
601747.6074,0
601823.3315,0
601831.0289,0
601919.8663,0
601954.5494,0
602148.4713,0
602181.6121,0
602248.8535,0
602395.5025,0
602625.82696,0
602730.1808,0
602796.6764,14442.591000000015
602890.9486,0
602915.1299,0
602998.1543,0
603124.3752,0
603194.7679,0
603206.0967,0
603300.2547,16837.882500000065
603378.77,0
603403.651,0
603425.5175,0
603436.4333,0
603506.5485,0
603575.726,0
603613.3491,1737.4174999999814
603751.004,0
603816.9459,0
603868.7832,0
604059.2872,9939.678000000073
604065.4977,206.51779999991413
604088.6346,0
604232.437,0
604429.1503,0
604541.3344,0
604557.6525,0
604587.7645,0
604647.126,0
604997.8146,0
605158.9313,0
605245.5827,19591.125500000082
605784.6921,0
605814.5948,0
606006.0866,0
606007.3498,0
606025.4083,0
606272.9421,0
606282.8043,0
606299.4974,0
606391.0487,0
606770.3172,0
606771.1471,63.40529999998398
606825.1291,0
606973.9429,0
607051.4416,0
607120.6187,0
607233.1142,0
607361.3351,0
607464.402,0
607572.9421,0
607674.121,0
607882.5435,0
607928.2004,0
607956.2163,0
607966.4018,0
608053.471,0
608076.4602,1953.0858000000007
608374.5689,0
608443.3689,0
608621.1153,0
608696.1468,0
608727.8129,0
608996.2484,0
609069.5673,0
609152.7711,413.5138000000734
609191.8329,0
609264.2913,0
609349.2971,0
609412.4192,0
609584.3999,0
609678.4849,0
609816.443,0
609904.6751999999,0
609916.3954,0
610037.0769,0
610109.8678,0
610120.0907000001,0
610231.7574,0
610396.9207,0
610426.5064,0
610491.2914,0
610505.5509,0
610511.63,0
610615.753,0
610762.6036,1874.0080000000307
610793.5515000001,0
610796.0974,0
610842.5525,0
610993.2367,0
611020.1864,0
611026.260925,0
611199.8827,0
611258.9912,0
611377.4605,14.801100000040606
611529.585,0
611608.0103,0
611645.2656,1428.1831000000238
611891.3682,0
611941.653,2533.933799999999
612085.7293,0
612398.4562,0
612544.3917,146.6042000000598
612628.8262,0
612744.1331,0
612778.1113,0
612836.5576,0
612862.498,0
612985.1712333333,0
613001.3269,0
613025.1827,0
613073.3025,0
613078.7519,144.37129999999888
613377.7128,0
613477.6822,0
613485.4986,0
613581.2688,0
613695.3572,0
613913.4841,490.72549999994226
614132.464,0
614152.4298,0
614153.1182,0
614180.3712,0
614206.8668,0
614238.5722,1552.860500000068
614311.6915,0
614382.7064,49.49910000001546
614405.1715,8892.941500000074
614488.8439,0
614599.3888,0
614635.2639,0
614780.4472,0
614816.8946,0
614923.8259,0
615005.0538,6410.275000000023
615066.2661,0
615115.8411,0
615129.8874,0
615154.0638,68.60770000005141
615171.2494,0
615422.362,0
615463.5713,0
615628.2911,315.10550000006333
615664.3087,0
615762.8106,5595.78059999994
615810.6858,0
615915.537,2725.316200000001
615934.7149,0
616093.8457,8611.108799999929
616229.916,3464.6758999999147
616239.5885,0
616261.8327,0
616324.6939,0
616351.5835,0
616415.8874,0
616592.9515,54.43359999998938
616601.8762,0
616645.6726,0
616653.7746,1157.7382000000216
616672.9179,1149.1513000000268
616758.6968,0
616821.0701,0
616925.3427,0
617240.2422,0
617244.151,0
617398.0875,0
617676.7459,0
617718.9285,8971.612466666731
617874.1514,0
617925.4086,5286.781799999997
618386.4956,6405.808350000065
618396.623,10523.084000000032
618415.8503,0
618440.4726,5830.9682999999495
618581.1236,0
618790.1727,2503.9546000000555
618798.98,0
618975.8538,3021.5977999999886
619048.7573,104.32690000010189
619075.2055,0
619099.5266,0
619168.193,1670.748499999987
619170.9752,0
619282.4304,11299.83779999998
619303.6086,857.2902999999933
619321.7892,0
619340.8236,0
619361.6435,0
619469.028,0
619550.8809,1130.2225000000326
619672.8299,582.0548999999883
619743.1789,584.2268000000622
619957.7653,0
620023.6555,0
620176.987,2751.29310000001
620245.832,0
620434.4571,6634.482199999969
620442.1428,4544.796000000089
620463.9723,0
620546.9434,0
620625.4133,0
620638.508,3705.800500000012
620786.8153,885.7994999999646
620811.5365,0
621096.5271,0
621098.8311,0
621127.714,4268.984300000011
621668.0252,0
621715.315,757.6987999998964
621809.1194,0
621844.3913,0
621855.0944,213.13419999997132
621872.8225,3445.2079000000376
621952.8199,7173.975199999986
622076.1436,0
622085.9499,1045.0707999999868
622111.0782,0
622252.9215,815.4440000000177
622344.9293,0
622578.3506,0
622696.6534,2336.3058999999193
622760.8641,0
622777.8001999999,0
622886.4336,2426.0727999999654
623314.7281,0
623451.9231,437.9871999999741
623454.3827,870.8429999999935
623547.8402,0
623593.0668,0
623636.7506,0
623640.5329,1727.2689999999711
623751.7371,0
623796.572,4467.893900000025
623971.0013,0
624057.3013,0
624085.7487,3808.8000000000466
624159.5568,4041.706300000078
624159.8684,8176.573199999984
624343.3519,1595.4266000000061
624500.189,702.7741000000387
624722.3189,1963.0858000000007
624817.6389,0
624917.7598,0
625161.6634,2859.8728999999585
625338.7691,668.4235999999801
625704.2877,0
625750.0545,3406.0914999999804
625753.8833,1080.716999999946
626575.0496,0
626795.449,1160.3680000000168
626914.6445,2762.111300000106
626998.9699,4255.079400000046
627293.1903,2718.4827000000514
627326.0365,6719.161700000055
627355.2975999999,0
627572.1246,0
627612.7358,643.8048999999883
627669.2073,0
627786.0366,8988.579000000027
627805.5606,2173.6145999999717
627809.5641,2887.923999999999
628188.6517,10132.050200000056
628201.3782,6258.975500000059
628260.5684,1464.6138999999966
628290.8715,7693.507699999958
628611.6085,0
628668.9113,0
628705.0893,1052.2105000000447
628819.8702,1155.0086000000592
628855.9846,1009.1446999999462
628996.9318,5154.4902
628997.0835,812.5423999999184
629052.9002,6837.954499999993
629191.3179,0
629224.9345,1629.607799999998
629543.4186,0
629745.6554,0
629833.4045,1967.5197999998927
629925.0239,2006.4036000000779
629938.4889,0
630055.6944,916.6297000000486
630130.5771,0
630186.4193,1470.7452000000048
630225.9387,2724.6653000001097
630308.4183,2072.469800000079
630412.8139,5690.03879999998
630541.6091,5509.5934000000125
630590.1249,2000.2877000001026
630593.6003,2902.2593000000343
630605.9314,873.8965000000317
630615.2089,4392.591099999961
630619.7167,2463.0879000000423
630687.7434,12139.475800000015
630914.0919,0
630928.8038999999,0
631027.935,4428.352000000072
631044.3008,9155.116899999906
631188.9475,1456.0879000000423
631224.5557,3529.291300000041
631285.1767,2926.019699999946
631346.8277,4069.015100000077
631424.728,192.94250000000466
631518.6872,379.2850000000326
631636.6583,137.05610000004526
631646.5448,1196.6942000000272
631739.1432,15619.60030000005
632082.8584,1561.3703000000678
632088.1953,0
632172.4413,2611.8821999999927
632174.1959,1569.2089000000851
632238.6755,1515.1524999999674
632363.6105,0
632503.4744,1776.8693999999668
632517.48,1443.9935999999288
632661.3766,4931.2071
632675.7736,308.9336999999359
632730.2672,365.9311999999918
632812.58,89.0402999999933
632887.5918,2547.0552000000607
632962.4359,882.0289000000339
633203.7854,0
633258.1471,2287.0841999999247
633264.8972,2280.105199999991
633332.4811,3601.3480999999447
633515.2243,333.1657000000123
633518.7801,438.78960000001825
634004.6543,2462.1971000001067
634038.5321,1492.2025999999605
634136.1321,106.92890000005718
634154.6259,1486.422399999923
634173.5328,1118.3560000000289
634208.5883,2209.874499999918
634318.7282,8.590100000030361
634550.6933,4676.590500000049
634673.2339,1635.325199999963
634731.4373999999,0
634766.9592,2012.4867000000086
634850.0176,13168.16260000004
634956.4519,2104.8684999999823
634987.7032,7830.952399999951
635082.8227,744.0835000000661
635694.6724,13650.768500000006
636055.1381,0
636065.5015,2174.0871000000043
636264.8941,0
636549.1688,0
636688.074,0
636716.8846,11632.22510000004
636765.9215333334,0
637186.7339,0
637363.4302,558.4037999999709
637400.4497,8871.47880000004
637564.0103,1314.2425999999978
637770.1409,16366.139199999976
638049.4452,6296.230499999947
638282.74,3006.489100000006
638293.3467999999,0
638376.3765,6247.980300000054
638413.4273,1662.8773999999976
638465.2219,10006.195199999958
638480.4501,5650.493200000026
638680.7153,1399.7510000000475
638753.74606,0
638765.1547,2019.139899999951
638924.1943,0
639002.4398,0
639025.0465,8441.212700000033
639224.0618,0
639224.4475,3375.376799999969
639274.7272,1591.0786999999546
639365.0642,4444.10560000001
639460.8221,5008.081299999962
639825.8569,2126.32779999997
640337.5337,0
640404.8718,878.8889999999665
640556.2708,0
640655.2572,4267.759300000034
640697.2435,8949.903399999952
640712.611,2045.829000000027
640870.6085,0
640986.1718,0
640999.0918,7256.8906000000425
641002.4854,51.259183333371766
641015.6554,2367.8046999999788
641083.9885,0
641103.6308,0
641446.8119,0
641940.1585,4215.51390000002
641993.3102,0
642065.6793,0
642187.7876,1396.3888000000734
642260.3222,0
642366.9532,4826.214900000021
642481.7364,0
642483.1987,8852.980299999937
642665.6622,11361.887400000007
642697.2408,9017.397899999982
643161.713,18160.27919999999
643321.5892,2365.5380000000587
643380.2577,1112.6616999999387
643429.6907,2654.9329000000143
643534.064,4091.1519000000553
644020.9757,4824.9902
644088.3882,0
644120.3794,2493.311400000006
644273.2143,0
644285.8341,0
644405.6486,17075.999699999928
644534.6032,0
644554.7311,0
644616.4207,929.671900000074
644648.7197,0
644910.0729,1979.1628999999957
644963.0225,171.40039999992587
644965.1436000001,0
645017.2109,680.5877999999793
645069.531,3753.283899999922
645103.153,0
645162.7026,6500.775799999945
645222.66,0
645280.9217,0
645403.0541,0
645425.0329,0
645486.8993,0
645576.371,0
645609.4373,3446.9063000000315
645704.6288,2000.6517999999924
645855.7525,349.3656999999657
646641.8128,4959.83189999999
647040.4855,0
647138.6583,3526.946600000025
647149.4837,0
647355.46146,0
647644.4753,0
647782.8229,0
647806.3719,0
647822.0693,7838.156499999925
647896.9786,2715.09990000003
648016.1834,0
648296.0164,896.9719999999506
648549.7014,2867.7181000000564
648870.7074,5088.617099999916
648931.3388,0
648988.249,1587.7174999999115
649046.0347,0
649099.3862,1176.3985000000102
649192.3363,1674.8159999999916
649391.2878,7749.991700000013
649507.3098,6832.46370000008
649545.9507,0
649563.0693,1919.5980999999447
649784.9240666666,0
650027.0549,0
650255.4939,0
650349.193,0
650400.5537,0
650623.5031,6926.418799999985
650850.95714,0
650946.9417,4442.460899999947
651062.8674,10376.153199999942
651065.6771,7263.907399999909
651170.0697,0
651258.442,7799.595500000054
651684.8213,2447.3173999999417
651773.8414,0
651776.6312,3075.554199999897
651847.2066,0
651942.9988,0
652215.0685333334,0
652216.1507,0
652249.2161,0
652322.5201,1196.8918999999296
652371.1559,6126.457300000009
652390.4176,144.31160000001546
652634.5318,380.65789999999106
652670.9754,0
652906.5012,0
652909.7311,3185.4137999999803
653083.7118,0
653099.9782,2483.6787000000477
653517.0466,0
653539.7424,0
653668.7521,3560.2304000000004
653699.9069,412.41929999995045
653824.1973,1381.0378999999957
653857.877,0
653992.3419,0
654008.5534,0
654354.546,3845.0712999999523
654460.6947,0
654619.5524,0
654669.8307,0
654708.3428,0
654729.7922,0
654861.8931,728.3649999999907
654893.7426,0
655003.9572,11696.577299999888
655045.2937,0
655129.1311,0
655277.5652,2921.0884999999544
655541.9111,2044.1393999999855
655611.8524,250.29019999993034
655635.5085,0
655669.7006,4482.028599999961
655733.4404,0
655759.4057,0
655938.2964,0
655985.3264,555.45550000004
656017.9177,0
656028.4698,620.1511000000173
656040.7451,4113.965799999889
656069.94,0
656304.9633,0
656392.282,4503.009616666706
656499.6687,0
656538.5847,5550.76230000006
656596.1748,0
656644.323,2323.3219999999274
656915.2121,909.6563000000315
657389.4043,7529.045300000114
657562.6634,0
657631.0903,2856.5088000000687
657702.7559,0
657811.3315,0
657939.3296,915.2918000000063
657945.2004,2337.171800000011
658051.3618,0
658110.6161,0
658171.8552,1599.5511999999871
658253.6547,0
658354.437,11652.77250000008
658450.2986,587.6644999999553
658526.0248,0
658665.5118,0
658732.2587,1952.1648999999743
658837.5214,0
658975.3656,6172.744799999986
659019.0794,9766.017700000084
659042.2188,0
659125.6379,6151.560599999968
659165.3498,4318.937799999956
659173.1424,0
659176.4241,2942.4817999999505
659211.5407,3306.204299999983
659325.2853,24169.124524999992
659517.5211,0
659622.2394,1476.1010999999708
659659.6175,0
659677.0135,0
659860.7814,0
659977.8718,5006.419200000004
660017.9082,0
660176.0423,0
660245.8493,0
660260.824,0
660428.5122,0
660474.3818,553.8268000000389
660514.5101,0
660527.7469,0
660563.2282,0
660568.9404,0
660695.3871,0
660922.4981,1064.590599999996
661038.788,0
661355.8131,0
661469.8326,193.86939999996684
662075.6493166666,0
662123.952,0
662325.8375,2719.7700000000186
662671.4535,0
662774.0256,2646.610800000024
662824.5516,0
662926.1005,0
662965.6149,0
663029.446775,0
663077.7717,0
663305.5776,0
663385.8927,3011.3462999999756
663402.9022,0
663470.4178,1378.7027000000235
663705.6934,0
663710.3511,0
663712.7821,0
663795.1972,0
664043.1675,0
664202.5721,0
664449.1131,0
664463.5678,0
664479.59005,0
664733.7298,0
664744.0949,0
665110.0055,6420.53879999998
665382.9612,0
665384.0243,0
665449.5893,0
665487.5778,0
665582.3813,0
665782.4436,0
665952.1902,0
665986.178,0
666043.8551,0
666219.51015,0
666272.5205,0
666296.5444,0
666340.0242,0
666388.7798,0
666750.4906,0
666908.9545,0
666915.1374,0
667010.8129,0
667051.1382,0
667160.4672,0
667242.539,1464.8390999999829
667298.7746,0
667327.1499,0
667448.8638666667,0
667449.9817,0
667567.5153,0
667614.2643,0
667935.7612,0
668028.3427,0
668050.625,0
668482.7096,0
668488.8347,1642.7465000000084
668673.5707,0
669119.2782000001,0
669133.1428,0
669379.9791,12094.95459999994
669505.863,0
669533.8817,0
669994.4592,0
670285.9018,0
670339.1155,0
670393.6333,0
670510.0191,0
670543.7845,0
670588.798,0
670733.1467,565.9977000000654
670987.7573,0
671153.2934,0
671204.3346,0
671337.5185,0
671375.2996,0
671478.7519,0
671614.9275,4371.168500000029
671708.4746,0
671776.3812,0
672055.3436,0
672094.0246,0
672102.5034,0
672107.0392,5537.455199999968
672154.0023,0
672477.5667,0
672489.7021166667,0
672658.6638,0
672717.4706,0
672884.4485,0
672967.3481,0
673130.6714,0
673185.2447,0
673241.3416,0
673439.7947833333,0
673560.0708,0
673708.2261,0
673727.6518999999,0
673922.7349,0
674137.8534,0
674178.7719,0
674453.9167,0
674605.9619,0
674701.9296666667,0
674735.575,0
674868.5076,0
674960.9263,0
675006.9026,0
675011.9279,0
675012.45275,0
675324.4139,0
675440.039,0
675550.5957,0
675720.5038,0
675857.2324,0
675947.8973,0
675948.2737,0
676169.947,0
676239.1011,0
676528.0785000001,0
676539.723,0
676552.0592,0
676627.7834,0
676637.0478000001,0
676891.5197,0
677003.2179,0
677113.255,0
677206.8679,0
677404.8031,0
677487.6347,0
677560.4573,0
677620.1385,0
677759.8376,0
677903.9262,0
678015.6673,0
678027.7193,0
678143.4244,0
678542.3342,0
678631.3013,26968.9632
678650.5724,0
678767.2577,0
678925.5603,0
678980.9301,0
679025.5406,0
679466.2479,0
679503.02626,0
679549.0922,0
679586.3831,0
679888.4276,4071.3670000000857
680024.0867,0
680050.6016,0
680130.4645,0
680187.8736,0
680383.7069,0
680418.0436,25103.639499999932
680684.1413,0
680909.5693,0
680960.9373999999,0
681005.9092,0
681041.8127,0
681099.7991,0
681110.2842999999,0
681318.0323,0
681405.142,0
681719.1096,0
681729.4957,0
682089.7237,0
682151.9298,46.67240000003949
682213.5361,0
682236.3433,0
682372.866,0
682400.5047,2721.0040000000736
682496.9923,0
682517.779,0
682587.6216,0
682606.2739,0
682676.6765000001,0
682823.4772,0
682831.6683,0
682838.3181,0
682889.2512,0
683110.0869,0
683152.3875,0
683336.8403,0
683425.9534,0
683623.5481,0
683973.9577,0
684042.5176,0
684252.9831,0
684369.8908,0
684535.3355,0
684710.4511,0
684782.652,0
684849.8811,0
684867.868,0
684886.5714,0
684888.5863,0
685045.2028,0
685238.5621,0
685506.9076,0
685643.2869,0
685692.2744,11674.158399999957
685696.2588,0
685877.3409,0
685916.4063,0
685941.4725,0
686038.8389,0
686406.0297,0
686529.414,0
686545.5514,0
686712.2244,0
686768.7795,0
686803.7722,0
686865.6022,0
686886.2543,0
686927.332,0
686945.1636,0
686997.9363,0
687312.6158,0
687414.5009,0
687438.9052,0
687461.12945,0
687487.9493,0
687494.2372,0
687587.3389,0
687743.9587,0
687891.954,0
688155.5496,0
688191.832,0
688244.3895,0
688359.2399,0
688377.3041,0
688515.808,0
688523.5046,0
688602.0228,0
688746.3129,35846.68060000008
688940.5984,0
688998.4958,0
689100.8822,0
689458.440725,0
689496.7515,0
689567.15655,0
689585.4686,0
689799.5614,0
689861.6908,0
689876.3089000001,0
689877.757,0
689887.3787,0
689923.6124,0
690136.2708,0
690498.8462,0
690810.7172,0
690873.6509,0
691127.1489,0
691143.3727,0
691198.7425,0
691266.5615,0
691290.7552,0
691348.3347,0
691377.1055,0
691448.4576,0
691634.9573,0
691703.6362,0
691815.2314,7704.430700000026
691951.1311,8076.286500000046
692220.2411,0
692360.0766,0
692375.1585,0
692387.5861,0
692532.1121,0
692755.7166,0
692761.5185,0
692839.6753,0
692900.4634,0
692994.8626999999,0
693005.3184,0
693097.7513,0
693105.6271,0
693162.11,0
693342.3967,0
693383.8991,0
693386.4041666667,0
693552.9489,0
693631.8274,0
693980.3035,0
694250.312,0
694305.5623,0
694439.5231,0
694774.7065,0
695204.2627,0
695248.6836,0
695383.3166,0
695390.6088,0
695620.5911,0
695977.6282,13282.658900000039
696025.8755,0
696339.401,0
696471.0113,0
696510.2023,0
696523.2672,0
696526.2637,0
696757.6468,0
696831.5427,0
696835.7736,0
696848.7594,0
696909.6238,0
696971.5896,22726.345999999903
697026.1595,0
697079.267,0
697087.3884,0
697273.0219,0
697363.6076,0
697567.1759,0
697638.5744,122.6533000000054
697724.3205,0
697738.0135,0
697814.1552,0
697904.3537,0
698060.8685,0
698107.1742,0
698107.7205,0
698306.4778,0
698472.5613,0
698588.9306,0
698657.3615,0
698673.8762,0
698738.0214,0
698898.46,14727.003999999957
699164.0674,0
699256.5702,38299.5172
699421.5525,0
699479.3252333333,0
699592.5137,1317.9159999999683
699720.2902,0
699731.8424,0
699756.09214,0
699764.0545,0
699768.436,0
700123.7383,0
700307.7973,0
700320.3136,0
700346.948,0
700415.9309,0
700454.9802,0
700615.3963,0
700718.2128,0
700794.5455,0
700828.0282000001,0
700926.6459,0
700981.1974,0
701032.7907,0
701262.6871,0
701309.6158,0
701354.5862,0
701424.214,0
701452.0998,0
701563.5782,0
701597.4946,0
701708.1647,0
701916.5239,0
701939.8682,0
701966.7084,0
702141.8981,0
702168.0334,0
702366.2983,0
702378.2495,2785.0831999999937
702461.6495,0
702526.3833,0
702536.1267,0
702569.8909,0
702957.3475,0
702990.5186,0
703036.7588,0
703137.7796,0
703205.4016,0
703351.5328333334,0
703366.8214,0
703424.1979,0
703538.4539,0
703652.5813,0
703770.1684,0
703810.1624,0
703815.1035,0
703976.6762,0
704041.26,0
704087.0569,0
704185.0999,0
704431.3453,0
704531.0664,441.04330000001937
704559.3458,0
704575.4317,0
704668.3583,0
704814.1579,0
704925.9077,0
705021.6256,0
705049.4233,0
705255.6462,0
705535.4168,0
705638.1526,0
705701.8362,0
705747.8197,0
705939.9198,0
706020.5873,0
706041.476,0
706088.4969,0
706525.6734,0
706572.4866,0
706621.2625,0
707053.2592,0
707205.4062,0
707303.0993,0
707322.51344,0
707534.3819,164.09030000003986
707562.8105,0
707665.3791,0
707894.014,0
707980.1972,0
708061.0943,0
708074.5286,0
708173.8521,0
708252.8113,0
708492.791,12121.94829999993
708493.5511,0
708568.8346,0
708574.5922,0
708612.8638,0
708730.1326,0
708796.5918,0
708859.1498,0
708940.5681,0
708969.0097,0
709009.0741,0
709142.1869,0
709967.804,3703.806899999967
710039.1359999999,0
710126.4992,5714.979999999981
710210.5885,0
710267.9519,0
710319.688,0
710504.8655,0
710518.1057,0
710574.851,0
710591.6658,0
710756.9455,0
710863.9748,0
710906.3201,0
711006.959,0
711086.6101,0
711182.3389,0
711244.0258,0
711291.5801,0
711435.1905,0
711471.4729,0
711565.6003,4946.755200000014
711597.3435,0
711836.6025,0
711877.6635,0
711925.3006,0
712026.1924,0
712078.5637,0
712096.2958,636.715899999952
712313.8322,0
712360.2935,0
712381.1273,0
712532.2874,0
712566.7822,0
712601.3768,0
712607.0685,0
712838.5915,5035.2495000000345
712911.3404,0
713050.4823,0
713200.5321,0
713322.765,0
713326.3257,0
713847.8586,0
713867.2534,3451.903200000059
713868.965,5535.708099999931
714107.8049999999,0
714201.6739,0
714320.4022,0
714336.9017,0
714546.9995,0
714757.2899,0
714818.8475,0
715124.2234,0
715217.5007,0
715282.1719,1851.594299999997
715295.7601,0
715367.6837,0
715374.4936,7201.330200000084
715416.9687,8837.037499999977
715484.3583,0
715690.4336,0
715859.63,8099.309499999974
715932.0545,0
715989.8986,0
716037.4647,5175.823600000003
716252.3698,0
716564.0487,0
716778.3995,0
716855.3715,0
716888.1325,923.5158999999985
716920.8495,138.6648999999743
717047.3129,4809.520900000003
717124.9565,9129.856299999985
717132.0604,0
717191.4657000001,0
717201.1597,0
717340.4113,0
717422.8449,0
717593.6655,0
717625.6333,0
717738.7246,0
717745.3148,0
717951.9859,6386.235099999933
717952.3915,0
717996.8488333334,0
718039.3556333333,0
718104.8178,0
718150.3212,6349.33050000004
718260.6385,3727.9183000000194
718311.0905,0
718632.5751,4929.03740000003
718646.4183,0
718708.3596,0
718754.6416,8922.968499999959
718867.3216,3320.102199999965
718869.6381,2062.2459999999264
718975.7759,0
719054.1732,4071.5158999999985
719060.8862,2929.2429999999003
719147.7,0
719154.181,0
719158.6293,0
719171.8179,0
719335.0162,10599.60679999995
719361.876,5955.28740000003
719515.743,0
719550.131,0
719591.2819,2050.327699999907
719592.2478,0
719652.2321,0
719739.0813,441.4024999999674
719786.9721,4317.2929
719795.9277,8870.584099999978
719925.1115,0
719997.0903,0
720107.1152,0
720244.2532,1862.3098000000464
720293.2625,0
720479.7948,0
720551.9837,1340.7426999999443
720794.4351,0
721051.0746,1199.9119000000646
721089.0163,1724.8644000000786
721228.9918,0
721253.0606,0
721263.9156,113.31219999992754
721417.788,7476.546399999992
721755.6635,0
722118.6872,1076.6820000000298
722196.756,6030.98470000003
722222.3723,0
722297.2819,1136.7227999999886
722319.3089,2227.9229999999516
722361.1102,478.4133000000147
722411.877,6475.397800000035
722577.4942,9592.571399999899
723097.3652,5985.644800000009
723151.7786,4925.197399999946
723207.2456,1813.4684000000125
723346.1779,0
723531.0256,331.74660000007134
723603.1939,0
723618.5669,0
723679.6944,5237.1257000000915
723775.7068,0
723946.5979,359.6001000000397
724114.7709,12189.003000000026
724119.286,0
724135.3636,3124.3862000000663
724292.9912,0
724342.49045,0
724629.5788,0
724644.4989,0
724705.0365,0
724774.51,0
724917.5823,0
724928.5193,0
725148.9481,1184.8310000000056
725388.9689,610.9758999999613
725416.1187,10318.374700000044
725490.4386,1642.952099999995
725520.8861,0
725728.5738,0
725786.9788,3163.5414000001037
725839.9244,0
726047.9705,6772.71510000003
726193.1537,0
726430.4313,0
726431.1103000001,0
726444.8237,0
726601.3915,0
726704.8253,101.60440000006929
727040.7916,2811.037299999967
727048.229,2971.157200000016
727332.5289,0
727493.0665,0
727515.4238,802.7097000000067
727798.7927,4168.302599999937
727822.0987,0
728040.9403,1667.830399999977
728176.2731,8331.528799999971
728570.6537,6028.433100000024
728688.3983,0
728725.629,0
728754.8538,0
728951.1603,0
729670.289,0
729728.923,3072.0715999999084
730032.0145,0
730037.0074,4369.10699999996
730050.4412,1551.8810000000522
730071.1903,0
730092.9143,4337.599999999977
730206.7096,1807.094299999997
730323.1652,0
730383.4442,0
730611.4704,5907.982700000051
730627.8211,5415.228499999968
730668.3723,0
730711.1595,194.22829999995884
730817.3884,0
730823.4202,2242.65830000001
730873.7526,5547.136599999969
731071.8244,0
731100.6823,0
731107.9574,0
731406.1419,0
731443.7524,0
731484.6319,0
731503.934,664.8771000000415
731778.482,3957.885099999956
732246.9822,1748.9594999999972
732323.2473,3030.980300000054
732385.4748,4680.376500000013
732455.6564,2854.3676999999443
732585.2171,0
732620.85,0
732821.4053,0
733028.3902,0
733028.4923,0
733090.9386,821.1145000000251
733314.1144,0
733362.2757,0
733366.9553,0
733729.8716,0
733838.9416,0
733841.9957,2971.4668999999994
734274.4062,2454.2151000000304
734288.6061,0
734298.7464000001,0
734394.8784,0
734719.5921,0
735003.9209,0
735575.5308,0
735617.191,1483.4337000000523
735714.851,0
735764.8248,1008.3061999999918
735771.3679,235.44589999993332
735857.7784,0
735974.1723,0
736178.0086,997.8000999999931
736233.0746,0
736405.8132,2511.0158999999985
736893.9581,601.7136000000173
737389.5262,1150.7737000000197
737457.0812,1441.4477000000188
737508.3499,1184.313700000057
737568.597,3164.081099999952
737777.9962,3505.8745000000345
737881.0099,0
737931.0846,6352.072199999937
738040.6968,0
738356.8910000001,0
738415.9848,936.9408999999287
738520.7162,357.2022000000579
738550.216,0
738577.5328,2567.1586000000825
738703.3928,0
738783.0449,663.4002999999793
738809.3301,871.1731000000145
738911.5067,0
738930.9604833333,0
738932.5136,10036.264599999995
738966.0776,1581.7462999999989
738982.5325,0
738989.2431,0
739123.3444,2417.1055999998935
739261.2930666667,0
739376.1553,4915.903399999952
739704.8276,2373.529099999927
739794.8433,0
739847.6484000001,0
740326.841,0
740341.0184,2673.548199999961
740361.01194,0
740519.961,0
740588.2746,6136.541599999997
740690.6328,0
740904.929,675.8092999999644
740967.0849,0
741005.7627,2192.895499999984
741067.6472,8265.376799999969
741169.9125,0
741203.9322,3367.2582000000402
741325.4265,1853.4046999999555
741401.0,0
741401.0316,2771.5871000000043
741523.1685,0
741647.5393,0
741683.7345,0
742251.3519,0
742284.0948,0
742516.7289,0
742573.3634,1749.5315999999875
742595.3973,0
742627.2737,0
743151.482,0
743263.9737,0
743399.9382666667,0
743554.2253,0
743616.3821,0
743922.2859,0
744085.4452,1723.746999999974
744088.7274,676.6147000000346
744266.4559,0
744296.4933,202.45059999998193
744453.6413,0
744500.6962,0
744689.9456,0
744740.8645,8742.363200000022
744890.8675,0
744927.5012,0
744952.2093,251.00199999997858
744973.1163,0
744983.6085,0
744995.6863,0
745171.5383,0
745202.1141,0
745425.7045,0
745487.8974,0
745657.3863,0
746057.4639,8307.285799999954
746170.778,0
746190.2951,212.04669999994803
746480.2181,0
746560.8717,0
746597.0079,8083.494699999923
746600.83385,0
746931.4285,4334.84440000006
746975.94165,0
746980.469,3219.5916000000434
747203.8604,0
747205.5453,0
747260.5623999999,0
747265.0666,4364.149900000077
747308.222,0
747342.7321,0
747402.3169,5966.86109999998
747570.0148,0
747727.1075,1098.0047999999952
747969.163,0
748121.6563,0
748487.6015,10514.0392
748531.8725,0
748700.3232,139.78481999994256
748722.1627,0
748781.4698,0
748961.0766,0
749183.5713,0
749229.8828,0
749413.3038,6721.160700000008
749516.5674,4532.269700000063
749843.6324,0
749889.4127,5793.128400000045
749903.8279,0
750110.1295,0
750165.282,0
750528.2901,0
750624.6529,0
750742.7583,396.5659999999916
750941.3,611.8893000000389
750993.8231,2022.9929000000702
751222.3307,0
751382.5848,0
751416.0107666666,0
751439.253,2813.2680333333556
751580.6536,0
751678.646,0
751843.3908,0
751914.2695,1603.6471000000602
751939.1651,0
751992.7108,1863.5916000000434
751995.3301,1305.07779999997
752032.3403,0
752087.6708,0
752530.6907,0
752666.0386,0
752964.8668,0
753329.1702,0
753438.1686,0
753554.9599,0
753649.6112,0
753679.733,0
753772.5908,0
754175.8862,0
754236.3663,0
754266.44708,0
754345.4521,0
754351.4523,0
754378.3959,1182.8185000000522
754656.9705,0
754675.2892,0
754677.822,0
754698.0322,2256.1626000000397
754817.8112,0
754833.4621,0
754838.9812,0
754905.4857,0
755023.7118,1237.5533000000287
755161.6299,0
755463.7745,0
755488.1513,0
755564.6228,0
755663.4662,0
756201.2437,0
756259.1410000001,0
756328.8707,0
756644.1924,0
756648.7954,0
756671.9119,0
756676.9505,1452.71940000006
756682.982,0
756816.8867,0
756877.3081,0
756907.3707,0
757004.5603,0
757054.8565,0
757066.5143,8164.558900000062
757735.4369,1770.7633666666225
757797.2551,2028.3077000000048
757879.2536666667,0
757982.4805000001,0
758007.3589,0
758031.9379,0
758045.455,0
758209.6393,0
758212.8211000001,0
758270.4544,0
758283.5399,0
758291.1202,0
758296.6714,0
758318.1023,0
758358.8666,0
758399.9925,0
758420.4398,0
758760.3491,0
758969.9829,0
758976.128,0
759193.7334499999,0
759315.8944,0
759459.0452,298.6044000000693
759478.2986,0
759515.0866,0
759758.1887,1506.172300000093
759834.0893,0
759906.5217,0
759984.4135,0
760096.5268,1853.0986000000266
760548.379,0
760590.3582,4763.059000000008
760684.1711,3622.2580000000307
760838.0672,0
760903.3409,0
760949.7203,0
761015.1864,0
761450.7386,0
761468.1239,906.51529999997
761484.8139,0
761501.3956,0
761559.2611,0
761599.5274,0
761835.2093,0
761926.6247,0
762147.4034,0
762303.6809,0
762316.6912,0
762374.8321,0
762557.5088,0
762610.5668,0
762679.4662,0
762781.0491,0
762848.3609,0
762860.6901,0
763051.6574,0
763078.4134,0
763173.052,0
763362.9869,1569.6929999999702
763439.3954,0
763836.545,7869.408340000082
763842.686,0
763963.7635,0
763994.0166,0
764702.5199,0
764842.5492,0
765058.7841,0
765471.7789,9864.57910000009
765602.7964,0
765899.3145,0
765920.8803,0
766252.5432,0
766253.0434,0
766341.7435,0
766417.8536,0
766473.8975,13222.071099999943
766498.1288,0
766562.7023,0
766643.4815,0
766707.5156,0
766748.8287,0
766921.4384,2275.3826000000117
767135.7734,1023.4083999999566
767243.2240666667,0
767350.2079,0
767454.2404,0
767537.8101,0
767582.0872,0
767591.8844,819.5596000000369
767631.6931,0
767642.0168,0
767683.6532000001,0
767875.7777,7915.9986999999965
767912.9552,0
767939.0917,0
767971.9062166667,0
768028.1734,2541.501900000032
768103.4381,0
768224.732,5456.222599999979
768299.5538,0
768546.9432,0
768607.1341,0
768636.0077,0
768681.1834,0
768721.4074,0
768921.2223,10970.95299999998
769022.8718,0
769177.2061,0
769548.9213,0
769608.2029,0
769665.1653,0
769847.7889,0
769850.4199,0
770020.4468,0
770030.5471,0
770108.1307,459.43579999997746
770138.9181,0
770179.1348,0
770205.6047,0
770451.131,0
770530.0974,0
770610.3009,97.04100000008475
770615.2231,0
770773.3798,0
770850.9325,0
770853.0397,0
770876.4262,0
770914.0226,0
771004.2998,0
771082.6805,0
771090.9766,8383.92810000002
771108.1256,0
771119.8818,0
771124.2012,0
771299.424,0
771861.6091,0
771882.9857,0
771944.1238,0
771985.402,0
772069.2229,0
772101.3797,0
772148.821,0
772296.1788,0
772342.2014,0
772350.3522,0
772372.5672,0
772466.4142,0
772515.8274,6070.131999999983
772594.0856,0
772632.1525,0
772645.3864,0
772749.6193,0
772802.0114,0
772933.6147,0
773131.1986,0
773178.3502,0
773190.809,0
773360.6294,0
773401.1488,7350.263099999982
773410.3559,0
773594.8615,0
773644.5924,0
773657.4143,5265.655899999896
773784.3896999999,0
773791.3301,0
773887.7454,0
773971.5981000001,0
774083.41,0
774212.1675,0
774312.5981000001,0
774457.4951,0
774616.6531,0
774627.5482,0
774633.3442,0
774725.953,0
774978.4166,16174.944400000037
775037.6796,0
775105.5604,0
775160.2617,0
775468.1659,2588.0195999999996
775582.5909,1515.0307999999495
775588.8329,0
775744.3174,1763.530100000091
776486.8067,5205.782699999982
776527.8307,0
776593.31,0
776717.97945,0
776819.991,2918.3806999999797
776860.4729,0
776977.6543,0
777035.1379,0
777098.0097,3783.734000000055
777106.1285,0
777119.3684,0
777190.024,0
777294.4932,0
777328.0451,0
777346.0098,63.03040000004694
777414.1202,0
777536.7687,0
-----Simulation END-----
