-----Simulation 0-----
172869.0703,0
172908.5007,0
172934.4326,0
172968.4183,0
172995.22950000002,0
173068.4878,0
173081.88880000002,0
173223.8137,0
173228.4605,0
173267.53889999999,0
173398.86920000002,0
173888.2188,0
173899.826,0
173919.3703,0
174046.4021,0
174185.8171,0
174225.9136,0
174321.0416,0
174413.09960000002,0
174445.9826,0
174496.4796,0
174579.213,0
174747.1633,0
174816.47526,0
175137.6992,0
175153.0216,0
175237.8139,0
175308.626,0
175320.36310000002,0
175450.6449,0
175537.5309,0
175549.03586666667,0
175661.65649999998,0
175709.7333,0
175834.1199,0
175840.7112,0
175873.7256,0
175976.59352,0
176004.3775,0
176007.0719,0
176027.8249,0
176037.95630000002,0
176479.2138,0
176489.6085,0
176744.0803,0
176776.0549,0
176820.0712,0
176887.8711,0
176902.778,0
176952.4164,0
176984.54200000002,0
177106.6193,0
177166.08490000002,0
177260.69150000002,0
177289.4692,0
177301.63880000002,0
177333.986,0
177381.267,0
177614.8519,0
177669.1652,0
177858.3551,0
177899.3109,0
177972.8393,0
177998.6191,0
178040.2613,0
178056.4485,0
178058.96480000002,0
178063.1932,0
178070.3253,0
178188.195,0
178297.04,0
178303.832,0
178311.783,0
178343.5288,0
178385.9057,0
178424.17362,0
178592.10450000002,0
178650.6574,0
178669.4766,0
178808.4353,0
178903.9563,0
178947.05430000002,0
179228.46110000001,0
179243.0356,0
179248.1463,0
179456.8532,0
179515.6076,0
179535.3336,0
179552.282,0
179705.60259999998,0
179892.12290000002,0
179929.9612,0
179973.122,0
180162.67475,0
180243.7921,0
180402.59786,0
180561.8469,0
180614.1322,0
180619.4925,0
180813.1101,0
181012.6096,0
181534.355,0
181634.113,0
181710.783,0
181722.2827,0
181846.993,0
181955.8015,0
181977.8678,0
182031.4333,0
182043.84889999998,0
182114.782,0
182179.5607,0
182219.1464,0
182263.6409,0
182277.5358,0
182321.239,0
182578.2253,0
182579.3486,0
182592.8348,0
182661.0227,0
182671.3204,0
182877.9691,0
182892.2914,0
182922.7242,0
183138.9582,0
183143.5328,0
183317.0106,0
183344.0156,0
183354.9054,0
183359.96169999999,0
183405.75,0
183525.3922,0
183579.1329,0
183647.8664,0
183648.1143,0
183682.4816,0
183819.1379,0
183996.678,0
184002.0241,0
184139.1879,0
184157.5039,0
184172.9708,0
184338.98810000002,0
184423.6416,0
184540.6905,0
184564.7416,0
184588.6328,0
184790.166,0
184807.3787,0
184852.0076,0
184879.7941,0
184918.9838,0
184922.5794,0
184973.1102,0
185083.065,0
185086.5689,0
185198.52659999998,0
185295.7392,0
185300.8204,0
185337.1909,0
185557.7508,0
185811.0169,0
186050.0365,0
186156.4899,0
186163.6606,0
186171.0425,0
186173.1736,0
186212.9339,0
186251.2105,0
186446.413,0
186604.5976,0
186694.4157,0
187102.4116,0
187225.7124,0
187297.9851,0
187385.2978,0
187457.8749,0
187534.8665,0
187576.3978,0
187631.077,0
187777.41173333334,0
187975.00329999998,0
187985.1788,0
187991.3111,0
188027.1666,0
188081.2361,0
188129.6745,0
188149.4974,0
188348.20750000002,0
188518.95799999998,0
188612.0804,0
188700.86729999998,0
188859.49300000002,0
188865.54330000002,0
188899.1206,0
189091.1287,8346.237699999998
189230.8855,0
189258.8912,0
189305.6389,0
189313.4287,0
189411.9081,0
189545.0229,0
189833.7297,0
189889.753,0
189913.5729,0
190042.8329,0
190094.2461,0
190190.0265,0
190227.0599,0
190472.6274,0
190493.52289999998,0
190581.54129999998,0
190743.6519,0
190862.8568,0
191189.2575,0
191222.5651,0
191347.8748,0
191352.2169,0
191389.6189,0
191514.2502,0
191577.6759,0
191635.3068,0
191661.4315,0
191850.4747,0
191857.5041,0
191904.6378,0
191947.5803,0
192002.7199,0
192033.6472,0
192037.1581,0
192213.4305,0
192230.9425,0
192407.21480000002,0
192438.3806,0
192475.36800000002,0
192494.2529,0
192649.3616,0
192687.2988,0
192768.1606,0
192836.2953,0
192922.2323,0
192976.4437,0
193084.8257,677.7062999999907
193248.40519999998,0
193272.0215,0
193341.9233,0
193431.2012,0
193591.7247,0
193659.6475,0
193725.00579999998,0
193734.3126,0
193904.21289999998,0
193940.7443,0
193955.3355,0
194027.4327,0
194140.46,0
194157.9054,0
194239.8562,0
194250.08419999998,0
194266.85869999998,0
194385.1399,0
194486.1536,0
194881.2346,0
195013.2573,0
195095.0679,0
195302.1228,0
195457.91210000002,0
195465.96600000001,0
195496.1949,2174.9535000000033
195683.4924,0
195768.64250000002,0
195816.0073,0
195935.0766,0
196058.2689,0
196059.8854,0
196130.8592,0
196152.077,0
196198.704,0
196272.0251,0
196441.9087,0
196483.8471,0
196596.8819,152.04310000000987
196693.8389,0
196776.286,0
196792.512,0
196801.1412,2764.3131000000285
196846.886,0
196870.6632,0
196990.2081,0
197111.499,0
197346.1427,0
197426.7476,3435.9582999999984
197461.08370000002,0
197967.6082,0
198067.3933,0
198126.4224,0
198297.93050000002,0
198441.0226,0
198886.4529,0
198909.5207,0
199040.5248,0
199045.6983,0
199099.7667,0
199184.0108,0
199194.45,0
199245.0513,0
199306.1698,0
199325.5859,0
199422.1782,0
199521.0281,0
199557.2905,0
199673.0562,3458.690399999992
199806.9181,0
199820.6323,0
199848.7267,0
199996.4705,0
200015.562,0
200092.1495,0
200339.1886,0
200418.56900000002,0
200455.7049,0
201090.5173,0
201325.8041,0
201442.9456,0
201489.34399999998,0
201499.013,0
201522.6791,0
201576.51380000002,0
201717.9829,2407.5443000000087
201769.9211,0
202072.3694,0
202095.944,3077.5375999999815
202182.6709,0
202580.0164,0
202783.5874,0
202831.4524,0
202882.74844,0
202940.2278,0
203116.4201,0
203182.4318,6032.689699999988
203317.2187,0
203328.8193,0
203495.1456,0
203550.0121,0
203560.6379,0
203714.5657,0
204029.5669,0
204065.8958,0
204212.3973,0
204259.6876,1166.399700000009
204268.18790000002,0
204521.8627,0
204681.8799,0
204751.0096,3491.1618000000017
204819.8966,0
204830.285,0
204888.7571,0
205009.4221,0
205066.5909,0
205071.2405,0
205114.9045,0
205506.6248,0
205765.6735,0
205777.251,0
205854.7384,0
206018.93774,0
206020.2784,0
206157.9902,0
206253.5966,0
206323.1903,3292.5899999999965
206382.5694,0
206501.46779999998,0
206503.7201,0
206516.7252,0
206561.6878,0
206762.1177,0
206818.12,1325.7838000000047
206873.4127,0
206912.6664,2643.5282000000007
206921.9257,0
207252.964,0
207253.4281,0
207373.5398,0
207592.3951,0
207865.4174,0
208427.1004,0
208672.8548,0
209069.397,0
209382.85139999999,0
209424.8498,0
209479.79869999998,0
209641.05463333335,0
210153.3324,0
210211.78590000002,0
210383.0675,0
210437.0746,9791.284999999974
210441.2557,0
210780.3544,0
210783.874,0
210810.8885,0
210834.8542,0
210853.0749,0
210860.45799999998,0
211139.1415,0
211372.8039,0
211530.6819,0
211622.6969,0
211672.96899999998,0
211825.4409,0
211863.5815,0
212004.1757,0
212294.7047,0
212496.7104,0
212498.5849,8983.255799999984
212531.0712,0
212819.8609,0
212929.575,2589.4365000000107
212996.4575,0
213014.0868,0
213059.219775,0
213070.63439999998,0
213205.9064,0
213446.4608,0
213484.3419,0
213546.5787,0
213567.5315,13307.582900000009
213583.34132,0
213711.3505,0
213809.3764,0
214173.0262,0
214323.5064,0
214366.9744,0
214443.6478,0
214589.1289,0
214911.4564,0
215206.6104,0
215212.4351,0
215259.9124,0
215261.8382,0
215379.1524,0
215454.4529,0
215531.0729,0
215757.453,0
215779.76799999998,0
215941.3293,0
215955.452,0
216141.2979,0
216275.77813333334,0
216293.826,0
216353.7973,0
216453.4683,3847.6995999999926
216470.9405,0
216477.71240000002,0
216533.2916,4291.148099999991
216654.3293,0
217107.4387,8055.215700000001
217577.7861,0
217610.4115,0
217698.4912,0
217866.4705,0
217868.58768333335,0
217874.7427,0
218028.4809,0
218052.4944,482.7705999999889
218154.96659999999,0
218156.684825,0
218297.2923,0
218308.9099,0
218346.61119999998,0
218513.68218333332,0
218518.84,0
218709.3982,0
218764.0475,0
218765.49044,0
218884.2242,0
218898.52360000001,0
219015.9892,17835.052400000015
219211.29129999998,0
219353.9326,0
219391.1347,0
219463.4647,0
219580.3549,0
219643.9834,0
219733.7569,0
219978.1154,0
220020.0374,1429.1408999999985
220070.1617,0
220192.9055,0
220526.1133,0
220600.1915,300.36839999997756
220962.7683,0
220971.8099,0
221044.0703,0
221096.8724,0
221098.4044,0
221102.7466,0
221306.3644,0
221328.5508,5950.046000000002
221441.6262,0
221462.0289,0
221647.9124,0
221958.1959,0
222013.0488,0
222134.0774,0
222479.4345,0
222512.0235,0
222772.4255,0
222897.5925,0
222927.3121,0
222984.4442,0
222985.3883,0
223042.7665,0
223068.0343,0
223093.024,0
223194.1484,0
223325.54320000001,0
223357.3652,0
223383.7701,0
223533.36,0
223597.3531,0
223764.0301,0
223768.25933333332,0
223786.4469,0
223798.4439,0
223816.3868,0
223868.05670000002,0
224027.6852,0
224146.3617,0
224154.7298,0
224510.2444,0
224563.8956,0
225017.82812,0
225253.6936,0
225420.48200000002,0
225485.2967,0
225508.1818,0
225699.8747,0
225989.3917,0
226030.7978,0
226234.7182,0
226321.4595,0
226345.59106666668,0
226542.3341,0
226694.3727,0
226824.9147,0
226898.9991,0
226986.485,0
227259.89059999998,0
227412.5443,0
227442.8958,0
227721.1441,0
227726.8801,0
227818.7278,0
228307.41580000002,0
228309.6411,0
228499.0043,0
228520.2115,0
228560.2523,0
228755.5802,0
228792.5003,0
228821.81873333332,0
228897.1502,0
228930.2156,0
229047.8404,0
229087.0289,5092.02350000001
229318.715,0
229429.3156,0
229448.0229,0
229720.6181,0
229735.5981,0
229829.12290000002,0
229977.3997,0
230057.7926,0
230294.0273,0
230482.0114,0
230611.8896,0
230618.9585,0
230652.42979999998,0
230703.10139999999,0
230861.7319,0
230874.8233,0
231093.2024,0
231414.7801,7041.467800000013
231581.7242,0
231900.5837,0
231964.1031,0
232014.0076,0
232116.0934,0
232117.4298,0
232127.3038,0
232256.8032,0
232280.907,0
232315.4985,0
232368.8752,0
232417.9123,0
232582.9156,0
232608.355,0
232666.811,0
232739.9608,0
232751.2789,0
232912.8442,0
232994.6857,0
233381.764,0
233705.037,0
233774.62410000002,0
233809.893,0
233820.60820000002,0
233847.771,0
233969.0944,0
234008.9291,0
234141.1468,0
234144.3988,0
234150.50040000002,0
234210.6769,0
234473.78732,0
234481.69508,0
234660.4959,0
235062.571,0
235176.7219,0
235270.5912,0
235308.3168,0
235345.98619999998,0
235461.3977,0
235525.3027,0
235639.3126,0
235708.6857,0
235716.92320000002,0
236073.9605,11819.607999999978
236135.9034,0
236147.5453,0
236264.3894,0
236277.2636,0
236367.9706,0
236429.655,0
236552.5214,0
236629.4241,0
236661.9371,0
236692.4074,0
236837.1417,0
236871.01846666666,0
236908.3325,0
236940.0715,0
236951.6179,0
237023.8089,0
237614.2391,0
237642.8353,0
237673.711,0
237846.0534,0
237948.36171666667,0
238342.0833,0
238620.2586,0
238642.4314,0
238693.101,0
238735.0824,0
238740.3961,0
238861.1282,0
239081.9737,0
239389.8024,0
239411.1404,0
239456.0444,0
239823.40230000002,0
239841.2649,0
239978.1477,0
240057.47509999998,0
240076.0698,0
240098.4688,0
240098.5426,0
240108.5603,0
240510.8581,0
240574.2012,0
240598.1065,0
240602.4114,0
240719.5618,0
240979.8492,0
241040.8497,0
241096.3509,0
241121.3266,0
241459.09159999999,0
241529.0387,0
241561.6019,0
241576.52419999999,0
241662.0904,0
241664.5326,0
241672.3853,0
241942.0371,0
241977.5125,0
241998.3973,0
242038.7306,0
242147.6314,0
242300.3246,0
242377.5429,0
242467.661,0
242542.7463,0
242593.3233,0
242759.8301,0
242816.7701,0
242892.54200000002,0
242894.2553,0
242921.2641,0
242968.0385,0
243083.7665,0
243433.16389999999,0
243515.6268,0
243794.56339999998,0
244143.347,0
244283.5866,0
244300.1918,0
244350.962,0
244441.64393333334,0
244472.09436,0
244615.309,0
244703.0324,0
244784.3366,0
244851.013,0
244896.5856,0
244930.36920000002,0
244994.5752,0
245021.3186,0
245249.8546,0
245590.5811,0
245603.6857,0
245605.6272,0
245650.336,0
245663.3365,0
245847.3926,0
246156.5873,0
246268.76188333333,0
246272.5968,0
246424.57069999998,0
246569.6515,0
246674.94150000002,0
246784.95416666666,0
246803.4206,0
246928.3948,0
246986.0525,0
247028.4835,0
247043.9961,0
247337.4896,0
247388.1315,0
247526.0022,0
247626.7438,0
247634.9356,0
247690.0227,0
247703.5246,0
247753.8404,0
247879.4516,0
248011.3059,0
248049.1626,0
248161.9209,0
248192.9686,0
248346.48,0
248380.9888,0
248382.4227,0
248388.9503,0
248436.86920000002,0
248471.2853,0
248771.866,0
249002.20620000002,0
249259.8162,0
249439.8723,0
249489.1815,0
249660.0471,0
249705.5246,0
249730.5013,0
249765.1069,0
249774.7857,0
249841.6236,0
250017.0856,0
250112.7154,0
250155.7811,0
250315.5946,0
250386.6702,0
250470.6537,0
250582.1873,0
251152.2747,0
251429.1993,0
251663.0246,0
251857.4981,0
252060.9098,0
252081.0128,0
252106.43050000002,0
252307.9994,0
252459.60820000002,0
252461.1862,0
252474.4059,0
252481.74670000002,0
252500.0247,0
252667.4997,0
252729.61119999998,0
252867.9324,0
252884.2555,0
252936.9306,0
253017.0734,0
253102.0939,0
253110.5798,0
253142.98129999998,0
253167.95919999998,0
253231.2098,0
253375.71048,0
253594.4476,0
253634.2644,0
254096.7933,0
254179.7424,0
254227.6361,0
254337.53710000002,0
254388.7485,0
254886.841,2608.9805999999808
254968.918,0
255055.1421,0
255115.813,0
255199.7947,0
255211.3957,0
255242.5778,0
255320.2359,0
255406.8889,0
255493.0111,0
255675.2076,0
255839.78710000002,0
255914.9226,0
256044.8213,0
256081.5166,0
256131.21850000002,0
256160.926,0
256482.4536,0
256492.1097,0
256564.43,0
256669.35090000002,0
256769.1384,0
256910.6144,0
257058.07020000002,0
257065.0771,0
257093.8701,0
257213.18420000002,0
257242.56900000002,0
257244.2664,0
257323.83896,0
257355.5759,612.8428999999887
257453.1715,0
257560.3255,0
257686.3469,0
257711.60210000002,0
257931.7758,0
258277.03399999999,0
258331.7103,0
258465.6521,0
258476.3695,0
258496.0435,0
258613.0098,0
258952.87780000002,0
259011.4363,0
259091.4928,0
259177.293,0
259712.3791,0
259795.8694,0
259802.7294,0
259811.5914,0
259949.283,0
260028.2365,160.74520000000484
260039.9356,0
260041.9505,0
260064.7388,0
260168.84399999998,0
260237.2925,0
260283.6773,0
260300.20679999999,0
260321.8642,0
260350.5397,0
260362.241,0
260386.00628333332,0
260402.0834,0
260707.52850000001,0
260753.1643,0
260812.0158,4447.440549999999
260883.5053,0
261006.5907,0
261105.7494,0
261200.49,0
261356.68349999998,0
261377.7277,0
261565.151,0
261637.0396,0
261795.5813,0
261832.25280000002,0
261846.6153,0
261868.69,0
261905.6844,0
261932.9061,0
261941.430475,0
261947.6037,0
262118.2778,0
262251.6451,0
262261.2732,0
262262.0189,0
262419.94299999997,0
262476.1596,0
262746.3875,0
262891.9856,0
262959.296,0
262980.48589999997,0
262981.9275,0
263089.3542,0
263131.84,0
263178.9386,0
263268.7576,0
263294.4716,0
263374.7007,0
263418.326,0
263474.9677,0
263519.2994,0
263729.4019,0
263747.7601,0
263813.6555,0
263967.0701,0
263990.4671,0
263992.9072,0
264230.6499,0
264241.7899,0
264473.3435,0
264498.5021,0
264505.8505,0
264541.69663333334,0
264592.8861,0
264778.6091,0
264833.6816,0
264862.445,0
265085.2538,0
265271.2514,0
265390.9738,0
265394.9644,0
265475.7717,0
265644.6772,0
265678.84990000003,0
265731.941,0
265795.8851,0
265837.8469,0
265925.1765,0
265953.38300000003,0
265992.6277,0
265994.4942,0
266128.4391,0
266128.8362,0
266305.3389,0
266306.7382,0
266508.1908,0
266526.75450000004,0
266683.0791,0
266787.602,0
266826.8993,0
266919.4807,0
266919.72568,0
267001.3267,0
267022.9985,0
267051.8935,0
267063.0361,0
267146.8862,0
267347.5811,0
267349.4465,0
267410.1702,0
267504.69598333334,0
267569.8007,0
267614.6233,0
267628.1958,0
267700.7032,0
267814.175,0
267823.7645,0
268008.3812,0
268052.1909,0
268332.7581,0
268357.4042,0
268417.5751,0
268582.63049999997,0
268712.6631,0
268722.1753,0
268755.6193,0
268780.6009,0
268826.3023,0
268901.1552,0
268977.2203,0
269189.4856,0
269407.6343,0
269523.3893,0
269601.3727,0
269787.0038,0
269885.0518,0
269952.26060000004,0
270034.8786,0
270040.2103,0
270281.3944,0
270301.9479,0
270372.8505,0
270382.83640000003,0
270463.9203,0
270512.05449999997,0
270535.9448333333,0
270546.2164,0
270568.7256,0
270625.2301,0
270633.0633,0
270711.9607,0
270792.9655,0
270986.1778,0
270990.2213,0
271149.9739,0
271165.8248,0
271272.1821,0
271368.9654,0
271447.3234,0
271513.105,0
271607.28859999997,0
271634.7476,0
271660.5819,0
271684.3627,0
271985.9667,0
272013.7973,0
272070.496,0
272292.4916,0
272330.2517,0
272342.1068,5435.924700000032
272540.9849,0
272612.5521,0
272621.5889,0
272775.9167,0
273236.9564,0
273344.9771,0
273353.7567,0
273483.53740000003,0
273514.1574,0
273565.4604,0
273637.9923,0
273691.8093,0
273732.9814,0
273735.6899,0
273775.7336,0
273813.4317,0
273866.8382,0
273884.4907,0
273998.98219999997,0
274056.8608,0
274080.5421,0
274106.3982,0
274125.9175,0
274195.3947,0
274261.8457,0
274397.219,0
274493.3285,0
274622.1527,0
274727.4218,0
274936.8171,0
274971.408,0
275007.3169,0
275058.8082,756.947300000058
275068.5336,0
275266.9697,0
275373.6187,0
275475.3636,0
275647.6747,0
275747.9106,0
275929.8974,0
275999.6784,0
276090.48589999997,0
276099.1431,0
276126.3901,0
276130.4422,0
276214.4364,0
276274.4807,0
276608.07779999997,0
276683.40260000003,0
276737.2973,0
276780.2387,0
276787.22609999997,0
276966.3649,0
277032.5006,0
277475.63646,0
277611.9441,0
277681.4083,0
277701.9523,0
277849.1313,0
277970.52150000003,0
278088.8392,0
278127.4664,0
278128.2217,0
278297.0124,0
278313.4267,0
278482.86710000003,0
278644.7915,0
278707.0603,0
278715.46270000003,0
278903.2654,0
278942.6551,0
278969.1379,0
278981.0699,0
278983.184,0
279357.2158,0
279662.4064,0
279680.1948,1682.3329999999842
279974.7246,2719.6644000000088
280167.7139,0
280236.3127,0
280286.1396,0
280351.3382,0
280483.64509999997,0
280484.3687,0
280613.9808,10131.194000000018
280890.7897,0
280941.55590000004,0
281145.6676,0
281282.5403,0
281448.1996,0
281466.3579,0
281486.1495,0
281491.3908,0
281633.9619,0
281693.2843,0
281738.1725,0
281753.2914,0
281789.632,0
281928.44909999997,0
282149.2744,0
282201.3155,0
282260.631,0
282335.26529999997,0
282369.3213,0
282397.3581,0
282693.4549,0
283112.457,0
283145.8354,0
283147.8602,0
283238.9464,0
283288.2758,0
283332.4033,0
283403.5069,0
283498.8933,0
283532.2937,0
283796.925,0
283801.2789,0
283824.4262,0
283834.97010000004,0
283946.6272,0
284038.8644,0
284091.7509,0
284337.5314,0
284394.343,0
284405.7075,0
284738.4283,0
284869.3482,0
285035.0903,0
285103.7341,0
285107.33400000003,0
285280.3767,0
285363.1594,0
285376.8369,7903.5
285776.6589,0
285830.0722,0
285912.3646,0
286063.4519,0
286148.7204,0
286249.673,0
286662.9453,875.85070000001
286697.2254,0
286819.35109999997,0
286877.1531,0
286910.0302,0
287142.213,0
287217.8459,0
287293.2198,0
287447.31570000004,0
287566.1648,0
287723.2851,0
287894.534,0
287981.4159,0
288017.5722,0
288156.634,0
288162.69680000003,0
288218.2754,0
288506.8621,0
288604.4479,0
288866.2262,4736.341599999985
289119.3817,0
289200.19909999997,0
289364.0887,778.227600000042
289456.5756,0
289655.9106,0
289746.2303,0
290253.8004,0
290342.4603,0
290608.941,0
290818.73470000003,0
290829.7077,0
290884.6964,0
291199.9593,183.45049999997718
291277.8561,0
291447.4422,0
291508.3019,0
291577.0287,0
291594.2094,0
291595.59849999996,0
291615.9787,0
291759.3319,0
291765.6064,0
291889.9667,0
291893.3481,0
291990.0874,0
292003.9144,0
292051.4745,0
292144.7291,0
292354.9285,0
292423.2261,16701.656200000027
292457.8825,0
292496.7645,0
292725.0747,0
293070.4151,0
293234.875,0
293443.9808,0
293574.2845,0
293682.1089,0
293705.0649,0
293791.6166,0
293983.1303,0
294139.3655,0
294139.3894,0
294344.9071,0
294357.7717,0
294566.65009999997,0
294807.9068,0
295110.2847,4815.543700000038
295234.5207,0
295273.1798,0
295320.3479,0
295405.1416,0
295577.0664,0
295620.9042,4218.810999999987
295829.9235,0
295931.8696,0
296264.2331,0
296449.1137,0
296491.6256,0
296539.4111,0
296703.2194,1132.2821000000113
296955.9152,0
297106.6606,0
297203.7645,0
297302.667,0
297309.1159,0
297424.7953,0
297426.8977,0
297673.1353,0
297901.7427,0
298222.89,0
298309.2771,0
298349.6186,0
298372.4105,0
298455.3753,0
298472.4151,0
298673.2511,0
299064.7697,0
299086.8554,0
299121.2939,0
299195.60750000004,0
299249.9504,0
299367.6028,0
299461.1089,0
299528.6338,0
299564.6032,0
299616.4742,0
299685.059,0
299695.6767,0
299709.7491,0
299711.2047,0
299908.93799999997,0
300001.577,0
300089.78489999997,0
300124.8662,0
300210.1543,0
300301.1839,0
300691.2427,0
300843.52806,0
300880.185,0
301002.6085,8319.119599999976
301240.3036,0
301265.2898,0
301268.6603,0
301854.0353,0
301908.6063,0
301947.7839,0
302007.1339,0
302096.2605,0
302121.9055,0
302256.7372,0
302302.6798,0
302417.7839,0
302429.0684,1127.3429999999935
302551.4019,0
302643.70889999997,0
302660.6841,0
302872.295375,0
302916.0806,0
302920.2163,0
302923.2223,0
303038.66240000003,0
303192.8624,0
303431.5591,0
303459.6315,0
303467.1824,0
303554.2153,0
303629.9547,0
303870.1121,0
303951.1243,0
304300.8696,0
304320.987,0
304423.12549999997,0
304566.104,0
304569.2784,0
304600.6902,0
304712.4992,0
304717.5622,0
304763.6121,3836.3479000000516
304812.2956,0
304867.2997,0
304884.167,0
304903.1927,0
305062.2422,0
305198.1276,0
305267.2676,10810.217100000009
305394.071,0
305953.91099999996,0
306151.7349,3576.6577999999863
306189.3406,0
306420.0127,0
306450.9935,0
306644.1229,21166.38890000002
306657.2671,5304.219700000016
306683.5179,3302.892499999958
306843.6977,0
307011.5408,0
307199.0058,0
307200.0318333333,0
307203.0335,0
307261.24820000003,0
307283.93546,0
307320.9447,0
307706.4022333333,0
308126.6687,0
308316.3275,0
308487.2911,0
308634.6,13887.57759999996
308664.1398,0
308791.1021,0
308853.4096,0
309014.7666,0
309165.1152,0
309336.2478,15272.675500000012
309549.197,0
309657.6728,0
309697.8763,0
309941.8273,0
309978.3933,0
309984.049,0
310074.0664,0
310372.3826,0
310417.0662,0
310455.2818,0
310513.2939,0
310532.5286,0
310566.1319,0
310591.9177,0
310673.0574,0
310776.7699,0
310789.4585,0
311064.6216,0
311318.8274,13178.14400000003
311337.6067,0
311369.9279,0
311414.3382,0
311547.1372,0
311631.8763,0
311640.26558,0
311668.1551,0
311797.9294,0
312160.1263,0
312210.3024,0
312436.4992,0
312642.8438,0
312726.0874,0
312803.5983,0
312860.0241,8527.724899999972
312920.6705,0
313157.07514,0
313166.0777,0
313208.1067,0
313218.6202,0
313245.3808,0
313508.6725,0
313517.7842,0
313695.4487,0
313753.524,0
313905.4164,0
313928.7529,0
314191.5771,0
314206.4306,0
314273.7419,0
314299.3568,0
314388.3056,0
314467.1786,0
314618.70149999997,0
314888.972275,0
315018.7885,0
315072.9893,0
315219.0661,0
315453.7325,0
315626.1712,0
315627.5243,0
315930.3567,0
316047.7362,0
316233.91949999996,0
316252.0357,0
316438.6191,0
316664.3039,0
316861.12080000003,0
316889.6742,0
317075.3113,0
317391.8946,0
317571.951,0
317617.2712,0
317862.8978,5564.409999999974
318177.7085,0
318480.501,0
318488.23132,0
318490.0107,0
318508.11325,0
318658.7669,0
318697.12,0
318750.7132,0
318764.7453,0
318997.08964,0
319005.8228,0
319010.1556,9418.454100000032
319351.534,0
319550.0035,0
319673.7446,0
319673.7791,0
319780.0609,0
319846.522,0
320653.97,11503.15579999995
320738.4604,0
320872.8063,0
321072.5209,0
321209.6926,11636.800199999998
321655.7893,0
321784.91969999997,0
321845.9733,0
321875.04949999996,0
322121.2144,0
322145.9304,0
322385.3784,0
322399.7843,0
322411.6545,0
322526.907,0
322629.2191,0
322676.5355,0
322827.8827,0
322966.806,0
322992.4183,0
323039.5471,0
323100.3759,0
323493.7143,0
323496.7895,18169.629799999995
323600.6626,0
323697.6777,0
323739.2454,0
323890.4177,0
323912.7859,0
324014.1632,0
324095.1929,0
324212.4364,0
324214.8576,0
324399.9066,0
324419.4836,0
324438.8755,0
324874.13060000003,0
325034.967,0
325060.5219666667,0
325085.474,0
325104.2494,0
325266.588,0
325273.0748,0
325431.0513,0
325489.3878,0
325496.3162,0
325540.53729999997,0
325625.5269,0
325986.0125,0
326006.4719,0
326018.2354,0
326108.3842,0
326145.7593,0
326284.6367,7240.944199999969
326783.31296666665,0
326802.43940000003,0
326910.576,0
327104.4639,0
327109.4384,0
327216.7724,0
327262.6273,0
327304.82779999997,0
327330.1086,0
327465.4442,0
327865.1233,0
327994.54839999997,0
328060.7398,0
328104.6266,0
328164.0677,0
328194.5348,0
328386.3741,0
328420.6625,0
328476.7935,0
328512.0481,0
328519.85970000003,0
328520.2295,0
328785.1559,0
328969.1465,0
329055.3758,0
329201.01529999997,0
329246.1258,0
329283.7866,0
329284.9722,0
329387.4789,0
329499.8994,0
329624.6488,0
329709.7022,0
329838.06429999997,0
330075.5698,0
330108.0985,0
330236.8743,0
330295.16,0
330354.5721,0
330380.665,0
330447.28254,0
330497.0496,0
331108.0068,0
331221.1385,0
331270.3497,0
331291.8764,0
331359.0237,0
331473.8341,0
331495.2708,0
331612.5718,0
331847.0068,0
331969.3396,0
331969.5342,0
331971.3195,0
331974.4587,0
332053.8479,0
332181.244,0
332225.5071,0
332251.2032,0
332321.1231,0
332356.69305,0
332372.5556,0
332579.8248,0
332705.6474,0
332713.1286,0
332799.2554,0
332872.603,0
332961.7055,0
333271.8999,0
333319.9364,0
333359.3294,0
333409.82785,0
333444.6775,0
333510.2614,0
333602.0933,0
333781.5284,0
333822.45160000003,0
333857.3283,0
334023.0853,0
334081.4487,0
334282.4811,0
334287.4792,0
334326.2327,0
334355.83056,0
334436.9763,0
334491.99100000004,0
334611.4916,0
334651.5747,0
334894.2905,0
334974.91000000003,0
334992.1122,0
335067.7684,0
335115.35730000003,0
335197.9048,0
335321.6381,0
335348.0404,0
335398.8269,0
335528.61,0
335687.52208,0
335717.0229,0
335803.1855,0
335815.5539,0
335886.31799999997,0
335994.0212,0
336117.7508,0
336141.7415,0
336333.1548,0
336341.5946,0
336356.83019999997,0
336431.4072,0
336577.6607,0
336650.564,0
336656.22490000003,0
336704.3063,0
336711.7866,0
336721.4416,0
336773.21259999997,0
336775.69326,0
336812.8844,0
337072.057,0
337185.54071666667,0
337327.5829,0
337399.7512,6185.588599999959
337603.1422,0
337605.64,0
337607.3971,0
337628.4117,0
338081.6237,0
338178.8748,0
338180.6781,0
338323.8655,0
338600.5536,0
338608.5678,0
338843.0981,0
338882.6901,0
338909.6163,0
338956.9858,0
339080.6421,0
339175.6753,0
339194.1988,0
339424.11069999996,0
339439.5968,0
339498.60418,0
339542.6635,6189.600800000015
339688.1156,0
339797.5299,0
339953.1818,0
339960.8795,0
339977.4015,0
340478.1961,0
341043.8211,0
341175.23905,0
341177.8074,0
341267.7498,0
341297.8889,0
341535.238,0
341601.3402,0
341624.1654,42.13699999998789
341678.612,0
341826.4548,0
341967.5324,0
341968.4215,0
341978.6581,0
341987.2663,5240.417699999991
341991.0848,3403.42300000001
342027.3013,0
342034.7966,0
342211.5417,0
342237.3514,0
342461.0426,0
342463.9019,0
342468.841,0
342650.1897,0
342675.7398,0
342724.2558,0
342744.8885,0
342875.4599,0
342942.4098,0
342960.8782,0
342981.3115,0
343109.0145,0
343158.1589,0
343181.428,0
343542.5757,0
343555.82948,0
343705.66000000003,0
343717.6196,0
343780.2614,0
343816.5063,0
343822.3863,0
343861.2275,0
343911.1146,0
343923.2603,0
343995.8412,0
344110.8267,0
344157.0126,3148.7434000000358
344181.4343,0
344279.6162,0
344333.36340000003,0
344493.9178,0
344508.9998,0
344514.40249999997,0
344516.9442,0
344520.58030000003,0
344738.4466,0
345130.8703,0
345177.3323,0
345238.2829,0
345308.4205,0
345781.4166,0
345990.6532,0
346066.9733,0
346081.2217,0
346220.2099,0
346391.49199999997,0
346416.00695,0
346458.7649,0
346472.633,0
346525.41969999997,0
346539.9439,0
346803.2808,0
346813.1139,0
346822.4348,0
346895.088,0
346931.0651,0
346934.844,0
346971.7397,0
346975.5843,0
347340.0273,0
347407.6932,0
347457.5372,0
347589.1037,0
347978.9457,0
347995.3382,0
348258.9686,0
348304.1534,0
348413.7269,0
348557.8816,0
348612.9954,0
348671.6032,3440.720900000015
348863.28599999996,0
348885.562,0
348997.7367,0
349161.2695,0
349334.8326,0
349524.4422,0
349560.9374,0
349585.7565,0
349688.6213,0
349717.4255,0
349729.0743,0
349902.3544,0
349981.3748,0
350061.566,8082.2411999999895
350131.2672,0
350180.8799,0
350192.3012,0
350237.7809,0
350413.656,0
350436.7958,0
350461.9895,0
350503.384,0
350525.3946,0
350583.3326,0
350595.2855,0
350772.3182,0
350806.3343,0
350837.7991,3132.8703250000253
350943.596,0
351114.02886,0
351136.0068,0
351169.904,0
351204.192,0
351240.9541,0
351302.8543,3645.613799999992
351364.0836,0
351393.7605,0
351394.3466,0
351440.1939,0
351686.6982,0
351723.647,0
351782.15020000003,0
351922.33023333334,0
351940.7885,0
352161.0782,0
352448.3078,0
352451.0396,0
352462.4984,0
352864.6413,0
352974.2182,0
352978.2197,0
353024.453,0
353119.2088,0
353158.6355,0
353182.2581,0
353357.2595,0
353364.6003,0
353380.6061,0
353524.792,0
353548.2461,0
353588.6312,0
353725.3729,0
353731.9225,0
353781.9481,0
353818.3797,0
353837.6215,0
353860.4571,0
354030.2969,0
354100.66000000003,0
354108.3209,0
354191.2455,0
354231.185,0
354298.3006,0
354316.2732,0
354349.2687,927.607799999998
354422.9342,1920.5280000000494
354467.6101,0
354478.5343,0
354555.0672,0
354638.7626,0
354883.0983,0
354973.0534,0
355076.5111,0
355168.5385,994.7770000000019
355168.6378,0
355207.6089,0
355236.1961,0
355364.298,0
355624.6382,0
355666.8604,0
355759.577,0
355762.9781,0
355879.0263,0
355960.90989999997,0
356084.3138,0
356151.8784,0
356159.5188,0
356296.9755,0
356498.5971,0
356505.5087,0
356547.199,0
356729.8217,0
356831.3328,0
357009.8008,1249.4699000000255
357181.4941,0
357224.8509,0
357246.1764,0
357448.82039999997,0
357476.5393,0
357502.9746,1242.4806000000099
357693.1717,0
357694.3342,0
358022.1448,0
358042.8963,0
358073.1478,0
358080.2417,0
358124.6346,0
358446.4633,0
358451.3185,3.830000000016298
358521.3125,0
358576.8255,0
358660.4954,0
358755.795,207.29910000000382
358793.5747,0
358912.7156,0
358946.5108,1005.2446999999811
359016.6519,0
359032.1484,0
359132.3191,0
359197.837,0
359218.2078,0
359333.7467,0
359363.0629,0
359437.5965,5471.225299999991
359462.3105,0
359528.8559,0
359649.17000000004,0
359683.2791,0
359893.33499999996,0
359987.7265,0
360076.6828,0
360119.7179,0
360153.4639,1427.3546999999671
360223.92209999997,0
360449.812,3486.228999999992
360572.3449,0
360598.0961,0
360635.4151,0
360666.2072,0
360688.301,0
360938.7572,5822.736199999985
361033.89890000003,0
361068.8032,0
361115.5127,1596.3788000000059
361123.4163,0
361148.6086,0
361178.2138,0
361305.7798,0
361450.2119,0
361534.9851,1067.098100000003
361599.3652,0
361676.1928,0
361735.964,0
361865.1471,0
361925.6702,0
362082.2867,0
362115.6642,0
362155.2848,0
362377.2587,0
362413.839,0
362822.32,0
363050.2239,0
363125.3773,0
363263.8309,0
363271.5244,0
363425.8173,0
363426.6932,0
363525.91969999997,0
363618.1016,0
363716.22479999997,0
363768.5608,10198.655999999959
364012.3398,0
364038.8735,0
364176.7719,0
364341.4031,3025.972699999984
364385.3403,4431.908400000015
364387.2885,0
364671.3033,0
364702.9468,0
364731.7843,0
364852.4554,0
365153.3917,0
365392.342,570.1228000000119
365538.1787,414.233499999973
365700.5642,0
365706.01410000003,0
365786.7727,6261.595699999947
365837.6657,0
365851.3691,5467.612800000003
365938.2169,0
366013.4535,0
366016.506,0
366155.2743,0
366277.8405,4344.756099999999
366447.6333,0
366555.4279,0
366564.8923,0
366582.7675,0
366705.6825,0
366932.3824,0
367032.1565,0
367186.1442,0
367215.976,0
367315.6519,9853.0576
367726.2794,0
367790.2422,0
367824.0568,4479.395200000028
367908.0971,0
367956.2855,0
368029.201,0
368048.1058,0
368185.8039,0
368298.07409999997,0
368320.1119,0
368403.4838,3079.355099999986
368513.5963,0
368736.7349,0
368797.65150000004,0
368825.4488,0
369425.7132,0
369449.7599,0
369568.4501,0
369614.6708,0
369627.1995,0
369629.91339999996,0
369655.8881,0
369968.4449,0
370075.9233,0
370082.0385,0
370160.6014,0
370175.5298,0
370294.4902,0
370313.8071,1615.0064999999595
370330.6029,0
370376.1512,0
370435.0227,0
370558.2963,0
370669.506,3392.629499999981
370795.6502,0
370797.8592,0
371000.033,3663.4145000000135
371075.308,0
371089.7508,0
371182.1993,442.65949999995064
371210.5889,0
371458.351,2007.992900000012
371595.9054,0
371606.1864,0
371621.7404,0
371719.0453,0
371727.9145,0
371739.5801,3117.892600000021
371821.8099,0
371874.2613,0
372379.2146,0
372392.103,0
372520.2935,0
372525.0599,0
372955.203,0
373038.7047,0
373132.5752,8438.31700000004
373209.2709,0
373291.612,0
373374.4944,838.4177999999956
373377.9784,0
373393.9501,0
373466.0993,7727.59010000003
373805.0002,4804.795800000022
374011.148,0
374016.0125,871.6597000000183
374081.8615,0
374196.5466,0
374350.7415,0
374548.6225,0
374783.9427,1826.3033000000287
374784.5738,2069.347999999998
374913.3113,0
375183.16599999997,0
375376.5909,0
375466.1762,4262.811699999962
375639.4019,1525.2157000000007
375680.13049999997,0
375759.0609,3901.3280999999843
375955.2767,5334.344600000011
375959.7109,0
375971.4262,0
376040.0422,0
376161.1491,0
376183.9644,0
376240.4925,3253.800500000012
376281.6083,0
376425.2277,0
376708.1264,0
376872.1067,3557.9743000000017
376966.4213,0
377039.2897,2273.8621000000276
377135.34770000004,0
377172.6652,0
377185.3427,2868.009399999981
377229.7041,0
377246.1833,0
377326.58759999997,0
377582.8565,0
377649.5269,0
377790.988,7971.228600000031
377863.2594,0
377902.6818,3634.4594000000507
378401.237,0
378410.1593,0
378700.5813,4118.6720000000205
379147.39029999997,0
379151.3345,0
379275.2062,16072.386500000022
379452.4751,2169.837999999989
379691.1854,0
379796.9884,366.3610499999486
380061.0567,768.7378000000026
380101.2855,0
380235.6966,0
380294.3173,0
380368.5433,0
380509.3727,0
380659.4212,459.26169999997364
380695.2599,4780.877399999998
380721.5689,0
380789.1695,4040.7313999999897
381188.255,0
381234.4711,0
381241.6669,0
381308.7208,2247.9942000000156
381335.1547,0
381515.0167,0
381531.3342,0
381578.7631,6536.3799
381578.8905,3754.2160999999614
381814.4173,0
382046.7261,10292.004700000049
382093.474,6252.192899999965
382277.0597,0
382294.8156,0
382395.756,2044.0956000000006
382413.2444,0
382510.5784,6813.471299999976
382595.6348,7590.481700000004
382864.1597,2933.946600000025
382870.8177,0
383009.0667,0
383157.4489,365.7213000000338
383237.2336,0
383297.5296,0
383348.3611,0
383355.0557,304.4562000000151
383529.1797,4043.6516999999876
383628.4172,5088.260400000028
383856.1171,0
384515.1797,0
384777.84988,0
384809.507125,0
384869.0928,0
384991.2102,0
385071.0785,0
385162.9768,0
385174.7198,0
385198.0807,0
385299.0023,0
385421.59010000003,0
385497.4115,0
385515.9035,0
385608.94299999997,0
385612.4953,0
385629.9341,1138.8319000000483
385660.0457,0
385714.1307,0
385748.2788,0
385771.6974,8945.281100000022
386283.93115,0
386443.4696,0
386457.8649,0
386859.6916,0
386893.4501,2182.4781000000075
387197.4632,0
387498.6843,9375.936600000015
387505.8676,0
387520.5731,0
387562.7014,22498.498900000006
387833.43960000004,0
387921.1075,7555.422900000005
388079.66229999997,0
388151.1662,21479.906599999988
388284.4593,0
388400.3728,0
388420.1606,0
388742.1148,0
388803.2936,9924.52529999998
388807.6775,11691.851999999955
389016.6198,0
389061.1277,0
389309.6267,7176.926200000045
389815.3399,9029.116900000023
389959.4798,0
390136.6639,954.085699999996
390511.7323,0
390576.7746,0
390720.0112,0
390796.5388,0
390861.577,0
390876.0704,15949.482500000042
390890.6665,0
390930.4307,0
391006.7388,0
391028.2401,0
391324.6939,11512.268199999991
391364.0489,0
391463.3715,0
391627.8961,0
391719.0963,5369.026699999988
391778.3669,3270.9722000000183
391803.4507,0
391923.9333166667,0
391980.3728,11278.424800000037
392128.85699999996,0
392137.1142,0
392146.2941,18475.51409999997
392181.1262,0
392220.1216,6396.871199999994
392323.6598,0
392672.1485,0
392949.9498,0
393037.3845,7352.033100000001
393110.6679,0
393163.0796,0
393190.3666,0
393424.9834,0
393579.6097,0
393719.3717,0
393819.6426,0
394137.6621,0
394171.6894,0
394183.9349,0
394313.3235,16317.839800000016
394426.968,8560.693499999994
394478.00303333334,0
394492.715,6271.553500000038
394551.1749,0
394684.7954,0
394848.8788,8716.913100000005
394953.8998,252.56930000003194
394969.233,0
395028.1357,8542.964500000002
395109.2217,8638.029899999965
395205.9383,12461.699699999997
395209.961,21127.19200000004
395233.887,0
395305.9215,4204.371999999974
395438.2101,0
395571.3157,361.78509999997914
395607.9032,0
395878.9033,0
395901.2993,0
396044.5482,0
396302.7791,6823.839299999992
396381.6057,0
396493.9318,0
396953.4661,3511.20060000004
397012.3158,1202.2717999999877
397222.7293,0
397254.0299,10434.24430000002
397290.19680000003,0
397351.9059,1439.8519000000088
397537.1151,1213.357100000023
397619.5366,9518.61560000002
398026.5365,26812.712
398056.06680000003,0
398088.7784,7983.868200000026
398149.6603,0
398168.9612,0
398207.8007,0
398212.1918,7562.565233333327
398243.7571,0
398521.5585,0
398582.221,0
398610.6619,0
398845.4605,0
399032.4221,8317.045700000017
399085.6265,0
399278.3585,0
399518.6087,0
399565.9084,0
399615.7473,0
399687.0071,25219.59229999996
399745.4844,4562.1559000000125
399808.214,9581.454299999983
399894.3034,0
399913.22191666666,0
400122.1712,0
400175.0956,0
400347.3409,0
400546.1507,15098.728100000008
400667.8417,0
400746.1827,0
400765.0242,0
400794.6351,6642.930500000017
400807.7263,9871.751699999964
400837.56059999997,0
400850.5134,0
400941.6964,0
400979.382,0
401124.7339,0
401473.8365,0
401486.9849,0
401579.8,0
401855.0962,0
402130.5346,0
402192.6209,2082.168299999961
402226.1104,0
402391.5039,0
402795.9664,5640.378499999992
402967.7997,0
403451.2507,5271.920099999988
403549.9967,0
403799.7832,28947.24350000004
403823.7501,0
403997.01529999997,0
404056.9878,0
404215.7918,0
404424.7586,0
404486.0978,0
404514.809,0
404663.2057,0
404815.3217,0
404906.0024,1777.9560000000056
404992.6903,0
404996.555,16187.82170000003
405416.3895,18402.222499999974
405430.4295,11589.741100000043
405768.8771,0
405949.5137,5503.655000000028
406212.88049999997,0
406542.3178,0
406557.1492,5378.12559999997
406587.78375,0
406651.4306,0
406780.7315,3267.6315999999642
406810.4727,0
406861.5156,0
406877.8935,0
407038.5958,0
407071.7427,0
407095.1253,0
407173.9081,0
407193.1524,0
407367.4217666667,0
407615.1386,0
407717.3944,0
407742.782,0
407765.3719,2935.529500000004
407859.9782,2776.798999999999
407877.9298,0
407965.9752,0
408083.3957,0
408127.3974,5538.33130000002
408178.43096666667,0
408206.3215833333,0
408538.5495,1708.1761000000406
408612.9668,21915.711300000024
408634.32436,0
408790.1276,0
409069.15020000003,0
409069.6595,0
409089.5652,0
409231.5321,0
409533.1546,19863.922499999986
409553.6933,0
409586.0338,0
409691.1175,0
409751.1344,9338.836899999995
409946.274575,0
410041.7082,0
410172.375,0
410282.7612,0
410646.1854,9454.23550000001
410721.14862,0
410803.2385,0
410834.7139,0
410934.7932,8627.695600000035
411020.0718,22662.705999999947
411154.2923,14549.975899999961
411255.94365,0
411288.3949,0
411309.0944,0
411348.066,4076.5348999999696
411414.2871,0
411511.8707,8522.875700000033
411676.9756,0
411914.9535,0
411928.3853,0
411957.8271,0
412045.1068,3732.733100000012
412071.4532,0
412115.74713333335,0
412116.8644,0
412565.2166,15094.794300000009
412705.6016,0
413148.5509,13815.311999999976
413156.6189,0
413236.2376,0
413310.128,0
413392.4277,0
413422.8641,0
413572.3704,0
413585.2495,3223.4211999999825
413785.9879,0
413817.4647,0
413849.3083,0
413874.4739,0
413941.0622,3461.564699999988
413950.9371,0
414036.1948,0
414198.1478,0
414595.9971,0
414773.922,0
414837.1656,0
414876.642,0
414882.0881,0
414888.1761,0
414890.4887,0
414945.8483,0
414963.4791,0
415257.7841,3280.5802999999723
415298.2254,0
415363.1225,0
415455.0069,0
415570.2494,0
415630.5039,0
415659.5041,0
415756.516,0
415757.5959,0
415797.6413,0
415820.128,0
415844.9407,0
415857.069,0
415923.1211,0
416187.0003,0
416200.4123,0
416231.7302,2874.7121000000043
416299.1855,0
416299.4299,0
416435.1593,0
416458.3623,0
416551.4319,0
416583.8945,0
416775.7689,0
416809.4913,0
417133.2849,0
417218.3596,0
417352.7605,0
417441.2259,4426.811800000025
417449.4916,0
417492.0121,0
417603.4705,0
417787.9936,30251.02973333333
417908.1111,0
418183.9763,0
418187.5678,0
418226.8741,0
418285.6081,0
418474.9325,2078.185200000007
418843.4079,0
418861.2108,0
418928.1969,0
418992.9624,0
419089.2831,0
419187.5866,0
419248.1477,0
419267.5294,0
419293.9451,0
419338.0443,1678.027700000035
419756.02749999997,0
420073.0085,0
420152.4483,0
420172.9922,0
420253.223,0
420369.5879,1746.6178000000073
420581.9177,7109.540900000022
420613.9201,0
420630.1183,0
420687.971,0
420718.1406,0
420819.09609999997,0
420822.993,0
420829.0296,0
421057.7081,0
421059.0934,0
421070.34739999997,0
421142.5867,0
421210.1965,1146.0636999999988
421246.2572,0
421281.1411,0
421292.3699,0
421331.2633,0
421740.3947,0
421806.4488,0
421867.862,8126.350000000035
421924.0497,0
422028.2883,0
422268.2452,0
422292.2838,0
422301.254,4863.831400000025
422432.59369999997,0
422483.28390000004,0
422519.0643,0
422537.4483,2120.2513000000035
422631.9143,3517.9026000000304
422633.7926,0
422708.8898,0
422733.6236,0
422833.173,5003.683300000033
422906.86738,0
422924.6234,0
422970.58770000003,0
423089.7473,0
423238.2274,0
423347.3078,0
423463.9998,0
423478.2255,0
423593.9149,0
423654.9976,0
423683.7759,0
423759.9994,0
423887.1776,0
423975.8059,0
424004.9448,0
424050.5457,0
424142.3136,0
424165.6264,0
424228.1577,0
424315.0332,0
424386.5339,0
424515.44326666667,0
424947.337,0
424973.5062,0
424993.1005,0
425062.6104,876.1613999999827
425129.8516,0
425229.9294,0
425329.745,0
425436.0367,0
425465.4382,0
425534.0769,0
425741.9268,0
425759.6186,0
425821.3449,0
425951.516,5425.479733333341
425996.2666,0
426112.4365,0
426435.1677,6128.2740999999805
426539.2695,1534.9162999999826
426567.6675,0
426814.606,0
426902.1419,0
426954.83400000003,0
427236.199,0
427238.527,0
427377.3292,0
427504.3357,0
427522.62309999997,0
427613.1286,12262.320499999973
427619.788,0
427773.136,0
427774.9994,0
427825.0276,358.3159999999916
427908.6703,0
428017.5185,0
428047.6012,1794.3490999999922
428293.9208,0
428392.4733,0
428447.5128,3888.8239000000176
428477.6968,0
428484.3132,7179.371399999945
428489.6224,1749.4333999999799
428603.7728,0
428638.558,0
428748.6962,0
428806.229,0
428955.7579,1099.2764000000316
428981.9994,0
429000.9747,2493.064699999988
429031.487,0
429108.3624,0
429111.4214,0
429220.0538,4099.183599999989
429259.9942,2927.754600000044
429397.6823,1147.876500000013
429425.3708,0
429480.0947,0
429566.46270000003,0
429616.92339999997,0
429863.2617833333,0
429953.3424,7518.180400000012
430089.899,0
430113.2079,10153.448599999945
430340.553,0
430502.9467,0
430524.6969,0
430565.5,0
430639.7715,365.13959999999497
430743.0318,0
430771.0459,0
430779.8007,0
430835.1784,21476.918399999966
430971.2644,0
431003.8017,0
431068.2165,0
431288.6971,0
431404.3496,2066.3800000000047
431443.1027,164.9731000000029
431487.6057,4014.7951000000467
431637.0314,0
431640.5127,0
431726.379,0
431956.94616,0
432001.506,0
432007.184,0
432164.2665,1583.7821000000113
432352.375,0
432369.6572,0
432715.4844,1501.5184000000008
432739.9732,2526.5040000000154
432749.3802,0
432756.4182,0
432806.7018,0
432875.4831,0
432880.7257,0
432986.6859,0
433211.6365,920.5283000000054
433217.2131,0
433440.1125,0
433566.2577,0
433582.8518,0
433704.0431,0
433739.342,5312.705200000026
433860.8839,0
433872.81070000003,0
434024.26159999997,0
434139.2862,5354.48669999995
434256.2669,1508.9936999999918
434320.8608,5185.765500000038
434321.3765,0
434335.785,3681.60619999998
434508.8078,6025.149600000004
434756.5216,0
434823.9039,0
434844.8913,1432.493300000031
434847.7465,0
434895.1218,6682.716600000043
434968.3884,0
435022.0038,0
435087.2042,0
435188.9337,0
435348.2702,0
435359.2817,0
435386.9963,0
435419.512,0
435449.4848,0
435581.7212,0
435603.8678,0
435933.556,0
435995.47270000004,0
436087.2824,0
436116.1439,0
436144.1952,4414.140400000033
436196.139,4489.54150000005
436284.5419,0
436538.35719999997,0
436913.2794,0
436952.0385,0
437039.1639,165.84639999998035
437080.2128,0
437177.1416,0
437297.8022,2938.5898999999627
437300.0865,1629.4459999999963
437305.9415,0
437386.5741,10333.829200000037
437420.4544,0
437441.9829,4713.528699999966
437725.7456,0
437753.6085,0
437860.3485,0
437955.219,1712.5020999999833
438079.9786,7665.6389999999665
438132.6313,2718.6278000000166
438276.7608,0
438530.9834,496.54710000002524
438626.5347,0
438650.793,13119.91889999999
438693.684,5425.57150000002
439038.6514,0
439052.9103,12718.342399999965
439092.9738,4082.3568000000087
439180.7269,1280.9303000000073
439219.8629,0
439278.7489,0
439596.0852,2679.3859999999404
439844.1546,0
439903.4656,0
439994.7612,960.631400000013
440058.9694,0
440066.6536,0
440202.2308,0
440216.90520000004,0
440285.4281,0
440334.4723,11911.964500000002
440461.8042,0
440491.1814,0
440676.0674,0
440907.2808,3310.457400000014
440958.2838,0
441053.1334,7789.851399999985
441245.1378,2070.8089000000036
441300.875,0
441307.4839,0
441380.51170000003,0
441423.5387,0
441524.8421,0
441560.5826,0
441833.6792,0
441922.371,0
441966.30700000003,0
442163.39,0
442189.08030000003,0
442193.5909,0
442260.05700000003,0
442291.2815,2540.1292333333404
442420.04110000003,0
442477.0629,0
442483.5873,6145.375400000019
442503.1111,1124.610699999961
442617.7542,0
442652.636,0
442896.5982,0
443148.1033,1894.554700000037
443157.9283,802.58050000004
443173.6355,8238.081999999995
443200.7507,0
443441.4503,0
443498.0824,0
443535.7379,0
443622.2556,4493.065799999982
443640.801,0
443680.5683,645.2454999999609
443758.7447,0
443853.5175,0
443862.6094,0
443887.0947,2712.6731000000145
443906.0872,0
443991.158,0
444032.96,10768.512200000056
444088.6576,0
444149.3453,7908.652699999977
444166.4739,0
444207.2307,0
444363.3532,0
444395.8142,0
444414.4427,0
444463.4814,0
444575.3694,0
444644.3312,0
444666.1334,0
444784.7922,0
444991.81570000004,0
445025.021,6429.193200000038
445041.7605,0
445145.5975,0
445241.5843,0
445535.4721,0
445643.2493,0
445788.5839,13532.646300000022
445814.3736,0
446009.0564,6212.026300000027
446199.2602,0
446370.9439,0
446379.5895,0
446596.5544,0
446627.5992,0
446736.2287,0
446780.2829,3040.3030000000144
446865.5045,12883.910999999964
446952.3866,3640.181900000025
447054.9568,0
447056.8395,0
447142.2937,0
447162.8604,0
447229.9894,0
447265.519,4058.813999999955
447353.7403,4595.443499999994
447468.14280000003,0
447688.9986,0
447825.5933,0
448281.2861,2049.2902999999933
448337.4193,0
448374.39650000003,0
448376.9062,14823.552500000049
448421.6689,0
448761.429,0
448856.1257,0
448998.2896,0
449078.4452,0
449365.1516,3942.3036999999895
449545.1257,0
449757.9273,0
449787.2363,0
449834.786,0
449859.4374,0
449959.3758,0
450073.1659,15864.092700000037
450148.545,0
450204.8876,0
450266.3286,0
450292.9607,3729.9706000000006
450910.896,0
451182.6066,0
451286.9667,0
451295.26410000003,0
451336.256,0
451380.06059999997,0
451484.2912,0
451667.3567,0
451738.0898,5378.777100000007
452179.5808,0
452248.2501,0
452745.5757,0
452780.4495,0
453014.2581,7484.902599999972
453160.7914,0
453197.9567,0
453276.3759,0
453279.6658,0
453367.3675,1229.988399999973
453453.8138,0
453464.0754,0
453537.2788,6279.08329999994
453624.438,0
453921.0872,18515.637999999977
453955.5964,0
454012.0902,0
454183.7375,0
454197.8722,0
454409.9324,4979.925199999998
454442.4551,0
454476.7806,0
454499.7585,7329.01059999998
454763.5699,8995.006200000003
454771.0041,0
454944.4825,0
455048.7513,0
455103.1142,0
455415.7404,0
455432.5746,0
456235.4795,0
456316.1258,0
456319.079,7089.4067000000505
456423.2274,0
456441.1092,1693.412399999972
456474.3894,23913.765000000014
456548.4465,0
456693.6597,0
456779.425,10525.768899999966
456790.18929999997,0
456882.8892,10522.594999999972
456888.3794,145.30839999997988
456957.238,10705.601599999995
456979.3153,2336.1765000000014
457389.15150000004,0
457503.8291,1872.8997999999556
457510.5888,0
457845.1292,1851.9214000000502
457922.2878,17089.52609999996
458141.6104,4569.316400000011
458643.8821,976.2832000000053
458821.5576,0
458860.2649,0
458877.923,18.81219999998575
459080.9414,3695.604900000035
459118.4013,8036.769800000009
459127.7227,0
459132.1087,279.11739999998827
459236.272,0
459582.5065,0
459609.5591,1212.119400000025
459671.6237,7398.942833333334
459698.0301,3576.824499999988
459735.8272,0
459862.8977,0
460337.1605,0
460356.4536,0
460457.6485,0
460525.2899,0
460755.7417,318.5197000000044
460856.3704,10060.426366666681
461163.9047,0
461205.34380000003,0
461212.1696,0
461815.3895,568.5924999999697
461851.6892,231.54310000000987
461958.19915,0
462026.835,0
462094.1218,0
462117.2676,3494.109300000011
462277.3192,8050.0631000000285
462640.2153,0
462768.1782,11951.186000000045
462916.446,0
463093.9273,0
463221.308,3799.732799999998
463245.6043,0
463455.5196,14281.267999999982
463467.8919,0
463795.1286,10027.036000000022
463839.3678,2015.6846999999834
463839.9716,13746.9191
463863.3971,7116.412300000025
463874.51769999997,0
463962.8501,32779.97769999999
464182.881,7538.546099999978
464623.1829,942.2474999999977
464873.401,0
464880.0433,0
465279.1766,0
465318.9907,0
465342.3601,5019.417199999967
465356.1907,2629.8915999999736
465621.7028,10163.623300000036
465765.8669,0
465795.7896,0
465867.6037,0
465997.3348,0
466036.2249,19867.65359999996
466092.8743,2647.5709999999963
466116.6147,0
466170.0979,0
466175.3761,14541.843300000008
466213.1145,4139.682499999995
466342.5304,16569.6875
466510.9174,0
466534.5778,3820.369000000006
466541.6201,0
466628.50549999997,0
466665.6537,0
466691.5425,6504.9061999999685
466993.8997,0
467009.5369,28772.109600000025
467055.9273,0
467188.9159,2158.1657000000123
467288.6852,3717.009399999981
467496.6939,0
467768.1218,0
467793.4432,8710.08759999997
467795.3524,9055.019299999985
467931.0916,0
468015.0148,3220.8753000000142
468015.9239,0
468123.041,23129.969433333375
468403.6322,2267.8882999999914
468526.6255,0
468807.1167,30291.121600000013
468826.9734,0
468989.1901,6545.676100000041
468990.066,0
469262.6312,1830.818099999975
469345.4064,0
469658.7776,8579.422399999981
469666.5787,0
469685.9037,0
469699.2279,0
470042.7556,0
470056.0464,31879.547099999967
470098.7213,0
470345.9316,0
470381.3799,0
470686.00930000003,0
470717.2521,8567.356299999985
471038.9978,7794.676600000006
471121.4301,0
471300.2861,0
471491.4611,1110.7258000000147
471612.4876,0
471863.8648,0
472167.9895,0
472420.26114,0
472570.9227,19949.680200000003
472645.0012,110.17405999999028
472775.2581,627.327099999995
472858.8081,598.9809000000241
473007.32050000003,0
473034.8284,1536.8767000000225
473203.0016,12443.755900000047
473361.2012,5670.701300000015
473411.2763,5188.393400000059
473537.1223,21152.811199999996
473541.333,9891.11599999998
473839.7649,0
473847.7043,0
473873.7958,9587.515100000019
473980.0811,10515.610199999996
474007.0088,0
474045.3454,0
474111.7892,10241.130200000014
474300.5547,2730.477199999965
474386.083,0
474454.921,1984.3160999999964
474613.8292,12900.045400000003
474812.6384,0
475044.3272,0
475164.5789,0
475214.5584,1168.5074999999488
475263.4976,0
475290.3586,0
475455.7011,14619.299900000042
475470.7545,0
475585.1164,0
475704.3657,1127.8888000000152
475712.7458,0
475795.2395,0
475936.355,0
476053.1837,4808.297399999981
476070.2433,16876.26012499997
476100.2244,7760.041900000011
476129.5934,9769.570300000021
476159.3174,0
476296.1786,1584.7880000000005
476548.8721,0
476645.6087,0
476659.2996,16964.77760000003
476678.505,28135.555300000007
476839.2572,4501.574399999983
477225.4037,2886.7030000000377
477295.4064,2623.13949999999
477296.2181,0
477500.5052,11686.68729999999
477628.3618,5204.762500000012
477645.9175,0
477683.0876,15281.272999999986
477743.7521,0
477778.4351,0
478056.0076,0
478236.2072,8011.321600000025
478308.514,0
478356.488,0
478374.6563,3263.8901999999653
478401.911,5895.949400000041
478452.2196,20711.80600000004
478523.7587,157.5900000000256
478546.877,7043.352599999984
478934.5219,0
478970.8395,6252.133600000001
479073.1188,5818.65340000001
479160.3841,7506.194400000037
479180.1048,0
479228.5889,0
479300.5319,0
479473.3467,5439.753900000011
479582.918,6418.092600000033
479688.1927,15138.472400000028
479718.6578,9487.603799999983
479873.8455,1646.7685000000056
479918.877,0
480205.9841,12153.266100000008
480296.7328,0
480322.9257,0
480354.88228333334,0
480411.9363,0
480495.543,9089.231900000013
480576.2721,0
480648.9775,0
480693.9305,1470.960000000021
480911.6846,216.83950000000186
480963.7593,0
481071.1161,0
481242.1764,14938.628399999987
481320.8053,2745.6285999999964
481654.8933,16386.825699999987
481668.2043,10962.478999999992
481791.767,83.92746666667517
481888.3684,357.05849999998463
482099.8487,1453.8390999999829
482261.3489,0
482505.3762,6712.647500000021
482515.1661,5252.305299999949
482723.3521,4610.575500000035
482753.7606,6865.087100000004
482931.995,0
482993.2566,7664.826800000039
483038.8461,0
483116.3106,7929.024400000053
483432.6586,0
483489.8465,9097.340399999986
483817.0121,0
483901.3102,7372.885200000019
483966.1671,0
483993.1404,730.2443999999668
484076.3208,0
484079.1935,5570.894299999985
484116.7057,7480.044200000004
484277.2655,60.25079999997979
484750.8074,0
484759.8872,0
484762.7121,0
484837.5034,4117.770599999989
484902.9877,3336.1133000000264
485447.4229,3590.1758000000264
485533.6653,5133.224400000006
485580.6499,0
485591.5066,3099.2630000000354
485627.7797,6110.5158999999985
485653.5398,2776.889700000058
485918.34979999997,0
486039.7943,3183.8154000000213
486068.5218,4411.064399999974
486167.2834,0
486167.3181,17260.549899999984
486258.13,4.6027999999932945
486568.5128,4432.9463000000105
486885.239,8270.911299999978
487040.1414,0
487407.7649,0
487570.3421,2747.4464000000153
487711.4832,15829.70630000002
488030.9999,10212.660574999987
488046.9546,3877.8747999999905
488093.24450000003,0
488161.2843,0
488203.781,27050.107100000023
488443.381,3003.777699999977
488478.9729,6956.1656000000075
488499.0759,0
488656.1479,5681.111499999999
488703.3017,1490.766100000008
488727.5211,12438.4522
488968.7881,7250.190633333346
489280.7805,338.00339999998687
489349.2059,0
489456.7303,799.5560666666715
489529.3703,0
489583.0267,14286.98550000001
489692.8719,0
489720.6065333333,0
489961.70279999997,0
490219.3813,6428.027699999977
490322.0621,5365.470099999977
490337.4471,421.98119999998016
490480.3481,0
490626.1941,0
490700.6762,5598.9473
490872.343,3339.89029999997
490989.8379,2816.737859999994
491024.9334,11447.976399999985
491035.5851,0
491271.4871,11912.895800000057
491300.3779,5862.2416000000085
491364.817,19527.801599999948
491545.9492,10588.221499999985
491588.5068,0
491736.4576,7234.511500000022
491754.032,326.6944000000367
491801.2021,5303.05680000002
491866.1061,33991.311999999976
491909.6755,17478.567900000024
491968.9013,15690.92710000003
491997.4057,19903.08129999996
492454.3287,0
492604.8107,10514.408399999957
492659.06,0
492786.2256,1996.8147999999928
492840.9161,0
492843.7691,508.67719999997644
492887.0057,18881.61209999997
492926.9544,0
493279.3472,3675.927000000025
493363.721,0
493383.513,7075.108499999973
493407.2307,830.7113000000245
493478.412,18228.82209999999
493894.46109999996,0
494005.7149,0
494021.348,0
494026.7666,12840.393500000006
494029.2672,10955.045600000012
494224.1145,0
494363.7366,10751.608899999992
494528.6124,12514.320999999996
494664.7563,0
494736.9009,3350.854500000016
494933.49,0
494940.8835,0
495210.0165,6112.358200000017
495312.5444,1492.2591000000248
495331.7606,0
495451.3588,8758.132299999997
495763.746,1669.4219999999623
495819.7365,0
496028.1647,0
496185.0193,0
496206.0852,17740.612999999954
496217.1366,4987.678899999999
496249.2939,4227.714500000002
496343.1766,1768.6476999999722
496492.1052,14030.688399999985
496502.36,7167.96120000002
496715.5802,7589.605800000019
497059.6187,0
497370.2973,0
497375.9619,2141.7655999999843
497512.8387,0
497675.4045,0
497694.5719,0
497799.44508333335,0
497810.8425,11063.774000000034
498274.2967,25367.42910000001
498286.2501,10124.358599999978
498356.3373,0
498498.4944,0
498518.3017,0
498812.611,25286.128899999952
498886.3722,6530.463199999998
498908.7689,9392.61863333336
498975.6208,0
498990.15009999997,0
498994.1624,21319.934099999955
499036.5935,0
499144.9378,0
499198.3827,0
499214.3782,0
499217.9786,8722.839899999963
499228.18498,0
499294.9926,103.50349999999162
499306.6524,0
499343.5236,4945.3438000000315
499509.4879,1295.6177000000025
499529.8095,14116.938699999999
499633.2551,0
499754.6751,0
499757.7145,14933.863499999978
499868.2448,0
499980.1629,9999.902599999972
