-----Simulation 0-----
172854.2996,0
172874.3929,0
172940.4374,0
173121.7874,0
173127.0823,0
173187.172,0
173189.1215,0
173201.8991,0
173257.1484,0
173412.1108,0
173581.78759999998,0
173892.45870000002,0
173961.8788,0
174059.9262,0
174136.2734,0
174210.1055,0
174342.7336,0
174377.79602,0
174413.957,0
174591.3298,0
174601.9346,0
174704.9253,0
174708.01929999999,0
174848.41629999998,0
175088.1359,0
175139.1276,0
175263.9526,0
175287.23739999998,0
175311.8718,0
175396.2929,0
175415.926,0
175477.3755,0
175520.9175,0
175583.4577,0
175634.5887,0
175694.0784,0
175794.04379999998,0
175814.5914,0
175933.6534,0
176050.9705,0
176261.6194,0
176456.4165,0
176522.7758,0
176570.66999999998,0
176679.5328,0
176723.2858,0
176787.0278,0
176809.7181,0
177126.164,0
177459.176,0
177674.21169999999,0
177928.843,0
177986.6778,0
178295.8353,0
178360.4091,0
178430.2317,0
178524.9088,0
178678.8181,0
178803.4067,0
178871.6898,0
179450.23739999998,0
179770.6775,0
180009.6893,0
180028.6345,0
180197.80533333332,0
180286.1637,0
180333.2414,0
180397.4612,0
180412.8615,0
180552.93959999998,0
180633.4593,0
180683.55109999998,0
180850.79129999998,0
180932.39250000002,0
181040.8595,0
181085.5587,0
181188.1637,0
181410.953075,0
181435.2107,0
181451.6785,0
181499.1036,0
181540.79580000002,0
181548.6869,0
181567.7259,0
181694.6328,0
181764.3151,0
181788.5758,0
181873.0854,0
182283.5333,0
182322.0283,0
182368.0971,0
182462.0019,0
182608.23859999998,0
182732.2152,0
182765.5456,0
182774.7624,0
183174.2737,0
183249.9752,0
183637.91820000001,0
183756.69939999998,0
183767.0782,0
184157.2852,0
184224.86800000002,0
184235.27,0
184588.9864,0
184745.4129,0
184851.2358,0
184906.66950000002,0
184951.275325,0
185364.2282,0
185409.02240000002,0
185458.4364,0
185498.366,0
185547.01,0
185599.5377,0
185629.9601,0
185682.098,0
186285.5231,0
186330.3041,0
186834.7346,0
186986.0251,0
187002.6044,0
187211.63880000002,0
187515.7391,0
187535.8537,0
187539.9752,0
187540.56530000002,0
187579.84,0
187664.5899,0
187941.85869999998,0
188252.1059,0
188530.3031,0
188697.6741,0
188786.1599,0
188991.2763,0
189515.4026,0
189580.6142,0
189586.157,0
189806.7091,0
189825.4205,0
189978.3764,0
190285.9096,0
190382.6007,0
190387.8933,0
190401.8437,0
190613.22710000002,0
190758.0707,0
191136.4148,0
191235.7943,0
191285.97950000002,0
191304.9822,0
191314.2292,0
191467.66700000002,0
191511.9683,0
191566.865,0
191599.0776,0
191838.161,0
191869.64010000002,0
191932.7654,0
192319.902,0
192324.45679999999,0
192584.1448,0
192738.5001,0
192838.6319,0
193006.7673,0
193876.1843,0
194246.9756,0
194327.4214,0
194859.8596,0
194967.9419,0
195623.6937,0
195859.06650000002,0
195932.351,0
195997.3882,0
196026.3028,0
196098.9523,0
196220.08980000002,0
196622.62099999998,0
196687.7562,0
196733.7455,0
196806.9473,0
197030.3039,0
197116.2831,0
197360.67369999998,0
197362.3753,0
197612.97269999998,0
197827.6331,0
197926.28029999998,0
198106.4155,0
198419.3881,0
198543.325,0
198830.8716,0
199201.65899999999,0
199213.0794,0
199377.0508,0
199567.8094,0
199777.8008,0
199864.152,0
199920.4332,0
200087.0311,0
200213.8273,0
200491.0994,0
200516.0508,0
200526.6113,0
200672.5819,0
200836.1442,0
200877.6642,0
201165.9725,0
201167.88559999998,0
201311.4913,0
201365.1515,0
201481.7398,0
201561.8493,0
201744.8286,0
201906.935,0
202450.9198,0
202468.9861,0
202523.5969,0
202549.16314000002,0
202736.4411,0
203033.6574,0
203090.8062,0
203231.657,0
203294.0719,0
203416.4724,0
203484.7555,0
203707.0269,0
203846.6515,0
204167.38569999998,0
204232.303,0
204336.39556666667,0
204598.53696666667,0
204686.20500000002,0
204955.711,0
205196.6833,0
205418.6888,0
205443.49719999998,0
205527.37660000002,0
205948.86729999998,0
206055.19908,0
206224.4659,0
206592.80479999998,0
206703.0135,0
207349.7437,0
207512.1483,0
207525.3628,0
207538.7677,0
207692.7723,0
207714.14870000002,0
207716.7224,0
207742.0149,0
207841.610275,0
208190.88640000002,0
208438.0046,0
208675.502975,0
208750.8961,0
208927.2886,0
208934.30476666667,0
208979.0904,0
209192.533,0
209498.52289999998,0
209634.2637,0
209638.6619,0
209720.1151,0
209743.6924,0
209819.1123,0
209857.2311,0
210012.3424,0
210137.87660000002,0
210427.0028,0
210775.5256,0
210803.8227,0
210831.8166,0
210928.3307,0
211487.9458,0
211689.0277,0
211759.44323333332,0
211777.0612,0
211989.03889999999,0
212244.3308,0
212451.853,0
212486.6258,0
212697.3813,0
212698.1385,0
212795.9225,0
212816.30550000002,0
212873.51698000001,0
212896.2787,0
212897.58323333334,0
212915.73129999998,0
212952.06900000002,0
212978.0588,0
213113.2958,0
213343.4106,0
213443.95823333334,0
213971.57140000002,0
214212.2427,0
214350.66330000001,0
214489.1648,0
214511.7941,0
214521.6838,0
214553.9378,0
214599.7088,0
214666.8566,0
214915.35460000002,0
215122.7319,0
215155.4714,0
215231.8983,0
215246.7579,0
215287.3595,0
215431.6056,0
215581.6874,0
215957.6066,0
216929.7326,0
216948.33049999998,0
216994.5868,0
217042.8511,0
217380.8727,0
217504.3249,0
217520.9276,0
217526.9255,0
217683.8143,0
217693.1887,0
217749.3387,0
217797.693,0
217900.4843,0
217902.64429999999,0
217988.4708,0
218294.7127,0
218397.8413,0
218750.9107,0
218873.41592,0
219246.94936666667,0
219557.5113,0
219669.9615,0
219770.732,0
219829.163,0
220086.9078,0
220457.6954,0
220458.0907,0
220500.4736,0
220562.5575,0
220597.8492,0
221001.119,0
221221.7514,0
221282.0116,0
221343.0553,0
221400.6154,0
221455.7224,0
221531.472,0
221680.823,0
221770.5159,0
221811.2966,0
221839.6149,0
222042.9936,0
222287.9977,0
222297.5484,0
222458.33,0
222529.6816,0
222597.068,0
222615.2759,0
222617.2039,0
223056.0485,0
223130.2444,0
223200.6296,0
223649.0969,0
223737.08825,0
223781.6248,0
223803.1662,0
224195.3317,0
224330.4339,0
224420.926,0
224442.4595,0
224491.608,0
224511.22,0
224599.3737,0
224623.2646,0
224652.9662,0
224721.6323,0
224992.4687,0
225186.7628,0
225242.9296,0
225431.7879,0
225467.0544,0
225633.309,0
225711.68959999998,0
225972.6656,0
226372.49469999998,0
226446.6021,0
226899.11563333333,0
226909.02419999999,0
226933.93961666667,0
227121.04570000002,0
227470.272,0
227509.49725,0
227608.9997,0
227769.3577,0
227781.4141,0
228094.6233,0
228176.2256,0
228196.1728,0
228340.5814,0
228416.9774,0
228519.3618,0
228849.2516,0
228911.899,0
229038.7243,0
229054.9486,0
229059.2135,0
229349.9453,0
229390.1887,0
229525.54690000002,0
229633.7382,0
229658.3315,0
229812.9198,0
230240.06653333333,0
230251.36479999998,0
230340.5325,0
230470.3743,0
230703.418,0
230723.5898,0
230785.408,0
230847.8719,0
230852.8298,0
231154.0566,0
231313.173,0
231770.3488,0
231813.5835,0
231817.0914,0
231989.2114,0
232030.0079,0
232058.4386,0
232173.4773,0
232174.4199,0
233159.72580000001,0
233506.8786,0
233567.5196,0
233610.2219,0
233628.6955,0
233683.28889999999,0
233702.59649999999,0
233747.3833,0
234129.86920000002,0
234655.31,0
235167.4614,0
235491.4138,0
235508.2171,0
235590.95510000002,0
235630.02419999999,0
235947.2371,0
235965.3226,0
236013.14990000002,0
236024.8249,0
236183.1774,0
236201.5308,0
236307.604,0
236400.1702,0
236599.1319,0
236614.7876,0
236946.0234,0
236977.7434,0
237246.948,0
237301.5223,0
237390.65529999998,0
237418.4196,0
237594.5655,0
237929.2925,0
238116.2361,0
238307.6717,0
238715.35830000002,0
239040.2404,0
239075.609925,0
239463.4979,0
239601.0655,0
239602.6569,0
239659.03340000001,0
239806.7943,0
240004.0481,0
240213.6044,0
240400.3279,0
240507.2283,0
240572.6746,0
240587.4853,0
240948.4374,0
240999.1021,0
241172.7805,0
241594.8033,0
241638.6714,0
241662.502,0
241696.6525,0
241950.72090000001,0
242155.3524,0
242348.1495,0
242641.7311,0
242834.2051,0
242910.718,0
243117.842,0
243141.5001,0
243241.7168,0
243283.054,0
243312.3087,0
243523.5997,0
243652.5782,0
244054.780875,0
244583.1407,0
244587.4369,0
244745.5197,0
244814.59470000002,0
244836.4418,0
245130.2035,0
245285.5022,0
245418.868,0
245449.94150000002,0
245638.8055,0
245640.95059999998,0
245699.6258,0
245787.5406,0
245869.0944,0
245882.1969,0
245935.096,0
246039.41389999999,0
246398.0171,0
246471.3246,0
246600.3062,0
246603.7496,0
246822.8432,0
246905.5563,0
246958.00650000002,0
246960.8665,0
247416.4668,0
247487.9463,0
247548.0292,0
247596.9583,0
248857.2972,0
248867.9601,0
249117.5967,0
249154.4336,0
249337.5045,0
249511.9592,0
249572.213,0
249821.9858,0
249861.37,0
249876.4533,0
250041.2061,0
250108.8187,0
250220.18959999998,0
250433.7809,0
250453.3956,0
250814.0873,0
251135.5488,0
251615.521,0
251630.0577,0
251718.83490000002,0
251755.8657,0
251826.395,0
251925.2599,0
251943.7113,0
252071.12829999998,0
252220.9224,0
252268.8211,0
252303.38569999998,0
252360.1062,0
252437.1782,0
252522.0086,0
252733.2449,0
252753.4819,0
252790.5297,0
252897.2698,0
252921.2865,0
253103.4377,0
253210.8811,0
253351.8225,0
253369.3167,0
253406.5976,0
253460.3127,0
253591.4554,0
253629.4786,0
253861.3611,0
253868.4206,0
253929.6782,0
253976.7228,0
254005.9403,0
254245.34889999998,0
254362.27539999998,0
254414.1318,0
254443.3037,0
254475.6827,0
254517.31530000002,0
254564.3353,0
254625.1475,0
254668.0929,0
254807.1132,0
255195.5041,0
255453.1475,0
255486.212,0
255552.3622,0
255839.9399,0
255852.80920000002,0
256019.6103,0
256095.9721,0
256101.9075,0
256160.54369999998,0
256173.0419,0
256183.1579,0
256345.3007,0
256592.8386,0
256786.912,0
256877.12102,0
256986.07140000002,0
257182.8045,0
257287.7469,0
257334.9223,0
257353.1088,0
257458.4937,0
257468.3633,0
257569.28,0
257721.1983,0
257811.7995,0
257952.0523,0
257964.0199,0
258001.8511,0
258034.0032,0
258044.7323,0
258182.3466,0
258336.13809999998,0
258363.1184,0
258428.9671,0
258497.3448,0
258932.8688,0
259137.2181,0
259251.188,0
259428.4159,0
259472.1831,0
259543.5975,0
259832.7674,0
259869.5678,0
259884.6077,0
259911.7493,0
259986.2181,0
260122.7891,0
260300.1129,0
260497.8029,0
260639.51929999999,0
260738.4132,0
260745.4378,0
260793.6428,0
261074.5386,0
261319.0772,0
261325.7784,0
261438.83620000002,0
261520.867,0
261698.8215,0
261719.559,0
261773.2697,0
261815.6787,0
261925.9902,0
262310.8982,0
262326.1801,0
262375.3477,0
262618.3467,0
262868.4586,0
262893.0049,0
262922.2392,0
263043.4407,0
263477.5371,0
263531.4309,0
263555.6787,0
263636.9132,0
263688.65,0
263984.4415,0
264124.5564,0
264151.3161,0
264242.9954,0
264692.8047,0
264707.72665,0
264715.8317,0
264796.8748,0
264841.4265,0
264858.2741,0
264859.1454,0
264936.6202,0
265017.1507,0
265112.55128333333,0
265296.9747,0
265339.0833,0
265345.6475,0
265440.2361,0
265634.2743,0
265637.8468,0
265760.4649,0
266039.00800000003,0
266073.4803,0
266371.0307,0
266406.7894,0
266529.3505,0
266553.7323,0
266564.0403,0
266586.7173,0
266620.7072,0
266732.9964,0
266743.7099,0
266773.7253,0
266879.9953,0
266952.2035,0
267020.7302,0
267039.2162,0
267288.795,0
267290.3166,0
267361.7866,0
267390.7911,0
267738.77760000003,0
267837.3393,0
268088.2528,0
268158.8449,0
268336.9598,0
268489.7959,0
268494.5376,0
268601.0241,0
268603.8426,0
268750.4591,0
268853.664,0
269101.0883,0
269837.5192,0
269906.9171,0
270214.5069,0
270321.06440000003,0
270531.4464,0
270921.4334,0
271042.0261,0
271116.2663,0
271186.55418,0
271219.6414,0
271305.2661,0
271319.5913,0
271375.8281,0
271546.9631,0
271779.6266,0
271798.3408,0
271868.0023,0
271976.9305,0
272151.9341,0
272166.7152,0
272167.9507,0
272208.6314,0
272504.2361,0
272698.0184,0
272744.6708,0
272978.1041,0
273087.969,0
273118.3852,0
273275.056,0
273284.1979,0
273333.48219999997,0
273593.89,0
273633.654,0
273709.1247,0
273783.1154,0
273831.2081,0
274173.419,0
274177.8952,0
274283.10936666664,0
274310.0012,0
274676.7036,0
274732.2317,0
274835.3745,0
274909.8061,0
275014.78489999997,0
275081.1262,0
275190.6608,0
275775.3039,0
275878.004,0
276356.6928,0
276455.9637,0
276495.8201,0
276591.3378,0
276759.4205,0
276776.1675,0
276804.4059,0
276919.7355,0
277286.4061,0
277554.9109,0
277674.9928,0
277773.0927,0
277866.4546,0
277941.9306,0
278108.9568,0
278631.0795,0
278752.912,0
278893.9546,0
278903.3481,0
279232.1509,0
279300.0291,0
279385.4276,0
279444.6167,0
279574.75190000003,0
279687.5449,0
279771.7562,0
279779.646,0
280080.8264,0
280246.2424,0
280906.69539999997,0
281323.38300000003,0
281587.4568,0
281664.9181,0
281691.85349999997,0
281893.99569999997,0
282014.6892,0
282467.0072,0
282555.4083,0
282815.2082,0
282840.6507,0
282890.6111,0
283617.6518,0
283823.7066,0
283851.3733,0
283990.692,0
284295.5119,0
284377.804,0
284585.9196,0
284644.6315,0
284750.06570000004,0
284832.3599,0
284970.415,0
285020.8003,0
285168.5731,0
285361.9755,0
285434.3257,0
285445.922,0
285467.8003,0
285634.9565,0
285774.57649999997,0
285801.5665,0
285946.7484,0
286193.6516,0
286544.5542,0
286649.5104,0
287092.9843,0
287129.7841,0
287131.07458,0
287151.1655,0
287194.0027,0
287621.64280000003,0
287630.6338,0
287673.5922,0
287673.8464,0
287681.8468,0
287772.1933,0
288079.1775,0
288141.9044,0
288436.6263,0
288528.8663,0
288593.8674,0
288852.0402,0
289012.0213,0
289423.2425,0
289667.3566,0
289732.556775,0
289867.9419,0
290055.3169,0
290099.9763,0
290191.3935,0
290315.6324,0
290331.1032,0
290478.3244,0
290534.6754,0
290896.0281,0
290930.1424,0
290945.3177,0
291155.3958,0
291399.8369,0
291455.1977,0
291965.1643,0
292438.8105,0
292639.9095,0
292709.0871,0
292820.2621,0
293035.9148,0
293138.77780000004,0
293311.8802,0
293561.0708,0
293597.2109,0
293641.7497,0
293769.4693,0
293814.3455,0
294274.9915,0
294380.0956,0
294415.37659999996,0
294523.5249,0
294563.4175,0
294844.2349,0
294898.652,0
294947.7109,0
295226.7956,0
295397.4351,0
295427.7533,0
295430.9986,0
295433.736,0
295461.8622,0
295725.45635,0
295741.7864,0
295859.5841,0
296133.3159,0
296226.4608,0
296490.2516,0
296502.4135,0
296641.1869,0
296711.3503,0
297460.1927,0
297480.7832,0
297537.0838,0
297571.672,0
297757.6588,0
298110.3977,0
298217.4758,0
298235.5723,0
298314.939,0
298607.6074,0
298712.849,0
298765.7766,0
298804.0186,0
298808.2081,0
298826.3681,0
298956.424,0
299207.0825,0
299287.7795,0
299455.9723,0
299504.7749,0
299532.8458,0
299537.2686,0
299699.5368,0
299810.11434,0
299987.7024,0
300362.5691,0
300486.6094,0
300553.6941,0
300663.7856,0
300758.43,0
300858.0885,0
300958.4263,0
300986.2221,0
301036.3851,0
301065.0298,0
301070.0402,0
301238.9909,0
301320.57039999997,0
301454.4796,0
301664.17350000003,0
301690.5514,0
301881.895,0
301898.5124,0
302091.9005,0
302129.9595,0
302288.793375,0
302577.4521,0
302691.5557,0
302745.9372,0
303022.4522,0
303136.668,0
303160.6528,0
303408.9261,0
303713.3287,0
303900.2991,0
304039.3676,0
304073.6563,0
304260.60125,0
304277.0767,0
304435.7769,0
304506.7302,0
304568.78859999997,0
304722.9474,0
304808.6202,0
305145.2235,0
305165.9509,0
305358.6363,0
305563.5344,0
305598.3874,0
305642.5331,0
305651.3331,0
305933.7161,0
306051.8435,0
306111.6977,0
306157.0203,0
306177.9163,0
306260.842,0
306305.3663666667,0
306379.7505,0
306767.967,0
306783.2,0
307240.5621,0
307317.926,0
307330.5757,0
307653.4943,0
307730.12679999997,0
307884.8424,0
308048.3822,0
308068.3459,0
308182.2304,0
308457.13063333335,0
308698.8287,0
308716.4677,0
308989.5413,0
309258.7069,0
309282.4948,0
309476.5296,0
309519.671,0
309693.89780000004,0
310418.5377,0
310579.5,0
311199.4542,0
311290.7891,0
311926.5016,0
312717.8588,0
312801.1433,0
312826.5493,0
312919.0791,0
313120.59392,0
313142.9953,0
313299.7980333333,0
313424.46694,0
313901.8935,0
313979.1375,0
314046.0772,0
314205.1497,0
314362.8507,0
314373.9794,0
314638.85970000003,0
314968.4871,0
314973.4561,0
314991.51433333335,0
315358.0604,0
315594.6064,0
315960.62178,0
316370.1252,0
316377.7166,0
316588.7658,0
316898.402,0
316943.49186666665,0
317708.8393,0
317777.38670000003,0
317807.2158,0
317930.0671,0
318212.4985,0
318238.7319,0
318440.5413,0
318658.8425,0
318741.14043333335,0
318754.7495,0
318882.4595,0
318923.03306,0
319578.5579,0
319717.1788,0
319746.2001,0
319799.24069999997,0
319828.3527,0
320301.2597,0
320435.8833,0
320489.8723,0
320665.9108,0
320717.7711,0
321443.1676,0
321640.0193,0
321681.4549,0
321682.1125,0
321739.3468,0
321884.7552,0
321931.60970000003,0
321962.0759,0
322017.1432,0
322099.301,0
322165.4086,0
322555.5636,0
322583.5414,0
322610.7478,0
322620.0412,0
322861.3754,0
322888.9121,0
322964.8704,0
323060.7531,0
323293.7471,0
323309.8103,0
323825.8462,0
323836.3764,0
323917.6842,0
323957.2704,0
324059.6692,0
324072.4095,0
324311.2069,0
324452.88300000003,0
324731.5482,0
324756.8652,0
324879.1372,0
325186.222,0
325189.0665,0
325899.521,0
325927.7186,0
326368.1002666667,0
326460.0729,0
326584.4672,0
326859.2777,0
326949.1907,0
327022.1481,0
327148.1881,0
327408.6259,0
327426.6172,0
327514.1236,0
327634.1912,0
327733.67449999996,0
327968.0832,0
328109.3404,0
328406.1553,0
328427.5272,0
328882.0891,0
328929.2021,0
328979.3725,0
329084.4562,0
329208.4646,0
329232.9453,0
329520.0071,0
329530.8949,0
329600.39029999997,0
329627.1555,0
329788.3335,0
329826.3588,0
329937.2486,0
330061.7209,0
330463.9817,0
330677.6503,0
330823.0905,0
330992.0171,0
331004.2481,0
331256.208,0
331305.275,0
331526.6788,0
331801.0962,0
331836.2096,0
331956.9796,0
332025.2672,0
332260.9938,0
332277.9275,0
332501.2538,0
332526.8404,0
332606.7317,0
332908.6866,0
332909.1764,0
332945.0555,0
333097.5171,0
333244.2198,0
333519.2619,0
333528.8432,0
333604.7215,0
333649.3725,0
333725.0642,0
333768.6241,0
334046.7741,0
334094.9472,0
334311.357,0
334455.6773,0
334820.2822,0
334832.8167,0
334879.7432,0
335336.8915,0
335367.4782,0
335390.6974,0
335708.1034,0
335725.3081,0
335927.2141,0
336004.618,0
336052.1135,0
336253.6571,0
336498.9245,0
336612.0377,0
336831.5681,0
337082.7251,0
337086.2939,0
337268.49199999997,0
337543.1297,0
337726.1169,0
337771.90592,0
338466.1031,0
338476.3797,0
338482.6265,0
338617.8421,0
338691.5714,0
338740.493,0
338742.8354,0
338803.7338,0
338829.1812,0
338858.062,0
339029.5842,0
339063.9685,0
339123.565,0
339153.7106,0
339385.7012,0
339418.0419,0
339492.5112,0
339535.1325,0
339902.76560000004,0
340114.3505,0
340133.9623,0
340244.3688,0
340292.1131,0
340413.3535,0
340425.6647,0
340488.4083,0
340527.7504,0
340719.8,0
340876.6989,0
340913.4544,0
341061.20900000003,0
341247.1678,0
341256.0566,0
341443.2432,0
341443.3129,0
341623.9092333333,0
341665.0417,0
341680.4012,0
341682.2484,0
341901.4308,0
341961.8239,0
342039.3122,0
342070.1297,0
342087.9322,0
342121.72250000003,0
342287.5976,0
342443.24210000003,0
342500.7241,0
342529.3786,0
342544.988,0
342590.2733,0
342965.6827,0
343006.7156,0
343114.7403,0
343151.4137,0
343341.7787,0
343388.6785,0
343557.7117,0
343563.566,0
343575.3863,0
343650.1384,0
344040.7052,0
344054.8413,0
344066.2931,0
344165.2639,0
344177.49218,0
344197.444,0
344200.30449999997,0
344307.25430000003,0
344391.0032,0
344664.7377,0
344889.906,0
344933.5638,0
345113.2646,0
345137.5207,0
345182.6995,0
345330.7273,0
345349.3332,0
345367.5432,0
345403.3627,0
345475.3459,0
345522.1789,0
345934.6939,0
346086.2577,0
346131.2468,0
346142.4506,0
346146.0016,0
346367.3356,0
346576.1038,0
346696.8418,0
346779.3945,0
346971.8005,0
347208.936,0
347558.0417,0
347641.608,0
347655.8581,0
347732.3261,0
347850.4251,0
347911.5958,0
347968.6437,0
347976.2634,0
348137.8811,0
348228.6779,0
348340.0382,0
348469.9012,0
348478.552,0
348884.1673,0
348927.3613,0
348964.8416,0
348991.40989999997,0
349002.2032,0
349114.0457,0
349128.6161,0
349148.5869,0
349251.07779999997,0
349264.1774,0
349416.1463,0
349431.8326,0
349438.7181,0
349511.7265,0
349515.2276,0
349518.4814,0
349767.0507,0
349964.88,0
350123.3982,0
350242.9167,0
350308.6877,0
350414.0707,0
350613.9923,0
350843.929975,0
350881.67590000003,0
351035.5534,0
351073.4096,0
351164.79709999997,0
351448.308,0
351691.5129,0
351698.80480000004,0
351754.2666,0
351988.56070000003,0
352016.0191,0
352017.0841,0
352044.0025,0
352087.3252,0
352305.3345,0
352351.30700000003,0
352463.8593,0
352757.1393,0
352798.249,0
352911.9067,0
353007.8452,0
353203.4414,0
353249.07955,0
353398.6932,0
353830.844125,0
353965.8467,0
354180.8387,0
354399.9784,0
354443.3865,0
354617.3981,0
354632.4054,0
354668.2814,0
354887.733,0
354961.1903,0
355222.2552,0
355236.149,0
355523.7017,0
355582.0908,0
355817.60236666666,0
355976.8247,0
356022.4572,0
356395.9239,0
356553.5392,0
356582.9699,0
356692.8863,0
356719.3408,0
356727.6359,0
356796.532,0
357014.2274,0
357328.5663,0
357354.6406,0
357356.45160000003,0
357727.6143,0
357738.2329,0
358194.01029999997,0
358253.345,0
358493.5739,0
358515.89639999997,0
358530.66980000003,0
358538.71510000003,0
358643.3822,0
359103.3835,0
359136.7133,0
359180.6401,0
359266.8743,0
359272.1155,0
359334.2438,0
359343.5723,0
359409.71770000004,0
359562.8131,0
359621.0605,0
359622.0267,0
359747.468,0
360038.38910000003,0
360038.5255,0
360331.9038,0
360530.3418,0
360967.7924,0
360998.0259,0
361084.0525,0
361213.6507,0
361358.3312,0
361527.0924,0
361566.4862,0
361644.0976,0
361851.4125,0
361926.5619,0
361943.8123,0
362060.1362,0
362085.6877,0
362240.0782,0
362357.2469,0
362482.0179,0
362546.4526,0
362638.2406,0
362765.2276,0
362795.3998,0
363161.43559999997,0
363444.1364,0
363644.3699,0
363873.4805,0
363891.907,0
364034.6225,0
364064.4085,0
364333.7199,0
364355.003,0
364711.3419,0
364725.0201,0
364845.2976,0
364905.6662,0
364908.7744,0
364924.7244,0
365283.5104,0
365473.8275,0
365522.4038,0
365551.6943,0
365610.9951,0
365683.5632,0
365820.7319,0
365884.48,0
365902.9478,0
366196.4697,0
366325.5485,0
366458.440225,0
366501.0128,0
366700.01529999997,0
366967.3144,0
367013.6767,0
367042.0814,0
367099.859,0
367126.7806,0
367169.9821,0
367811.5798,0
367814.0345,0
367953.3433,0
368273.9775,0
368417.0867,0
368721.3929,0
368934.5838,0
369077.4588,0
369383.9587,0
369409.7342,0
369474.5601,0
369578.3293,0
369596.0385,0
369706.35860000004,0
369716.5835,0
369730.9964,0
369819.9623,0
370036.8877,0
370069.9274,0
370130.46499999997,0
370176.96140000003,0
370197.2577,0
370614.4361,0
371005.5544,0
371586.7014,0
371866.6852,0
371892.7529,0
371902.4423,0
371904.4319,0
372002.5537,0
372032.1642,0
372234.0432,0
372376.1535,0
372656.44310000003,0
372975.053,0
373094.9235,0
373106.2059,0
373157.6051,0
373431.2293,0
373446.5267,0
373597.55,0
373948.4147,0
374035.24100000004,0
374049.6766,0
374130.7044,0
374562.33116666664,0
374696.8061,0
374847.8971,0
374877.3232,0
374961.414,0
374998.2411,0
375233.6253,0
375447.1337,0
375526.7026,0
375708.27139999997,0
375759.9928,0
375969.0095,0
376019.8047,0
376135.795,0
376219.4474,0
376251.0852,0
376280.51410000003,0
376507.8074,0
376634.5291,0
376703.7152,0
376711.4169,0
377701.5632,0
377897.46369999996,0
377943.3739,0
377943.61195,0
378009.5413,0
378437.6304,0
378731.8906,0
379188.872,0
379267.59010000003,0
379573.8574,0
379595.019,0
379744.1595,0
380173.4956,0
380338.697,0
380481.4702,0
380821.6596,0
381032.1575,0
381056.8765,0
381339.3976,0
381490.7625,0
381507.6824,0
381517.4336,0
381728.6447,0
381829.4703,0
382007.578,0
382016.9265,0
382024.01910000003,0
382036.09876,0
382102.6678,0
382153.3562,0
382373.7708,0
382413.2006,0
382660.6884,0
382758.0944,0
382758.4189,0
382763.6148,0
383076.2139,0
383298.8135,0
383512.21640000003,0
383556.1476,0
383919.8284,0
384011.388,0
384259.6442,0
384316.3736,0
384507.9302,0
384566.2724,0
384580.498,0
384747.826,0
385335.085,0
385560.3565,0
385857.2702,0
385974.0209,0
386257.4099,0
386397.3313,0
386526.2925,0
386650.7954,0
386943.3389,0
387088.9827,0
387171.1855,0
387531.5309,0
387584.0168,0
388025.9917,0
388088.0942,0
388093.9472,0
388329.6521,0
388469.303,0
388537.7348,0
388727.4462,0
388946.389,0
388975.0268,0
389020.1912,0
389164.6679,0
389798.136,0
390208.6025,0
390232.95629999996,0
390271.0774,0
390324.7723,0
390373.9838,0
390522.9526,0
390588.3836,0
390701.9048,0
390723.5446,0
390859.0131,0
390955.5556,0
390991.2664,0
391199.8134,0
391222.3296,0
391313.9934,0
391417.78359999997,0
391490.8054,0
391607.3653,0
391700.6091,0
391706.8742,0
391866.64890000003,0
391972.8819,0
392558.55819999997,0
392696.2484,0
392805.4176,0
392820.6375,0
392904.1455,0
392915.0416,0
392985.7,0
393714.626,0
393730.83640000003,0
393991.1439,0
394481.0838,0
394958.2907,0
395045.986,0
395067.467,0
395138.06799999997,0
395200.9604,0
395367.2201,0
395394.1965,0
395618.0752,0
395801.9303,0
395891.5305,0
396106.4104,0
396128.026,0
396187.7094,0
396266.493,0
396325.1552,0
396400.7811,0
396465.6508,0
396573.2991,0
396707.4924,0
396723.8097,0
396814.0395,0
396917.65108333336,0
397082.8749,0
397363.65,0
397737.7636,0
398009.41610000003,0
398196.1651,0
398397.0733,0
398748.6188,0
398797.8637,0
399238.9276,0
399429.8982,0
399618.8367,0
399917.80079999997,0
400741.6665,0
401266.1425,0
401883.4514,0
402149.9975,0
402281.1781,0
402597.6047,0
402637.7535,0
402678.3384,0
402870.9415,0
402992.9771,0
402996.9864,0
403217.8371,0
403411.4179,0
404080.3291,0
404196.2247,0
404288.6179,0
404350.46030000004,0
404447.2247,0
404578.2735,0
404585.16993333335,0
404866.6945,0
405014.5634,0
405231.3848,0
405263.9359,0
405609.5131,0
405799.4568,0
405802.7882,0
406062.1949,0
406301.7974,0
406611.8566,0
406692.8279,0
406716.8011,0
406773.3212,0
407007.562,0
407073.007,0
407214.4655,0
407405.3601,0
407507.3431,0
407616.65548333334,0
407617.6033,0
407689.348,0
407891.4247,0
407979.8348,0
408013.2533,0
408075.9681,0
408462.274,0
408505.3505,0
408763.0937,0
408775.3109,0
408902.2092,0
409069.4714,0
409146.2038,0
409277.6952,0
409387.21,0
409509.478,0
409754.1695,0
409945.5014,0
410996.31,0
411109.836,0
411189.0134,0
411789.66615,0
411907.1915,0
411972.0477,0
412022.0224,0
412389.7149,0
412506.8188,0
412704.90020000003,0
412785.09653333336,0
412915.2531,0
413209.0563,0
413374.3052,0
413398.57660000003,0
413515.8223,0
413563.8406,0
414042.0645,0
414180.4562166667,0
414262.5476,0
414270.57420000003,0
414347.5422,0
414406.755,0
414444.9542,0
414558.3665,0
414627.9421,0
414649.2844,0
414657.9119,0
414725.0292,0
414759.7567,0
414852.1267,0
414872.0081,0
414883.1946,0
414918.985,0
415018.1294,0
415105.9747,0
415222.1967,0
415341.7065,0
415566.8888,0
415608.5047,0
415908.03599999996,0
415975.5343,0
416133.6747,0
416149.1413,0
416364.7109,0
416653.28740000003,0
416870.7654,0
416883.2422,0
417107.16370000003,0
417192.6399,0
417557.37056,0
417560.1076,0
417804.20530000003,0
417912.5772,0
417963.9662,0
418030.7943,0
418082.9468,0
418101.9732,0
418181.7935,0
418415.239,0
418473.2389,0
418541.8738,0
418940.9423,0
418975.9317,0
419068.3016,0
419097.4307,0
419242.5183,0
419479.21746666665,0
419596.4576166667,0
419985.8864,0
420145.443675,0
420213.8981,0
420557.3831,0
420865.1921,0
420980.5281,0
421224.3465,0
421286.3912,0
421322.3862,0
421330.462,0
421408.0012,0
421485.8818,0
421619.8499,0
421689.8529,0
422039.98916,0
422143.7357,0
422438.6212,0
423137.9173,0
423142.5984,0
423170.2361,0
423230.83759999997,0
423494.2165,0
423558.5652,0
423673.0011,0
423709.0655,0
423786.1751,0
423792.1458,0
423798.441,0
424052.3835,0
424160.5824,0
424235.7333,0
424265.1564,0
424525.7352,0
424761.58768,0
424774.28890000004,0
425047.0077,0
425219.10349999997,0
425299.9273,0
425603.864,0
425634.708,0
425661.0162,0
425683.2745,0
425777.3942,0
425876.0971,0
425890.15009999997,0
425897.0304,0
426071.0403,0
426127.7189,0
426748.8265,0
426888.4058,0
426996.9968,0
427082.70900000003,0
427206.1437,0
427244.5969,0
427365.968,0
427377.5017,0
427405.2596,0
427757.4569,0
427812.6116,0
427860.2284,0
427894.908,0
428038.0108,0
428102.3333,0
428302.1651,0
428310.8611,0
428332.9497,0
428590.4586,0
428701.2946,0
428854.0945,0
428856.3328,0
428948.1633,0
429061.5156,0
429190.5923,0
429193.5293,0
429247.3398,0
429343.7773,0
429511.3064,0
429516.2478,0
429596.6372,0
429608.0729,0
429751.9214,0
429775.5173,0
429886.7391,0
429903.962,0
430046.5443,0
430084.628,0
430095.502,0
430111.4989,0
430468.4631,0
430521.1357,0
430551.6162,0
430601.6174,0
430641.3062,0
430665.3272,0
430685.6693,0
430720.1433,0
430834.9215,0
430890.9521,0
430938.7824,0
431100.24679999996,0
431419.7866,0
431505.9052,0
431889.6484,0
432069.6568,0
432211.4098,0
432214.2592,0
432344.6911,0
432370.1333,0
432495.1858,0
432634.6523,0
432688.6304,0
432850.9916,0
433010.0987,0
433032.8466,0
433147.26769999997,0
433263.2769,0
433497.136,0
433523.12682,0
433941.0295,0
433967.3948,0
434113.2754,0
434266.5688,0
434366.634,0
434639.9616,0
434692.0071,0
434839.0533,0
434856.9901,0
434861.6202,0
434883.1654,0
434945.0857,0
435075.5723,0
435199.8702,0
435262.6581,0
435266.2121,0
435610.3663,0
435861.4536,0
435943.426,0
435969.4059,0
436107.4985,0
436431.4118,0
436520.9974,0
436531.8293,0
436751.0752,0
437025.8705,0
437087.05015,0
437357.9181,0
437525.2386,0
437690.5126,0
437739.855,0
437785.1613,0
437844.7475,0
438080.8219,0
438176.3554,0
438179.9116,0
438521.0474,0
438747.6653,0
438911.1123,0
438914.9537,0
438949.0539,0
439019.3,0
439250.3292,0
439273.8162,0
439279.8823,0
439603.5409,0
439712.1966,0
439802.2638,0
439809.4854,0
439893.70290000003,0
439928.725,0
439956.8218,0
440022.7839,0
440086.2387,0
440195.3333,0
440197.8592,0
440257.7619,0
440335.7531,0
440357.7885,0
440502.4192,0
440652.0158,0
441019.9999,0
441152.8838,0
441332.966,0
441664.2889,0
442233.8988,0
442241.1258,0
442284.96510000003,0
442335.6125,0
442876.7719,0
442995.039,0
443223.3371,0
443358.717,0
443435.789,0
443537.1836,0
443590.3024,0
443650.1861,0
443709.06,0
443755.3433,0
443806.5633,0
443806.8987,0
443828.9288,0
443862.30079999997,0
444071.4208,0
444201.3157,0
444345.3957666667,0
444366.23,0
444507.6338,0
444648.0161,0
444747.4401,0
445060.97609999997,0
445344.4155,0
445522.7592,0
445523.7988,0
445648.4165,0
445785.1683,0
446099.659,0
446301.5143,0
446391.9558,0
446533.118,0
446581.8237,0
446712.1459,0
446952.84,0
447013.317,0
447253.5357,0
447280.9273,0
447304.1149,0
447347.2877,0
447413.6098,0
447538.5834,0
447711.5541,0
448026.9693,0
448158.5018,0
448194.5503,0
448300.3828,0
448314.2131,0
448708.2552,0
448951.9707,0
449029.6556,0
449089.5462,0
449578.75333333336,0
449778.6768,0
449892.7121,0
450407.1958,0
450485.3458,0
450734.9348,537.7304000000004
451189.7912,0
451367.3504,0
451411.7982,0
451590.2909,0
451689.7326,930.7064000000246
451885.8893,0
452028.7008,0
452110.5494,0
452328.5921,0
452380.8595,529.8617000000086
452561.2333,1127.5488999999943
452841.7783,328.055400000012
452877.0701,300.3007000000216
453174.0245,0
453264.4927,574.9972999999882
453407.6784,256.9189999999944
453687.9899,0
453689.1161,1318.259299999976
453724.0555,2612.646999999997
453851.0608,0
453946.0243,627.9346999999834
453988.7966,1346.5978999999934
454028.21140000003,0
454043.6035,2149.0050000000047
454077.3566,0
454291.9407,3039.7580999999773
454300.7653,1292.8750000000582
454373.6395,0
454878.7934,2428.853000000003
454892.6186,1977.3668999999645
454959.6033,1420.9116000000504
455101.1894,1405.0190999999759
455244.5361,0
455483.1612,0
455484.0201,1021.3723000000464
455641.8309,1877.8847999999998
455666.8827,0
455954.2367,1410.5413999999873
456030.3234,1939.9707000000053
456105.2413,0
456313.17339999997,0
456894.06440000003,0
456913.2324,0
457006.8996,3041.909800000023
457033.7352,1783.9392000000225
457108.7754,1314.6662999999826
457130.6022,0
457134.4416,2215.595100000035
457305.1845,2397.227599999984
457310.1688,1823.2846000000136
457323.9281,1851.2614000000176
457752.6066,2293.0681999999797
457767.9325,0
457847.70530000003,0
457911.8226,0
457951.2011,2934.504200000025
458406.4985,0
458677.7936,0
458813.9448,1641.33269999997
459090.1903,0
459397.9602,3687.8050999999978
459535.4909,1814.107699999935
459882.4581,1830.1266999999643
459886.1424,0
459990.8198,0
460132.92319999996,0
460210.5448,1894.6392999999807
460320.7649,0
460475.0068,3628.4793000000063
460490.7785,0
460506.7772,0
460529.9486,0
461200.0145,0
461296.1318,2083.4595999999437
461303.4075,1278.519799999951
461338.6404,0
461607.5293,2428.8699999999953
461644.191,0
461845.12995,0
462057.8629,1979.228300000017
462329.2117,0
462664.7835,1292.6781000000192
462676.1779,2001.8268999999855
462884.6571,1974.358899999992
463092.8724,2009.244000000006
463187.5759,1803.8543000000063
463197.7796,0
463376.31,0
463439.3014,2009.8907999999938
463500.9478,2002.7930000000051
463551.8301,1798.6443000000436
463588.1222,3508.4320999999763
463703.08759999997,0
463703.7314,0
463820.5232,1801.6207000000286
464311.6044,2002.8928000000305
464409.1468,2306.961499999976
464506.7807,2281.366299999994
464535.7517,2010.8701
464607.4526,1941.4582999999984
464643.3102,0
464702.1876,0
464828.8988,0
464972.2648,1518.376099999994
465179.26379999996,0
465215.0394,847.6650000000373
465227.038,2003.2993000000133
465573.9339,0
465582.2366,0
465591.7746,1964.7207000000053
465656.793,0
465720.8467,3237.733499999973
465726.13060000003,0
465885.8962,1799.018700000015
465967.5551,0
466396.971,0
466470.4774,1979.2239999999874
466526.2918,0
466642.3958,0
466682.0867,1971.7711999999592
466689.1126,0
466784.42,0
466867.7515,0
467388.0762,0
467493.8228,1763.4745000000112
467546.9881,833.1091000000015
467722.4733,1761.9925999999978
467773.9511,0
467791.141,2019.530299999984
467894.7444,1975.7217000000528
468133.3618,0
468168.50800000003,0
468170.0267,0
468231.6921,907.3368999999948
468411.4536,2007.2656000000425
468888.5056,0
468982.7679,4172.057899999956
469100.08,0
469171.9461,0
469311.5657,2071.2410999999847
469483.0681,0
469543.0056,1795.530999999959
470086.0614,0
470327.957,0
470329.6902,0
470404.0721,684.5967999999993
470434.4704,0
470437.2356,1982.17392500001
470502.3331,4177.704700000002
470512.0038,0
470541.9194,0
470867.9041,1702.1076999999932
471013.4855,861.7072000000044
471057.7423,1994.1242999999668
471208.3252,1822.8509000000195
471583.4298,0
471676.6988,0
471894.0822,0
472000.0305,0
472057.2362,0
472323.5084,460.0044999999809
472451.4962,0
472680.596,0
472792.4769,1992.0391999999993
472865.1563,0
472922.8702,0
473044.9882,0
473095.7292,0
473121.0972,0
473126.171,0
473293.2599,0
473397.1589,3742.9162999999826
473446.032,0
473633.1294,0
473666.5207,1969.8718999999692
474595.9928,3491.644900000014
475217.5845,653.1490999999805
475989.3059,0
475993.87296,0
476097.6057,0
476146.6671,1973.6817000000156
476366.1584,0
476444.8962,0
476740.1669,0
476797.869,1558.8660999999847
477438.9867,0
477520.4417,0
478003.5315,1648.670299999998
478169.4181,3100.144800000009
478187.4034,4087.99920000002
478205.3143,0
478272.61214,0
478284.9915,0
478304.1231,0
478448.28,1981.4958000000333
478489.7305,0
478534.3698,0
478620.0235,0
478931.288,443.27880000002915
479177.5152,0
479239.51780000003,0
479519.4008,1800.0879999999888
479522.1191,0
479549.1022,0
479620.5218,0
479626.3465,0
479936.8842,0
479943.9729,0
480004.734,0
480180.4489,0
480345.5383,0
480365.812,0
480658.7012,0
480672.0406,0
480674.77,0
480947.6558,0
480970.2655,0
481094.4067,0
481235.7312,0
481343.882,0
481379.20046,0
481456.50430000003,0
481610.2987,2107.6707999999635
481616.0865,0
481773.729,0
482287.3655,0
482547.3552,0
482714.9453,0
482894.1057,0
483191.6035,0
483332.2819,0
483402.7388,0
483417.5093,0
483575.9667,421.6607999999542
483665.9685,0
484085.9388,0
484291.4818,0
484368.6022,0
484392.7168,0
484582.7604,0
484672.2433,0
484674.7294,0
484689.8362,0
484721.1628,0
485226.6777,0
485284.0748,0
485369.7202,0
485565.6205,0
485653.0675,0
485859.2839,0
486363.5101,0
486869.0325,0
486902.8874,0
487071.0718,1637.962899999984
487145.2226,0
487193.4399,0
487300.637,0
487770.1509,0
488022.6188,0
488201.4794,0
488613.3317,0
488789.4088,0
488991.0849,0
489161.607275,0
489201.7405,0
489418.0044,0
489652.2398,0
489653.4299,0
489660.9121,0
489726.572075,0
489868.473,0
489956.3397,0
490091.4973,0
490168.1098,0
490189.0647,0
490218.6545,0
490824.4929,0
490845.0865,0
491317.387,0
491545.2774,0
491709.34739999997,0
491720.9273,0
492090.0745,0
492203.0466,0
492342.6956,0
492474.2777,0
492749.9442,0
492815.324,0
492835.8682,0
493226.5083,0
493322.9374,0
493558.769,0
493849.607,0
493908.3784,0
493962.8328,0
494314.6532,0
494636.5213,0
494900.0142,0
495067.3092,0
495468.1497,0
495569.3131,0
495677.4466,0
495762.60730000003,0
495773.6332,0
496364.5734,0
496473.1161,0
496726.1172,0
497037.8085,0
497189.4044,0
497426.8451,0
497639.3448,0
497644.1002,0
497698.5362,0
497765.7864,0
497970.9125,0
498080.6221,0
498088.4521,0
498107.5126,0
498222.1616,0
498228.0923,0
498385.67579999997,0
498567.2628,0
498695.7842,0
499221.2577,0
499543.1596,0
499563.2815,0
499573.1634,0
499615.63910000003,0
499627.81440000003,0
499937.4452,0
499974.195,0
500001.00430000003,0
500083.58869999996,0
500200.1027,0
500281.116,0
500376.1762,0
500405.8874,0
500694.0294,0
500777.8236,0
500927.5452,0
501086.7535,0
501123.1139,0
501270.1511,0
501334.3704,0
501420.056,0
501564.7216,0
501584.5085,0
501588.487,0
501606.7288,0
501797.6292,0
501861.8153,0
502161.8117,0
502342.6407,0
502501.5477,0
502706.8304,0
502883.299,0
502964.3747,0
502993.204,0
502996.5157,0
503017.3598,0
503023.8392,0
503981.2254,0
504992.2472,0
505345.0516,0
505434.0037,0
505609.3332,0
505845.002,0
505855.3465,0
506025.1784,0
506162.3429,0
506231.1681,0
506336.3504,0
506603.21270000003,0
506766.69888333336,0
506804.5795,0
506854.8183,0
507014.0241,0
507021.9444,0
507097.71479999996,0
507273.1727,0
507274.8737,0
507288.0511,0
507293.861,0
507413.5664,0
507547.8529,0
507548.54110000003,0
507586.0049,0
507638.7087,0
507689.3405,0
507697.6479,0
507823.2999,0
507964.81070000003,0
508001.1791,0
508384.3479,0
508613.7743,0
508682.0894,0
508780.5142,0
508821.4942,0
509064.6098,0
509463.3716,0
509778.5431,0
509788.3076,0
509989.8097,0
510411.9371,0
510586.7842,0
510601.8624,0
510712.07,0
510794.3487,0
510798.9452,0
510952.3543,0
511412.6313,0
511673.6018,0
511752.994,0
511822.3748,0
511916.0502,0
511933.9114,0
512253.4606,0
512284.8816,0
512382.1259,0
512388.8373,0
512448.7855,0
512590.4326,0
512720.543,0
512756.9717,0
512876.2144,0
512983.3747,124.70470000000205
513187.5794,0
513387.6849,0
513423.438,247.2327000000514
513706.0736,0
513761.1514,0
513764.2664,0
514101.8627,0
514744.937,0
514927.9124,712.3896999999997
514986.9517,749.1006000000052
515035.4456,0
515262.7809,0
515306.0808,0
515478.0093,0
515750.2158,0
516347.0468,0
516417.076,1335.8675999999978
516479.4714,0
516534.8416,1171.4104999999981
516622.7754,0
516634.958,1260.2568999999785
516669.92449999996,0
516691.0005,928.985100000049
516846.2559,1091.508600000001
516926.7349,0
516940.3615,0
517221.0245,0
517291.2435,1386.8201000000117
517406.9837,1685.522399999958
517446.03489999997,0
517793.2809,0
518056.7667,0
518247.9358,1914.2686999999569
518279.8057,0
518328.9929,0
518363.6254,2070.2887000000337
518399.3525,0
518444.0576,0
518454.78698333335,0
518465.4716,1850.0535999999847
518534.329,2211.280300000042
518797.9843,0
518893.1386,0
518917.2022,0
519098.3772,0
519113.0419,0
519274.4013,0
519290.3648,2723.0315999999875
519659.0739,0
519819.5513,0
519876.6318,0
519919.6192,2815.281100000022
520045.2598,0
520077.1728,0
520225.5819,2906.814299999969
520364.232,2967.2387000000454
520425.19909999997,0
520426.1473,2942.9759000000195
520594.8373,987.258600000001
520892.2413,3226.044200000004
520979.1853,0
521022.1168,0
521082.8466,0
521163.2426,0
521533.3504,3212.0634999999893
521577.4826,3521.803899999999
521678.2048,0
521692.7575,0
522206.277,3059.474050000019
522232.3817,3360.181500000006
522336.3894,3671.150900000008
522472.4555,3604.3337000000174
522489.312,0
522613.0635,0
522730.33999999997,0
522822.72239999997,0
522856.9323,3648.1598999999696
522893.5071,0
523084.5626,0
523092.2622,0
523229.8041,3728.575349999999
523351.3982,0
523573.257,0
523697.8002,0
523728.0247,0
523738.1353,0
523788.9586,0
524164.8376,4044.4044000000576
524164.8871,0
524305.9344,3697.02840000001
524554.4274,4019.034500000067
524618.7771,0
524774.0702,0
524800.0574,0
524888.6412,4169.025299999979
525065.7477,0
525209.3991,4279.432300000044
525215.4956,4226.799400000018
525439.7891,0
525602.7228,3898.257500000007
526010.9046,0
526135.5767,0
526139.1215,0
526593.5478000001,0
526894.2602,4737.023900000029
527251.0592,5349.834700000007
527316.1224,0
527468.7734,4698.16049999994
527791.3246,6231.006100000057
527944.0935,0
528087.7627,5573.060499999963
528127.1502,0
528190.2765,5571.0867000000435
528533.0254,0
528537.1339,5396.589500000002
528662.6043,0
528676.1858,0
529419.1089,5923.0098
529508.2175,0
529584.4377,0
529585.8537,5881.5603999999585
530303.9594,6488.26720000006
530355.3407000001,0
530793.5621,0
530871.1707,465.2070999999996
530916.4823,0
530951.01304,0
530987.2855,5845.331400000025
531059.0872,0
531190.1882,5162.3125999999465
531208.783,0
531263.2234,5431.83600000001
531282.6357,0
531353.529,0
531354.1073,0
531485.2151,0
531608.2493,0
531619.051,0
531652.8408,6395.609300000011
531725.1425,6178.908999999985
531742.4394,0
531877.0562,0
532024.2504,7168.654500000062
532250.7364,0
532336.8854,6822.340599999996
532501.0437,6529.604400000069
532538.3481,5048.164199999883
532613.4359,3784.0822000000626
532987.1946,0
533026.3595,0
533042.3262,10364.230099999986
533119.6581,8326.839099999983
533172.8714,6569.792699999991
533330.5338,6442.355299999937
533395.4852,6594.022800000035
533466.9327,0
533558.1942,0
533562.7331,0
533616.1637,7791.352500000037
533958.7366,0
534081.7216,0
534250.0264,0
534330.0962,7423.660499999998
534435.7865,8199.966200000024
534733.9576,0
534925.8804,0
534977.3885,6973.914400000009
535078.732,7810.319099999964
535318.9895,0
535421.6957,8099.609999999986
535654.9048,7816.925600000075
535923.2499,7924.403500000015
536148.6343,0
536234.2847,7811.988499999978
536359.6999,0
536547.9721,0
537123.6877,0
537210.6623,0
537464.0319000001,0
537567.9444,6288.820100000012
537573.8755,0
537662.0151,9224.728799999924
537670.149,0
537744.9562,0
537825.8753,0
537963.535,10222.82500000007
538020.1934,10212.337100000004
538095.3441,0
538140.2822,0
538275.4932,0
538555.1877,0
538676.4765,0
538894.0905,0
538968.2533,0
539137.753,9640.616299999994
539197.1198,8331.23589999997
539356.3103,0
539644.222,11041.388799999957
539669.1038,7891.954499999993
540096.3927,9166.798299999908
540305.6572,0
540376.5103,0
540637.2332,0
541109.2206,0
541363.4128,0
541369.799,12089.845199999982
541593.1711,9627.161500000046
541666.5298,0
541702.238,9933.113699999987
541773.7299,0
542107.8579,9867.21259999997
542471.9342,9211.425700000022
542526.2636,9610.046999999904
542656.3834,9009.608200000017
542706.922,9228.721600000048
542752.8093,10074.19279999996
542767.2069,0
542802.5372,10468.372199999983
542916.0417,9641.941799999913
543050.834,10516.164800000028
543638.3661,9527.64890000003
543718.1448,10049.044300000067
543804.3351,7381.358400000026
544245.5619,0
544697.794,11828.366900000023
544840.7975,11142.024800000014
544885.3374,9771.870599999907
545112.0539,10906.454700000002
545205.0831,9567.538400000078
545218.2333,0
545336.2761,9588.211800000048
545570.0397,12166.04879999999
545726.3279,11051.385499999975
545740.1545,11927.171399999992
545825.5702,0
546391.9218,9557.531199999969
546456.811,0
546578.9769,9565.004199999967
547314.994,0
547435.7533,9828.104999999981
547452.9408,0
547681.9795,9255.86790000007
547772.1938,0
547868.1477,0
547869.9931,9230.22609999997
547900.3197,9253.874199999962
548012.8517,10900.492500000051
548242.5943,0
548302.5848,8427.457599999965
548407.3748,9773.921199999982
548421.7616,0
548890.7239,10349.998699999996
549475.2555,0
549617.2223,5840.136799999978
549637.8457,7481.326199999894
549660.0832,7270.6093999999575
549677.773,9539.765800000052
549801.2547,5771.288600000087
550035.5322,0
550128.5646,10606.615800000029
550455.2871,10818.331799999927
550514.7605,0
550548.3267,0
550553.9633,9726.64969999995
550798.5765,0
551105.6889,5810.256099999999
551125.7648,0
551212.5243,0
551437.6661,0
551450.9192,0
551487.5988,0
551771.7324,0
552313.3156,0
552324.4563,7020.922099999967
552334.6353,0
552344.7048,7044.386399999959
552477.1494,10689.151500000036
552490.3161,5662.041400000104
552520.9007,0
552602.3916,0
552603.1899,12459.28879999998
552644.9383,9614.121299999999
552646.9481,0
552658.3552,9549.081299999962
552684.9498000001,0
553307.781,10144.057499999995
553311.8008,5683.881099999999
553393.2518,5672.193599999999
553544.2523,0
553839.9351,9566.064499999979
553997.5267,5825.5033000000985
554018.1541,0
554137.8776,10960.618900000001
554258.1812,0
554346.3077,8403.804699999979
554663.3462,10661.515400000033
554765.7286,0
554766.49275,0
554772.4486,9716.632100000046
554933.857,5784.2493999999715
555124.2818,8452.341099999961
555127.9477,6007.23609999998
555651.3231,11828.80310000002
556220.5177,0
556246.5956,0
556303.8755,0
556336.7971,0
556507.9512,5832.312799999956
556523.0068,5833.895499999984
556652.7342,0
557064.4105,5887.108000000007
557148.7591,5885.241500000004
557183.7367,0
557206.0821,5917.71100000001
557348.1345,0
557483.8606,0
557834.52,5888.440040000016
557880.6884,0
557892.905,0
557899.8094,0
557899.8233,0
557948.4465,10750.093899999978
558056.8522,5900.9356999999145
558070.8322,11401.223499999964
558135.3042,0
558408.1488,5898.853099999949
558593.6382,0
558676.1351,5889.242699999944
558939.6933,0
559154.9239,0
559205.4271,5887.845499999938
559408.7925,0
559476.5293,4627.461400000029
559570.8727,10531.100999999908
559683.7951,0
559687.9242,0
559785.1614,3085.456099999952
559800.1561,0
559819.6281,0
559874.0136,0
560053.8395,3068.8603000000585
560071.2244,5905.877299999935
560145.8542,0
560310.1828,0
560312.8202,5908.230899999966
560373.5422,0
560405.505,5970.4207999999635
560654.6169,5888.510899999994
560800.9602,5919.408999999985
560842.7504,9162.166599999997
560854.8088,10733.438599999994
560928.8523,0
560969.0813,2382.2565999999642
561165.4139,8428.025300000096
561244.541,2869.211799999932
561261.0664,5887.936400000006
561378.2681,5901.133799999952
561702.458,905.6408999999985
561708.1334,0
561721.8226,0
561838.5346,10750.665700000012
561871.3433,5904.064899999998
561890.3011,0
562146.4274,5916.161400000099
562179.8874,2993.7737000000197
562412.4383,0
562436.8982,2913.172499999986
562487.2845,11102.832799999975
562724.8631,911.3271999999415
562841.0186,3299.5044999999227
562937.9836,907.2439000000013
562990.5488,1203.4766999999993
563388.6347,903.1428000000305
563782.0901,5889.604999999981
563831.6994,900.4746000000741
563865.1797,757.1898666666821
563908.7474,5928.545700000017
563915.2991,5901.363199999905
564277.9031,5888.384399999981
564357.3642,0
564588.4264,5893.380800000043
564682.7498,5888.944200000027
564760.7799,0
564771.3773,0
564879.0586,0
565043.241,428.41049999999814
565229.2777,3247.657499999972
565427.7848,978.874300000025
565840.2041,0
566026.7935,0
566096.1384,0
566362.2675,0
566385.787,8402.958600000013
566528.8672,0
566692.6292,0
566715.0168,0
566801.1451,0
566806.0001,9614.826899999985
567082.465,808.0973499999382
567126.3769,5840.908100000001
567163.3341,0
567292.1695,0
567421.9887,908.825899999938
567442.1134,0
567605.5087666666,0
568067.5513,0
568072.3493,0
568345.4669,0
568499.6486,0
568669.1711,909.5859000000637
568773.2177,0
568778.9334,0
569145.0173,0
569369.3249,0
569509.5662,3049.8375666666543
569527.7467,6081.950399999972
569925.6111,0
569952.8788,6051.97239999997
570030.0933,0
570106.2982,0
570112.3282,2963.3138000000035
570490.8179,0
570514.0249,0
570525.5689,4505.8445000000065
570657.8103,0
570743.8871,0
570834.6949,0
570849.4037,0
571008.8003,5946.85149999999
571098.0408,6020.523900000029
571129.3466,0
571264.0732,0
571419.869,0
572063.3485,5890.071099999943
572129.9427,0
572137.6857,0
572301.678,0
572316.1546,0
572459.1491,0
573182.691,0
573402.298,2911.4035999999614
573412.8445,0
573447.1249333334,0
573542.5765,1037.7833999999566
574054.5345,0
574226.4985,0
574911.922,5908.971400000039
575053.3837,0
575145.1070666667,0
575722.2358,0
575733.3318,0
575989.5417,4848.543699999922
576028.2772,0
576145.5591,0
576225.3001,0
576316.8496,0
576514.4133,0
576578.3557,0
576727.198,0
576818.0035,0
576856.6298,790.8516999999993
576988.8614,0
576992.6345,10703.038600000087
577084.5452,5892.246600000071
577239.3027,0
577241.6595,0
577298.2398,5913.599300000002
577387.0976,0
577440.57,0
577802.5313,670.0812833333621
577994.782,0
578322.6952,0
578393.1451,0
578444.4031,0
578574.2994,2827.275600000052
578651.6791,5890.303499999922
578878.2773,0
578892.9132,0
579465.5791,0
579685.0552000001,0
579724.1932,0
579744.3008,0
579749.6876,0
579782.3465,0
580035.3769,930.2519999999786
580326.8941,0
580501.2203,0
580598.8269,0
580810.3927,0
580869.509,0
580968.1125,0
580999.0799,0
581213.1476,0
581716.9942,0
581966.9658,0
582037.272,0
582265.7931,0
582291.77,0
582661.1734,0
582713.0237,0
582757.6525,0
582819.7057,0
583014.4063,0
583362.5595,0
583428.9663,0
583502.8529,0
583721.0617,0
583941.2721,0
584009.1882,0
584070.1065,0
584504.0512,0
584764.5591,0
584900.6227,0
584965.35185,0
585256.1308,0
585450.6049,0
585535.9176,0
585802.3037,0
586264.2135,0
586462.3722,0
586670.372,0
586703.7376,0
586969.7301,0
587036.506,0
587296.3758,0
587358.0366,0
587409.4713,0
587617.6804,0
587720.246,0
588160.091,0
588254.2784,0
588335.7311,0
588451.4973,0
588522.3728,0
588840.9674,0
589061.0183,0
589079.4833,0
589115.4959,0
589121.0714,0
589309.0311,0
589407.8957,0
589623.3673,0
589750.8585,0
589800.0937,0
590055.6642,0
590304.1029,0
590477.0335833334,0
590630.7903,0
590696.9452,0
590728.3083,0
590811.1039,0
590952.167,0
591032.1524,0
591758.1755,0
591795.9358,0
592088.0622,0
592498.809,0
592715.6912,0
592725.7937,0
592829.9851,0
592961.1904,0
593017.5687,0
593209.5085,0
593295.4461000001,0
593299.301,0
593344.158,0
593362.5018333333,0
593607.9195,0
593647.9879,0
593731.8181,0
593795.7007,0
593980.3613,0
594084.2867,0
594120.4849,0
594242.9558,0
594492.52385,0
594498.2535,0
594601.8842,0
594632.0856,0
594682.5674,0
594913.2267,0
595435.8259,0
595445.5498,0
595665.4802,0
596196.9785,0
596271.4426,0
596312.3981,0
596327.8331,0
596538.0933,0
596975.1311,0
597114.375,0
597183.7826,0
597210.5568,0
597279.4318,0
597294.40246,0
597305.3018,0
597724.3658,0
597739.1548,0
597795.6938,0
597890.0387,0
598320.6151,0
598395.948,0
598443.786,0
598451.4244,0
598628.8455,0
598702.601,0
598894.7516,0
599013.2415,0
599364.4156,0
599567.2413999999,0
599656.576,0
600246.1983,0
600376.2473,0
600406.7745,0
600429.7056,0
600579.5798,0
600783.1431,0
600906.7582,0
600921.4175,0
601021.1078,0
601084.9736,0
601339.5865,0
601425.627025,0
601823.3315,0
601831.0289,0
601875.9316,0
601919.8663,0
601954.5494,0
602133.4003,0
602148.4713,0
602181.6121,0
602248.8535,0
602730.1808,0
602890.9486,0
603194.7679,0
603201.8873,286.7573999998858
603206.0967,0
603378.77,0
603575.726,0
603751.004,0
603816.9459,0
603858.9799,0
604332.1244,895.6910999999382
604531.7265,1128.0755000000354
604541.3344,0
604557.6525,0
604568.2219,1061.6733999999706
604606.8374,1181.3199000000022
604742.3239,0
604755.3486,0
604985.3461,752.9090999999316
605097.2048,1228.4216000000015
605158.9313,0
605334.0167,904.8664000000572
605682.5715,1593.9368999999715
606006.0866,0
606007.3498,0
606025.4083,0
606282.8043,0
606473.2227,0
606656.1871,2009.0610999999335
606707.7418,0
606794.0909,2206.3263999999035
607051.4416,0
607120.6187,0
607361.3351,0
607416.0191,2418.2044999999925
607483.6207,680.1670000000158
608053.471,0
608548.1475,3035.9174999999814
608696.1468,0
608739.2572999999,0
608873.6666,3059.0718000000343
608888.5956,0
608891.5266,2901.316499999957
608922.2631,0
608996.2484,0
609069.5673,0
609088.7207,2815.7785999999614
609130.4173,0
609137.8294,1655.092500000028
609191.8329,0
609264.2913,0
609636.3949,0
609660.1215,3269.0727999999654
609916.3954,0
610167.03,0
610396.9207,0
610426.5064,0
610615.753,0
610798.0131,0
611016.5301,4042.587199999951
611020.1864,0
611362.6594,0
611516.854,4052.4520000000484
611529.585,0
611608.0103,0
611788.746,0
612247.7914,4674.849300000002
612628.8262,0
612744.1331,0
612768.9099,4895.37089999998
612778.1113,0
612936.6392,5008.4388000000035
612977.8494,4995.256799999974
612980.1482,5013.746400000062
613001.3269,0
613190.2208,0
613258.7391,4815.370200000005
613422.7586000001,0
614311.6915,0
614488.8439,0
614599.3888,0
614635.2639,0
614780.4472,0
614884.7405,0
614923.8259,0
614990.8585,0
615066.2661,0
615115.8411,0
615171.2494,0
615313.1856,0
615442.0293,5321.938599999994
615499.5672,6087.148000000045
615566.8249,5750.381900000037
615898.5427,5993.867500000051
615906.8032,5796.9353999999585
615934.7149,0
615983.2952,0
615992.0801,5480.450100000016
616119.5429,0
616314.865,5518.767600000021
616524.0879,6487.011000000057
616645.6726,0
616690.7345,6473.652000000002
617150.5363,5891.545099999988
617425.6939,0
617600.1636,0
617636.1318,6842.580299999914
617676.7459,0
617874.1514,0
617954.2914,5555.835199999972
618056.6015,0
619090.775,0
619340.8236,0
619432.4309,8945.824499999988
619469.028,0
619787.8516,5607.4804
619811.829,0
620163.4319,8963.549200000009
620360.3475,0
620460.3608,0
620625.4133,0
620811.5365,0
620819.6669,0
620870.4271,0
621096.5271,0
621111.4149,0
621162.3941,7467.036900000065
621404.0017,0
621404.5385,8567.980900000082
621437.4775,0
621528.32,8889.69319999998
621735.6417,0
621862.7098,6622.661499999929
621889.1839000001,0
621938.6081,5179.91129999992
621948.7825,8571.069699999993
622111.0782,0
622214.9457,0
622457.5168,0
622495.7322,9810.020499999984
622578.3506,0
622627.9963,10018.49199999997
622643.4101,9709.029499999946
622747.9253,0
622760.8641,0
623646.868,10343.403900000034
623727.6822,9575.252399999998
623751.7371,0
623797.4149,0
623971.0013,0
624057.3013,0
624059.9111,10259.936199999996
624199.2456,0
624232.9081,10747.40949999995
624670.3455,0
624680.3249,9901.48019999999
624760.3641,10627.90009999997
624817.6389,0
624852.2214,10519.01410000003
624917.7598,0
625001.4338,0
625468.992,10005.420700000017
625928.247,10505.88500000001
626157.7615,9895.928799999994
626215.1347,9890.440800000099
626376.3043,10711.995599999907
626383.1238,9781.247599999886
626420.0221,11290.134699999937
626575.0496,0
626579.6378,10041.119900000049
626850.653,10916.845400000107
626879.9775,11356.210900000064
627219.8442,10294.501500000013
627292.9251,10434.195399999968
627355.2975999999,0
627376.9186,11137.330100000021
627431.4335,11534.086700000102
627595.3267,0
627695.2644,0
627750.3345,8951.354500000016
627846.8399,0
627865.8847,0
628116.652,9695.993600000045
628459.0267,0
628575.8229,12289.604800000088
628611.6085,0
628668.9113,0
628895.276,11397.831499999971
629497.6339,12257.391700000037
629731.133,0
629756.8219,11329.20730000001
629776.0983,11262.633700000006
629790.5003,10619.52509999997
630130.5771,0
630161.0233,10839.234100000001
630389.4646,11592.006999999983
630449.8506,0
630509.5333,11180.85519999999
630914.0919,0
630984.792,0
631139.4022,0
631304.2577,12204.731099999975
631332.3141,10785.37069999997
631354.338,11236.487500000047
631753.2147,0
631773.2175,11166.342700000037
631936.4674,11690.635399999912
632025.75,11068.133799999952
632088.1953,0
632128.3962,0
632140.5602,11078.225499999942
632165.8242,11066.99310000008
632851.5834,0
632896.1082,12298.744399999967
633021.1339,11176.742599999998
633037.9087,0
633054.7604,0
633075.0317,12798.0830000001
633148.1943,11339.074900000007
633203.7854,0
633273.6575,12761.263500000001
633595.2443,11441.524800000014
634029.2032,0
634194.944,11181.008099999977
634338.7392,0
634439.2705,11680.03740000003
634476.313,11161.584900000016
635217.8814,11624.814599999925
635276.2509,0
635612.1228,9123.248900000006
635650.6066,0
635735.4752,8578.724399999948
635743.6317,11168.924100000062
636198.4724,0
636264.8941,0
636352.2858,6619.426199999987
636408.6584,9809.075399999972
637110.2678,0
637228.1597,6644.325899999938
637280.9643,0
637375.8506,6649.245600000024
637441.107,11168.34309999994
637724.6446,0
637847.3959,6615.610400000005
638280.4511,10615.589500000002
638293.3467999999,0
638303.1622,10572.99270000006
638495.9058,10577.285499999998
638666.782,0
638753.74606,0
638867.6795,11295.554899999988
638871.0426,7328.585400000098
638895.347,6643.890399999917
639007.053,11337.845699999947
639195.9855,0
639311.4289,6643.225399999996
639442.9121,0
639515.4604,11915.603200000012
639525.9828,0
639787.5302,6605.471600000048
639788.8398,5618.163199999952
639983.9128,0
640187.1522,5266.193599999999
640255.5817,11171.871999999974
640337.5337,0
640373.5333,11182.215399999986
640422.3663,3873.1975000000093
640473.8796,0
640556.2708,0
640686.7142,0
640774.7578,0
640791.3988,0
640870.6085,0
641246.3861,3934.430399999954
641260.3628,11716.944200000027
641446.8119,0
641627.068,0
641751.71,12019.675099999993
641929.6951,6649.529100000043
642060.9402,5255.91379999998
642105.4266,9901.502800000017
642198.292,0
642339.044,11367.981099999975
642481.7364,0
642495.908,11772.38500000001
642533.0176,1216.7704999999842
642650.4908,12904.835399999982
642674.8461,0
642695.7639,5599.981299999985
642896.3048,0
642930.91,0
643005.2972,10640.96120000002
643074.269,2088.09719999996
643307.3799,0
643460.0458,12156.27099999995
643503.2863,354.10169999999925
643571.3561,11204.516199999955
643611.7117,0
643703.977,0
643782.0903,0
643798.9771,2847.750883333385
644174.7465,393.3473000000231
644505.511,10614.096600000048
644514.6546,2254.3323999999557
644554.7311,0
644865.9988,11179.570999999996
645023.8302,7324.301099999924
645040.196,3930.9714000000386
645083.9783,2921.4473
645676.8389,11159.194299999974
645821.2906,598.6305999999167
645829.7749,1181.0551999999443
646037.0457,0
646222.202,645.8310000000056
646342.3714,2069.157099999953
646546.3687,2260.5346000000136
646698.6289,5614.640400000033
646756.5435,0
646871.5116,11313.502399999998
646912.4324,667.7338000000454
646952.3312,2249.78330000001
647040.4855,0
647146.2797,641.7988999999361
647149.4837,0
647215.9504,8568.099699999904
647355.46146,0
647399.0444,0
647440.4171,5608.706699999981
647517.5203,0
647527.6009,2424.447899999912
647607.113,2425.234300000011
647961.5872,11195.66566666658
648406.933,624.1100999999326
648597.4709,2412.5676999998977
648696.0152,679.8318000000436
648701.077,0
648942.309,6674.712999999989
649046.0347,0
649074.5721,1268.200199999963
649237.5039,0
649545.9507,0
649585.8884,654.5496000000276
649724.3173,0
649743.0732,5654.6849999999395
649784.9240666666,0
649860.3589999999,0
650027.0549,0
650255.4939,0
650349.193,0
650400.5537,0
650509.4747,0
650576.0056,0
650616.2995,0
650850.95714,0
650987.8224,0
650992.2714,6655.648300000001
651125.6282,0
651135.3849,2108.3047999999253
651187.672,0
651810.175,640.1053000000538
651889.2723833333,0
651926.7793,0
651942.9988,0
652150.8849,6644.498099999968
652215.0685333334,0
652249.2161,0
652356.4767,0
652528.7356,681.5289999999804
652862.2429,608.3689999999478
652906.5012,0
652934.5543,0
653083.7118,0
653517.0466,0
653539.7424,0
653857.877,0
653992.3419,0
654259.8234,6616.352199999965
654321.001,0
654669.8307,0
654729.7922,0
654774.5815,0
654846.412,0
654893.7426,0
654913.3565,11226.607700000051
654971.4526,0
655045.2937,0
655089.917,8506.256700000027
655129.1311,0
655361.5622,0
655408.3187,0
655608.0286,0
655635.5085,0
655702.4634,272.59250000002794
655733.4404,0
655759.4057,0
656005.5558,0
656017.9177,0
656069.94,0
656233.9423,0
656276.0662,0
656304.9633,0
656572.304,0
657075.4038,1137.107399999979
657243.8118,647.6369999999879
657274.5851,11871.531000000075
657562.6634,0
657679.8626,655.8247999999439
657702.7559,0
657811.3315,0
657862.6341,0
658048.0833,5604.9239000000525
658051.3618,0
658253.6547,0
658526.0248,0
658665.5118,0
658689.4667,0
658837.5214,0
658961.8732,0
659014.1049,0
659042.2188,0
659173.1424,0
659517.5211,0
659581.2691,0
659606.0675,0
659659.6175,0
659834.7976,3929.4612000000197
659860.7814,0
660017.9082,0
660127.4148,0
660175.0741,6677.302399999928
660176.0423,0
660226.1703,2941.14579999994
660245.8493,0
660260.824,0
660374.5464,0
660514.5101,0
660527.7469,0
660563.2282,0
660568.9404,0
660695.3871,0
661038.788,0
661164.0182,11198.268100000103
661275.9632,0
661355.8131,0
661538.8128,0
662075.6493166666,0
662091.7151,0
662671.4535,0
662824.5516,0
662965.6149,0
663029.446775,0
663077.7717,0
663305.5776,0
663402.9022,0
663551.9709,625.8704000000143
663632.9148,0
663705.6934,0
663710.3511,0
663712.7821,0
663795.1972,0
664043.1675,0
664202.5721,0
664342.1871,0
664449.1131,0
664463.5678,0
664479.59005,0
664480.6075,0
664733.7298,0
664755.7885,0
665369.8244,625.7295000000158
665449.5893,0
665487.5778,0
665777.6999,0
665952.1902,0
665986.178,0
666020.4641,637.5028999999631
666043.8551,0
666272.5205,0
666388.7798,0
666412.3933,0
666569.584,0
666750.4906,0
666846.0882,0
666908.9545,0
666915.1374,0
667051.1382,0
667160.4672,0
667243.759,0
667327.1499,0
667448.8638666667,0
667449.9817,0
667935.7612,0
668298.3428,6633.292999999947
668305.4254000001,0
668482.7096,0
668673.5707,0
668859.151,0
669119.2782000001,0
669133.1428,0
669174.8896999999,0
669505.863,0
669533.8817,0
669994.4592,0
670167.149,0
670339.1155,0
670393.6333,0
670987.7573,0
671153.2934,0
671204.3346,0
671337.5185,0
671375.2996,0
671708.4746,0
671776.3812,0
672055.3436,0
672094.0246,0
672102.5034,0
672154.0023,0
672477.5667,0
672489.7021166667,0
672717.4706,0
672884.4485,0
673130.6714,0
673185.2447,0
673439.7947833333,0
673560.0708,0
673727.6518999999,0
673821.1556,0
673922.7349,0
674245.2436,0
674640.9939,622.8778999999631
674735.575,0
674868.5076,0
674960.9263,0
675006.9026,0
675324.4139,0
675550.5957,0
675720.5038,0
675817.0606,0
675857.2324,0
675947.8973,0
675948.2737,0
676169.947,0
676239.1011,0
676528.0785000001,0
676539.723,0
676552.0592,0
676637.0478000001,0
676874.9146,0
676891.5197,0
677113.255,0
677487.6347,0
677560.4573,0
677620.1385,0
677903.9262,0
678015.6673,0
678027.7193,0
678143.4244,0
678650.5724,0
678767.2577,0
679466.2479,0
679549.0922,0
679586.3831,0
679679.5007,0
680050.6016,0
680130.4645,0
680187.8736,0
680684.1413,0
681005.9092,0
681041.8127,0
681099.7991,0
681110.2842999999,0
681405.142,0
681719.1096,0
681803.876,0
682213.5361,0
682236.3433,0
682517.779,0
682587.6216,0
682606.2739,0
682676.6765000001,0
682694.9693,0
682823.4772,0
682831.6683,0
682838.3181,0
682889.2512,0
683110.0869,0
683152.3875,0
683336.8403,0
683425.9534,0
683874.8446,0
683973.9577,0
684252.9831,0
684369.8908,0
684535.3355,0
684740.6425,629.8417999999365
684782.652,0
684849.8811,0
684867.868,0
684888.5863,0
685506.9076,0
685643.2869,0
685740.69542,0
685877.3409,0
685904.3523,0
685916.4063,0
685941.4725,0
686053.9195,0
686090.2544,0
686529.414,0
686545.5514,0
686768.7795,0
686865.6022,0
686927.332,0
686945.1636,0
686997.9363,0
687312.6158,0
687414.5009,0
687438.9052,0
687461.12945,0
687487.9493,0
687587.3389,0
687743.9587,0
687891.954,0
688155.5496,0
688191.832,0
688244.3895,0
688359.2399,0
688377.3041,0
688515.808,0
688523.5046,0
688602.0228,0
688998.4958,0
689100.8822,0
689458.440725,0
689496.7515,0
689585.4686,0
689633.1269,0
689861.6908,0
689876.3089000001,0
689877.757,0
689887.3787,0
689923.6124,0
690136.2708,0
690810.7172,0
690873.6509,0
691127.1489,0
691266.5615,0
691381.4875,0
691448.4576,0
691634.9573,0
692220.2411,0
692532.1121,0
692755.7166,0
692761.5185,0
692839.6753,0
692994.8626999999,0
693005.3184,0
693097.7513,0
693105.6271,0
693162.11,0
693342.3967,0
693364.383,0
693383.8991,0
693980.3035,0
694250.312,0
694305.5623,0
694439.5231,0
695204.2627,0
695248.6836,0
695383.3166,0
695500.1907,0
695620.5911,0
696025.8755,0
696370.8427,0
696471.0113,0
696492.0548,0
696510.2023,0
696526.2637,0
696757.6468,0
696831.5427,0
696848.7594,0
696909.6238,0
697026.1595,0
697087.3884,0
697273.0219,0
697515.9211,0
697567.1759,0
697724.3205,0
697738.0135,0
697904.3537,0
698107.1742,0
698107.7205,0
698306.4778,0
698472.5613,0
698657.3615,0
698738.0214,0
698769.7154,0
699158.019,0
699421.5525,0
699479.3252333333,0
699593.1663,0
699720.2902,0
699731.8424,0
699756.09214,0
699764.0545,0
699768.436,0
700123.7383,0
700307.7973,0
700320.3136,0
700415.9309,0
700454.9802,0
700615.3963,0
700926.6459,0
700981.1974,0
701032.7907,0
701262.6871,0
701309.6158,0
701354.5862,0
701597.4946,0
701708.1647,0
701939.8682,0
701966.7084,0
702123.5086000001,0
702366.2983,0
702461.6495,0
702526.3833,0
702536.1267,0
702569.8909,0
702731.2059,0
703137.7796,0
703205.4016,0
703366.8214,0
703424.1979,0
703652.5813,0
703976.6762,0
704041.26,0
704087.0569,0
704411.5192,0
704575.4317,0
704668.3583,0
704814.1579,0
704906.5254,721.4255000000121
705021.6256,0
705049.4233,0
705205.7604,1115.737300000037
705388.5997,957.2543999999762
705535.4168,0
706020.5873,0
706143.7358,505.58319999999367
706263.9971,0
706465.9789,424.5028999999631
706572.4866,0
706579.9312,0
706592.7413,652.8214999999618
706618.8451,0
706621.2625,0
706898.123,809.626099999994
707665.3791,0
707803.342,0
708061.0943,0
708264.5734,961.4740999999922
708478.5558,0
708725.103,964.7824999999721
708735.4094,0
708771.7441,1449.230660000001
708796.5918,0
708880.7933,1675.3871000000509
709142.1869,0
709235.9773,1062.8139000000665
709459.8781,1479.6808999999193
709878.3592,1704.5070999999298
710039.1359999999,0
710098.4729,1485.6091000000015
710189.9443,1937.1330000000307
710267.9519,0
710302.5369,2228.008299999987
710326.3588,1757.5242000001017
710342.0726,1953.012999999919
710756.9455,0
710798.8681,1858.2999999999302
710861.6411,0
710906.3201,0
711006.959,0
711291.5801,0
711459.5799,0
711471.4729,0
711565.7508,0
711687.4194,1521.954400000046
711925.3006,0
712026.1924,0
712073.7349,1863.1464000000851
712106.9505,2642.6863000000594
712117.8486,3324.9375
712360.2935,0
712381.1273,0
712599.0846,1735.1097999999765
712601.3768,0
712727.9518,2136.28600000008
712911.3404,0
712984.9228000001,0
713326.3257,0
713406.5886,0
713410.247,2892.1413000000175
713662.1569,1784.4933999999193
713703.5377,0
713711.6982,2467.6724000000395
714143.5317,0
714205.7861,2770.5956000000006
714336.9017,0
714510.5786,4005.713100000052
714532.7202,0
714764.7412,2232.4538000000175
714810.4638,3009.473100000061
714858.2925,3260.9490000000224
715097.744,0
715358.0086000001,0
715408.5944,3170.8023999999277
715932.0545,0
715964.6166,0
715989.8986,0
716082.36,3768.52780000004
716165.7713,0
716322.4271,2214.622100000037
716326.7474,0
716388.127,2446.8854000000283
716778.3995,0
716855.3715,0
717334.9163,2787.9168000000063
717340.4113,0
717521.3434,2303.8427000000374
717536.3248,4335.792699999991
717572.8914,2277.131300000008
717745.3148,0
717749.6571,0
717952.3915,0
717996.8488333334,0
718611.6404,4409.96649999998
718759.6575,0
718784.6045,2532.23470000003
719171.8179,0
719211.241,0
719515.743,0
719624.9301,2817.5379999999423
719925.1115,0
720086.7187,2895.2529999999097
720470.0312,2088.0877999999793
720477.3665,2883.701000000001
720632.9691,2894.24450000003
720671.074,2228.505300000077
720764.781,0
720790.1662,3249.2119999999413
720978.2514,3077.028099999996
721010.9774,0
721160.7469,0
721269.8172,4392.133600000059
721311.3364,4747.287699999986
721466.0494,4425.900600000052
721511.5702,0
721554.7792,2908.3608999999706
721843.5591,683.0
722053.0713,2894.4419999999227
722251.8589999999,0
722450.7916,2900.6605999999447
722527.2767,2935.028900000034
722623.4373999999,0
722803.3565,3655.656500000041
722847.0148,3571.759399999981
722850.1256,1596.0447000000859
722859.8774,4151.517800000031
723130.5833,3039.1974000000628
723172.56558,0
723213.4261,297.6458000000566
723328.1088,561.9838000000454
723413.6427,2933.847899999935
723618.5669,0
723630.4901,0
723964.1171,0
724060.4431,714.2652000000235
724077.0718,0
724160.5662,573.5683999999892
724342.49045,0
724636.1719,2880.5083999999333
724703.4876999999,0
724762.4915,2220.270900000003
724776.9229,2894.226000000024
724790.9545,570.5274999999674
724928.5193,0
725029.5293,3776.468700000085
725112.0736,2889.701299999957
725326.616,0
725667.9004,0
725728.5738,0
725755.3143,0
725839.9244,0
726269.6612,2907.623799999943
726373.1099,0
726430.4313,0
726656.8514,0
726954.371,0
727159.5538,0
727705.0983,0
727820.5969,0
727925.2434,4149.536599999992
728100.8413,2888.2486999999965
728399.6153,0
728406.392,2885.505899999989
728589.7797,721.5891999999294
728688.3983,0
728842.1072,4212.528399999952
728951.1603,0
729048.3722,549.8120000000345
729128.253,373.3991999999853
729143.5918,1811.062900000019
730071.1903,0
730274.0125,3561.2983999999706
730323.1652,0
730498.0227,0
730516.9312,0
730668.3723,0
730817.3884,0
730870.5288,0
731107.9574,0
731109.8197999999,0
731222.0647,0
731302.3388,463.28190000006
731328.354,1658.0650000000605
731406.1419,0
731484.6319,0
731605.0576,2879.4285999999847
731820.1910999999,0
731992.6734,548.920999999973
732269.8241,0
732469.6104,0
732802.2704,0
733028.3902,0
733028.4923,0
733362.2757,0
733417.6965,0
733729.8716,0
733894.7973,0
734133.7572999999,0
734288.6061,0
734349.6113,2247.4170999999624
734404.5159,0
734451.733,0
734756.5186,0
734766.3699,3694.5455000000075
735017.7888,0
735055.4355,0
735440.388,0
735535.922,0
735714.2239,2892.8185999999987
735714.851,0
735783.5588,0
735857.7784,0
735998.5013,0
736010.3742,0
736080.167,0
736233.0746,0
736292.2445,0
736961.7996,0
737054.7966,0
737190.8199,2918.6981999999844
737382.2771,2922.0251999999164
737384.3313,0
737553.4181,0
737667.4702,0
737836.674,0
737881.0099,0
737938.157,0
737973.5623,0
738040.6968,0
738057.2734,0
738150.3036,0
738513.5132,0
738550.216,0
738563.2244,0
738629.4445,0
738710.7399,547.2259000000777
738911.5067,0
738930.9604833333,0
738989.2431,0
739128.7142,2889.9617000001017
739261.2930666667,0
739472.0218,0
739794.8433,0
739989.5662,4132.695999999996
740229.1197,0
740326.841,0
740361.01194,0
740519.961,0
740967.0849,0
741401.0,0
741435.4558,0
741523.1685,0
741619.339,2915.946200000006
741647.5393,0
741683.7345,0
742251.3519,0
742284.0948,0
742361.6982,0
742516.7289,0
742595.3973,0
742596.5841,0
742900.9167,0
743151.482,0
743263.9737,0
743399.9382666667,0
743403.5683,0
743412.1126999999,0
743494.0204,0
744072.1759,0
744094.0427,0
744266.4559,0
744368.8427,0
744453.6413,0
744500.6962,0
744569.3626,0
744689.9456,0
744701.2073,0
744890.8675,0
744927.5012,0
744984.2977,0
744995.6863,0
745202.1141,0
745425.7045,0
745487.8974,0
745657.3863,0
746170.778,0
746480.2181,0
746600.83385,0
746629.1027,0
746975.94165,0
747205.5453,0
747260.5623999999,0
747308.222,0
747342.7321,0
747556.096,0
747570.0148,0
747778.3997,0
747969.163,0
748121.6563,0
748531.8725,0
748781.4698,0
748848.4854,0
748970.8302,0
749183.5713,0
749229.8828,0
749843.6324,0
749903.8279,0
750110.1295,0
750129.1192,0
750329.4107,0
750346.1923,0
750528.2901,0
750624.6529,0
750690.2523,0
751097.5619,0
751222.3307,0
751299.8343,4095.9738999999827
751382.5848,0
751678.646,0
751843.3908,0
751939.1651,0
752032.3403,0
752530.6907,0
752666.0386,0
753195.5774,0
753329.1702,0
753438.1686,0
753492.9349,0
753649.6112,0
753679.733,0
753772.5908,0
753786.1585,0
754175.8862,0
754236.3663,0
754266.44708,0
754351.4523,0
754656.9705,0
754675.2892,0
754677.822,0
754817.8112,0
754838.9812,0
754905.4857,0
755161.6299,0
755463.7745,0
755663.4662,0
755768.9474,0
755827.2992,0
755967.13666,0
756201.2437,0
756259.1410000001,0
756328.8707,0
756548.186,0
756648.7954,0
756671.9119,0
756907.3707,0
757004.5603,0
757054.8565,0
757061.9131,0
757879.2536666667,0
757879.3239,0
757950.2693,0
757982.4805000001,0
758045.455,0
758209.6393,0
758252.0164,0
758270.4544,0
758283.5399,0
758291.1202,0
758358.8666,0
758399.9925,0
758420.4398,0
758969.9829,0
758976.128,0
759085.7291,0
759160.4408,0
759315.8944,0
759515.0866,0
759834.0893,0
759984.4135,0
760304.174,0
760548.379,0
760903.3409,0
761015.1864,0
761450.7386,0
761484.8139,0
761559.2611,0
761599.5274,0
761793.2939,0
761835.2093,0
761926.6247,0
762147.4034,0
762158.0265,0
762374.8321,0
762557.5088,0
762610.5668,0
762679.4662,0
762707.0485,0
762781.0491,0
762848.3609,0
763051.6574,0
763078.4134,0
763439.3954,0
763842.686,0
764660.1435,0
764702.5199,0
765058.7841,0
765292.1118,0
765486.6714999999,0
765602.7964,0
765899.3145,0
766106.8616,0
766252.5432,0
766253.0434,0
766445.6954,0
766562.7023,0
766643.4815,0
766707.5156,0
767350.2079,0
767454.2404,0
767471.2351,0
767519.5663000001,0
767537.8101,0
767582.0872,0
767631.6931,0
767642.0168,0
767912.9552,0
767939.0917,0
768103.4381,0
768391.7584,0
768546.9432,0
768607.1341,0
768636.0077,0
768721.4074,0
769022.8718,0
769177.2061,0
769548.9213,0
769600.5554,0
769608.2029,0
769648.6949,0
769665.1653,0
769847.7889,0
770138.9181,0
770179.1348,0
770451.131,0
770773.3798,0
770845.4544,0
770853.0397,0
770876.4262,0
770914.0226,0
771004.2998,0
771082.6805,0
771108.1256,0
771119.8818,0
771281.024,0
771590.7102,0
771861.6091,0
771882.9857,0
771944.1238,0
771985.402,0
772148.821,0
772296.1788,0
772342.2014,0
772350.3522,0
772372.5672,0
772466.4142,0
772632.1525,0
772645.3864,0
772710.7077,0
772749.6193,0
772802.0114,0
772880.1463,0
772933.6147,0
773178.3502,0
773360.6294,0
773594.8615,0
773784.3896999999,0
773791.3301,0
773887.7454,0
773901.6103000001,0
773971.5981000001,0
773980.7873,0
774067.5601,0
774083.41,0
774212.1675,0
774312.5981000001,0
774361.808,0
774627.5482,0
774725.953,0
774959.904,0
775037.6796,0
775105.5604,0
775160.2617,0
775293.3529,0
775588.8329,0
775848.8374,0
776046.8741,0
776593.31,0
776717.97945,0
776860.4729,0
776868.8401,0
776869.7282,341.89749999996275
776977.6543,0
777106.1285,0
777184.9955,65.62709999992512
777219.3942,470.9625999999698
777271.1852,0
777282.9794,0
777294.4932,0
-----Simulation END-----
