-----Simulation 0-----
172831.7856,0
172931.2591,0
173419.7594,0
173540.9949,0
173570.4691,0
173603.6175,0
173872.172,0
173914.2041,0
173944.8506,0
174163.5787,0
174172.2336,0
174520.1022,0
174533.3965,0
174829.0764,0
175023.1894,0
175306.7048,0
175371.0858,0
175455.4518,0
175493.8849,0
175802.61190000002,0
175955.7697,0
176023.506,0
176262.6251,0
176363.397,0
176550.762,0
176711.576,0
176936.63,0
176989.3591,0
177023.9515,0
177325.6158,0
177429.6166,0
177431.5179,0
177463.34649999999,0
177522.2601,0
177573.17119999998,0
177662.7646,0
177716.0979,0
177753.1534,0
178052.39789999998,0
178234.8787,0
178292.4473,0
178342.3105,0
178358.0976,0
178418.3046,0
178673.568,0
178994.5651,0
179023.3166,0
179060.53519999998,0
179234.6294,0
179236.38679999998,0
179274.1839,0
179307.1872,0
179381.8965,0
179760.8814,0
179777.5532,0
180179.72,0
181048.7918,0
181379.05060000002,0
181568.3323,0
181577.026,0
181650.1615,0
181726.5024,0
181789.5497,0
181809.7821,0
182066.1927,0
182117.7218,0
182232.4741,0
182327.7142,0
182384.7955,0
182415.0406,0
182738.1218,0
182955.7007,0
182959.3768,0
183055.90529999998,0
183247.0956,0
183267.0416,0
183277.4702,0
183433.1288,0
183502.2919,0
183696.7525,0
183722.9345,0
184002.5642,0
184038.9276,0
184102.7028,0
184123.3769,0
184266.1828,0
184508.3001,0
184516.2723,0
184547.6895,0
184556.8366,0
184816.4459,0
184895.2892,0
185093.189,0
185315.3895,0
185561.8063,0
185569.5815,0
185602.8426,0
185749.8812,0
185759.8078,0
186084.762,0
186473.077375,0
186477.4906,0
186535.2496,0
186554.72090000001,0
186577.6534,0
186614.0337,0
187039.636,0
187053.1905,0
187163.7538,0
187176.5313,0
187224.9304,0
187229.6377,0
187241.2289,0
187460.84889999998,0
187467.5875,0
187487.76919999998,0
187640.9248,0
187827.6494,0
187839.8651,0
187900.95179999998,0
187922.7667,0
188136.9613,0
188233.0112,0
188483.9238,0
188663.0921,0
188696.1753,0
188735.8099,0
188809.9113,0
188919.9243,0
189222.78029999998,0
189456.1939,0
189488.5456,0
189539.06650000002,0
189544.3437,0
189612.3707,0
189686.407,0
189749.2926,0
189753.6617,0
189978.8221,0
190249.0948,0
190257.28149999998,0
190423.2202,0
190910.9398,0
190919.6605,0
190948.0066,0
191080.0851,0
191189.0301,0
191224.6159,0
191363.2767,0
191460.9705,0
191668.4288,0
191802.8429,0
192032.0479,0
192132.41090000002,0
192328.2071,0
192448.7079,0
192675.4283,0
192837.21850000002,0
192977.5002,0
193110.1819,0
193143.5409,0
193183.1333,0
193296.4645,0
193402.0752,0
193640.6641,0
193730.5461,0
194164.0944,0
194420.957,0
194867.0309,0
195466.0988,0
195653.0549,0
195949.0258,0
196386.1631,0
196441.149,0
196442.5802,0
196457.244,0
196509.1072,0
196607.74345,0
196712.0661,0
196803.4421,0
197030.8144,0
197266.2314,0
197304.5407,0
197659.4916,0
197728.366,0
197775.3693,0
197855.5767,0
197956.1228,0
198144.0052,0
198216.4162,0
198290.6707,0
198355.2694,0
198375.2616,0
198563.181,0
198639.6919,0
198713.3157,0
198864.908,0
198987.8059,0
199035.2298,0
199183.1627,0
199367.3835,0
199449.4885,0
199737.974,0
199861.067,0
200087.5022,0
200194.8985,0
200299.7331,0
200408.7434,0
200418.5573,0
200983.3954,0
201000.2869,0
201083.1034,0
201244.4818,0
201247.9357,0
201631.25819999998,0
201671.57439999998,0
201691.9959,0
201743.6457,0
201815.3176,0
201871.28029999998,0
202070.4321,0
202085.9141,0
202194.1596,0
202337.9819,0
202553.6591,0
202617.0283,0
202753.46659999999,0
202859.0557,0
202905.0824,0
202960.5295,0
203191.0983,0
203322.8266,0
203340.2769,0
203452.3516,0
203625.7004,0
203752.1118,0
203860.5265,0
203900.0306,0
203925.8034,0
203942.2965,0
204110.9267,0
204273.7191,0
204397.6166,0
205041.5196,0
205646.3028,0
205956.5824,0
206252.17859999998,0
206415.9912,0
206500.3421,0
206695.7612,0
207102.3068,0
207220.146,0
207257.3075,0
207414.96279999998,0
207422.8128,0
208242.7236,0
208383.7657,0
208485.0726,0
208776.3381,0
209062.7075,0
209118.7683,0
209135.94520000002,0
209454.3194,0
209588.5097,0
209692.87410000002,0
209697.6955,0
209935.2438,0
210005.39623333333,0
210227.5826,0
210471.6963,0
210579.86239999998,0
210691.686,0
211015.3677,0
211023.4378,0
211026.3866,0
211313.6739,0
211317.915,0
211409.21039999998,0
212385.9307,0
212706.97999999998,0
212735.7645,0
212995.1247,0
213522.5713,0
213650.88559999998,0
214566.9586,0
214571.3095,0
214651.986,0
214904.3924,0
215193.4987,0
215210.3604,0
215482.1103,0
215511.7658,0
215608.7579,0
215676.0245,0
215787.1681,0
215973.37709999998,0
216010.2135,0
216034.4471,0
216250.8308,0
216432.3834,0
216633.016,0
216915.8618,0
217003.5655,0
217066.8349,0
217083.3062,0
217139.0682,0
217270.5915,0
217641.74839999998,0
217854.15600000002,0
218514.69569999998,0
218781.1255,0
219011.6415,0
219016.6382,0
219228.8598,0
219238.8105,0
219460.5435,0
219480.8577,0
219524.2228,0
219739.9092,0
219898.5761,0
219932.0358,0
220492.383,0
220901.15409999999,0
220962.2581,0
221041.1527,0
221359.51510000002,0
221651.3897,0
222070.7212,0
222378.7774,0
222620.2296,0
222785.207,0
222829.562,0
223064.2443,0
223252.81780000002,0
223338.7347,0
223781.3816,0
223862.6373,0
224070.3684,0
224275.0133,0
224291.5171,0
224342.5554,0
224366.8332,0
224611.5338,0
224648.53830000001,0
224758.6555,0
225315.63439999998,0
225356.8797,0
225407.7806,0
225486.6647,0
225586.75089999998,0
225964.9127,0
225989.7243,0
226353.7967,0
226659.0551,0
226800.2439,0
226910.783,0
226955.6095,0
227031.584,0
227121.3848,0
227352.64860000001,0
227526.4451,0
227561.6516,0
227562.9685,0
227611.9175,0
227802.8527,0
227922.8486,0
228461.8302,0
229417.2003,0
229435.9976,0
229598.9528,0
229831.5698,0
229836.23729999998,0
230736.85869999998,0
230822.4259,0
230897.8426,0
231243.78710000002,0
231351.4968,0
231353.245,0
231450.017,0
231691.95436666667,0
231891.6712,0
232187.804,0
232225.0946,0
232275.0705,0
232411.91509999998,0
232479.2237,0
232511.43550000002,0
232670.9644,0
233072.9131,0
233161.3527,0
233201.25089999998,0
233296.6442,0
233495.2318,0
233794.37482,0
233843.2476,0
233896.3669,0
233902.66933333332,0
234034.125,0
234271.1295,0
234528.45669999998,0
234632.0623,0
234978.8258,0
234979.3017,0
235048.9118,0
235590.644175,0
235663.1071,0
235861.6077,0
236180.0164,0
236268.9447,0
236425.5713,0
236433.9804,0
236492.48071666667,0
237013.6304,0
237649.85570000001,0
237761.1818,0
237823.6644,0
237980.5905,0
238038.4318,0
238187.274,0
239001.3495,0
239280.57630000002,0
239477.0836,0
239524.6726,0
239839.6804,0
239906.9894,0
240105.8498,0
240700.7547,0
240842.8049,0
241032.3371,0
241666.5439,0
241722.1344,0
241973.985,0
241981.0831,0
242035.31806666666,0
242382.6412,0
243030.4765,0
243256.9329,0
243283.96850000002,0
243343.447,0
243369.2493,0
243461.01608333332,0
243643.6293,0
243748.74300000002,0
243833.3696,0
243991.4838,0
244050.4961,0
244149.5786,0
244165.388,0
244254.718,0
244540.40409999999,0
244631.9553,0
244667.8174,0
244796.37170000002,0
244884.70328333334,0
245194.7771,0
245311.7001,0
245316.464,0
245414.2315,0
245662.2375,0
245908.9391,0
246014.9522,0
246045.9152,0
246207.2175,0
246475.19887999998,0
246533.18839999998,0
247061.1826,0
247366.4449,0
247535.1939,0
247624.9136,0
247703.888,0
247886.452075,0
248280.4582,0
248692.4683,0
248864.85330000002,0
249057.23369999998,0
249188.2319,0
249423.2282,0
249428.827,0
249517.34159999999,0
249831.6744,0
250012.9549,0
250043.3032,0
250062.0097,0
250189.74548,0
250238.1091,0
250855.7506,0
251141.7856,0
251252.1243,0
251381.2112,0
251623.923,0
251699.8446,0
251719.8136,0
251838.98369999998,0
252273.6923,0
252345.2155,0
252445.0213,0
252446.0543,0
252511.8021,0
252518.4039,0
252711.9032,0
252848.2723,0
252850.2829,0
252945.0381,0
253217.1242,0
253915.8933,0
254066.7517,0
254247.9986,0
255032.4763,0
255249.93910000002,0
255260.4464,0
255291.258,0
255478.7568,0
255489.4353,0
255549.112,0
255620.72759999998,0
256011.1125,0
256262.5046,0
256397.3058,0
256499.424,0
257082.309,0
257149.5645,0
257260.6787,0
257268.0087,0
257533.9336,0
257814.2012,0
257825.82993333333,0
257867.6089,0
258053.0921,0
258167.3605,0
258629.8522,0
258860.9921,0
258931.299,0
259096.4998,0
259246.3357,0
259309.0854,0
259312.1949,0
259654.1484,0
259698.4774,0
259708.3693,0
259774.35472499998,0
259799.6329,0
259868.1881,0
259884.5234,0
260421.5475,0
260566.98276666668,0
260628.734,0
260860.1079,0
260883.1319,0
260928.05109999998,0
260966.60379999998,0
261146.7446,0
261369.9962,0
261535.6162,0
261745.2905,0
261833.77120000002,0
261915.6837,0
261993.4769,0
262164.5589,0
262470.3015,0
262763.6793,0
262805.2992,0
263019.6461,0
263095.9312,0
263112.147,0
263158.1687,0
263342.2685,0
263448.5172,0
263965.1132,0
264179.4493,0
264203.1623,0
264212.6606,0
264442.6017,0
264524.7049,0
264999.4313,0
265203.6764,0
265228.2428,0
265264.5858,0
265395.1618,0
265549.5131,0
265676.4168,0
265756.3693,0
265847.0357,0
265850.9603,0
265877.9427,0
265913.4669,0
266018.42590000003,0
266212.2836,0
266386.63300000003,0
266600.2975,0
266631.9595,0
266832.44550000003,0
266850.025,0
267007.935,0
267039.5415,0
267164.3397,0
267271.2936,0
267425.2109,0
267934.7816,0
267948.8023,0
268254.479,0
268463.1172,0
268510.3945,0
268522.3114,0
268613.5201,0
268621.7548,0
269147.4836,0
269179.2692,0
269458.3308,0
269758.0291,0
269868.0506,0
269891.3834,0
270142.2084,0
270162.9986,0
270305.6846,0
270503.8767,0
270724.4179,0
270849.1008,0
270914.8778,0
270974.5798,0
271002.7821,0
271194.6662,0
271201.011,0
271261.5837,0
271381.716,0
271399.4334,0
271510.6578,0
271875.9833,0
271943.99,0
272136.9767,0
272237.9913,0
272282.6015,0
272946.3067,0
273143.2762,0
273170.778,0
273179.7861,0
273277.2475,0
273298.5331,0
273649.5318,0
273724.7106,0
273826.9154,0
273834.9905,0
273888.2656,0
274247.8501,0
274741.0362,0
274900.4648,0
274901.2456,0
274979.9557,0
275124.0875,0
275444.468,0
275509.5947,0
275512.8282,0
275551.6228,0
275560.7744,0
275652.1205,0
275903.3514,0
276026.0595,0
276124.2281,0
276140.135,0
276249.1685,0
276280.6295,0
276395.5884,0
276443.559,0
276504.8038,0
276522.2508,0
276573.5623,0
276601.6554,0
276684.1839,0
276706.6824,0
276885.0234,0
277108.4168,0
277570.92,0
277629.2585,0
277635.2718,0
277861.3809,0
277904.3557,0
277915.38529999997,0
277964.1468,0
278191.1529,0
278262.4655,0
278276.2041,0
278423.0008,0
278474.6561,0
278602.2245,0
278612.3385,0
278716.6365,0
278923.1452,0
279050.7487,0
279174.4068,0
279229.0196,0
279246.65249999997,0
279302.4314,0
279602.5409,0
279633.5431,0
279804.3342,0
279857.2058,0
279867.523,0
279963.6472,0
280131.5946,0
280295.8146,0
280439.0921,0
280479.346,0
280509.3861,0
280533.0327,0
280878.0554,0
280885.8358,0
280890.7319,0
280897.1961,0
280980.4268,0
281030.6839,0
281073.8422,0
281092.0407,0
281097.1227,0
281121.5132,0
281282.3415,0
281378.8041,0
281451.1965,0
281572.6835,0
281984.5387,0
282181.7787,0
282183.1859,0
282199.0110333333,0
282228.9972,0
282272.2033,0
282441.7737,0
282540.7298,0
282674.515,0
282835.3591,0
282917.534,0
282993.2627,0
283027.8023,0
283116.5531,0
283204.9692,0
283300.7538,0
283311.9831,0
283381.5986,0
283382.3598,0
283413.6193,0
283452.2398,0
283484.70519999997,0
283563.4635,0
283747.3696,0
283765.1833,0
283854.6331,0
284034.303,0
284332.0689,0
284386.0784,0
284827.9989,0
284877.8041,0
284929.1731,0
284974.7569,0
285105.3394,0
285211.2731,0
285262.04839999997,0
285278.93,0
285494.9599,0
285630.2955,0
285849.4276,0
285990.1512,0
286287.0132,0
286376.61,0
286691.517,0
287031.711,0
287083.2634,0
287188.6301,0
287280.9746,0
287302.6223,0
287451.2893,0
287566.3146,0
287591.024,0
287618.7024,0
287716.92220000003,0
288091.79110000003,0
288129.9653,0
288366.8409,0
289453.4534,0
289490.0856,0
289617.7043,0
289650.0597,0
289671.5885,0
289714.7881,0
289786.1392,0
289971.6638,0
290564.8976,0
290629.67590000003,0
290763.7041,0
290784.5351,0
290875.2945,0
291135.5748,0
291157.0207,0
291361.3997,0
291496.0193,0
291594.2826,0
291598.2902,0
291720.0673,0
291993.6446,0
292008.8103,0
292021.4546,0
293067.7963,0
293465.8244,0
293524.55449999997,0
293854.2309,0
294032.8725,0
294151.521,0
294170.2504,0
294283.975,0
294324.7227,0
294375.0066,0
294644.9539,0
295325.2506,0
295674.2184,0
296335.5593,0
296379.5036,0
296519.8502,0
296536.9721,0
296574.6617,0
296637.3912,0
297076.95420000004,0
297236.5635,0
297888.8646,0
298358.5248,0
298602.7564,0
298635.6617,0
299096.5814,0
299434.1845,0
299912.10719999997,0
299977.5856,0
300020.8924,0
300060.1888,0
300659.4743,0
300826.387025,0
301195.97213333333,0
301210.699,0
301248.0309,0
301688.8953,0
301751.8452,0
301839.9225,0
301887.0561,0
302221.7186,0
302652.26,0
302696.6256,0
302778.6031,0
302852.1517,0
303068.4141,0
303143.2454,0
303307.8442,0
303482.3931,0
303490.653,0
303557.9695,0
303694.1019,0
303697.3514,0
303985.3885,0
304048.0358,0
304193.5792,0
304243.3417,0
304415.2026,0
304428.0089,0
304433.5556,0
304807.9117,0
304809.7704,0
304901.3101,0
305122.8504,0
305843.1243,0
305865.2253,0
305976.0671,0
306012.0224,0
306499.8433,0
306615.113,0
306786.7609,0
306886.27198,0
307792.7936,0
308083.8667,0
308190.05449999997,0
308602.861,0
308737.9241,0
309272.7325,0
309356.9782,0
309667.2302,0
309927.3761,0
310062.612175,0
310142.0579,0
310278.7844,0
310341.5933,0
310616.5516,0
310656.12,0
310765.392,0
311081.0479,0
311108.4126,0
311509.2048,0
311530.2074,0
311544.94550000003,0
311653.8847,0
311662.828,0
311821.3666,0
311887.7009,0
311989.898,0
312013.2648,0
312204.0593,0
312221.8463,0
312423.2501,0
312716.36710000003,0
312771.3483,0
312824.4008,0
312841.34979999997,0
313704.3948,0
313861.22239999997,0
314128.1384,0
314275.8628333333,0
314459.5916,0
314505.2902,0
314541.6502,0
314662.6511,0
314987.8162,0
315129.6522,0
315504.6041,0
315543.0575,0
315711.1114,0
315811.69409999996,0
315986.4163,0
316363.0516,0
316372.9127,0
316425.3371,0
316507.4915,0
316937.49938,0
317017.945,0
317187.7089,0
317294.53904,0
317469.1239,0
317595.7274,0
318361.6299,0
319595.5192,0
319836.2314,0
319944.1081,0
320016.8124,0
320981.0878,0
320997.9365,0
321003.87549999997,0
321115.8896,0
321768.1503,0
321791.3985,0
321836.2549,0
321843.3174,0
322230.0218,0
322342.2212,0
322415.7164,0
322672.4926,0
322710.855,0
322956.14783333335,0
323298.8754,0
323631.881,0
323852.6709,0
323941.6732,0
324019.3658,0
324040.2922,0
324237.9007,0
324612.8057,0
324635.7688,0
324662.2125,0
324710.2091,0
324793.0687,0
324870.0887,0
325088.9838,0
325372.2399,0
325424.8226,0
325840.8145,0
325952.198,0
326131.3244,0
326501.987,0
326507.9816,0
326993.5128,0
327080.9052,0
327195.2697,0
327314.4369,0
327325.843,0
327334.0209,0
327566.4429,0
327809.27009999997,0
328184.8434,0
328256.8598,0
328282.4606,0
328599.5081,0
328714.8991,0
328854.8438,0
328964.5791,0
329045.1861,0
329253.5778,0
329283.51982,0
329419.9077,0
329521.3135,0
329651.4275,0
329790.8426,0
329924.404,0
330007.5182,0
330509.952,0
330667.2963,0
330761.9445,0
330981.4547,0
331002.7558,0
331053.3185,0
331191.345,0
331676.225,0
331912.1916,0
332284.4264666667,0
332286.9263,0
332461.6192,0
332495.2614,0
332498.7238,0
332705.9487,0
332731.987,0
332893.0436,0
332940.6106,0
333134.7166,0
333180.4203,0
333232.2319,0
333481.0814,0
334029.0289,0
334066.0882,0
334153.1342,0
334228.3258,0
334379.3896,0
334396.1497,0
334494.7291,0
334544.7855,0
334671.7735,0
334714.4429,0
334739.3102,0
335038.086,0
335173.83019999997,0
335241.0008,0
335414.8974,0
335771.8076,0
336461.7185,0
336461.8162,0
336530.8421,0
336884.1638,0
336894.5833,0
336988.3945,0
336992.2318,0
337026.29,0
337310.8952,0
337474.91191666666,0
338201.4574,0
338280.0652,0
339125.5718,0
339200.4446,0
339212.3826,0
339471.9538,0
339537.06796666665,0
339570.0601,0
339660.5229,0
339668.8917,0
339722.6285,0
339731.5231,0
339929.7876,0
339979.8488,0
340146.1788,0
340255.4134,0
340314.9064,0
340321.5503,0
340565.1263,0
340824.7027,0
340912.3604,0
340958.4119,0
340998.3267,0
341330.6038,0
341756.7435,0
341907.5671,0
341930.8352,0
342188.7364,0
342382.614,0
342480.9022,0
342891.8517,0
343181.0162,0
343335.8976,0
343568.9383,0
343580.3867,0
343636.7117,0
343656.6102,0
343829.7951,0
343901.1953,0
344306.3639,0
344524.0448,0
344601.2191,0
344646.6084,0
344944.4039,0
345055.9843,0
345097.6012,0
345117.6607,0
345125.8019,0
345153.9980833333,0
345616.516,0
345649.7499,0
345671.2368,0
345712.6621,0
345934.6553,0
346138.4452,0
346170.7218,0
346235.6353,0
346373.6262,0
346525.3605,0
346678.1927,0
346777.5321,0
346941.2337,0
347156.43929999997,0
347643.7226,0
347993.1695,0
348290.0236,0
348540.629,0
348726.6455,0
348816.9962,0
348823.3722,0
349231.675,0
349327.7888,0
349655.9584,0
349792.7152,0
349856.3594,0
350349.02,0
350473.7624,0
350475.6081,0
350676.2018,0
350744.0575,0
350765.4056,0
350807.8889,0
350965.3385,0
350971.4562,0
350982.9199,0
351027.2686,0
351070.7229,0
351441.5306,0
351497.4093,0
351601.6328,0
351712.9785,0
351824.6684,0
351868.49820000003,0
351929.6614,0
352160.9278,0
352271.6015,0
352361.2638,0
352414.2048,0
352530.648,0
352688.0615,0
352692.1527,0
352895.3792,0
353220.8179,0
353270.766,0
353487.4417,0
353661.8867,0
354217.4518,0
354239.3854,0
354257.47640000004,0
354615.9024,0
354678.0112,0
354823.3482,0
354834.5004,0
354905.167,0
354937.4351,0
355132.4085,0
355237.4027,0
355399.7617,0
355453.6936,0
355587.1522,0
355614.4262,0
355881.9213,0
355896.1422,0
355967.9019,0
355983.7688,0
356014.2566,0
356089.648,0
356205.5353,0
356426.1939,0
356603.27760000003,0
357245.0412,0
358106.09369999997,0
358224.3213,0
358228.9906,0
358252.5403,0
358301.4347,0
358413.7833,0
358527.67,0
358534.4684,0
358615.5995,0
358665.7274,0
358796.7453,0
359152.62690000003,0
359245.0422,0
359309.1898,0
359425.733,0
359443.7035,0
359625.2287,0
359789.6854,0
359840.7168,0
359885.91359999997,0
359930.2928,0
359952.6693,0
359958.6678,0
360054.9599,0
360288.9225,0
360346.03839999996,0
360418.1512,0
360543.7673,0
360632.4664,0
360842.3482,0
360910.9758,0
361127.4655,0
361224.015,0
361540.0522,0
361618.3093,0
361822.8861,0
361853.9524,0
361948.8913,0
361949.3531,0
361996.9511,0
362108.3855,0
362179.9899,0
362259.44180000003,0
362478.6923,0
362534.1423,0
362771.4556,0
362957.5319,0
363216.9002,0
363423.6642,0
363634.71869999997,0
363667.8655,0
363725.1578,0
363730.6919,0
363863.0544,0
363986.2193,0
364536.9996,0
364601.5986,0
364623.9005,0
364848.602,0
364945.7017,0
364967.1686,0
365452.6047,0
365576.5893,0
365807.8014,0
365835.338,0
365839.4329,0
365877.9338,0
366012.0565,0
366023.3889,0
366116.6703,0
366136.1747,0
366141.72490000003,0
366296.909,0
366402.2468,0
366432.83389999997,0
366936.6711,0
367270.0033,0
367343.4547,0
367631.7549,0
368073.7878,0
368116.44539999997,0
368305.6241,0
368567.9524,0
368599.824,0
368807.4545,0
368832.73152000003,0
368876.8988,0
369394.8041,0
369489.3448,0
369596.4671,0
369963.1163,0
370229.2284,0
370373.6013,0
370555.3115,0
370706.6663,0
371102.6742,0
371153.7086,0
371387.9659,0
371575.16099999996,0
371624.923,0
371649.97490000003,0
372094.6766,0
372244.3318,0
372253.1768,0
372311.0356,0
372432.9929,0
372603.5886,0
372713.3622,0
372725.872,0
372815.2777,0
372889.0256,0
372899.7949,0
373119.5223,0
373248.0235,0
373263.2362,0
373606.7391,0
373638.0068,0
374416.7142,0
374671.3477,0
374859.6235,0
374871.1668,0
375047.4645,0
375111.7879,0
375119.3772,0
375176.5417,0
375571.55819999997,0
375682.2077,0
375708.2541,0
375804.0506,0
375810.669,0
375939.9557,0
376095.4992,0
376170.4667,0
376178.0384,0
376280.0044,0
376389.6253,0
376722.35349999997,0
376921.46030000004,0
377155.4977,0
377199.7894,0
377600.2885,0
377666.9469,0
377829.2762,0
377988.1777,0
378055.6534,0
378091.5919,0
378250.62820000004,0
378297.856,0
378430.5593,0
378503.4835,0
378539.13529999997,0
378594.2278,0
378734.9943,0
378797.8513,0
378987.9511,0
378997.25190000003,0
379106.2841,0
379327.4378,0
379404.2341,0
379407.6692,0
379408.3506,0
379609.9414,0
379843.48230000003,0
379940.4776,0
379953.3788,0
379982.6015,0
380122.3096,0
380563.0101,0
380696.3642,0
380871.1569,0
380923.9974,0
380983.2774,0
381205.3293,0
381225.5928,0
381247.7494,0
381362.4219,0
381412.9891,0
381474.6484,0
381526.1925,0
381530.798,0
381565.5871,0
381587.3876,0
381913.5931,0
381941.22849999997,0
382264.6434,0
382282.6625,0
382298.598,0
382476.7209,0
382794.2161,0
383214.1934,0
383348.5306,0
383413.6223,0
383595.6014,0
383654.1065,0
383708.7032,0
383719.9754,0
383769.45160000003,0
384408.47116666666,0
384646.02520000003,0
384831.3939,0
385156.78359999997,0
385296.9406,0
385366.2179,0
385501.8987,0
385578.7909,0
385936.3514,0
386193.5856,0
386560.20889999997,0
386594.07920000004,0
386813.6575,0
387135.7238,0
387411.6477,0
387425.7885,0
387613.8938,0
387642.7078,0
387986.1746,0
388046.6933,0
388282.4765,0
388288.8874,0
388306.5827,0
388409.2341,0
388458.2314,0
388795.70310000004,0
388807.0311,0
388891.5365,0
388962.7679,0
389197.4509,0
389331.3331,0
389530.4526,0
389648.6284,0
389809.1943,0
389882.6976,0
389947.0515,0
390097.4236,0
390595.2104,0
391215.8733,0
391301.3229,0
391702.8338,0
391750.5969,0
391792.5785,0
391825.7644,0
391909.2596,0
391944.5687,0
392216.75789999997,0
392336.90859999997,0
392380.05956666666,0
392578.6692,0
392647.3527,0
392693.08305,0
392770.47490000003,0
392779.3007,0
392824.7956,0
393095.66240000003,0
393209.7101,0
393943.1673,0
394447.8939,0
395129.32039999997,0
395615.5572,0
396648.4131,0
396846.8881,0
396912.8226,0
397317.5502,0
397471.1579,0
397551.2787,0
397562.5613,0
397603.8415,0
397876.6226,0
397993.1744,0
398080.87930000003,0
398117.883125,0
398550.9161,0
398929.6259,0
399173.028,0
399678.8169,0
399824.4571,0
400253.5656,0
400710.848,0
401331.7673,0
402017.1464,0
402105.1331,0
402209.8259333333,0
402348.1085,0
402517.5737,0
402573.1686,0
403250.1352,0
403366.2976,0
403778.0922,0
403846.90568333335,0
403976.5632,0
404087.9619,0
404114.5476,0
404209.8363,0
404228.8779,0
404336.9366,0
404465.0505,0
404548.6234666667,0
404781.3527,0
404832.6021,0
405022.5236,0
405047.0506,0
405056.4365,0
405106.355,0
405109.7415,0
405184.59555,0
405823.0244,0
405861.3493,0
405916.2288,0
405923.24376,0
406438.3619,0
406843.8781,0
406849.8733,0
407011.7827,0
407419.496,0
407438.6125,0
408088.3512,0
408388.569,0
408421.5395,0
408568.8506,0
408679.1314,0
408731.78,0
409394.4139,0
409530.7365,0
409606.8948,0
409736.1189,0
409888.3783,0
410047.9958,0
410368.7837,0
410426.505,0
410740.7932,0
410784.9924,0
410849.0052,0
410870.6934,0
411061.5845,0
411237.6862,0
411496.3757,0
411773.3753,0
412165.3079,0
412277.1386,0
412307.5531,0
412317.2875,0
412440.11340000003,0
412479.42590000003,0
412506.5319,0
412769.4668,0
413024.8401,0
413028.9562,0
413039.5367333333,0
413340.4374,0
413373.0726,0
413502.2861,0
413507.27268,0
413595.18,0
413895.2387,0
414049.431,0
414326.9176,0
414531.29240000003,0
414639.0782,0
414703.9977,0
414836.0562,0
414913.3114,0
415212.2125,0
415381.114,0
415392.75186666666,0
415601.6328,0
415621.8861,0
415673.9987,0
415855.9736,0
416216.3997,0
416724.3064,0
416750.5835,0
416861.8332,0
417155.92960000003,0
417275.7703,0
418001.8617,0
418022.8111,0
418519.5793,0
418659.507,0
418974.4288,0
419677.3872,0
420047.5322,0
420206.0756666667,0
420359.4652,0
420538.0872,0
420762.5527,0
420845.6841,0
421099.5271,0
421168.6362,0
421264.0498,0
421325.8159,0
421390.2744,0
421496.0669,0
421652.6941,0
421892.6406,0
422071.0481,0
422464.9487,0
422484.4781,0
422678.6385,0
422974.8386,0
423337.2784,0
423376.9961,0
423408.5345,0
423416.4152,0
423656.0451,0
423765.1884,0
423842.5455,0
424119.9312,0
424256.2281,0
424345.9236,0
424362.0037,0
424515.436,0
424623.3918,0
424658.1161,0
424662.0066,0
424712.9631,0
424814.376,0
424933.8819,0
424964.692,0
424988.0543,0
425418.0586,0
425582.5858,0
425609.4721,0
425682.2909,0
425745.0106,0
425781.4192,0
426046.5573,0
426292.4065,0
426574.31429999997,0
426626.2382,0
426796.4237,0
426937.3163,0
426951.0363,0
426951.3991,0
427133.0302,0
427205.8894,0
427502.3619,0
427588.0453,0
427679.2881,0
427748.3427,0
427790.6819,0
427946.2391,0
427993.341,0
428152.9122,0
428416.7631,0
428460.9223,0
428562.1673,0
429022.2079,0
429075.0588,0
429108.0724,0
429230.6147,0
429272.9969,0
429280.8446,0
429697.1561,0
429857.4487,0
430059.3607,0
430218.0305,0
430238.0791,0
430342.2552,0
430371.1487,0
430533.9077,0
430827.778,0
430929.5919,0
431086.8733,0
431172.6258,0
431379.5438,0
431487.2582,0
431768.231,0
431883.52749999997,0
431966.79720000003,0
432289.8097,0
432704.653,0
432709.9565,0
432767.823,0
432938.5171,0
433250.0516,0
433380.0103,0
433387.7323,0
433393.8459,0
433466.8937,0
433473.811,0
433817.9584,0
434004.8602,0
434052.9722,0
434192.1815,0
434286.9881,0
434294.74679999996,0
434420.2268,0
434486.83759999997,0
434827.2135,0
434828.5321,0
434959.4201,0
435086.6685,0
435145.8537,0
435247.9765,0
435361.4128,0
435367.3973,0
435442.4511,0
435459.2914,0
435527.3781,0
435537.0088,0
435903.2464,0
436072.0504,0
436111.2736,0
436146.3208,0
436257.7374,0
436299.6101,0
436383.5826,0
436389.1719,0
436453.9623,0
437050.8971,0
437145.2978,0
437267.2258,0
437508.6412,0
437566.8136,0
437832.7104,0
438046.148,0
438063.6621,0
438358.7214,0
438647.7064,0
438809.3166,0
438995.8868,0
439041.529775,0
439066.2128,0
439130.4882,0
439332.753,0
439552.518,0
439579.2926,0
439704.5837,0
439780.1326,0
439785.8885,0
439877.3677,0
440436.1968,0
441220.2974,0
441303.8816,0
441327.9841,0
441338.6993,0
441424.7341,0
441426.4947,0
441475.2733,0
441601.63769999996,0
441666.9971,0
441676.3461,0
441819.7117,0
441832.3556,0
441856.9532,0
442040.4667,0
442075.21510000003,0
442080.3923,0
442144.1596,0
442198.5459,0
442216.2372,0
442246.2533,0
442313.4294,0
442510.9937,0
442722.7253,0
443189.961,0
443264.9095,0
443569.5154,0
443723.6493,0
444072.7317,0
444429.8815,0
444456.9212,0
444780.3058,0
444870.7852,0
444962.806,0
444963.4731,0
445013.4795,0
445036.8532,0
445142.5314,0
445214.59750000003,0
445255.8374,0
445262.2401,0
445319.2214,0
445524.4565,0
445582.6055,0
446059.1826,0
446078.8434,0
446370.8444,0
446422.823,0
446607.427,0
446722.2638,0
446730.5051,0
446732.4898,0
446835.173,0
446987.5427,0
447176.1319,0
447308.1727,0
447332.8254,0
447345.1459,0
447359.8783,0
447394.5661,0
447808.2693,0
447814.122,0
448154.3418,0
448159.1571,0
448242.2361,0
448349.3566,0
448491.197,0
448530.6752,0
448637.2279,0
448638.5933,0
448657.8115,0
448658.0657,0
448771.4653,0
448822.3099,0
449211.78,0
449219.408,0
449476.423,0
449486.0524,0
449584.5679,0
449758.5278,0
449819.7051,0
450035.2157,0
450261.5245,0
450312.8974,0
450523.4193,0
450581.0972,0
450941.9015,0
450959.77749999997,0
451238.1701,0
451385.2733,0
451512.2271,0
451702.6934,0
451984.0495,0
452291.4801,0
453172.07,0
453551.1155,0
453623.42579999997,0
453716.2234,0
453817.7055,0
453822.6483,0
453895.0833,0
454027.4048,0
454151.9993,0
454431.3263,0
454445.1681,0
454463.5869,0
454608.3102,0
454763.7691,0
455112.4449,0
455161.34495,0
455188.0168,0
455261.1377,0
455414.42,0
455471.5948,0
455598.2945,0
455739.6174,0
455825.477,0
455898.9038,0
456002.3351,0
456024.2973,0
456027.1536,0
456056.4153,0
456083.776,0
456131.7748,0
456211.9032,0
456328.2575,0
456466.45759999997,0
456471.8122,0
456908.1584,0
456939.90260000003,0
457259.6555,0
457742.8613,0
457940.5186,0
458064.5915,0
458239.3423,0
458327.5047,0
458507.8337,0
458558.4445,0
459109.2502,0
459452.0577,0
459670.48230000003,0
459910.8099,0
459940.9529,0
460163.8948,0
460481.90506666666,0
460672.0474,0
460919.3298,0
460921.42559999996,0
460954.8607,0
461055.272,0
461346.6048,0
461411.5594,0
461426.0569,0
461481.362,0
461497.9554,0
461891.41359999997,0
462004.1724,0
462025.663,0
462042.1209,0
462048.0923,0
462062.9354,0
462974.7894,0
463071.5666,0
463298.3166,0
463559.8411,0
463876.5544,0
464032.6621,0
464055.7019,0
464299.3584,0
464367.2035,0
464593.559,0
464837.1169,0
464898.75430000003,0
464936.8722,0
464946.0904,0
465007.9422,0
465135.5744,0
465238.6449,0
465383.0528,0
465696.29480000003,0
465707.0277,0
465863.1811,0
465873.5417,0
465995.32039999997,0
466224.7633,0
466262.7827,0
466644.2296,0
466675.8331,0
466896.9726,0
466983.8205,0
467500.4879,0
467949.3465,0
467961.1272,0
468077.9561,0
468260.6147,0
468655.7242,0
468792.5359,0
469126.0759,0
469269.9534,0
469431.2767,0
469515.11950000003,0
469548.3552,0
469562.9994,0
469606.17189999996,0
469708.6859,0
469708.8291,0
469879.461,0
469987.4183,0
470084.6034,0
470341.3551,0
470482.0957,0
470528.17898,0
470621.1541,0
470649.0038,0
470872.9461,0
470943.56799999997,0
471039.2622,0
471071.8169,0
471137.1438,0
471194.8309,0
471239.5301,0
471446.0493,0
471595.7801,0
471620.5925,0
471670.4633,0
471815.4331,0
471823.4765,0
471869.3882,0
471913.19,0
472047.7433,0
472329.65626,0
472541.4068,0
472970.3446,0
473075.1482,0
473447.2239,0
473461.6775,0
473692.1811,0
473894.989,0
474183.53740000003,0
474231.1386,0
474335.7981,0
474529.7592,0
474557.3236,0
474648.2787,0
474686.4382,0
474883.5794,0
475124.39916,0
475160.5105,0
475383.3123,0
476562.05079999997,0
476936.8123,0
477106.5909,0
477328.58536666667,0
477353.4606,0
477388.5979,0
477484.8623,0
477559.9416,0
478110.2605,0
478255.945,0
478503.024,0
478509.7613,0
478882.1528,0
479358.8145,0
479554.0133,0
480015.51410000003,0
480344.6551,0
480377.4132,0
480698.3803,0
480977.91370000003,0
481099.4788,0
481256.01159999997,0
481263.1346,0
481402.9172,0
481456.5325,0
481741.00049999997,0
481833.9941,0
482075.3772,0
482108.0832,0
482172.3274,0
482177.368,0
482277.4176,0
482333.8751,0
482388.3782,2484.3107999999775
482624.1635,0
482753.7294,0
483086.5407,0
483720.1752,0
483726.8259,0
483834.8229,0
484029.8023,0
484085.8736666667,0
484641.8403,0
484686.7134,0
484711.3086,0
484719.5299,0
484788.0498,0
484807.4887,0
485076.48230000003,0
485109.21373333334,0
485172.8692,0
485431.7153,0
485859.4477,0
485944.5633,0
486282.66599999997,0
486437.4941,0
486773.3046,0
486982.1817,0
487458.03698333335,0
487566.1742,0
487629.4694,0
487808.5754,0
488469.819,0
488549.87309999997,0
488613.1118,0
488798.2085,0
489340.238,0
489413.37069999997,0
489684.0229,0
489691.2256,0
490005.2191,0
490276.3108,0
490476.4399,0
490536.85589999997,0
490569.8955666667,0
490795.5407,0
491271.8754,0
491722.7924,0
492083.8141,0
492234.6693,0
492423.9864,0
492426.9338,0
492651.0855,0
492661.0246,0
493270.9138,0
493309.6715,0
493661.1659,0
493903.6174,0
494239.5037,0
494405.2929,0
494545.6336,0
494666.0743,0
494726.2487,0
495056.1491,0
495535.8651,0
495548.4223,0
495696.95366666664,0
495754.3182,0
496337.63295,0
496378.1907,0
496993.696,0
497050.7561,0
497235.0931,0
497294.2684,0
497299.8949,0
497924.0587,0
498432.7924,0
498487.092,0
498553.5257,0
498574.43200000003,0
498592.63430000003,0
498653.0048,0
498820.7481,0
498827.0788,0
498855.0737,0
498952.53296,0
499292.58770000003,0
499362.0157,0
499597.9665,0
499839.6369,0
499874.7651,0
499957.3807,0
500007.316,0
500252.4198,0
500318.311,0
500368.154,0
500373.02464,0
500513.26159999997,0
500722.3234666667,0
500753.60109999997,0
500771.4456,0
500875.6167,0
501083.3847,0
501110.4919,0
501261.2905,0
501392.9767,0
501442.2015,0
501468.41359999997,0
501532.0511,0
502048.3109,0
502347.9585,0
502390.5966,0
502445.675,0
502454.6838,0
502559.81345,0
502561.9533,0
502894.5016,0
503050.7781,0
503377.4376,0
503547.86358,0
503625.7746,0
503744.19425,0
504017.165,0
504110.3636,0
504324.8403,0
504396.5811,0
504680.0497,0
505042.4786,0
505277.8741,0
505324.99950000003,0
505460.2232,0
505535.3302,0
505596.6053,0
505702.2631,0
505953.3846,0
506184.0412,0
506344.0585,0
506378.4217,0
506386.7952,0
506452.5683,0
506622.14444,0
507147.0992,0
507322.307,0
507422.0501,0
507467.9409,0
507519.2579,0
507659.7393,0
507851.1418,0
507871.7065,0
507962.6834,0
508347.3574,0
508473.1352,0
508865.41969999997,0
509170.9521,0
509301.5702,0
509306.57409999997,0
509549.2858,0
509620.602,0
509711.4053,0
509959.4579,0
510083.0654,0
510120.6394,0
510213.7938,0
510414.48840000003,0
510668.1063,0
510715.5954,0
510853.5563,0
510957.5114,0
511005.2935,0
511174.9795,0
511333.9097,0
511786.1438,0
512158.3623,0
512227.1958,0
512755.9454,0
512799.3058,0
512873.6596,0
513059.4751,0
513172.66359999997,0
513184.8117,0
513276.5861,0
513282.33325,0
513295.4855,0
513503.4656,0
513556.4127,0
513652.1446,0
513810.8248,0
513870.3423,0
514452.9121,0
514471.5412,0
514586.11,0
514664.9922,0
514687.6479,0
514731.6136,0
514764.3459,0
514852.7017,0
515054.6236,0
515101.2805,0
515137.7131,0
515176.15071666666,0
515316.3421,0
515441.2697,0
515855.77749999997,0
515976.8269,0
516092.0608,0
516576.8689,0
516587.7055,0
516782.3039,0
517315.4394,0
517418.2403,0
517535.90119999996,0
518017.755,0
518179.62073333334,0
518622.7827,0
518689.3428,0
518779.1006,0
518791.4176,0
518794.6677,0
518893.06005,0
518945.8661,0
518952.8965,0
519235.5036,0
519403.4646,0
519586.7132,0
519602.9558,0
519709.7703,0
519739.7788,0
519847.0951,0
519896.0098,0
520021.5473,0
520279.565,0
520310.1406,0
520343.2039,0
520492.4657,0
520927.7061,0
521120.74450000003,0
521157.2821,0
521213.6668,0
521298.56669999997,0
521348.98809999996,0
521548.141,0
521693.5703,0
521746.3816,0
521892.9453,0
522063.3973,0
522291.6773,0
522303.5816,0
522395.7624,0
522440.1687,0
522860.0182,0
523474.0633,0
523587.5358,0
523753.9574,0
523846.0962,0
523849.4817,0
524309.7554,0
524365.3138,0
524429.0386,0
524527.5347,0
524677.1154,0
524678.2757,0
525036.5891,0
525083.1182,0
525333.9935,0
525520.6746,0
525613.1828,0
525728.2058,0
525729.0617,0
526003.4888,0
526012.6771,0
526360.3558,0
526598.41,0
526613.9829,0
526799.30322,0
526895.7814,0
527060.6494,0
527177.3542,0
527209.2392,0
527226.306,0
527304.6942,0
527342.507,0
527433.5026,0
527438.842,0
527461.6601,0
527614.9079,0
527623.835,0
527878.7355,0
527931.6269,0
528153.6255,0
528248.3939,0
528288.7188,0
528401.6299,0
528550.9215,0
528811.0084,0
528858.6677,0
528965.9663,0
528974.447,0
529035.7635,0
529107.5677,0
529215.1691,0
529345.8642,0
529367.0091,0
529404.792,0
529451.2615,0
529658.9701,0
529770.5331,0
529971.0479,0
530125.1066,0
530431.2813,0
530676.7154,0
530771.5395,0
530853.4612,0
531109.5272,0
531215.4243,0
531436.4641,0
531444.3975,0
531517.5051,0
531646.8854,0
531772.9199,0
532034.554,0
532314.6412,0
532446.3831,0
532491.5206,0
532681.1432,0
533247.6199,0
533343.0297,0
533477.3683,0
533496.0205,0
533612.6811,0
533793.9447,0
534131.9677,0
534306.949,0
534353.9653,0
534372.5626,0
534377.4208,0
534508.3023,0
534558.0323,0
534707.455,0
534828.5782,0
534834.3122,0
534902.4293,0
535006.731,0
535177.53,0
535192.159,0
535259.8878,0
535270.0995,0
535320.5918,0
535620.7177,0
535856.9057,0
536233.9881,0
536360.0193,0
536455.3612,0
536474.6136,0
536516.747,0
536538.0723,0
536684.4614,0
536833.6298,0
536906.6473,0
537155.0254,0
537688.7422,0
537743.8736,0
538246.2476,0
538378.717,0
538553.227,0
538595.2568,0
538653.6051,0
538714.4585,0
538720.8569,0
539031.5265,0
539124.2007,0
539351.0687,0
539522.627,0
539625.2344,0
539864.2777,0
539993.9787,0
540144.3632,0
540343.2698,0
540628.3548,0
540892.8833,0
540896.4876,0
541021.1096,0
541152.3832,0
541320.5064,0
541328.0878,0
541477.399,0
541543.7559,0
541753.6846,0
541950.848,0
542031.0859,0
542062.0205,0
542347.7247,0
542356.9357,0
542551.6794,0
542601.3418,0
542620.7073,0
542720.0945,0
542728.0399,0
542850.9890000001,0
542918.1513,0
543204.0172,0
543381.2751,0
543483.6613,0
543537.0836,0
543592.3231,0
543680.3743,0
544033.497,0
544152.7299,0
544552.9321,0
544570.3223,0
544690.9947,0
544908.9892,0
545080.8398,0
545272.3031,0
545285.7819000001,0
545344.6263,0
545381.1139,0
545402.2817,0
545462.9096,0
545545.1949,0
545547.6116,0
546033.2254,0
546140.8644,0
546223.9676,0
546377.8036,0
546976.4576,0
547009.0782,0
547021.765,0
547143.2649,0
547431.1788,0
547486.4887,0
547522.725,0
547631.27,0
547693.3938,0
547729.3488,0
547769.8445,0
547807.3837,0
547966.5581,0
548086.3418,0
548106.1938,0
548266.2963,0
548339.6691,0
548376.6674,0
548788.8432,0
548811.866,0
548874.1385,0
548890.1275,0
549162.8768,0
549248.6669,0
549307.1606000001,0
549353.013,0
549700.3538,0
549756.4268,0
549981.1322,0
550038.2171,0
550163.4752,0
550409.0108,0
550521.3157,0
550671.7799,0
550878.6996,0
551053.288,0
551631.424,0
551635.054,0
551685.6962,0
551794.658,0
551916.4329,0
552164.5432,0
552687.3025,0
552728.8548,0
553271.5628,0
553282.9688,0
553905.2295,0
553910.7194000001,0
553992.1514,0
554254.2128,0
554334.9899,0
554387.7833,0
554391.6555999999,0
554453.8936000001,0
554540.3501,0
554689.6862,0
554922.633,0
554977.6404,0
555277.248,0
555399.0498,0
555585.7062,0
555644.2272,0
555698.2788,0
555949.1971,0
556024.2752,0
556387.7304,0
556532.0577,0
556785.1885,0
556867.8217,0
556881.7036,0
557351.8081,0
557447.7266,0
557838.7061,0
557898.2747,0
558211.4601,0
558332.8233,0
558395.3344,0
558396.392,0
558458.0693,0
558477.3888,0
558518.4794,0
558615.9124,0
558718.8597,0
559035.0755,0
559062.4821,0
559321.9309,0
559504.1029,0
559722.2555,0
559791.5716,0
560080.2639,0
560119.5105,0
560552.4162,0
560558.3041,0
560575.8899,0
560576.307,0
560922.2884,0
560931.4905,0
561078.7346,0
561101.7767,0
561406.0611,0
561751.222,0
561868.2562,0
562016.297,0
562507.7598,0
562696.1624,0
562886.2411,0
562931.3229,0
562950.0658,0
563215.6807,0
563494.8662,0
563583.0436,0
563626.2775,0
563720.2313,0
564114.6887,0
564212.7255,0
564309.6106,0
564363.9192,0
564463.1814,0
564655.3551,0
564690.8854,0
564854.6166,0
565582.9496,0
565668.5891,0
565792.9836,0
565798.0809,0
565921.4107,0
565955.4719,0
566039.7512,0
566067.227,0
566217.1075,0
566553.8909,0
566609.7755,0
566674.38158,0
566743.0462,0
567083.462,0
567351.6095,0
567977.6016,0
568110.0725,0
568283.5384,0
568298.5896,0
568830.3963,0
569053.5352,0
569076.2377666667,0
569086.3138,0
569295.5331,0
569304.8204,0
569347.0433,0
569370.60814,0
569638.8716,0
569793.9487000001,0
570040.667,0
570578.2012,0
571074.9632,0
571085.9342,0
571253.651,0
571764.1093,0
571784.9262,0
571958.1385,0
572089.4348,0
572109.3602,0
572360.5593333333,0
572429.9383,0
572481.048,0
572538.201,0
572721.0051,0
573147.5982,0
573239.4874,0
573923.4892,0
574351.6714,0
574504.2111,0
574622.7163,0
574873.6875,0
574965.7973,0
575019.8049,0
575078.038575,0
575413.9566,0
575436.149,0
575666.0166,0
575966.1467,0
576286.0275,0
576400.0366,0
576416.81654,0
576442.8546,0
576454.4839999999,0
576465.5786,0
576571.2937,0
576742.3306,0
576915.6692,0
576925.0706,0
576953.623,0
577189.1476,0
577213.5235,0
577909.1682,0
577922.5998,0
578048.6462,0
578067.357,0
578117.5365,0
578134.3424,0
578140.6852,0
578370.48,0
578550.2453,0
578604.0152,0
578651.4707,0
578926.15398,0
579594.019,0
579972.0808,0
580260.8299,0
580268.2691,0
580298.7257,0
580730.0676,0
580758.2669,0
580976.6192,0
581026.6194,0
581094.6689,0
581580.7406,0
581694.8529,0
581884.0253,0
582134.2284,0
582435.3836000001,0
582795.92894,0
582822.4729,0
583301.4672,0
583376.1698,0
583468.4645,0
583565.5668,0
583621.6905,0
583834.5227,0
584210.778,0
584289.4176,0
584360.4617,0
584486.4098,0
584590.3139,0
584718.6467,0
584805.3004,0
585580.7356,0
585844.123075,0
585914.7122666667,0
586271.2125,0
586299.0371,0
586328.7029,0
586585.5407,0
586896.0487,0
586993.921,0
587103.5695,0
587428.3943,0
587505.2002,0
587506.3097,0
588018.1342166667,0
588273.6858,0
588499.2905,0
588680.1189,0
588813.3258,0
588905.9176,0
588993.6768,0
589303.9157,0
589358.3208,0
589381.3078,0
589420.0198,0
589436.6309,0
589599.672,0
589656.0449,0
589743.9464,0
590106.8601,0
590213.9794,0
590303.7605,0
590592.226,0
590662.7988,0
590748.1523,0
590774.1828,0
590867.2177,0
590938.285,0
590990.9599,0
591093.3039,0
591214.9994,0
591343.9473,0
591466.458,0
591512.3912,0
592030.3634,0
592063.8926,0
592286.1597,0
592361.9736,0
592425.7058,0
592682.0871,0
592793.7276,0
592947.9909,0
593182.149,0
593219.90835,0
593283.9773,0
593517.3638,0
593912.6382,0
593936.4046,0
594046.4597,0
594110.3933,0
594179.018,0
594219.4825,0
594233.4193,0
594855.5115,0
595173.5089,0
595235.2346,0
595350.9101,0
595365.5913,0
595457.6416666667,0
595533.4556,0
595663.8305,0
595862.6037,0
596426.8435,0
596519.4561,0
596540.2255,0
596620.5787,0
596659.3797,0
596816.981125,0
596905.5762,0
597155.0665,0
597158.3968,0
597250.8078833333,0
597304.9221,0
597405.0244,0
597529.3448,0
597802.0353,0
597951.6732,0
598584.5077,0
598707.9214,0
598763.7012,0
598764.6126,0
598855.8248,0
598927.1866,0
598954.517,0
599019.9527,0
599053.92,0
599798.9587,0
599850.6745,0
599934.371,0
599981.2052,0
600011.6668,0
600329.9455,0
600501.4149,0
601000.0485,0
601011.2018,0
601522.5532,0
602069.1886,0
602125.9279,0
602265.7667,0
602601.312,0
602605.7223,0
602624.8693,0
602667.0632,0
602834.4684,0
602898.3407000001,0
603174.8516,0
603683.0777,0
603837.0561,0
603930.3589,0
603939.7121,0
604202.4929,0
604501.1698,0
604582.8438,0
604656.2266,0
604689.1751999999,0
604689.7969,0
604978.2829,0
604980.5388,0
605003.3447,0
605014.5075,0
605052.0429,0
605193.345,0
605198.848,0
605568.5592,0
605669.388,0
605813.7888,0
605838.6816,0
606135.7819,0
606224.0301,0
606302.1251,0
606419.0848,0
606552.2787,0
606640.9415,0
607111.3105,0
607247.7728,0
607563.0997,0
607687.617,0
607784.6946,0
607808.0379,0
607856.8598666666,0
608186.2365,0
608252.7839,0
608301.3016,0
608370.264,0
608403.5515000001,0
608479.8591,0
608529.3342,0
608561.1902,0
608696.5991,0
608701.9512,0
608705.1864,0
608907.6862,0
609151.8518,0
609176.679,0
609401.6649,0
609586.4143,0
609651.477,0
609877.0478000001,0
609982.7329,0
610490.5586,0
610629.4559,0
610736.7619,0
610832.6702,0
610889.0755,0
610970.2892333333,0
611051.427,0
611104.2166,0
611198.7741,0
611232.5491,0
611235.8065,0
611654.6114,0
611883.1866,0
612028.3508833334,0
612171.8432,0
612202.7988,0
612266.9344,0
612383.5142,0
612500.6631,0
612753.2526,0
612812.8719,0
612944.8729,0
612971.8187,0
612994.8785,0
613669.2021999999,0
613729.5087,0
613734.9308,0
613779.0418,0
613841.4297,0
613897.9081,0
613998.3308,0
614028.5066,0
614036.0707,0
614240.0573,0
614696.4279,0
614724.8721,0
614891.4045,0
615090.1521,0
615572.7097,0
615649.4126,0
615981.1328,0
616054.1302,0
616257.5062,0
616446.4711,0
616621.3815,0
616664.6156,0
616679.4059,0
616691.8514,0
616872.8725,0
617320.1935,0
617529.6964,0
617610.4609,0
617675.835,0
617687.9092,0
617988.0126,0
618043.6666,0
618090.2294,0
618130.689,0
618241.195,0
618262.2407,0
618421.1398,0
618440.2085,0
618447.458,0
618528.7487,0
618537.7161,0
618544.7011,0
618587.8406,0
618740.3568,0
618811.2606,0
618835.6734,0
618849.1754,0
619425.8009666667,0
619563.625,0
619734.915,0
619851.244,0
619992.6292,0
620100.3344,0
620167.927,0
620254.9558,0
620269.3556,0
620370.6369,0
620546.9178,0
620810.4959,0
620843.0928,0
620855.1214000001,0
620868.7993000001,0
621005.996,0
621260.2226,0
621529.8859,0
621818.4646,0
622173.1066,0
622256.8903,0
622405.0087,0
622877.9867,0
622967.9648,0
623005.312375,0
623111.6851,0
623468.1382,0
623505.5531,0
623904.9461000001,0
623982.1054,0
624048.1494,0
624263.3116,0
624360.3628,0
624372.6728000001,0
624466.2141,0
625457.2652,0
625808.269,0
625851.0138,0
625861.2133,0
625881.3705,0
626055.8263,0
626091.4284,0
626290.4967,0
626457.5224,0
626665.0024,0
626757.332,0
626953.0121,0
627093.4201,0
627103.5971,0
627317.1886,0
627371.2389,0
627391.3515,0
627430.4029,0
627877.0365,0
627953.4588,0
627965.2347,0
628108.4229,0
628170.804,0
628233.7906,0
628317.2748,0
628345.9805,0
628402.3007,0
628483.2712,0
628594.4268,0
628662.9785,0
628851.1668,0
628884.7495,0
629027.8527,0
629916.3255,0
630108.9475,0
630573.9989,0
630666.3791,0
630678.1684,0
630734.5392,0
630864.6939,0
631198.8207,0
631344.773,0
631427.3171,0
631441.1942,0
631451.4806,0
631731.475,0
631780.4782,0
631932.1687,0
631988.65636,0
632202.9959,0
632554.3729,0
632647.885,0
632661.1407,0
632719.2779,0
632760.6682,0
632976.3867,0
633238.8264,0
633359.1757,0
633508.9208,0
633637.133,0
633680.7968,0
633768.4145,0
633773.7136,0
633965.5705,0
634034.2641,0
634180.3732,0
634221.2435,0
634312.2778,0
634328.1228,0
634456.0477,0
634523.7851,0
634573.994,0
634956.2606,0
635145.5962,0
635148.001,0
635150.4369,0
635253.8717,0
635591.5071,0
635657.3481000001,0
635951.5245,0
636089.8716,0
636197.9938,0
636495.815,0
636524.8665,0
636543.2963,0
636894.3418,0
636902.8731,0
636955.7012,0
636964.0525,0
637014.2765,0
637087.0660999999,0
637456.6887,0
637484.4771,0
637515.5827,0
637538.9298,0
638095.5944000001,0
638173.4433,0
638197.2921,0
638269.6169,0
638452.8562,0
638455.756,0
638566.4543,0
638608.4738,0
638637.8488,0
638875.1722,0
638968.1278,0
638986.9884,0
639011.795,0
639094.0019,0
639122.5645,0
639214.2419,0
639340.882,0
640241.4965,0
640336.5041,0
641014.9413,0
641115.0518,0
641141.7718,0
641304.3395,0
641624.9323,0
641639.4536,0
641646.0463,0
641674.8491,0
641722.19,0
641733.7722,0
641861.6311,0
642093.6143,0
642237.5556,0
642337.1449,0
642394.9251999999,0
642438.4503,0
642815.8517,0
642999.8042,0
643075.1108,0
643158.1885,0
643234.6714,0
643440.871,0
643657.80936,0
643851.9648,0
643864.7323,0
644112.9066,0
644229.6154,0
644334.8058,0
644491.7688,0
644642.9861,0
644923.6105,0
645253.1257,0
645351.0025,0
645386.4507,0
645441.3462,0
645482.841,0
645547.031,0
645594.6331,0
645607.7749,0
645616.3606,0
645617.2390000001,0
645727.8808,0
645777.5057,0
645849.6075,0
646097.3399,0
646183.0586,0
646422.3771,0
646499.526,0
646758.814,0
646818.6769,0
647092.6865,0
647216.19624,0
647451.5535,0
647613.7758,0
647643.9559,0
647824.6658,0
647832.593,0
647849.906,0
648020.3194,0
648320.0082,0
648605.122,0
648844.9407,0
648920.896,0
649402.2575,0
649453.0569,0
649727.8822999999,0
649970.0854,0
650009.8069,0
650031.3559,0
650240.4111,0
650287.5487,0
650391.3426,0
650747.7805,0
650748.9339000001,0
651058.6964,0
651181.7572999999,0
651242.026,0
651248.78562,0
651399.0551,0
651410.5186,0
651943.0586,0
652229.1786,0
652356.2518,0
652365.4468,0
652410.4751,0
652465.9554666667,0
652533.9954,0
652777.7369,0
652837.0464,0
652938.6438,0
653351.638,0
653568.4172,0
653662.0627,0
653739.2823,0
653742.273,0
653938.5827,0
654188.0882,0
654227.9653,0
654379.0765,0
654465.408,0
654512.47888,0
654608.351,0
654894.6832,0
655109.8166,0
655373.7638,0
655582.408,0
655596.6423,0
655670.97366,0
655860.5552,0
655864.2892,0
656337.4244,0
657059.6851,0
657062.4699,0
657847.8313,0
658235.2626,0
658447.9662,0
658687.9575,0
658714.6994,0
658806.1806,0
658971.4401,0
659279.3832,0
659469.0742,0
659770.3782,0
659999.4574,0
660044.2691,0
660295.4464,0
660524.1205,0
660553.812,0
660627.3137,0
660771.8196,0
661378.662,0
661382.1457,0
661391.8088,0
661699.6709,0
661920.7983,0
661997.563,0
662523.3905,0
663490.11066,0
663796.0122,0
664017.5271,0
664355.3006,0
664535.3653,0
664688.5856,0
664857.0593,0
665183.6381,0
665352.9081,0
665401.6122,0
665597.7656,0
665625.6166,0
665665.5609,0
665812.5931,0
665899.6388,0
665952.4754,0
666068.9663,0
666272.4165,0
666697.0325,0
666863.2314,0
666985.7376,0
667035.3365,0
667559.9587,0
668043.3114,0
668062.0474,0
668335.4926,0
668546.0469,0
668550.3416,0
668590.3585,0
668647.6742,0
669314.4229,0
669364.7966,0
669588.429,0
669743.175,0
669995.2072,0
670027.4383,0
670277.5568,0
670312.6749,0
670318.8799,0
670633.8476,0
671198.597,0
671271.6718,0
671517.5345,0
671599.3996,0
672065.3867,0
672166.3423,0
672184.7932,0
672220.9144,0
672221.2909,0
672575.4938,0
672801.9657000001,0
672871.2894,0
672995.09014,0
673736.6242,0
673831.369,0
674307.0243,0
674837.668,0
675318.4818,0
675327.71412,0
675451.5707,0
675706.9162,0
675913.7363,0
676128.60304,0
676201.7632,0
676327.4076,0
676363.2592,0
676620.0439,0
676699.2418,0
677003.2343,0
677082.5742,0
677178.0908,0
677260.5414,0
677287.966,0
677318.3724,0
677847.1736,0
677888.8165,0
677933.3723,0
678066.7555,0
678217.0556,0
678361.2969,0
678836.3454333333,0
678957.0234,0
679033.526,0
679112.1722,0
679124.87736,0
679708.442,0
679758.8036,0
679989.7566,0
680105.898,0
680913.439,0
681631.6367,0
682087.5182,0
682155.0351,0
682289.6769,0
682309.7513,0
682381.8479,0
682576.2338,0
682614.9645,0
682649.1718,0
682974.3982,0
683748.6465,0
683900.8643,0
684141.7785,0
684374.3309,0
684448.3868,0
684490.8435,0
684519.4046,0
684836.51374,0
684885.7153,0
685298.4726,0
685569.407625,0
685627.5032,0
686308.4756,0
686414.5169,0
686560.4661,0
686561.4339000001,0
686565.175,0
686644.5655,0
686700.6359999999,0
686720.122,0
686756.911,0
686898.101,0
686970.1222,0
687061.1592999999,0
687295.0759,0
687336.6102,0
687341.4647,0
687415.2287,0
687465.6576,0
687556.3299,0
687563.1783,0
687595.78575,0
687681.7995,0
687829.5978,0
687923.2419,0
688017.4989,0
688031.1996,0
688078.967,0
688083.803,0
688211.2023,0
688306.028,0
688638.8535,0
688707.00662,0
688914.3858,0
689091.272,0
689177.365,0
689342.4698,0
689369.8346,0
689386.2597,0
689457.2121,0
690411.6128,0
690427.1027,0
690551.5811,0
690596.9916,0
690837.3156,0
691132.7249,0
691218.6557,0
691614.2514,0
691738.0724,0
691802.7304,0
691834.5643,0
691879.9305,0
691985.1102,0
692103.5958,0
692407.353,0
692509.0862,0
692866.2764,0
692979.7911,0
693024.8659,0
693043.8107,0
693225.784,0
693230.0588,0
693333.7171,0
693420.1771,0
693862.731,0
693867.4468,0
693999.2893000001,0
694285.9412,0
694341.1439,0
694408.0862,0
694529.6594,0
694539.2143999999,0
694783.7654,0
694815.158,0
694993.0199,0
695084.5485,0
695138.2867,0
695186.7988,0
695211.872,0
695345.2963,0
695515.1569000001,0
695721.2445,0
695782.1421,0
696138.1997,0
696146.5469,0
696213.0101,0
696315.8029,0
696354.1396,0
696502.3381,0
696718.01,0
696753.9728,0
697081.4624,0
697182.6013,0
697466.3132,0
697483.9137,0
697846.8685,0
697973.9134,0
698071.2758,0
698089.1375,0
698135.8186,0
698382.0704,0
698577.5366,0
698582.3129,0
698694.4738,0
698889.5208,0
698893.6261,0
698981.5943,0
699048.8395,0
699069.6235,0
699112.619,0
699147.9783,0
699148.5493,0
699378.538,0
699404.6551,0
699604.7517,0
699663.31,0
699680.7751,0
699930.20985,0
700101.821,0
700147.6218,0
700552.5708,0
700959.285,0
701024.0308,0
701060.7083,0
701076.2134,0
701146.3828,0
701175.4894,0
701364.3896999999,0
701461.1435,0
701537.2235,0
701617.2461,0
701677.5378,0
701919.1503,0
701926.5457,0
702062.7241,0
702149.7146,0
702176.4228000001,0
702277.7561,0
702707.7822,0
702790.3923,0
702874.8249,0
702922.523,0
702990.5797,0
703020.0632,0
703034.3456,0
703108.0638,0
703308.752,0
703454.256,0
703552.4607,0
703555.6974,0
703574.9245,0
703713.8200000001,0
703787.1746,0
703936.9314,0
704095.7301,0
704194.8971,0
704394.1491,0
704799.2301,0
704814.1708,0
704915.8138,0
705142.2759,0
705163.4532,0
705274.3693,0
705338.6626,0
705776.3573,0
705894.2903,0
705972.5914,0
706056.7404,0
706132.7538,0
706225.7979,0
706293.9487,0
706846.2588,0
707214.2037,0
707498.2441,0
707796.0311,0
707843.5878,0
707900.2395,0
707931.8131,0
708482.747,0
708501.5671,0
708619.1315,0
708732.9212,0
708904.0042,0
708981.8523,0
709134.0795,0
709213.1281,0
709386.4854,0
709623.1335,0
709712.6976,0
709727.5713,0
709927.053,0
709985.6846,0
710175.7215,0
710572.4739,0
710819.8878,0
710912.169,0
711030.7215,0
711092.1578,0
711133.6393,0
711231.0204,0
711290.3209,0
711321.7552,0
711333.2589,0
711368.3715,0
711399.6199,0
711495.2855,0
711526.5922,0
711566.9743,0
711580.9065,0
711699.0146999999,0
711734.8324,0
711784.0151,0
711946.6226,0
712334.0922,0
712531.115,0
712614.3018,0
712704.1333,0
712745.4468,0
712776.3989,0
712917.5157999999,0
712953.2587,0
713095.6458,0
713114.3085,0
713233.1111,0
713364.2967,0
713480.8968,0
713562.3082,0
713915.9182,0
713936.1869,0
713984.6626,0
714286.6251,0
714287.3697,0
714332.6592,0
714425.838,0
714769.1969,0
714910.9326,0
714916.269,0
714963.5495,0
715247.8551,0
715337.3939,0
715625.2793,0
715670.2984,0
715847.5158,0
715986.9967,0
715999.1728000001,0
716355.1858,0
716480.2753,0
716502.8197999999,0
716709.1438,0
716727.1067,0
716779.8557,0
716795.3984000001,0
716864.3648,0
716957.7502,0
717012.1439,0
717200.2174,0
717287.0309,0
717403.0761,0
717436.7481,0
717560.0643,0
717612.2413999999,0
717763.16,0
717824.3224,0
717835.558,0
718031.3716,0
718261.5855,0
718702.5043,0
719160.6594,0
719198.3621,0
719318.342,0
719542.0001,0
719733.5704,0
720010.1194,0
720498.1055000001,0
720509.9764,0
720513.9628,0
720531.215,0
720688.7881,0
720913.7686,0
721038.1381,0
721175.986,0
721215.8805,0
721244.1417,0
721447.7424,0
721512.557,0
721974.8712,0
721981.2191,0
722239.5513,0
722353.3537,0
722385.666,0
722481.0368,0
722898.7702,0
722925.8469,0
723061.4849,0
723517.5544,0
723679.7437,0
724001.8059,0
724552.1337,0
724596.1714999999,0
724669.9029,0
724818.94,0
724866.5751,0
725183.1776,0
725231.1655,0
725279.3804,0
725368.1557,0
725680.6165,0
725947.3053,0
726606.0414,0
726757.8957,0
726808.3364,0
726894.0985,0
726928.2288,0
726970.5175,0
727454.3606,0
727507.6527,0
727562.2412,0
727666.4568,0
728037.618,0
728436.7976,0
728829.6129666667,0
728925.1056,0
728971.0703,0
729092.2666,0
729235.3007,0
729349.0778,0
729612.6546,0
729662.8396,0
730053.5404,0
730156.0536,0
730170.4765999999,0
730625.4748,0
730980.5753,0
731493.2104,0
731526.7879,0
731735.5433,0
731797.1193,0
731835.7214,0
732072.6136,0
732210.8088,0
732271.9813,0
732680.3125,0
732925.4816,0
733042.3711,0
733121.2428,0
733147.3402,0
733170.7889,0
733443.2771,0
733967.7817,0
734125.5756,0
734153.9755,0
734163.9293,0
734497.2655,0
734645.2699,0
734684.7636,0
734877.3407000001,0
734888.8117,0
735105.1933,0
735397.8362,0
735439.5082,0
735839.4041,0
735960.7065,0
735999.1303,0
736167.3581,0
736284.3498,0
736384.6492,0
736548.502,0
736683.177,0
736700.6614,0
736756.4521999999,0
737362.6391,0
737383.9012,0
737502.1144,0
737622.5253,0
737653.7541,0
737671.6091,0
737696.6032,0
738217.7443,0
738245.3625833333,0
738521.6995,0
738642.2341,0
738697.0996,0
738971.8901,0
739365.9764,0
739706.2072000001,0
739913.1677,0
740026.946,0
740101.9807,0
740365.6355,0
740642.6681,0
740661.922,0
740694.9235,0
740985.6377,0
741044.9937,0
741601.9186,0
741803.8933,0
742055.0799,0
742160.3178,0
742364.93935,0
743069.8680166666,0
743101.1107,0
743101.4748,0
743281.2768999999,0
743301.8945,0
743723.443,0
743982.471,0
744028.0396,0
744197.64422,0
744293.6497666667,0
744415.5853,0
744540.5435,0
745142.3251,0
745266.2233,0
745606.4381,0
745659.03,0
745814.8964,0
745864.5942,0
746101.1176,0
746401.26758,0
746806.8832,0
746903.7643,0
747148.8512,0
747362.9407,0
747444.5336,0
747463.1398,0
747582.3113,0
747979.232,0
748352.4195,0
748458.0789,0
748887.9481,0
748998.8918,0
749202.7058,0
749208.3936,0
749858.5608,0
750089.3788,0
750234.8907999999,0
750536.5553,0
750615.1664,0
750837.292,0
750861.0084,0
751129.3913,0
751244.311,0
751340.374,0
752071.5755,0
752165.9043,0
752224.756,0
752788.5415,0
752800.4909,0
752984.6416,0
753019.8868,0
753203.253,0
753263.2735,0
753374.214,0
753855.3433,0
754223.8728,0
754922.8275,0
754932.5726000001,0
755041.5184,0
755257.1735,0
755299.0581,0
755799.4543,0
756320.0328,0
756722.3832,0
756763.7346,0
757150.1636,0
757165.6137999999,0
757500.048,0
757517.4866,0
758676.754,0
758901.6079,0
758943.0702,0
759310.1324,0
759382.0833,0
759454.99098,0
759516.5355,0
759531.3584,0
759723.285,0
759742.769,0
759743.8506,0
759798.6626,0
759831.217,0
760164.8774,0
760279.9465,0
760417.9536,0
760816.3207,0
761077.2853,0
761236.5226,0
761668.9463,0
762129.3061,0
762161.7754,0
762450.249325,0
762548.3407000001,0
763189.5128,0
763348.4078,0
763626.8101,0
763816.6007,0
763927.0778,0
764201.7685,0
764555.5194,0
764876.8574,0
765128.3112,0
765143.2174,0
765248.9013,0
765266.9976,0
765383.4676,0
765704.0869,0
765890.2323,0
766003.423,0
766025.1761,0
766082.4912,0
766151.301,0
766409.7629,0
766843.0716,0
766864.9501,0
767141.2413999999,0
767142.7390000001,0
767215.9461000001,0
767244.4603,0
767305.8873,0
767717.3445,0
768709.5921,0
768795.6513,0
768891.5468,0
769000.0593,0
769157.9881,0
769263.5825,0
769527.6343,0
769667.4269,0
769688.5728,0
769881.48492,0
769972.8594,0
769980.4971,0
770040.494,0
770290.3719,0
770367.6785,0
770452.0521,0
770575.1977,0
770940.558,0
771023.7581,0
771046.1519,0
771294.052,0
771570.8287,0
771763.0448,0
771824.7997,0
771908.5111,0
772022.8766,0
772064.8076,0
772158.699,0
772198.4858,0
772360.4387,0
772370.7075,0
772508.5232,0
772668.4892,0
772687.454,0
772722.6339,0
772754.1376,0
772843.2215333333,0
773052.3805,0
773153.6307,0
773261.034,0
773342.8481,0
773768.0733,0
773927.518,0
773956.3055,0
774294.9867,0
774310.0184,0
774349.9691,0
774510.7592,0
774598.3226,0
774791.4153,0
774946.774,0
775415.4039,0
775630.4454,0
775942.4575,0
775982.7614,0
776018.8307,0
776061.2195,0
776376.9517,0
776671.6984,0
776697.1163,0
776928.1217,0
776979.8146,0
777051.3292,0
777107.8349,0
777431.5783,0
777482.525,0
777547.0501,0
-----Simulation END-----
