-----Simulation 0-----
173046.4545,0
173153.5182,0
173184.9169,0
173344.7171,0
173531.2039,0
173629.0125,0
173667.6982,0
173733.5843,0
173804.43540000002,0
173998.0123,0
174126.7309,0
174913.0534,0
174949.8877,0
174971.4889,0
174995.9941,0
175193.9462,0
175211.3499,0
175384.0109,0
175743.5587,0
175788.0538,0
175879.3059,0
175924.7154,0
176085.0029,0
176110.553,0
176134.3045,0
176161.7706,0
176205.7029,0
176241.1834,0
176301.8046,0
176405.63520000002,0
176719.0122,0
176770.1952,0
177095.1511,0
177287.26368333332,0
177374.2343,0
177458.66879999998,0
177478.5001,0
177517.2859,0
177693.0574,0
177710.3735,0
177810.7315,0
178201.9479,0
178326.8397,0
178386.7045,0
178550.6285,0
178657.211825,0
178745.87660000002,0
179108.9556,0
179223.902,0
179248.6382,0
179444.6767,0
179507.0566,0
179544.4688,0
179709.7873,0
179726.4596,0
179740.0632,0
179877.4796,0
179983.2206,0
180006.7691,0
180051.18540000002,0
180165.8922,0
180458.50160000002,0
180506.4835,0
180558.5257,0
180593.9941,0
180865.4647,0
180875.6995,0
180932.9693,0
180936.676,0
181286.6072,0
181342.6275,0
181368.4058,0
181410.7554,0
181473.1979,0
181571.0367,0
181749.2538,0
181775.8346,0
181978.3131,0
182098.9458,0
182268.9868,0
182286.2165,0
182397.9499,0
182575.3213,0
182799.8258,0
182960.0586,0
183085.6782,0
183091.7094,0
183298.3842,0
183429.67859999998,0
183468.2696,0
183510.0797,0
183736.6653,0
183756.5,0
183924.7077,0
184173.4768,0
184424.01,0
184553.9634,0
184805.1627,0
184846.1699,0
184849.6948,0
185314.4473,0
185328.9594,0
185347.2122,0
185541.4976,0
185894.5764,0
185971.9441,0
185983.1133,0
186020.1941,0
186168.5582,0
186178.1309,0
186187.5762,0
186247.5909,0
186403.34416666668,0
186676.2281,0
186703.23739999998,0
187021.472,0
187211.3828,0
187322.6049,0
187485.2333,0
187486.3079,0
187507.2495,0
187929.9349,0
188025.4903,0
188247.0771,0
188288.3663,0
188421.6768,0
188600.5375,0
188881.7222,0
188943.2421,0
189521.69375,0
189745.4131,0
189793.5874,0
190002.0203,0
190099.3111,0
190126.8473,0
190304.9766,0
190412.75579999998,0
190619.4894,0
190646.54320000001,0
190659.5005,0
190724.3115,0
190759.7112,0
190792.4096,0
190797.369,0
191122.40720000002,0
191125.328,0
191281.1516,0
191320.3916,0
191500.9818,0
191525.11310000002,0
191872.2256,0
192187.4663,0
192277.065,0
192742.917,0
192763.5051,0
192902.6862,0
192937.9491,0
192988.8198,0
193017.2978,0
193312.5652,0
193335.5099,0
193371.3845,0
193393.7539,1877.1672000000253
193489.47269999998,0
193799.3674,709.7203999999911
193818.9223,0
193858.2858,0
194269.025,0
194306.1905,0
194343.19640000002,0
194441.6625,0
194680.6411,0
194685.2807,0
194784.3123,0
195221.5741,0
195246.6795,0
195669.09,412.980499999976
195717.0287,0
195724.0957,0
196347.0131,908.4022000000114
196512.2662,0
196512.5682,0
196676.5997,2139.0566999999864
196739.82309999998,0
196799.1164,0
197548.9971,0
197620.2096,0
197790.214,1656.040399999998
197827.4094,0
197832.9147,1612.5279999999912
197989.7112,2050.0997999999963
198121.5862,0
198155.48440000002,0
198190.9207,0
198509.2745,0
198753.7788,0
198904.5863,0
199408.4572,0
199425.95140000002,0
199573.3155,0
199741.5278,0
199785.5268,4039.225299999991
200215.79009999998,0
200239.807,5256.007400000002
200510.0406,0
200638.1547,0
200784.6092,0
200863.2979,0
201490.7133,0
201793.5158,0
201955.5952,0
202143.3016,0
202334.9725,0
202408.12709999998,0
202617.1598,0
202635.9797,0
203034.3879,0
203141.0108,325.3969999999972
203269.06170000002,0
203298.8041,0
203562.8684,0
203752.7745,2160.3669999999984
203954.2417,0
203960.3533,0
204332.9242,0
204483.5735,0
204622.452,0
205307.7238,0
205352.2416,0
205387.3503,3712.0982000000076
205588.1855,0
205657.9394,0
205682.88689999998,0
205850.6652,0
205894.5661,0
206082.3981,0
206124.2671,0
206136.302,0
206469.5069,0
206668.3902,0
206668.4405,4984.744299999991
207225.0147,0
207380.4324,0
207414.8166,2156.4758999999904
207892.6095,0
208094.1005,0
208373.3338,0
208387.1248,0
208451.1242,0
208558.7997,1301.4538999999932
208674.1336,433.66699999998673
208948.8786,0
209065.4696,5955.794400000013
209123.1294,0
209148.29499999998,0
209212.8107,0
209292.71779999998,0
209456.043,8320.197799999994
209541.5123,990.890000000014
209652.2018,5901.714200000017
209833.2398,0
210012.7449,0
210074.45799999998,0
210102.8972,0
210189.0809,21.991700000013225
210607.5085,0
210964.4666,0
211240.5301,0
211560.7392,0
211834.5001,5517.4226999999955
211841.7267,0
212024.8448,0
212305.2046,5967.766000000003
212360.1122,0
212428.5428,8070.121199999994
212622.1336,2335.6426999999967
212649.6636,3934.8234999999986
212649.7885,0
212658.1004,0
212877.4023,0
213206.4574,0
213230.7455,1018.9896000000008
213358.4249,6222.74470000001
213370.53149999998,0
213402.105,0
213586.8446,0
213609.9954,0
213821.113,0
213830.8288,0
214032.4629,1524.3909000000276
214097.9653,0
214101.6256,1835.7415999999794
214284.0114,0
214292.6131,1431.0451999999932
214437.889,1008.6315999999933
214452.5172,0
214487.9696,0
214777.2081,0
215138.574,0
215628.3606,11340.687000000034
215658.8221,0
215777.6845,3401.2822999999917
215885.1286,0
215934.4498,0
216126.8177,0
216135.9467,3126.528099999996
216162.6579,0
216244.78710000002,0
216399.9721,0
216553.0117,962.8883000000205
216570.6813,0
217488.2292,0
217719.5021,5338.043900000019
218127.1142,0
218176.5034,1904.5454999999783
218206.8775,13048.690100000007
218322.0827,0
218528.0592,10740.700799999991
218651.5449,0
219295.231,0
219359.5805,0
219856.027,3080.906799999997
220038.1747,2744.883700000006
220052.1977,550.5295999999798
220109.6712,0
220238.1374,2609.6349000000046
220295.965,0
220317.4608,2438.891899999988
220454.81,4251.385899999994
220565.5661,0
220674.6846,3957.366700000013
220957.6778,12763.503200000006
221020.9293,16292.554499999998
221208.1481,0
221305.6951,2264.944600000017
221312.6263,0
221461.0269,0
221641.9736,7810.838400000008
221964.4717,0
222034.7075,0
222056.8648,0
222226.113,0
222260.53389999998,0
222427.322,2957.7902999999933
222800.854,9487.11599999998
222912.3381,0
223008.0362,1556.3271999999997
223043.174,3806.205799999996
223045.8851,0
223155.7985,12434.042400000006
223211.447,0
223841.8192,0
223913.7899,2872.2862000000023
224082.9367,1722.3022000000055
224122.713,0
224404.8482,4093.555400000012
224541.4132,12830.712100000004
224713.4544,0
225182.9259,4483.768100000016
225214.4372,3297.6729999999807
225302.6091,17500.594899999996
225310.3587,2747.482400000008
225638.754,5743.268599999981
225661.6311,0
225770.4589,0
225928.0419,0
225956.7465,0
226022.3672,1870.1318000000028
226221.9697,1881.5928999999887
226388.9034,4250.952440000023
226413.5822,1781.1318000000028
226454.0355,0
226599.7933,1525.0644999999786
226791.4252,2817.373900000006
226819.6216,5816.124300000025
226863.2983,2112.917300000001
226884.579,3951.1777
226886.8971,1801.3031999999948
227050.5832,615.380199999985
227080.0528,0
227650.2644,3945.019099999976
227674.8868,1068.160200000013
227743.5775,5826.545100000018
227823.984875,0
227892.8349,2398.49099999998
228045.9271,5556.8273000000045
228093.5584,2102.563300000009
228352.6065,1216.900800000003
228415.6807,5271.236799999984
228424.959,0
228623.3989,0
229038.6833,0
229085.838,0
229153.7323,6614.3897
229190.7334,0
229302.1002,0
229442.7294,0
229501.76,1171.6436000000103
229757.9514,0
229780.9649,0
229848.0238,408.7754000000132
229848.4461,0
229965.3309,5325.747999999992
230029.6051,0
230337.4514,0
230486.1917,5127.976219999982
230505.56089999998,0
230582.9695,0
230672.5572,6031.03780000002
230733.7523,69.93419999998878
230781.7575,0
230948.2162,5374.78409999999
231131.5143,3512.6637000000046
231172.98940000002,0
231280.2217,0
231378.6236,7959.125299999985
231643.92,5574.748300000007
231733.5952,0
231752.5168,4685.225400000025
231789.9168,0
231859.4121,14.077999999979511
232143.6542,1056.0439999999944
232229.1637,5475.487699999998
232244.14426,0
232479.8004,0
232918.0003,2156.2544000000053
233186.8016,0
233189.1875,0
233432.16879999998,0
233580.4341,0
233641.202,0
233689.76106,0
233707.7383,0
233849.7616,0
234024.55969999998,0
234113.88880000002,0
234310.8096,0
234330.90850000002,0
234456.9302,0
234553.0752,0
234561.3114,0
234930.2272,0
235157.0932,0
235927.8798,0
236033.856,0
236061.0425,5841.899500000029
236091.1102,9349.834999999992
236245.0429,0
236303.3218,0
236389.2943,0
236397.919,0
236436.9141,0
236809.5976,0
236930.38689999998,0
236977.619,0
237251.6245,0
237433.7674,0
237773.818,0
237843.08740000002,0
237875.7404,271.1077000000223
238173.3401,0
238207.104,0
238474.2648,975.2826000000059
238612.9621,570.7080000000133
238636.2912,0
238869.7402,251.76370000001043
238962.2616,0
239023.2217,20082.45994999999
239117.7027,0
239345.9761,0
239496.12482,0
239544.5068,5845.956900000019
239584.7146,0
239755.5757,5510.326299999986
239830.1927,4922.2098000000115
239916.1416,0
240347.7592,357.5387000000046
240384.9594,0
240506.9229,0
240782.8436,0
241004.5402,3272.0577999999805
241127.3665,0
241137.2487,0
241232.1882,4042.225600000005
241405.8179,0
242366.9879,0
242369.5072,0
242695.5217,0
242887.4973,0
242960.9786,0
243169.9519,0
243410.89370000002,0
243732.4267,1417.9175000000105
244051.0627,0
244168.8734,0
244480.1613,0
244681.4295,0
244907.3705,0
245479.7688,0
245617.2527,0
245881.7073,0
246368.7664,0
246666.4537,2681.8150000000023
246784.0265,0
246986.34279999998,0
247275.8495,0
247311.4351,0
247745.5434,0
247847.19,0
247876.7612,0
247933.1696,0
248082.2581,0
248236.2532,0
248246.1142,0
248421.5299,0
248554.6706,0
248837.0822,0
248880.685,527.2123000000138
248987.1309,0
249159.75400000002,0
249244.2305,0
249329.537,0
249413.40159999998,0
249699.0842,0
249712.4062,0
249799.165,0
249989.43099999998,0
249994.9642,0
250051.8694,0
250056.145,0
250069.18180000002,0
250111.4539,0
250253.83475,0
250300.9028,4039.5898999999918
250362.6323,0
250383.9671,0
250389.2869,0
250421.7916,0
250454.0782,1542.1258999999845
250489.0037,0
250496.0104,0
250589.19809999998,0
250791.7579,0
250890.3046,0
250941.0925,0
251520.6301,0
251721.4581,0
251767.5047,0
251881.8739,0
251889.24229999998,0
251965.988,0
252110.1569,0
252167.9319,4481.725599999976
252576.322,4244.747699999978
252836.318,0
253040.1488,0
253138.7399,0
253322.8936,0
253364.0261,0
253451.4654,0
253632.7272,3717.163899999985
253738.9092,0
254264.68540000002,0
254316.396,0
254783.84590000001,0
254799.9891,0
255122.1694,0
255299.1994,0
255411.9131,0
255462.4493,0
255516.7554,0
255700.847,0
256002.1982,0
256071.1055,0
256081.3847,0
256120.1708,0
256206.0612,0
256575.7801,0
256768.86174,0
256829.925,0
257688.0015,0
257967.5216,0
258014.5324,2460.4884333333175
258019.2181,0
258080.5758,4027.97086666667
258089.3357,3099.590999999986
258100.516,0
258219.5771,0
258262.0397,0
258316.2351,0
258446.109,4966.803000000014
258458.7027,0
258740.1935,0
258745.649,0
258759.0192,0
258923.0808,0
258998.3076,0
259041.9908,2543.5090999999957
259244.1272,2504.260499999975
259320.6206,0
259686.7443,0
259728.0739,1678.590899999981
259737.672,0
259940.7343,0
260034.1135,0
260040.57559999998,0
260041.3492,0
260074.5458,0
260303.1586,0
260371.16210000002,0
260457.7787,0
260667.077,0
260750.8693,725.2037999999884
260779.1414,0
260838.9846,0
261035.96970000002,0
261146.8775,0
261356.1863,0
261482.2149,0
262026.1459,0
262096.2898,0
262325.9691,0
262448.6886,0
262470.1499,0
262849.8453,0
262884.1436,0
263260.079,0
263284.7389,0
263422.0621,0
263571.6607,0
263740.6212,0
263783.7364,5116.387699999992
263828.0042,2814.1762000000163
263932.3064,2627.7588000000105
264034.2779,730.3006999999634
264191.4631,0
264324.2954,0
264460.6013,3745.009699999995
264469.40009999997,0
264587.6962,0
264632.6037,341.9158999999636
264666.152325,0
265006.39910000004,0
265111.50529999996,0
265231.18559999997,0
265251.5749,0
265289.9504,0
265460.0798,0
265595.2815,0
265841.1731,3263.8234999999986
265854.2217,2947.7528000000166
266420.7255,2538.595900000015
266638.0678,0
266822.8311,5918.624000000011
266924.238,0
267160.534,0
267230.7814,0
267230.7872,0
267265.9317,0
267425.2312,0
267508.709,0
267862.1216,0
267933.1056,0
268525.7068,7197.655599999998
268552.7719,0
268750.8323,7437.260600000009
268770.1695,6097.068300000043
268795.03,1558.4108000000124
268814.3889,0
268910.5288,3444.8882999999914
268955.359,2588.789700000023
268960.5628,0
269010.9747,1722.7770000000019
269176.1964,3688.3845000000438
269184.7073,0
269192.2919,0
269606.6018,0
269611.3394,0
269626.575,931.2124000000185
269637.3549,0
269844.4216,7747.410499999998
269969.1481,0
269973.9559,0
269987.6727,0
269993.1535,2590.7562000000034
270351.3728,0
270496.5459,3951.966000000015
270503.2186,0
270507.9326,0
270577.3628,0
270878.6444,0
271055.9652,2904.3937999999616
271113.2294,4412.207899999979
271287.4915,0
271804.6611,2430.917000000016
271843.2855,4554.721900000004
272030.8388,0
272050.4381,7452.55210000003
272340.962,0
272594.0026,0
272657.2581,0
272737.4702,13813.575624999998
272969.3344,0
273097.8666,5276.2420000000275
273142.2248,1016.2160000000149
273305.5331,12345.099900000001
273674.1944,2877.638800000015
273684.983,0
273729.63300000003,0
273826.4052,985.6636999999755
274332.8433,5557.9054999999935
274343.8982,0
274407.9909,0
274992.9525,0
275024.6021,3105.1753000000026
275037.7032,0
275176.4562,1862.1649000000325
275456.0335,2983.907200000016
275797.4579,0
275889.8837,2727.8332999999984
276346.5618,0
276399.314,0
276643.181,0
276651.7707,5001.197400000005
277082.1767,4342.750900000043
277454.5796,12400.82150000002
277567.08030000003,0
277731.8769,7033.222899999993
277764.083,0
278354.5256,0
278364.5159,0
278478.8537,0
278685.8423,0
278734.4995,12838.683299999975
278755.124,7665.657300000021
278869.811,3819.8534999999683
279286.163,0
279332.6414,3054.903100000054
279462.8771,4364.506200000003
279465.4045,0
279511.6052,17260.661599999992
279739.8739,0
279771.0081,4159.819099999964
279879.2644,1501.7476000000024
280067.7861,3653.339500000002
280303.347,8200.342000000004
280453.7997,0
280657.4248,4480.940200000012
280925.901,6521.244600000035
280946.5957,0
281380.8453,7784.482900000003
282021.9964,324.5566000000108
282224.6561,2965.2997000000323
282413.3812,0
282431.1775,7858.6570000000065
282499.5488,6039.521699999983
282626.0111,12211.71490000002
282681.4143,15306.440699999977
282925.8586,2683.771000000008
282951.2626,5357.051299999992
282988.7383,1729.0877000000328
283894.888,0
283976.7607,2506.878700000001
284031.9035,679.2844000000041
284217.9266,2127.467500000028
284463.6862,5241.323600000003
284530.6979,2307.804700000037
284602.487,2726.1312000000034
284672.5174,19033.334900000016
284839.8011,9587.552399999986
284885.2375,3482.5693999999785
285000.8006,6647.401733333361
285055.2425,5146.533400000015
285540.8038,1758.5121999999974
285608.5268,492.07400000002235
285660.98730000004,0
285704.5542,6045.064500000037
285952.8165,4508.399399999995
286023.6066,6449.055099999998
286106.0756,5649.049899999984
286161.794,6317.770799999998
286222.3251,5784.853700000036
286267.5667,1647.6156000000192
286282.8727,8906.026100000017
286321.3951,12696.345499999996
286335.2192,0
286540.0362,0
286578.3399,4345.343600000022
286730.0852,0
286768.7578,2833.258700000006
286772.8416,2338.5787000000128
286843.9975,2821.1712999999872
286882.8998,5887.822000000044
286930.2698,10703.552800000005
287059.5073,5731.184899999993
287299.3752,0
287376.7471,9063.991699999955
287508.2302,4203.892899999977
287661.097,6149.699399999983
287777.1657,0
287778.3031,0
287818.9311,1952.0391999999993
287847.5309,7430.839500000002
287901.9114,7303.5004999999655
287950.074,11307.49410000001
288183.1699,0
288326.497,17265.858899999992
288327.6998,420.0815999999759
288368.6782,0
288514.2542,0
288660.4117,2051.5667999999714
288703.8829,364.65620000002673
289058.6081,0
289290.5662,5169.040000000037
289882.6886,553.931099999987
289947.65989999997,0
289965.3172,0
290029.4304,22322.540700000012
290116.3139,894.8391000000411
290945.49450000003,0
290968.7176,8898.41769999999
291039.15760000004,0
291162.9459,0
291307.935,21384.050899999973
291583.8393,4081.8855999999796
291858.537,2871.2428000000073
291937.1375,0
292371.6973,6072.041299999983
292533.4738,0
292718.2178,6747.350800000015
292812.0041,11412.298600000038
292826.72589999996,0
292833.008,12281.35189999995
292910.9139,435.32970000000205
293233.8649,0
293866.3629,0
293899.744,0
294129.7958,0
294302.14996,0
294629.02249999996,0
294818.0535,1657.9285999999847
294841.3282,0
295000.2392,1715.6381999999867
295001.9346,12939.759199999971
295132.9163,5794.2875999999815
295398.39280000003,0
295448.6334,1385.493599999987
295667.8173,8091.698399999994
296048.8989,15266.907899999991
296182.4412333333,0
296196.8438,22381.02369999996
296200.6609,8010.583600000013
296672.2463,0
296754.1045,204.01959999999963
296964.174,4319.871033333358
296969.55436666665,0
297164.2834,10591.554300000018
297550.9924,8799.613899999997
297671.4644,1309.6749999999884
297713.776825,0
298355.9803,11353.45630000002
299128.7055,0
299212.1931,11067.933299999975
299396.3791,13192.621000000043
299569.618,5099.112400000042
299609.6687,15246.355099999986
300113.8405,0
300246.4155666667,0
300608.0373,9179.365500000014
300653.9227,1644.5664000000106
300957.1455,0
301262.2244,0
301332.0734,0
301359.0028,6352.293200000015
301367.7518,6252.974700000021
301453.9728,6968.285099999979
301483.2723,0
301654.9404,668.7901999999885
301755.4769,0
301801.1025,18159.176899999962
302071.04496,0
302419.5545,0
302898.9793,10062.845299999986
302985.6556,0
303080.6266,5660.916599999997
303147.5922,0
303231.795,0
303333.9764,0
303369.1798,2549.3882999999914
303502.9719,15302.227466666664
303558.53928,0
304179.2607666667,0
304346.3645,0
304441.72,14795.717799999984
304466.0104,10052.791100000031
304538.8724,0
304706.2528,0
304779.0253,1558.6501999999746
304953.4205,0
304995.8659,12309.653300000005
305249.4805,1845.431500000006
305333.1471,0
305415.226,4774.430000000051
305511.5898,20369.502099999983
305607.8227,0
305835.3682,5236.011800000037
305963.7217,0
306217.9395,0
306268.9023,0
306394.8214,0
306526.1407,3871.260799999989
306802.9318,14011.808400000038
306900.1743,0
306985.3164,0
307240.1216,0
307260.475,323.1699999999837
307339.8813,0
307649.3355,7709.737399999984
308282.7452,4470.645000000019
308462.9705,13713.560200000007
308482.3388,0
308556.3897,0
308624.3214,105.09539999999106
308774.3129,0
309001.5202,0
309334.3309,0
309389.3009,0
309623.2329,0
309630.1352,13539.862400000042
309667.9686,0
309920.07962,0
309986.3196,278.930400000012
310200.1942,3220.5923000000184
310209.3497,2451.7506000000285
310408.0151,1002.5390999999945
310410.2634,5171.838700000022
310526.0436,12117.150499999989
310548.0041,0
310631.5358,0
310787.5461,4553.285099999979
310927.8659,8003.453799999959
310944.98470000003,0
310953.4339,0
310972.083,0
311035.4386,5804.238000000012
311083.2984,8870.853300000017
311156.7119,0
311183.0849,3995.617900000012
311557.8981,0
311627.0501,20696.78369999997
311694.1037,1077.3047999999835
311763.624,8852.80310000002
311802.3831,0
311843.4792,57.461200000019744
311919.7507,0
311985.6178,0
312047.1887,6738.29230000003
312104.118,9496.232500000042
312179.3287,0
312237.5663,0
312255.9377,0
312777.993,0
312977.5363,0
313045.7499,0
313165.2006,290.9006999999983
313478.6691,12740.559000000008
313585.3965,0
313884.0796,0
313945.4903,0
313949.0834,12668.839666666696
314141.4885,0
314302.753,0
314313.1885,0
314368.8728,10289.511100000003
314428.9269,9388.646500000032
314453.2869,1438.0731999999844
314473.0836,0
314648.5477,0
314745.1874,8840.65029999998
314770.9999,1571.0193999999901
314858.7669,0
314894.86613333336,0
315077.8758,0
315195.015,2980.46179999999
315452.5652,0
315455.8531,1056.4874999999884
315568.5098,799.8505000000005
315613.1794,0
315675.2334,1917.6046000000206
315901.9546,0
316158.1989,0
316325.7173,678.1717000000062
316448.479,0
316602.2042,8687.15869999997
316605.0816,0
316684.5233,13883.632600000012
316745.7676,0
317058.4763,0
317204.2608,0
317432.2849,14986.496000000043
317722.3063,0
318507.6503,0
318526.0282333333,0
319031.3117,0
319084.8178,2079.366166666674
319223.5628,0
319273.3975,2427.161000000022
319275.0051,0
319343.8455,1866.3646999999764
319666.3586,5665.782499999972
319788.1494,0
319850.6327,5635.706200000015
319938.12204,0
320030.3237,8208.852899999998
320096.19794,0
320283.2326,7081.762899999972
320659.7465,0
320687.4488,2472.874700000044
320759.3769,18477.807699999947
320797.4556,0
320995.8156,0
321013.4281,0
321299.68,0
321336.4124,0
321422.932,2033.0959999999614
321593.8214,0
321780.6166,3009.324200000032
321866.1815,0
321932.7743,0
322297.9607,0
322365.70053333335,0
322547.0988,0
322568.8597,9765.119399999967
322755.9461,0
322830.114,7828.456599999976
322910.6123,0
322947.2919,0
323056.7717,0
323355.8585,0
323535.6966,0
323542.2642,0
323708.4479,0
323895.9326,0
323929.3955,0
324033.5272,0
324305.5761,17203.807900000014
324331.6507,0
324654.6789,0
324779.4953,2801.1614999999874
324990.2272,0
325160.7078,2645.4471399999456
325193.82660000003,0
325320.1677,0
325758.144,0
325945.3345,0
325981.45763333334,0
326087.1726,0
326213.596,0
326452.4372,0
326746.401,7780.465000000026
326821.9523,16603.82500000001
326841.2857,3398.6499000000185
327072.1896,0
327162.8164,0
327216.2342,6134.51939999999
327353.6922,0
327424.277,10543.159700000018
327600.17005,0
327726.2648,0
327751.7077,1635.4592000000412
327867.8415,22635.54959999997
327992.8725,16799.60989999998
328076.2761,7971.08130000002
328442.6647,3156.706600000034
328627.7639,8029.8898000000045
328637.493,5093.511100000003
328689.6443,0
328756.1966,0
329282.5919,0
329355.2543833333,0
329642.0801,0
329770.6345,0
329941.6196,4648.459099999978
329952.168,12020.484100000001
330489.7496,3868.7724999999627
330633.6621,0
330642.2471,526.8890999999712
330711.0985,7522.0859000000055
331013.2926,0
331297.2219,1473.1211999999941
331319.7929,5199.828899999964
331342.9002,7664.145799999998
331655.8716,5931.470499999996
331736.7976,0
331869.3096,0
332066.6436,0
332555.4498,0
332587.6074,6982.656900000002
332705.25,0
332776.8258,0
332845.6991,5275.887400000007
332857.744,0
333002.3614,13478.46259999997
333275.18200000003,0
333351.6238,0
333386.7298,6046.16889999999
333618.0711,0
333640.9174,206.48629999998957
333707.4889,0
333892.8715,14768.515899999999
334039.3739,0
334166.4679,0
334499.9341,0
334719.8518,0
334818.3402,0
335404.3689,0
335655.3296,0
335996.5233,0
336036.101,1068.3099999999977
336215.4459,0
336250.0284,0
336318.0596,0
336322.9828,633.7467999999644
336339.0756,0
336564.6345,0
336684.7788,0
336695.3392,2140.837200000009
336752.53740000003,0
336826.3054,0
336913.4711,13939.06190000003
337047.45915,0
337258.5827,24966.232799999998
337452.5888,6398.556700000016
337564.8828,3435.285600000003
337620.6705,0
337933.1201,7865.552199999976
337988.3334,0
338414.2005,0
338569.1539,1661.266399999964
338630.3749,0
338792.6517,0
338926.9009,17185.78269999998
339057.5716,7051.288900000043
339209.0336,1546.527700000035
339385.2063,0
339427.9444,0
339823.8596,3392.998900000006
339850.5045833333,0
339896.159,0
340053.7955,11634.630200000014
340353.7424,0
340408.2397,0
340434.7906,2842.6098999999813
340586.7642,0
340853.9897,0
340876.0143,0
340906.1878,800.2621999999974
340960.3376,14445.078500000003
341003.0024,2438.035499999998
341055.5493,0
341101.6607,0
341149.5813,0
341183.4255,0
341198.8112,0
341272.8828,21894.159925000044
341317.6869,0
341318.2833,2218.7598
341466.1763,0
341743.6174,4963.523099999991
341910.2113,0
342082.8112,0
342152.347,771.0328999999911
342299.909,0
342360.6017,8264.302099999972
342726.6421,0
342820.0762,0
342905.3593,4658.480500000005
343241.5916,0
343278.9326,361.15889999998035
343552.1436,239.06300000002375
343563.3514,96.17389999999432
343631.1469,0
343983.7744,1034.0266999999876
344077.9381,2965.448000000033
344154.5751,0
344201.3581,5946.847699999984
344290.1852,0
344867.9177,2970.127999999968
344883.4055,0
345084.9152,9701.45610000001
345213.5449,0
345280.1771,0
345313.2988,0
345441.2192,0
345454.2768,0
345460.7251,0
345464.668,4169.299100000004
345932.1368,0
345964.1314,5108.060300000012
346130.77282,0
346300.5367,13841.592899999989
346501.5826,0
346511.1749,0
346546.1925,0
346841.9892,1479.5783999999985
347436.311,0
347589.3562,9192.024600000004
347725.7446,5963.3111999999965
347840.1152,0
348227.793,0
348370.1318,0
348545.4879,3617.3378000000375
348587.585,0
348595.7762,0
348661.7046,0
348739.6923,9518.448800000013
348830.2847,0
348842.3503,0
348984.1375,2145.872399999993
349006.4608,0
349474.6733,0
349531.9197,3177.9073000000208
349903.9974,5505.667099999962
349959.7099,0
350928.3788,0
351320.2588,7970.408700000029
351339.9765,3997.1377999999677
351368.3786,0
351464.9592,0
351467.0897,0
351667.0632,0
351717.2928,11601.142799999972
351846.017,4251.779399999999
352000.6066,0
352182.2133,10511.251400000008
352282.9839,0
352369.7104,0
352520.5545,414.94490000000224
352673.7293,3455.4890000000014
352763.5433,3380.531500000041
352936.8828,272.9029000000446
353868.3035,2454.4597000000067
353882.4055,9071.521300000022
354032.2136,1356.4266000000061
354343.8487,763.1358999999939
354409.9835,6004.769149999949
354472.1273,1518.7590999999666
354490.7608,2476.6674999999814
354651.5501,1835.9352000000072
354714.68570000003,0
354780.3283,2044.7522999999928
354794.8018,9866.553300000029
354804.1156,0
354839.7925,0
355118.8448,330.49540000001434
355374.5598,3547.460699999996
355485.4057,555.451699999976
355667.5536,0
355699.2432,0
355746.6273,2024.9893000000156
355816.6021,0
355871.4246,3710.5414000000455
355913.4018,19825.239300000016
356193.3757,1287.4395999999833
356800.9177,11923.993399999978
357127.8862,2631.4885999999824
357184.9556,4698.636100000003
357670.7552,23954.70200000005
357719.7013,2994.3745000000345
357856.3324,6073.656900000002
358021.9504,4355.179000000004
358216.1536,1670.8929000000353
358477.6094,2942.289700000023
358817.4563,8561.812399999995
358820.4805,19922.168000000005
358851.8313,3296.501600000018
359452.6639,7826.827099999995
359929.1082,17390.658649999998
359972.234,3448.8840999999666
360012.7242,0
360229.1265,7800.599400000006
360874.4172,5858.276300000027
361178.5429,7304.801199999987
361280.8571,12949.10560000001
361352.3332,11622.529700000014
361385.7129,0
361386.5845,405.467399999965
361742.9862,12051.739299999957
361815.1856,6883.160800000012
361890.0106,12927.57879999996
362059.9856,5463.580400000035
362067.3494,6251.339399999997
362168.566,5169.861900000018
362363.8641,0
362462.4284,3966.8263999999617
362515.5666,974.7296000000206
362622.4536,13962.651899999997
362728.1052,0
362888.1456,0
363245.6753,15549.28720000002
363299.3825,12415.463099999994
363360.6753,0
363531.9028,10888.471699999995
363641.7698,7756.786599999992
363702.1101,4125.286900000006
363995.1435,5080.416299999983
364210.3012,1898.7927999999956
364603.1248,3397.9919999999693
364830.2701,8099.426600000006
365045.2486,18152.24859999999
365163.3114,7370.5313000000315
365486.2456,6687.006600000022
365614.6466,0
365620.8962,6334.963600000017
365744.5846,4236.879000000015
365746.8447,14998.767400000012
365761.361,3119.070699999982
365832.7213,0
365967.4556,1471.2478999999585
366006.9119,14328.032100000011
366283.6994,1498.8145999999833
366325.5204,0
366345.8234,573.015000000014
366572.2834,11810.123699999996
367098.0482,8327.57150000002
367445.5228,4649.718199999945
367756.3693,9846.135200000019
367890.7266,12436.78840000002
367928.6931,12919.079800000007
368147.6684,12110.947199999995
368491.2816,3030.33759999997
368861.5862,0
369061.6144,0
369079.8171,5150.990300000005
369102.6374,7920.902999999991
369224.0891,14280.984599999967
369426.319,0
369654.1677,4390.566400000011
369706.0067,7997.347000000009
369778.3473,4291.651900000055
369827.7336,4446.985099999991
369994.4052,3024.3139000000083
370208.6385,0
370272.5128,3206.0089000000153
370702.19070000004,0
370809.559,0
370882.9776,4507.748099999968
371335.3194,16905.58223333332
371412.3473,4308.543400000024
371601.6779,7739.58050000004
372172.4261,7607.33759999997
372227.6374,27339.3039
372491.1975,5002.239300000016
372612.7266,16883.488699999987
373020.5647,0
373067.0309,1666.9440000000177
373137.8774,7416.321400000015
373371.3235,7595.522200000007
373762.1395,9868.496299999999
373878.7633,14712.14870000002
374124.5757,18285.226800000004
374216.2883,12820.123499999987
374622.6581,0
374794.9955,5937.545000000042
374815.9015,0
374838.264,0
374997.2466,0
375302.6648,5981.974300000002
375305.2838,0
375462.3494,0
375557.5075,11685.714299999992
375844.0464,19815.266200000013
376167.223,0
376262.634,9979.761300000013
376533.3854,10521.596100000024
376736.8854,11522.971800000058
376832.7787,9005.467300000018
376897.153,6696.101399999985
377080.7902,13034.837400000019
377315.835,6437.313300000038
377904.2585,9147.211699999985
378172.3796,7192.520499999984
378248.111,11314.71649999998
378739.4569,8071.026699999988
378833.977,13155.685700000031
378926.8561,18994.545799999963
379042.3413,13013.457999999984
379042.5712,0
379368.3934,18540.837100000004
379539.6914,1315.71669999999
380114.1225,18763.912100000016
380145.668,0
380377.4335,14019.828600000008
380493.0159,11117.125500000024
380991.1253,0
381053.5853,8028.441599999962
381058.4433,8097.7257999999565
381125.6447,7018.233300000022
381161.4035,15984.952800000028
381329.9929,12369.886500000022
381534.0668,11291.696699999971
381626.4899,15169.881099999999
381758.5767,0
381807.0235,0
381868.7988,8356.445300000021
382030.2334,0
382098.8164,6661.784299999999
382347.9134,14788.05620000005
382429.9415,27105.56680000003
382547.8131,9020.47980000003
382903.1937,9778.582600000023
382982.1785,7342.931199999992
383088.5855,18741.714399999997
383125.0755,16187.494699999981
383196.4329,7964.683200000029
383304.2203,13820.150399999984
383627.6614,5756.410900000017
384278.3074,19081.826100000006
384301.9916,0
384459.7999,7589.223460000008
384655.4486,0
384844.82039999997,0
385056.7305,0
385061.91,17978.80859999999
385161.2604,6599.447900000028
385359.8162,13189.455200000026
385443.1465,13965.473499999964
385902.4842,8678.155800000008
385952.8802,17362.9069
386033.0104,0
386139.1666,7100.613899999997
386149.7775,0
386370.2167,20414.442700000014
386502.401,0
386647.5128,17257.482400000037
386735.0474,15544.72252499999
386961.89191666665,0
387277.7209,19817.373500000045
387354.2806,10116.073800000013
387414.4521,18693.752899999963
387759.8009,8435.70259999996
388155.8455,9048.059599999979
388214.6518,13380.719700000016
388552.9836,8768.555200000003
388805.1736,17661.613399999973
389076.0591,8372.836100000015
389141.3224,12612.517200000002
389237.6123,18799.94419999997
389303.1236,11321.250700000033
389387.7876,0
389586.5267,0
389801.7317,14794.301399999997
389812.2604,11187.196900000039
389937.25,12495.496900000027
389990.9922,15359.571699999971
390148.8816,10171.676400000055
390448.3039,16049.597999999998
390452.5435,10008.937400000053
390542.5769,8451.949999999953
390685.4797,8346.070200000016
390726.2124,10778.753733333375
391279.5015,8515.99470000004
391412.0055,15454.019200000039
391476.4693,9736.843999999983
391516.1268,0
392074.4151,11425.768899999966
392406.9226,10199.381500000018
392453.9234,24443.11810000002
392558.3821,0
392654.435,0
392823.0621,18837.537399999972
392863.4013,10181.494000000064
393000.3056,0
393422.5308,21474.25290000002
393655.6098,7963.768799999962
394003.8255,9724.94299999997
394245.0071,7799.499699999986
394337.8137,7425.883199999982
394549.7644,25181.589566666633
394592.9201,0
395015.9049,8907.5809
395098.9149,23624.95199999999
395773.8042,0
395838.1703,0
395963.8117,10955.38010000001
396030.2238,18765.3836
396068.9939,14577.51529999997
396397.6002,25830.800400000007
396594.4146,18372.934200000018
396620.2704,17301.73999999999
396645.0693,0
396677.1291,17323.987100000028
396973.6516,13177.723499999964
396995.8372,19354.558699999994
397082.6185,26435.849799999967
397082.812,16308.811799999967
397906.0529,10334.208199999994
397955.06,8609.681900000025
397992.1498,24377.546499999997
398008.8662,10077.75390000001
398469.5522,17663.828299999994
398635.9258,19849.591799999995
398664.5332,22991.347999999998
398691.2072,0
399159.0898,9849.562600000005
399221.1088,0
399358.608,9841.565000000002
399646.5496,0
399747.4497,23567.156100000022
399968.853,25342.271300000022
400112.6354,28775.297699999996
400159.186,18890.792199999967
400195.31,11006.746700000018
400262.6568,10415.671459999983
400446.3903,30442.353200000012
400541.9335,21330.747199999983
400578.424,11582.654449999973
400620.2814,18262.677799999947
400806.2204,30653.57149999996
400892.93700000003,0
400901.1788,19709.335100000026
401000.5771,11093.343200000003
401214.9988,17865.564599999983
401270.709,13492.42929999996
401366.7677,17611.152100000007
401369.9965,11405.8983
401501.9208,9399.530599999998
401671.0122,16121.88910000003
401744.7335,11085.062399999995
401900.7985,16638.328500000003
402009.8631,11447.06700000004
402099.7299,17376.361600000004
402282.4868,0
402514.6024,9227.62169999996
402532.8189,11147.08540000004
402613.1699,12077.229599999962
403019.0164,20398.868799999997
403248.7025,11306.998100000026
403580.5302,0
403658.8461,10753.624899999995
403869.5378,17302.146000000008
403988.6822,9478.960699999996
404028.8625,11204.308299999975
404057.6704,12747.21179999999
404078.6937,15986.26290000003
404195.3006,9781.832700000028
404315.9799,11176.56779999996
404383.8981,23650.3027
404468.281,11718.24530000001
404523.2284,10070.551800000016
405038.8396,0
405186.9624,9687.584200000041
405267.8794,10705.098499999964
405394.9022,14577.791499999992
405630.059,12915.626999999979
406061.4236,0
406428.6298,0
406599.4853,14532.342400000023
406629.4552,11854.784000000043
406699.6095,12163.814300000027
406779.3064,10932.873900000006
406890.4686,11310.997399999993
407176.0704,10343.925199999998
407278.57,10179.120999999985
407294.9176,16937.35639999999
407433.4194,27135.0613
407508.604,16758.17009999999
407625.8866,27728.01720000006
407673.9584,8909.8309
407701.1124,19794.92539999995
407948.0886,10142.504725000006
408359.8562,12320.983599999978
408447.2607,0
408527.001,19253.915800000017
408586.832,12979.169500000018
408766.4667,9356.108000000007
408944.356,0
408970.16,20960.455299999972
408982.6436,22656.52799999999
408996.5433,21008.034800000023
409134.2167,23696.85129999998
409215.897,14419.63890000002
409275.7189,15249.706599999976
409334.5842,0
409779.0885,17908.477400000033
409825.9516,10203.945399999968
409982.1601,33277.33479999995
410467.2775,10373.45080000005
410474.1974,0
410586.662,0
410859.5201,35091.20569999999
410892.9303,8152.900499999989
411119.6078,0
411211.5676,18393.005600000033
411222.0239,12610.015799999994
411483.2448,14180.193800000008
411654.7307,10054.145599999989
411677.1756,10370.595399999991
411768.4215,29804.06599999999
411769.4418,23882.168266666646
412181.7625,7567.4224000000395
412495.9665,12221.017200000002
412601.4142,0
412639.12,12017.235400000005
412757.6106,23797.882199999993
413085.8729,9790.737499999988
413377.1111,8583.240560000006
413410.6368,16283.948199999984
413522.5489,18944.602000000014
413730.7089,7492.572800000024
413779.7499,8823.97080000001
413808.0105,24264.752299999993
413992.1128,11481.067900000024
414077.608,24058.983200000017
414252.3903,8347.047900000005
414487.71,0
414859.4071,8228.895000000019
415298.3561,9288.258799999952
415339.075,17535.749699999986
415418.514,5685.745800000033
415578.9945,17452.58539999998
415701.189,13110.32209999999
416351.8602,22893.49709999998
416972.5172,6866.203700000013
417009.5289,26510.00529999996
417033.1019,16637.37400000001
417071.1538,23955.264399999985
417694.9629,8539.0919
417943.7022,9362.237800000003
418017.8872,0
418180.5248,0
418528.2949,10823.084700000007
418719.7616,16135.61540000001
418742.2886,12161.098800000036
418950.9541,20396.125899999985
418959.54,15107.718200000003
419085.1456,7871.03489999997
419132.2062,0
419173.2731,0
419254.459,7840.757899999968
419381.6277,9031.209600000002
419535.6806,16343.113260000013
420071.6988,14236.570799999987
420094.316,0
420110.2343,0
420415.6253,7431.2809000000125
420521.8013,0
420670.3374,10320.63790000003
420780.8148,0
420800.4752,10050.45120000001
420809.656,11298.093600000022
420834.5022,8616.258499999996
420906.1899,28665.43459999998
421165.3087,0
421264.1469,6291.721100000024
421390.4613,24932.515500000038
421495.7593,16586.268599999952
421508.6313,0
421756.9593,6980.0150999999605
422036.5366,32752.79509999999
422365.6242,6140.280399999989
422599.0373,23367.157000000007
422661.7648,13977.804999999993
422720.1274,0
422841.6995,7698.04369999998
422890.087,447.8033999999752
423640.693,9037.477800000052
424121.5943,2058.533999999985
424275.8891,17710.248899999948
424333.1457,7669.912200000021
424415.9918,7600.48000000004
424505.2786,0
424563.2367,14458.3272
424723.2542,34852.44650000002
424821.4125,21898.241299999994
424823.4389,0
424854.3972,0
424961.314,8107.09149999998
424997.1486,7536.288600000029
425005.3481,14234.886100000003
425039.9657,10991.082200000004
425287.8346,19038.724800000025
425380.7473666667,0
425677.4969,0
425714.4638,0
426089.2036,11305.569499999983
426179.7386,12434.599799999967
426274.2567,0
426576.7856,16456.518700000015
426699.1282,0
426908.3939,13815.891900000046
426974.3064,11253.333800000022
427046.8691,14324.856800000009
427082.1013,0
427235.5183,0
427362.5097,9933.30939999997
427526.3169,16946.748699999996
427608.9083,7150.020300000033
427615.4457,7135.832399999956
427709.9404,9212.740000000049
427792.7263,14884.722099999955
427954.4773,7327.141400000022
427972.4695,8957.568599999999
427999.8988,0
428592.4579,9311.308099999966
428594.0827,30716.9081
428649.7642,10030.989299999957
428877.1582,11717.371500000008
429323.9194,10272.118599999987
429423.6236,0
429445.1472,12145.703099999984
429625.6809,18927.921566666628
429731.8542,9906.892799999972
429741.713,20254.065599999973
429973.583,9261.276199999964
430096.3482,26878.60460000002
430201.9507,0
430560.7746666667,0
430769.4988,32543.717800000042
430769.6693,32670.6691
430919.7725,7891.839500000002
430950.2233,13756.308100000024
431141.6365,6904.3041000000085
431268.3395,14341.190500000026
431362.1084,7115.616500000004
431419.6463,10209.715000000026
431583.05918333336,0
431682.4824,7190.973200000008
431701.8566,0
431964.1139,36550.697199999995
431967.7569,15604.331799999985
431984.592,6674.316900000034
432039.50789999997,0
432087.4677,9449.53879999998
432134.8589,5679.833800000022
432417.9876,14418.5625
432891.9402,6681.776300000027
433051.5309,0
433084.4783,13654.34480000002
433167.3597,22754.490899999975
433715.0823,0
433787.9174,7259.1389999999665
433982.3404,21633.17379999999
434082.0356,19755.857799999998
434326.7512,6951.575300000026
434731.8291,0
434899.0351,11261.748499999987
434909.8041,5867.744000000006
435191.4139,7483.313499999989
435503.5514,6699.785099999979
435639.2622,14178.869599999976
435690.9155,7398.793200000015
435981.237,0
436044.9889,0
436210.3727,15073.343900000036
436270.8464,8886.967899999989
436551.6588,0
436641.3993,0
436759.0295,0
436777.9125,0
436993.9476,0
437007.4369,15219.067599999951
437079.9705,7913.938599999994
437083.0709,0
437131.4354,10217.585900000005
437358.1181,18537.544800000032
437536.0334,21533.827500000014
437589.1898,0
437789.709,27357.965599999938
437808.7956,12729.646799999988
437836.7713,0
437853.0972,0
438201.3922,9009.37420000002
438679.1112,21105.828500000003
438712.444,0
438870.9642,0
439132.4708,9967.52370000002
439145.514,10957.442700000014
439151.1129,9171.302199999976
439173.2199,8346.99450000003
439444.6889,24861.23820000002
439481.6313,8912.664500000014
439753.6661,9392.063399999985
439770.4068,14459.9424
439786.7016,10547.243399999978
440012.2736,0
440038.0845,9557.033799999976
440080.2527,11403.45630000002
440178.0517,14671.911100000027
440195.2637,24858.62640000001
440197.5455,7837.450300000026
440708.9534,471.4453999999678
441142.4114,5337.373900000006
441487.6274,9681.742800000007
441551.2553,18701.55560000002
441778.3076,24266.820599999977
441921.7675,0
442016.6621,5905.618599999987
442035.1239,35350.66119999997
442038.6725,13530.182099999976
442146.7278,9028.695399999968
442361.6675,15204.503599999996
442377.1889,0
442453.7708,7495.380199999956
442474.1663,16237.051500000001
442632.6659,19086.8174
442722.7284,6986.424800000037
442954.4794,6181.585300000035
442996.507,5712.896299999964
443076.8714,13166.743900000001
443106.8649,17885.436400000006
443123.1804,9483.434300000023
443141.9186,24185.7206
443351.9675,8886.06500000006
443430.3778,13586.811199999996
443755.823,5064.334199999983
443862.6804,24045.141300000018
444390.7602,8153.208199999994
444396.61950000003,0
444500.4432,19090.932499999995
444516.3086,37994.71139999997
444554.9884,6430.9278999999515
444733.45530000003,0
444897.0201,8489.93200000003
445026.5764,36468.67670000001
445161.1473,6773.3848
445168.4193,14048.013199999987
445248.814,6310.644300000044
445446.8187,0
445447.1487,8756.101100000029
445701.4674,15925.349400000006
445719.9833,7876.315700000036
446550.5247,14318.383199999982
446679.7248,8550.32070000004
447031.0635,7393.453600000008
447411.214,8548.509499999986
447417.6888,9733.08779999998
447498.3939,12927.361100000038
447708.5107,15225.75469999999
447712.8128,6119.054600000032
447744.9549,8827.435400000017
447778.3793,4991.134399999981
447954.7828,12530.213099999994
448094.0246,16644.011300000013
448179.8191,39066.970900000015
448649.5754,16925.735099999933
448806.7613,7680.641400000022
448871.9373,22561.530299999984
449536.7343,0
449554.2839,14393.554599999974
449666.439,11587.7978
449804.0771,6472.244499999972
449848.1074,7317.675999999978
449939.3172,10135.25959999999
450068.7537,6512.929999999993
450106.1021,6568.089299999992
450316.5679,12345.945800000045
450366.7097,12102.290000000037
450403.8257,0
450472.73250000004,0
450511.5603,6190.863899999997
450602.599,24384.247700000007
450860.8468,15612.337999999989
451298.7186,8843.53760000004
451502.1039,12619.651599999983
451863.929,7309.099199999997
451899.8694,19172.338000000047
451945.0041,0
452021.6716,6156.017300000007
452148.7014,12121.490300000005
452192.9286,8223.598200000008
452399.4448,10136.49410000001
452631.5686,0
452784.8377,24822.85109999997
452793.654,15797.475899999961
452928.8363,14178.450000000012
452932.2106,7709.522899999982
452949.4689,8813.348999999987
452957.4974,0
452987.3122,21530.065699999977
453113.9048,20268.822400000005
453125.3976,32547.308900000062
453253.4995,8940.37030000001
453388.1394,13580.009199999971
453389.919,4302.284400000004
453821.5817,6567.6172999999835
453835.0353,0
453904.6276,9082.628800000006
454146.0003,6635.106200000038
454266.3832,22446.493799999997
454323.6806,9921.766699999978
454455.6941,22714.805866666662
454547.2329,4936.74669999996
454850.9328,7002.145100000023
454998.1904,10386.873500000045
455108.8326,4758.540100000042
455357.0857,6121.3056000000215
455462.2441,0
455524.2709,6194.662100000016
455701.1551,5674.074599999993
456118.6291,0
456227.6587,0
456493.5617,0
456679.1568,14275.809499999974
456865.8138,10097.10129999998
457061.3808,6217.4443999999785
457721.059,4640.228999999992
457767.6824,11250.94260000001
458068.2947,5275.800400000007
458199.7671,0
458202.7553,18689.73060000001
458245.8548,14247.572799999965
458292.2241,3673.493699999992
458631.688,8244.595299999986
459038.641,11079.135500000033
459103.7093,30711.527299999958
459456.8761,16652.33010000002
459806.8066,14510.14480000001
459859.6154,0
459871.9546,0
460162.4433,16061.978399999964
460970.5773,0
461148.3315,8435.349099999992
461186.8076,5168.5163000000175
461187.35620000004,0
461371.1323,12026.232200000028
461391.8819,4132.134099999967
461498.2946,6709.798200000019
461505.376,12550.375499999966
461833.2742,20770.955499999982
462096.0904,7017.011899999983
462314.8263,9619.829700000002
462486.7249,5975.559899999935
462591.6038,4758.914899999974
462927.07,17877.268099999987
463102.7969,21702.367100000032
463227.4893,7103.849600000016
463229.1659,14087.441500000015
463461.0073,17460.1238
463547.9441,12795.86619999999
463722.4397,0
463759.5759,9689.499100000015
464226.5845,7527.3056000000215
464406.3513,0
464437.6059,6453.254700000049
464465.693,0
464525.61089999997,0
464575.7263,15777.816799999971
464862.0206,0
465132.8531,691.7309000000241
465321.1388,16727.000300000014
465614.3811,13420.707319999987
465752.0478,26076.652599999972
465830.4211,24442.30469999998
465892.7885,7731.428200000024
466161.3859,7284.198199999984
466181.3987,17224.131000000052
466637.9928,12062.478699999978
466640.4726,0
467028.5294,9148.682700000005
467437.9272,0
467465.3353,15348.617099999974
467536.5832,25266.246799999964
467620.2456,26149.313300000038
467836.3038,15305.684699999983
468043.0928,10314.767899999977
468064.04819999996,0
468312.1617,7703.550899999973
468642.3833,7173.3138000000035
468721.3056,0
468945.1238,5383.462300000014
469356.8087,0
469448.0775,5877.8283999999985
469448.3515,3515.208400000003
469712.3456,7755.797100000025
469787.9882,0
469872.7523,13457.557700000005
470113.2558,1692.2471999999834
470144.8444,18108.897400000016
470149.3007,9958.444900000002
470263.0672,6175.944900000002
470557.387,24255.095299999986
470581.9226,32878.929399999965
470640.7604,16586.507199999993
471129.5008,4327.055899999978
471935.1305,4539.284100000048
471935.6382,21473.176999999967
472006.1117,6899.184899999993
472053.0898,2873.809500000032
472056.3267,8210.85639999999
472333.7006,16199.92259999999
472602.3181,14673.74649999995
473130.5597,8570.199399999983
473257.6264,0
473328.0951,15684.317299999995
473827.6867,0
473859.293,14931.260999999999
473898.1016,11518.724099999992
474063.8454,8451.471900000004
474173.9708,0
474259.5806,23291.58409999998
474495.9577,8234.839600000007
474930.6884,29777.868399999978
474991.5651,13623.875100000005
475133.146,0
475479.7987,11055.709600000002
475561.9971,9830.524599999946
475712.3738,10306.646000000008
475763.5936,18643.855100000044
475929.4613,17853.700500000035
476570.9953,29451.12969999999
476620.3882,15433.374699999986
476655.7113,9674.473400000017
476732.9757,0
476743.3644,23530.744200000016
476900.3886,12667.269299999985
476914.7397,7177.375999999989
476988.6683,9728.44339999999
477006.3209,21840.87459999998
477116.9629,28330.99160000001
477223.8518,8132.677800000005
477239.6866,6865.618600000045
477274.9224,28230.214699999953
477379.7632,10082.221699999995
477405.2246,10615.852800000052
477477.6804,14112.916700000002
478257.2526,17429.00140000001
478357.008,8734.675099999993
478466.6624,8652.714899999963
478631.9082,16386.12810000003
478919.9317,10931.39280000003
478970.8409,8413.106499999994
479074.8495,14653.26079999999
479914.2462,26239.18060000002
479985.1118,7551.530599999998
480147.189,8484.68100000004
480173.734,9564.878800000006
480254.8521,9882.552599999995
480512.5728,14688.333100000047
480742.9092,9047.24550000002
480966.6077,11779.296800000011
481009.0188,0
481040.5591,14778.039600000018
481150.4024,22829.7708
481266.9556,8748.538899999985
481269.1237,20254.628399999987
481437.2673,23800.59460000001
481677.1143,8523.633366666676
481774.6865,10571.944699999993
481792.6433,23637.185400000017
481892.7663,15617.719500000007
481956.993,9241.28820000001
482148.5159,13995.311899999972
482168.5219,20039.661599999992
482283.1552,0
483014.0399,10322.509999999951
483095.5584,9958.916399999987
483136.979,10825.77860000002
483416.9706,8847.114799999981
483438.6124,11531.329099999974
483508.7114,18990.278299999947
483680.2489,9930.476900000009
483696.0601,9736.57050000003
483726.6363,8368.003150000004
483834.4704,11706.974500000011
483870.3335,8093.909700000018
483920.6942,8511.723400000017
484061.1409,8953.728300000017
484113.3649,8742.018699999957
484684.0139,5888.69160000002
485763.729,28138.185499999963
485800.8895,8921.176600000006
485951.863,7289.3606000000145
486074.3517,0
486298.5435,12559.165500000003
486486.1776,0
486716.1323,8424.209600000002
486802.85,14523.810999999987
486918.4775,0
487040.3157,22245.48079999996
487292.5347,7381.257600000012
487515.7443,16692.37640000001
487532.2168,20236.93219999998
487544.2221,14743.341200000024
487683.8307,14801.495999999985
487733.1643,11660.064699999988
488468.1736,17375.315599999973
488641.2835,15044.732300000032
488961.69299999997,0
488977.043,8392.216399999976
489182.8358,7107.828299999994
489711.7944,6336.809500000032
489925.0532,29979.973500000022
489926.8712,21195.21529999998
489934.6366,7592.130100000009
489977.8491,6916.2171999999555
490093.1685,16892.389200000034
490302.002,13820.315100000007
490530.1309,8238.882500000007
490688.8581,17241.284400000004
490936.7997,27989.330299999972
491077.3518,7691.256400000013
491287.6801,25744.112699999998
491324.9679,10807.533799999976
491332.7889,7726.378599999996
491524.9983,17557.362699999998
491552.5746,9584.947074999975
491746.7944,7746.140100000019
491838.7659,20131.630000000005
492009.9723,5164.793700000038
492102.1318,21005.400599999994
492206.4427,7310.161000000022
492422.2138,13068.828300000052
492688.6553,7401.179699999979
493059.4725,5742.77979999996
493125.9205,0
493211.4185,6397.631900000037
493327.866,9560.685299999954
493357.3779,0
493471.6201,29426.324199999974
493480.83146,0
493503.3413,38884.24410000001
493716.9918,0
493963.3165,12217.053899999999
493966.973,8203.415600000008
493976.8282,0
494157.3449,8633.068100000033
494186.2615,0
494664.8998,11812.028099999996
494682.3689,26011.219900000026
494987.0812,12897.348100000003
495193.677,8336.747100000037
495326.7092,8694.818299999984
495332.0207,0
495454.5518,13802.078139999998
495674.8026,12801.816099999996
495750.0207,7856.102899999998
495751.5641,0
495776.7521,22999.8542
495956.6155,6346.466899999999
496123.4792,8260.914700000023
496461.07409999997,0
496698.7539,5239.025900000008
497021.8104,11588.642700000026
497267.5203,17197.532599999977
497270.2632,7989.123800000001
497409.018,19288.378999999957
497456.5175,0
497853.47719999996,0
497929.7169,0
497937.3645,7337.669500000018
497975.9425,0
498270.6593,11182.357499999984
498438.0143,20174.0735
498472.5,9783.164800000028
498522.0783,5861.44709999999
498538.9798,4139.895699999994
498578.1455,30627.145299999975
498688.8777,10974.766200000013
498879.9293,20551.137800000026
499225.619,7577.144900000014
499384.6638,0
499690.3486,9632.159400000004
499697.4943,0
499955.1192,7022.920000000042
500086.3777,27846.48119999998
500102.9397,11131.991399999999
500281.0692,11978.35010000004
500396.4343,6184.842500000028
500409.5643,21553.236500000057
500417.7494,25260.87209999998
500420.1133,4955.30210000003
500542.3338,21856.961100000015
501137.0637,26183.25669999997
501271.8662,6903.580299999972
501362.3155,1130.8422833333607
501557.3982,6432.633199999982
501625.3189,0
501754.3103,5077.568800000008
501759.2918,16752.93300000002
502114.7132,4478.373800000001
502235.1519,5623.983200000017
502330.1511,4717.896200000017
502400.3073,6139.866700000013
502431.38344,0
502491.7766,6793.859200000006
502834.2178,4684.495499999961
503075.2598,5419.47629999998
503227.9455,6164.016499999969
503267.5868,14221.71159999998
503391.3236,27555.099800000025
503436.012,6578.743299999973
503621.3803,7408.734800000035
503750.6109,9542.13710000005
503813.0425,4185.119799999986
503890.3969,0
503948.5342,6867.181839999976
504081.2191,5385.383900000015
504101.8153,1740.7567000000272
504109.1561,0
504397.7252,22507.935999999987
504691.488,0
504725.7297,4115.702500000014
504901.1403,29128.82190000004
504966.7263,225.32529999996768
505068.1659,24976.97290000005
505122.2196,14182.526400000032
505399.6486,11549.565500000026
505708.0521,0
505718.9377,0
505835.1591,0
505910.4942,5424.594000000041
506073.4538,9773.258300000045
506152.0261,3165.0927000000374
506398.0745,0
506407.9786,0
506495.454,0
506758.7875,1525.7665999999736
507212.3411,12240.75410000002
507530.6241,12678.473899999983
507567.2158,0
507879.8479,2610.6401000000187
508087.7325,0
508142.8916,2956.5877999999793
508304.5108,0
508588.8594,15522.319375000021
508707.8658,9169.837000000058
509074.3281,0
509324.8005,0
509387.1488,19125.016200000013
509499.9099,0
509651.629,9608.265799999994
509815.8064,5399.867399999988
509902.3153,2844.192700000014
510059.2449,20381.11050000001
510304.1627,2587.4536999999546
510423.4099,3265.0076000000117
510460.1724,8114.17359999998
510518.944,0
511017.5483,5453.4927000000025
511137.8489,15319.617199999979
511180.5115,19538.09256666666
511227.265,19003.18200000003
511236.649,11412.019699999946
511257.3971,8173.051299999992
511602.0447,5616.6263000000035
512076.3168,3786.3870999999926
512375.732,0
512402.5293,7215.29369999998
512542.0559,11634.407999999996
512766.9821,5564.033600000024
512850.6971,5008.748800000001
513206.7425,6050.311799999967
513248.5885,5427.970600000001
513699.6315,18523.71180000005
514062.1545,4233.045500000007
514252.2218,0
514399.6706,11955.978999999992
514478.9315,4314.419700000028
514516.8605,28716.14280000003
514746.4434,5160.829199999978
514826.93929999997,0
515053.407,7283.70120000001
515054.2902,13900.196599999967
515618.3549,7405.755299999961
515648.9771,0
516232.5452,10069.789300000004
516485.1594,4416.265100000019
516527.8584,13137.351000000024
516665.205,26526.0441
516733.7636,8746.400800000003
516813.778,0
517118.1417,16180.420799999963
517151.841,4317.123800000001
517176.9825,0
517242.9344,4013.3826000000117
517424.0331,12508.735400000005
517719.7774,14297.818900000013
518041.6273,9325.374899999995
518147.1253,11996.406699999992
518230.765,9079.413900000043
518535.5818,6217.97219999996
518642.4216,27015.91279999999
518782.0773,5390.780800000008
518820.8237,12318.164800000028
518847.7783,0
518955.611,10974.949999999953
518959.9563,0
519156.3067,5100.064833333367
519210.5292,0
519212.2542,3034.3119000000297
519221.2598,16381.358299999963
519410.0314,17973.158399999957
519499.405,11638.356300000043
519518.7266,0
519599.1815,5999.7098000000115
519695.271,9564.5147
520007.3609,3945.9669000000576
520396.6578,10714.792299999972
520433.3333,16069.857499999984
520632.1955,7723.449699999997
520826.9342,4824.455699999991
520869.5687,11456.8419
521032.0567,25862.19589999999
521288.2154,0
521306.0163,33013.517500000016
521396.20423333335,0
521507.8396,5343.285700000008
521646.7905,2533.3214499999885
521707.6396,0
521927.98970000003,0
522172.5879,5074.900900000008
522234.6802,7336.767099999997
522257.1972,13198.091599999985
522330.6139,5404.021799999988
522819.6839,5124.2517000000225
523116.5927,0
523175.6807,3585.264700000058
523356.8318,25518.969299999997
523751.1986,5403.389599999995
523842.8435,10798.361499999999
523912.7508,0
524069.7077,4764.574400000041
524137.1952,0
524236.327,8910.829900000012
524343.4012,14752.37249999994
524359.4118,4603.14327499998
525165.0021,15407.928500000038
525404.1629,9109.659700000018
525636.9528,0
525729.7799,5979.070199999958
525824.8461,19966.345799999952
525976.3922,6232.010433333344
526098.3403,5921.135500000033
526302.8248,0
526550.0043,0
526725.5891,0
527073.4685,6139.60779999994
527259.3333,9558.297100000083
527804.3609,7544.73119999998
528071.9154,0
528179.663,11992.786599999934
528303.8731,7787.383799999952
528379.4734,0
528610.5132,18826.18650000007
528613.1548,9131.191300000006
528628.3414,5218.90690000006
528688.8543,17572.58400000003
528956.9527,0
529093.9718,38029.72570000007
529135.7509,12836.328299999994
529179.5812,8805.362000000023
529231.4903,11519.46399999992
529334.3312,12623.779100000043
529492.8239,5665.454799999949
529814.0134,7371.029000000039
529968.6755,0
530214.9425,7908.2696
530906.9915,19034.28720000002
531082.2351,8822.687300000049
531319.4539,12767.301899999962
531360.204,12626.09580000001
531394.3014,11190.82740000001
531524.2045,7485.130599999975
531771.6921,11843.185899999982
532049.1369,12360.003400000045
532526.6343,12589.733100000012
533196.5791,13235.025799999945
533253.2762,20154.142599999963
533257.3259,8135.300600000075
533425.9618,13678.28680000006
533551.3568,11906.269299999927
533608.9245,1089.89169999992
533647.4033,10407.390799999994
533701.9122,7669.282200000016
534742.1324,9444.97470000002
534755.9256,10822.031299999973
534938.0098,3704.5206999999937
534989.2003,29259.641700000037
535304.2227,14252.963000000047
535413.6627,17067.014399999985
535927.3453,29708.349400000065
536197.124,10524.343999999925
536466.0824,23363.200299999968
536471.5116,15439.507999999973
536482.0256,22145.39910000004
536718.1605,12969.570799999987
536821.0613,17431.370099999942
537224.8807,14278.417999999947
537270.7527,11095.725399999996
537476.7436,10249.389300000039
537534.4441,8988.08169999998
537882.3129,16431.913
537888.689,12477.962500000023
538135.1258,6143.792699999991
538285.5299,13933.860600000015
538529.9589,20397.4534
539057.4288,29974.418799999985
539281.0932,16580.704399999988
539321.0129,4081.6355999999214
539887.5387,10728.421100000036
539901.8478,22781.590199999977
540127.3401,9523.34169999999
540131.4341,18881.96259999997
540402.23,13353.12659999996
540968.9405,13465.159400000004
541273.3325,7289.00430000003
541646.6445,25509.98820000002
541691.4479,10976.31540000008
541805.6423,12536.720299999928
542230.7274,14282.761300000013
542353.3817,13325.779749999987
542659.2542,21997.3713
542735.7676,24331.411580000015
543296.9329,11217.136799999978
543343.1787,11725.450400000089
543565.0477,21318.651300000027
543608.3518,12047.373099999968
543853.2664,8395.345399999991
543919.1234,13586.897200000007
544175.9912,15516.994400000083
544249.6892,25416.83030000003
544307.8489,9768.10289999994
544453.004,11508.778699999908
544593.3727,7024.329900000012
544608.4456,17994.193699999945
544921.8468,13294.828400000115
545036.2128,19668.499100000015
545038.5602,19201.65909999993
545366.9055,11677.804899999988
545830.7632,15860.531400000094
545964.9418,26536.13770000002
546017.7446,21497.776300000027
546020.164,19469.577900000033
546060.4922,13262.900399999926
546307.8207,12315.21000000008
546451.4674,7336.077899999917
546689.1563,22272.95980000007
546995.1243,20641.68400000001
547035.2257,11622.164899999974
547190.243,10213.838199999998
547227.8162,18258.2034
547518.3668,12818.91559999995
547543.4687,12310.152000000002
547653.7126,22912.1912
547839.9271,9674.967799999984
547964.7217,11954.74450000003
548041.63,8930.127800000017
548101.179,19283.279899999965
548183.8878,10771.03489999997
548231.777,13289.777000000002
548386.5166,9452.630999999936
548589.133,14710.356400000048
548648.2898,28048.373500000045
549104.6212,11868.18060000008
549219.1568,20828.780700000003
549477.5418,662.0953999999911
549732.9299,13573.55859999999
549831.5016,10524.232699999935
549975.6586,10601.539799999911
550076.7585,10861.791899999953
550339.7417,20177.14100000006
550674.2754,10801.270499999984
550708.909,10953.382600000012
550945.9325,12463.194200000027
551032.1418,29723.13269999996
551369.9019,13113.359000000055
551657.3349,26439.30150000006
552348.4575,11531.876000000047
552381.3994,6062.130299999961
552396.5155,12744.78039999993
552811.2146,4720.820699999924
552983.2014,13783.921600000001
553011.5749,12801.013799999957
553098.6098,11893.904899999965
553324.7894,23915.64690000005
553342.1387,28717.84030000004
553347.2701,12572.029299999936
553432.3148,19764.094700000016
553588.5188,12971.158399999957
553632.5791,27917.041299999924
553758.1233,28056.186099999934
554209.9095,14632.904899999965
554676.3576,24483.287699999986
554756.1621,6519.527099999948
555215.9159,21859.020400000038
555301.9676,19490.31779999996
555307.3792,14484.171699999948
555561.9074,25309.73060000001
555618.4306,30837.371799999964
555644.2086,15574.180300000007
555680.7356,675.5744999999879
555773.2634,12178.074400000041
555910.0012,16668.316900000093
556190.582,24075.64730000007
556250.3036,18701.838400000008
556262.2006,20268.610400000005
556299.4813,11273.831000000006
556301.5686,14368.389500000048
556536.2607,15128.209700000007
556608.1108,26653.135899999994
556729.9064,9549.364100000006
556742.7997,10156.553299999912
557006.0646,16172.148800000083
557068.0257,19098.251500000013
557308.0264,9752.147600000026
557413.6056,31437.481299999985
557517.8608,14950.508800000069
557555.931,17137.924
558013.9779,14040.27370000002
558537.3534,18662.606400000048
558635.0902,13944.658999999985
558789.3993,28247.313300000038
558827.4968,28989.76390000002
559184.5227,21880.56599999999
560282.2181,17767.046700000064
560338.4535,561.8256999999285
560412.9518,11881.260499999975
560479.6755,14405.22259999998
560822.5875,13406.17359999998
560915.7602,32421.750499999966
561195.6209,12042.625299999956
561240.4336,10911.688199999975
561318.9849,0
561440.2922,19516.19669999997
561476.7457,16134.57959999994
561981.4018,12902.194000000018
562227.3136,21410.930099999998
562228.724,16904.768500000006
562391.5359,14195.073800000013
562477.4862,18029.23270000005
563141.4137,15317.880300000077
563143.809,25945.604300000006
563752.0553,13148.191899999976
563782.9582,11154.704400000046
563839.4127,15929.065799999982
563867.896,0
564352.163,12808.115399999893
564547.3469,16658.636100000003
564603.5174,24008.766799999983
564608.7977,9464.034199999995
564614.3125,15925.255099999951
564657.5447,21843.782299999963
564874.2038,21967.865899999975
564949.4707,26908.25489999994
564982.0307,16241.152299999958
564997.2939,14259.164600000018
565028.0664,20996.05839999998
565732.4504,13286.700199999963
566039.309,15573.324000000022
566413.9199,15002.98199999996
566646.1249,15199.981900000013
566891.5765,15217.998000000021
567070.0001,30946.73969999992
567086.9143,21351.875499999966
567127.5894,14539.897800000035
567213.2434,23444.928900000057
567361.3276,19007.590399999986
567507.7921,0
567781.9651,12394.442299999995
568009.2317,25857.332399999956
568107.7036,16397.176399999997
568517.2549,0
568751.4564,16663.179200000013
568963.3618,18791.902699999977
568974.0588,16588.956000000006
569020.9052,28759.19780000008
569165.2443,12930.729900000035
569328.0094,17687.30589999992
569639.222,14538.721299999976
569873.8765,17739.125
569900.1835,28221.107500000042
569900.8683,12720.515999999945
570003.6797,13657.295900000026
570081.0307,14889.017200000002
570456.2722,22353.305900000036
570664.5932,0
570675.6819,11495.465499999933
570709.6318,0
570761.0178,29576.906100000022
570907.22,23841.979399999953
571085.3101,7258.112700000056
571501.1298,12379.044800000032
571755.651,20930.046899999958
571813.7166,14016.77350000001
571837.0202,13806.719900000026
571838.6389,16788.767899999977
571890.6199,15911.876900000032
571928.6913,29681.989100000006
572094.914,31037.200100000016
572389.3842,14437.097300000023
572632.908,21395.0956
572711.8127,0
572846.068,12725.24609999999
573236.2976,14065.301800000016
573236.3126,13258.117199999979
573484.4363,29899.371999999974
573909.5924,13695.808299999917
574058.8669,24090.80090000003
574066.3409,0
574251.3043,19117.853799999924
574271.3252,22363.918799999985
574880.6722,219.7626000000164
575348.3988,4384.467399999965
575464.084,12440.697000000044
575873.1082,21772.29310000001
575932.7155,14002.806400000001
575953.5039,35062.571400000015
576034.0251,9758.389800000004
576322.1969,13792.782999999938
576514.3117,0
576594.3604,13922.624300000025
576723.7737,32800.619200000074
576914.7325,14337.40300000005
577217.2909,14435.981700000004
577365.7111,17313.574900000007
577455.4612,26798.28330000001
577503.4644,19658.66810000001
577798.7991,25386.77119999996
577907.5323,21321.41319999995
578044.9982,13726.938800000004
578165.3735,30800.042200000025
578202.6446,19121.40220000001
578556.38,17152.50589999999
578567.8111,16148.808400000096
578697.6894,17658.659700000077
578700.355,31025.716599999927
578775.2273,16483.86479999998
578854.8752,30901.165099999984
578908.5639,0
579145.4341,0
579254.1644,14671.825399999972
579374.0332,14980.710499999928
579425.2558,18419.184600000037
579484.6699,0
579590.4896,12874.602599999984
579758.1476,14777.459700000007
579760.5409,25322.60560000001
579799.4299,16234.951299999957
579937.8032,14670.890733333305
579963.5194,44505.39209999994
579996.097,11876.474499999895
580174.3097,16105.377699999954
580514.2424,12101.931633333326
580521.7594,14018.007899999968
580560.6626,12582.279500000062
580767.7439,15233.538700000034
580857.5572,12272.603100000066
581127.8863,343.0112000000663
581297.582,15274.950400000089
581439.4001,15695.354700000025
581653.7055,16314.79720000003
581817.4927,12589.101999999955
581968.9655,12464.7304
581983.937,16415.01000000001
582008.4134,0
582098.799,12580.249500000034
582344.4429,0
582413.331,16488.954099999974
582476.0807,22197.3367000001
582638.6171,13659.0858
582677.4434,32497.850466666627
582678.3036,0
582684.4333,25731.77840000007
582873.3362,0
582892.0618,13058.021100000013
583131.9917,0
583206.8839,14470.388000000035
583585.656,22007.346099999966
583691.0187,27888.174800000037
583822.6761,13432.570799999987
583922.2697,20673.833199999877
583937.1842,14961.303300000029
584033.4129,16481.055500000017
584036.8073,13750.206400000025
584087.7024,13482.321699999971
584229.714,31238.218500000075
584294.3734,16265.636200000066
584351.8284,36336.57250000001
584732.6573,19302.71849999996
584846.1734,16240.778099999996
585648.1849,10925.32050000003
585819.1152,11200.985400000005
586031.4154,17966.863700000104
586349.2646,16294.003499999992
586759.4754,19049.751900000032
587121.9267,12923.551399999997
587247.6933,10186.065700000036
587250.8229,29871.462500000023
587343.2036,19042.525400000042
587377.9671,32040.050099999993
587492.3591,29586.438599999994
587603.3533,19247.0713999999
587664.428,21349.13249999995
587801.4924,11588.408399999957
587892.644,24044.52449999994
588107.6678,9253.706500000088
588124.189,0
588190.4658,38814.23550000007
588269.6325,21641.452500000014
588288.4396,24378.315300000017
588407.8257,10273.050400000066
588561.2235,38898.54759999993
588792.2386,9575.540900000022
589371.1534,14810.371299999999
589460.8268,20731.04370000004
589587.6949,29691.877800000017
589970.0209,33956.19169999997
590080.2236,12251.234000000055
590120.2012,11871.51820000005
590272.7916,0
590498.713,26311.87599999993
590897.7201,10049.48490000004
590955.5976,13644.514199999976
591085.2085,0
591243.4514,11592.703800000018
591363.8699,0
591617.1898,17261.847300000023
591851.8735,19311.12659999996
591979.9398,12311.307499999995
592166.4769,18947.44319999998
592178.9678,18934.788100000005
592226.3426166667,0
592243.2563,17571.649600000004
592651.8988,0
592665.5467,9498.264099999913
592744.7434,11691.707000000053
592973.4339,17793.81739999994
593136.5017,15152.227700000047
593204.915,23401.541800000006
593218.6958,17468.62659999996
593576.5523,11591.223299999954
594107.9954,11062.807700000005
594414.7484,0
594456.3996,13091.32369999995
594468.7647,13771.472450000001
594701.4237,15846.623000000021
594708.9786,0
594709.8658,21723.84460000007
594776.4878,17548.362800000003
594905.317,14104.515500000096
594917.5584,37101.62989999994
594943.4907,11782.195199999958
595011.045,24510.341400000034
595090.8191,7792.7470999999205
595260.6567,10870.41240000003
595353.301,16323.957799999975
595559.0864,7485.611499999999
595850.562,11662.515400000033
595923.2967,12467.602659999975
596104.8789,15384.918000000063
596235.6766,12492.841200000024
596325.1889,9816.910599999945
596378.5117,8939.849400000065
596658.05,17890.11810000008
596975.354,23401.033600000083
597167.8382,20247.29090000002
597383.9653,0
597546.0225,0
597678.8327,21012.97999999998
598025.2671,18973.5793000001
598122.2806,26480.640600000042
598270.3885,18504.190199999954
598624.7667,15844.474099999992
598719.6372,0
598795.1072,10347.22789999994
598798.7332,17434.464400000055
598898.6825,10300.200300000026
599207.0404,9316.801600000006
599246.802,19466.435400000075
599358.9502,22921.4473
599575.6575,0
599676.2675,16872.59719999996
599933.6221,13841.536399999983
600124.2314,14542.15850000002
600316.772,1864.297099999967
600333.7556,10622.461699999985
600382.9431,11988.923400000087
600509.736,294.06200000003446
600642.8329,10557.164300000062
600717.6732,4343.6224999999395
600718.8385,11799.29449999996
600721.5336,28484.60699999996
600912.4501,7118.558599999989
601082.4122,13272.879199999967
601134.5266,12206.623633333365
601371.2091,22902.70909999998
601490.479,21050.555099999998
601641.0317,8529.062300000107
601643.8498,9964.988099999959
601985.181,11263.916699999943
602161.7092,15997.489600000088
602471.9463,0
602579.0782,14262.863299999968
602579.1604,7903.059100000071
603097.3683,14058.010499999975
603704.3549,10960.638200000045
603766.7089,0
603870.1514,11220.153300000005
603980.2446,24996.028399999952
604050.277,15935.145699999994
604353.6575,9406.080799999996
604397.0931,39883.02840000007
604749.2201,21706.56520000007
604832.1479,3192.738999999943
604878.9398,1196.3562000000384
604970.8136,15327.616900000023
605046.5259,16087.690300000017
605068.4249,8632.855499999947
605161.6025,13350.200500000035
605180.2512,0
605287.9652,10887.684099999955
605371.2733,19447.383299999987
605597.2063,10319.326899999985
605708.1757,17384.55540000007
605792.9571,11867.39373999997
606089.6282,0
606454.4285,8131.398200000054
606531.6315,8121.062099999981
606552.8005,14330.429200000013
606711.5591,12542.099999999977
606912.2314,9094.432100000093
606945.4,21094.17260000005
607027.1536,10453.282499999972
607486.5214,9726.421366666676
607695.4528,14821.364599999972
608064.274,12693.745799999917
608137.7208,7445.628800000064
608483.1654,16301.626300000004
608507.1303,18190.715699999942
608612.5214,42840.795399999944
608754.1126,9274.065799999982
608808.6668,21047.00020000001
608962.7708,13329.621299999999
609041.3619,1413.7589000000153
609527.6574,37272.241299999994
609688.8191,7879.834299999988
609699.3372,11949.330199999968
609809.671,45085.63399999996
609895.7686,12311.139199999976
610034.2791,8426.829700000002
610066.3347,9161.624100000015
610208.2882,9251.702899999917
610749.7442,28238.133499999996
610964.4396,8261.101200000034
610992.9181,8272.288700000034
611100.8608,6276.803700000048
611252.0174,11091.470100000035
611500.5574,7931.702099999995
611521.9392,13082.815500000026
611655.9043,14500.867200000095
611744.5283,23356.14419999998
612046.7833,13287.606499999994
612096.0936,19471.45649999997
612203.0296,7705.96259999997
612259.9296,14928.118400000036
612359.6725,6805.618099999963
612472.8704,5705.344999999972
612472.9219,7957.334799999953
613179.3859,14942.911199999973
613249.3466,6785.1279000000795
613319.5096,8734.963199999998
613537.3075,7751.280600000056
613576.1204,12844.408799999976
613648.5578,7168.111700000009
613737.9453,1177.7044999999925
613739.64,6038.599300000002
613762.7485,15058.6017
613817.207,15019.778900000034
615002.058,7136.2309999999125
615063.7232,6375.1679
615600.0742,6078.697700000019
615611.4012,8417.612800000003
615710.2632,8427.231400000048
616116.6762,18413.828899999964
616201.9612,45560.32070000004
616333.233,14488.85970000003
616442.709,6731.709400000051
616483.5319,7376.276999999885
616569.7616,46126.913700000034
616673.9756,8491.67220000003
617125.8404,12272.896899999934
617157.4041,13013.616700000013
617165.7766,12967.190399999963
617312.4877,7841.912899999996
617334.1172,10113.973899999983
617723.7,11144.513499999885
618427.0665,18093.85489999992
618682.4533,8918.971900000004
618688.6264,8748.679199999897
618728.1798,18117.33030000003
618903.1401,7548.929200000013
618985.6653,24149.538900000043
619023.3014,17425.631799999974
619089.0608,20116.51469999994
619292.9199,7967.19180000003
619991.9949,29154.429900000105
620188.4272,15771.912699999986
620311.7498,15907.058799999999
620654.5328,0
620724.472,16089.690399999963
620812.5757,11063.250400000019
620867.4259,37589.907600000035
620951.0989,14268.307399999932
621262.3197,9386.007800000021
621312.7981,16175.48080000002
621411.5187,13385.169200000004
621440.6687,19044.837200000067
621547.9755,8977.821699999971
621761.3444,24972.793299999903
622088.6897,15066.97470000002
623343.5014,11664.863399999915
623364.6698,9823.40120000008
623396.5944,10646.27649999992
623455.4585,10021.919799999916
623816.9592,28642.214000000036
623837.0355,10532.024300000048
623975.0671,10751.16379999998
624010.0673,9632.414099999936
624052.1775,10965.385499999975
624078.3231,14242.602100000018
624116.5985,9749.936799999909
624120.172,14682.968100000056
624456.5238,11503.909600000014
624524.9959,13810.691299999948
624538.6573,14303.834399999934
624594.4821,14853.83759999997
624765.1195,15624.20000000007
625062.8013,14761.300000000047
625286.8017,10917.420399999944
625836.197,35226.34770000004
626238.0903,0
626250.3121,9908.982100000023
626267.7666,22597.841200000024
626289.2657,38240.64870000002
626503.4322,14945.943800000008
626534.8551,17243.97100000002
626636.3829,9928.416399999987
626809.7374,18545.856900000013
627020.6886,18861.165700000012
627397.9407,11512.201899999985
627511.8465,9914.797900000005
627522.183,20351.091199999908
627740.8389,11557.814799999935
627799.3256,15536.39579999994
628106.1353,26117.806499999948
628116.9267,10751.27059999993
628119.5806,10996.189899999998
628355.5534,11953.209199999925
628395.3735,26568.88260000001
628666.8678,18809.41460000002
628811.8803,16553.714799999958
629097.6386,10858.011899999925
629438.4252,20037.551000000094
629819.7547,14433.689899999998
629895.3874,10440.8946
630005.5928,17988.219700000016
630274.2229,11078.29540000006
630371.6961000001,0
630454.2258,20750.58799999999
630844.2956,10343.263099999982
630881.8977,11519.561899999972
630967.2591,9431.908600000083
630978.7496,19197.220499999938
631088.8692,12740.106900000013
631156.1006,6396.716000000015
631178.0057,14242.801499999943
631314.3499,25145.566700000083
631909.8019,10610.20399999991
632064.3306,10906.435700000031
632379.0155,13727.362100000028
632449.3083,18202.20160000003
632454.2479,22160.738599999924
632681.0608,18059.95490000001
633009.4233,15840.283400000073
633010.4008,16661.445599999977
633078.4221,8660.386599999969
633693.295,10632.897700000089
633996.6504,13466.5070000001
634133.9565,11023.832199999946
634170.6939,27628.117699999944
634479.7527,15881.834799999953
634529.5136,24962.616500000004
634538.6902,11011.4608
634660.8996,8699.001300000004
634676.7156,20939.90060000005
634770.6392,24721.76760000002
634793.6326,10203.612700000056
635199.1321,8382.22370000009
635674.8122,23627.20160000003
635689.2323,20431.64049999998
635724.4826,20034.31050000002
636014.5556,22423.675300000003
636055.9006,10732.14300000004
636344.061,26023.2831
636419.0753,9772.643800000078
636558.3314,15056.84765999997
636667.3914,14308.760099999956
636745.6584,16030.095399999991
636823.8448,12445.151899999939
637026.2741,17015.26820000005
637283.6725,24756.835100000026
637336.3979,11026.703699999955
637462.0068,39667.59519999998
637652.2203,10937.370100000058
637699.0014,10122.576599999913
637794.7453,17020.624199999962
637796.7641,10022.825900000054
637885.4207,10412.731800000067
637906.1207,18909.038699999917
637913.063,10415.712999999989
637996.7212,12245.813500000047
638777.7332,12458.366200000048
638823.2294,21049.342399999965
639012.5357,9626.893700000015
639754.7313,11808.8848
639918.6988,27248.486900000018
639999.6783,10633.665999999968
640080.2439,6441.764500000048
640482.5598,28165.78899999999
640649.043,12095.597899999935
640921.5971,14285.089200000046
641249.1689,12763.513800000073
641487.238,10595.745400000014
641712.238,23883.614399999962
641735.6616,22049.221600000048
641899.593,22533.861999999965
641928.1981,14821.087700000033
642188.5941,12271.239399999962
642360.5717,19596.1973
642612.6483,11460.44960000005
642631.2315,15564.299899999984
642699.292,15673.425300000003
642863.4941,13015.105100000044
643226.9093,9793.903400000068
643269.8879,25081.814400000032
643303.8332,29858.87730000005
643498.3687,9317.320399999968
643540.8533,16846.380999999936
643554.064,17294.030600000056
643606.0267,12038.128200000036
643614.1175,15686.15120000008
643640.7627,26398.49239999999
643826.3814,21437.062599999947
643952.1789,8872.153900000034
643987.8504,9656.628799999948
644181.6913,21056.81999999995
644401.3778,17971.112500000047
644829.8631,18660.032799999928
644911.7697,12561.168299999903
644941.9531,12372.669200000004
645011.2384,11415.993000000017
645019.9208,0
645167.3033,9458.406799999997
645188.0659,11530.812800000072
645200.576,19128.275200000033
645367.3195,9412.199099999969
645410.0253,27518.305999999982
645469.0156,18281.841100000078
645583.4297,23373.3162
645622.4143,22523.853000000003
645719.0049,19608.206400000025
645913.0596,8789.578300000052
646010.5528,34478.66849999991
646010.8339,13998.329099999974
646014.4599,17317.392899999977
646024.6697,23488.402383333305
646229.6878,5671.136499999906
646454.1097,19413.986900000018
646484.1821,9655.425500000012
646610.1632,4002.2099999999627
646672.8183,17687.329499999993
646884.8323,39660.39670000004
647051.236,7785.440100000007
647105.2654,718.6716000000015
647513.6698,15781.197000000044
647542.0645,10569.245600000024
647565.2965,24492.894900000072
647584.0444,9027.593400000012
647793.0565,9144.39439999999
647827.6682,2908.918799999985
647922.0733,16473.8652
647997.8485,18028.739100000006
648025.2391,3890.0478000000585
648204.3211,30908.543599999975
648237.6476,13441.558799999999
648257.5146,4026.8377999999793
648295.4098,658.9466000000248
648469.3718,20863.021100000013
648607.061,9232.733099999954
649113.8172,17227.175800000085
649188.739,17409.129299999913
649276.1063,8636.743999999948
649391.8579,2123.836399999913
649482.4302,1693.9053999999305
649702.8895,16477.659100000048
649885.5995,7484.356700000004
649900.0752,21658.66559999995
650034.5797,0
650102.8904,12651.126800000085
650372.283,10872.356200000038
650466.8448,16773.15989999997
650486.868,6706.542200000025
650604.5339,0
650633.9347,9627.17518000002
650770.8091,9805.65579999995
651290.9597,20568.217999999993
651422.9383,15586.187099999981
651527.9626,0
651880.3076,10432.859899999923
651945.86,20884.770600000047
652071.5191,8493.900000000023
652130.7992,9488.852300000028
652173.4031,8569.353600000031
652304.1795,9957.330299999914
652315.345,24417.584999999963
652446.9674,17363.376300000004
652556.1533,31177.0821
652763.9589,9627.839833333273
652847.1586,17516.70239999995
652929.6196,5927.994100000011
653148.6956,24653.620799999917
653173.3015,8446.369499999913
653595.2913,7362.418400000082
653699.4443,8399.030299999984
654017.7848,8967.408799999976
654383.6024,26652.493475000025
654398.8944,17737.503999999957
654466.1565,22924.725800000015
654502.2008,26857.5018666666
654595.7693,9226.165680000093
654735.1748,25913.541800000006
654737.9277,0
655004.1355,10420.062440000009
655088.0274,18894.899500000058
655167.927,23426.94140000001
655278.6613,6958.833700000076
655344.1499,8571.036699999939
655449.5655,6634.362300000037
655500.1153,6311.126499999897
655715.7208,7670.477075000061
655978.093,15946.059499999974
656080.7327,10727.269700000063
656499.9836,2755.9161000000313
656575.5124,5883.991000000038
656724.3275,7108.495300000068
656819.73,7599.078600000008
657052.837,0
657121.6026,0
657258.1799,4512.704700000002
657460.7107,4331.961600000039
657471.7704,6039.524399999995
657813.7802,5101.916599999997
657914.8908,6584.280800000066
657930.1767,0
658172.9666,3288.3259000000544
658399.869,4951.052316666581
658473.518,25834.638099999982
658480.5005,14895.677399999928
658493.4348,342.2327000000514
658868.2249,14198.698000000091
658962.151,9156.478799999924
659075.5838,30426.510800000047
659100.175,20063.00900000008
659216.8442,8836.047800000058
659263.2432,22079.860199999996
659283.2747,21367.128299999982
659286.5739,23236.159799999907
659350.8017,4868.53059999994
659659.732,0
659756.7371,4212.954400000046
660175.1418,10420.919600000023
660397.081,6120.655000000028
660454.1578,14964.586899999995
660526.1977,7242.16921666672
660722.2827,14476.223899999983
660736.8022,13279.23290000006
660757.9073,0
660801.5807,6154.521400000085
661051.1995,17713.65029999998
661192.2071,6565.695500000031
661228.903,0
661354.8606,6657.7046000000555
661378.3118,22339.736200000043
661709.7037,11955.895839999896
661770.5921,0
661856.3156,1499.8660999999847
661931.6373,2127.7245999999577
661985.117,1948.0741999999154
662066.6905,12544.069800000056
662144.8137,6062.652000000002
662173.1721,5955.385599999921
662174.2063,5511.966299999971
662182.8799,14147.020200000028
662374.0928,9334.731599999941
662394.3732,0
662415.2355,7996.1777
662543.4722,1609.2262999999803
662700.7574,9394.893900000025
662863.5472,5702.333150000079
662939.7728,0
662961.3006,9125.342299999902
662975.412,0
663081.7003,24310.226800000062
663139.5866,0
663184.7959,4025.4566999999806
663274.4901,2153.100600000005
663354.9376,23128.73549999995
663391.4745,25335.74450000003
663412.24,20749.451
663556.5309,2711.799800000037
663796.6561,2362.739200000069
663925.792,8124.709400000051
664035.0381,0
664174.4518,29404.23330000008
664304.0745,10299.952199999942
664542.1857,8178.956000000006
664571.099,0
664592.7086,5959.296800000011
664796.5977,2532.393400000059
664819.1435,12151.301199999987
664914.8699,1495.1044000000693
665268.331,1677.409400000004
665767.7017,2176.914699999965
666129.5888,2880.746400000062
666403.2569,0
666417.4612,9003.365100000054
666753.8232,436.6846999999834
667038.1223,18215.097200000077
667042.4802,10248.27529999998
667095.7531,0
667518.7993,5270.8742999999085
667691.5729,1481.438599999994
667889.1935,4714.171200000099
667988.4641,943.9895000000251
668085.7055,0
668190.4658,997.7597999999998
668485.155,3704.114100000006
668573.4764,14568.576800000039
668697.8104,3100.975600000005
668739.4912,831.4298000000417
668816.4356333333,0
668852.1458,0
669073.8646,14474.168799999985
669192.44,33018.392599999905
669273.6424,0
669402.6533,0
669442.6486,14199.525399999926
669482.506,0
669490.2973,1850.547799999942
669508.657,2287.9379999999655
669659.5964,0
669676.3393,6218.174800000037
670179.1557,7452.404100000043
670233.3135,14121.507700000075
670279.1797,14523.118599999929
670364.9848,932.0603000000119
670366.139,13013.639800000004
670400.2839,0
670534.9016,21172.072599999956
670709.2149,12268.19550000003
670785.0985,13157.089074999909
670785.9571,1182.5413000000408
670929.3919,0
671010.1527,173.2361999999266
671194.8212,3339.4459999999963
671391.1348,9459.291199999978
671586.5533,42824.415600000066
671695.9671,0
671805.1296,13262.076899999985
672295.2734,27058.386999999988
672401.4888,0
672507.8714,18022.219799999963
672718.4845,37821.37670000002
672867.411,0
673052.7542,0
673135.6359,172.28657500003465
673285.143,0
673522.1767,136.17439999990165
673867.3306,2182.7695999999996
673893.405,13014.538300000015
674082.2479,3495.248900000006
674156.5306,40467.137000000104
674581.9996,0
674680.9988,0
674685.3925,1564.2634333332535
674833.7214,353.5493000000715
674844.0632,0
675100.0871,670.6003999999957
675260.9011,0
675434.0805,0
675781.9748,10315.152899999986
675791.3189,0
676044.2662,21344.801399999997
676090.7846,7127.344799999963
676159.0501,3087.3717999999644
676295.3910000001,0
676316.9798,0
676343.2272,0
676395.0172,1796.8708000000333
676785.6267,0
677110.5904,0
677193.7997,4828.1679
677286.5209,0
677503.8814,0
677668.3565,15077.699299999978
677835.745,0
677921.4057,3312.769500000053
677921.4594,12454.106566666742
678117.2824,7083.596800000058
678190.9227,3174.417299999972
678232.758,0
678364.1605,5831.101900000009
678619.5151,0
678701.2009,0
678716.6213,10339.791899999953
679208.0017,0
679235.7973,3379.8659999999218
679998.4892,18162.113799999934
680229.2554,0
680251.4062,0
680463.2881,4564.815700000036
680524.8009,4954.793900000048
680657.9566,2080.0450999999885
680660.1924,0
681062.8601,0
681082.5327,0
681218.61295,0
681319.6344,9145.006999999983
681336.5866,8306.777300000074
681947.6471,0
682018.0547,0
682059.0836,0
682200.082,0
682781.6604,0
683018.5166,31380.00139999995
683284.8826,0
683392.4627,0
683491.4179,0
683744.088,2871.161899999948
683912.1345,0
684001.2412,4097.088300000061
684060.9151,19582.609399999958
684234.4161,0
684296.4012,0
684558.1039,0
684678.3637,0
684685.7673,0
684724.4936,0
684788.0462,4823.514599999995
685027.7282,0
685450.4895,5614.185533333337
685890.3751,10121.685100000002
685955.8063,0
685976.7397,2817.7996000000276
686604.7005,0
686628.5348,5208.491600000067
686870.0812,1163.2841999999946
686889.6822,0
687153.3157,0
687206.9626,8462.95439999993
687417.9696,0
687441.1858,4648.313199999975
687858.9811,2600.0570999999763
688085.1458,0
688143.4718,203.89280000003055
688737.0597,0
688740.177,0
688829.1717,4832.353799999924
688850.8078,5477.739699999918
688927.5684,2102.5899999999674
688963.4971,0
688999.1743,0
689408.663,39193.96139999991
689693.8869,7380.280299999984
689694.4172,11002.945400000084
689782.4237,0
689951.139,31646.865099999937
690155.1725,7830.543700000038
690200.9515,5133.918699999922
690281.682,0
690370.3889,0
690393.0438,0
690665.1353,0
690731.2014,8246.720399999991
690973.918,0
690990.3504,0
691083.5529,0
691642.6452,0
691751.9006,0
691794.3944,0
691809.074,0
691981.5129,4700.086799999932
691982.7783,0
692136.3847,0
692212.5961,2167.2038000000175
692374.4589,0
692418.4965,0
692523.6453,0
692618.0944,6592.726699999883
692747.8011,1803.7642000000924
692922.1872,16420.345900000073
692925.7511,0
693206.1846,361.3993999999948
693386.1535,0
693462.3955,10097.343699999969
693577.1961000001,0
693815.2072,1877.2696999999462
693951.8946,0
694205.8908,4583.831600000034
694423.2181,13136.774600000004
694617.1984999999,0
694656.1632,520.4500999999
694790.5037,3144.3397000000114
694997.7419,8406.820000000065
695072.9644,2334.7637000000104
695111.5361,1113.5156000000425
695122.8982,1444.6961000000592
695364.1381,0
695460.6496,28592.9939
695556.6543,0
695567.9382,335.82949999999255
695637.846,1648.263200000045
695716.7188,275.07770000002347
695813.4614,6602.873625000007
695839.8168,0
695981.3989,52.52450000005774
695983.2726,2240.1066000000574
696081.2166,0
696180.8975,0
696198.6429,7286.732399999979
696629.6976,4900.058799999999
696660.1251,2074.952399999951
696816.6226,266.30610000004526
697599.7782,8094.281399999978
697604.5135,1868.8867000000319
697653.7012,3589.027000000002
697782.7488,7479.408899999922
698307.6468,3092.259100000025
698317.02,3354.4030000000494
698484.9834,1782.4738000000361
698495.8716,10225.858099999954
698794.3476,5693.3111999999965
698797.844,9821.276900000055
698812.42,4692.302100000088
698986.5891,8562.36560000002
699019.9534,5308.326600000029
699270.8649,4755.503600000055
699495.3876,2392.6748999999836
699540.5866,6086.74290000007
699884.041,2668.963299999945
699996.6678,5193.871400000062
700086.328,8354.340925000026
700267.3277,5019.299699999974
700361.2428,8063.632600000012
700370.5042,11285.57369999995
700545.6372,1821.5431000000099
700684.7266,2829.8528000001097
700763.0967,963.1252000000095
700831.7499,2739.4572000000626
700978.0643,2540.8484999999637
701135.0185,3959.4416999999667
701284.5843,3752.748799999943
701317.2056,5795.04449999996
701329.563,8336.011899999925
701358.6832,3853.8713999999454
701652.0558,4887.2985000000335
701794.9769,5176.419800000032
702265.7846,1093.8660999999847
702475.5345,2402.205299999914
702941.6486,2310.8132999999216
702979.5713,8970.725899999961
703056.0191,6488.035016666749
703177.5272,10703.176399999997
703556.8743,4423.418200000073
704030.9738,4787.872399999993
704110.2498,4533.29039999994
704721.8552,7884.090599999996
704808.4553,10732.50390000001
704922.885,3505.096499999985
704975.2922,3625.375
705177.8626,9626.060399999958
705586.4539,2050.574499999988
705836.5851,14264.799200000009
705951.1151,843.1129000000656
706071.8864,1711.6258999999845
706158.0017,16089.582000000053
706198.4004,7091.172300000093
706347.5182,19608.232500000042
706348.5781,13936.423000000068
706661.7986,3841.304600000032
706762.5084,8559.389900000067
706814.9079,9682.15989999997
706932.9632,3457.6443000000436
707100.9331,2367.817400000058
707537.2689,9103.132800000021
707828.7692,5964.209199999925
707846.2891,0
708022.4281,4932.885000000009
708319.5005,1639.2080999999307
708395.2446,12731.811299999943
708442.8521,8462.832900000038
708511.1472,37952.682099999976
708543.9344,1666.8682999999728
708710.7298,3156.6489000000292
708789.0332,8205.162599999923
708856.0025,5353.7343999999575
708932.5162,6137.695999999996
709011.7856,7719.8113999998895
709306.6763,3753.512900000089
709337.3539,3900.1735000000335
709537.8851,7680.580699999933
709615.1787,4282.083100000047
709684.9316,10354.773099999991
709936.171,11700.366900000023
710350.7572,1621.2859999999637
710378.1871,12679.724399999948
710690.9904,5495.758799999952
710739.9951,5247.213699999964
711206.7093,3831.8810999999987
711461.9822,8236.941299999948
711752.1216,3401.947899999912
711924.8808,14334.120900000096
712295.6003,10183.593400000012
712344.9792,12790.959499999997
712487.0465,3708.627600000007
712494.9494,11838.540900000022
712754.0696,4700.698700000066
712759.7721,5276.273099999991
712802.0277,3565.589500000002
712874.2799,4543.276199999964
712917.2583,15943.823199999984
713148.4418,5082.501099999994
713204.4409,6086.145900000003
713239.8031,2786.7800999999745
714034.3972,5230.193599999999
714294.4915,6599.152899999986
714603.1436,19037.631799999974
714722.3935,12749.283599999966
714736.7418,9206.739199999953
714760.2723,18075.181699999957
714953.7607,18211.20869999996
715081.4451,5591.530700000003
715652.2626,10143.474000000046
715836.8258,17931.92850000004
715838.197,4620.37200000009
715850.5367,8782.18080000009
715935.353,16968.77960000001
716517.4278,3899.704700000002
716571.0456,6376.30839999998
716653.4531,4715.091300000087
716740.1414,6802.462699999916
717036.05,4482.053700000048
717052.0013,20005.44649999996
717267.0134,14441.061000000103
717691.8277,3710.5498999999836
718114.6228,11709.202200000058
718229.8608,10054.335500000045
718813.765,9582.281799999997
719042.6586,6207.503499999992
719069.0797,9866.701100000064
719142.1605,13326.60679999995
719146.7868,9674.003000000026
719433.3061,13678.040299999993
719578.9283,6616.26250000007
719706.967,6160.168699999922
719866.2084,5156.126500000013
720108.4616,6210.284800000023
720708.1766,6814.635800000047
721092.9332,5992.284299999941
721416.4814,8021.224300000002
721816.8256,22161.346299999976
721825.6621,12708.254499999923
722020.7933,11053.609200000064
722110.4890000001,0
722338.465,6830.551199999987
722421.3505,7311.3908999999985
722578.3122,10657.456300000078
722889.0854,18251.091799999936
723336.514,8750.120299999951
723788.6966,6563.743900000001
724001.3781,8493.834099999978
724082.4135,8125.0821
724389.0469,22275.530099999974
724507.5071,14273.798700000043
724577.3766,17003.820899999933
724613.1618,21855.926699999953
724859.157,10796.91009999998
725020.7337,16706.765600000042
725046.7465,13656.966099999961
725592.7928,9470.614900000044
725806.3717,17292.727199999965
725869.3659,0
725906.4682,9548.86930000002
725947.9869,23615.812600000063
726044.5835,22866.8115999999
726298.0305,11086.637800000026
726386.7385,13142.811699999962
726395.0356,11594.912399999914
726430.3168,12001.110600000015
726443.2342,14025.535999999964
726710.0488,9752.042200000025
726868.1434,7885.509199999971
727114.2054,24625.557900000014
727125.0996,7755.274099999922
727136.966,8284.109200000064
727425.279,8966.314399999916
727475.3739,8470.642100000056
727716.3747,7929.160800000071
727867.5392,6795.005800000043
727935.0172,7843.426699999953
727945.4654,18146.889599999995
727987.1848,2328.3819000000367
728099.0629,15321.764399999985
728310.8527,10951.666100000031
728661.4785,13168.279533333261
728922.4939,10123.179800000042
729223.2112,0
729424.9848,1696.594999999972
729510.3216,8280.538400000078
729522.9773,7324.08050000004
729688.8589,18043.203600000008
729799.7264,0
729905.6546,18584.903300000005
730100.3424,22058.628799999948
730349.5579,11493.88029999996
730507.795,8520.40510000009
730993.7496,22290.89260000002
731007.2423,24531.53236666671
731110.8336,18686.79680000001
731331.0296,0
731539.5224,12831.168200000073
731589.0356,16739.679399999906
731599.3654,8094.832000000053
731826.5057,7383.744799999986
731958.8578,20228.82149999996
732089.6578,19021.9044
732229.3958,12541.991200000048
732455.7832,18479.977799999993
732712.4575,605.5245000000577
732741.4588,15032.889199999976
732798.9345,18014.15209999995
732829.7952,11283.031500000041
733123.2675,21793.458199999994
733260.0478,18670.606199999922
733390.9848,21864.892699999968
733443.987,8251.166599999997
733669.9698,9206.546266666614
733764.3125,15655.444600000046
734104.5725,8808.686899999972
734212.0704,8590.093200000003
734467.6098,12777.60990000004
734618.4641,0
735037.4204,11957.412499999977
735048.482,0
735198.0573,0
735441.6228,26226.431300000055
735526.423,0
735584.1855,20215.766500000027
735662.3968,16242.530299999984
735908.8427,27347.690100000007
736036.4838,25033.573500000057
736075.5066,16187.401899999939
736303.4724,0
736918.65,8282.726400000043
737013.544,8497.935199999949
737064.6279,16090.241199999931
737461.2124,9510.406199999969
737600.9769,25598.339200000046
737845.354,10342.387900000089
738073.0521,22591.516399999964
738076.7218,17013.53600000008
738208.5794,0
738330.252,9963.583199999994
738485.3139,7483.14439999999
738628.732,31765.62209999992
738780.9724,42108.502299999935
739110.3083,9534.699400000041
739198.9124,10433.15510000009
739337.7006,0
739403.2274,23447.50549999997
739447.1259,19393.064899999998
739556.1226,9894.470100000035
739569.5363,17352.25390000001
739804.6141,0
739850.4936,14453.123000000021
740041.7532,1209.8181000000332
740221.7001,0
740497.9337,13918.797300000093
740576.5703,19167.885600000038
740606.6721,0
740927.1072,39134.59039999999
741386.3873,11134.537999999942
741502.35,6706.18479999993
741668.1652,23677.211100000073
741882.77,9243.160499999998
741995.2113,13274.192500000005
742140.5754,9290.709599999944
742356.7674,12034.45530000003
742385.4279,14261.828899999964
742852.5371,0
742854.7472,20590.312000000034
743002.1205,27367.36069999996
743140.5332,19178.691799999913
743151.2821,33046.496199999936
743253.3156,13073.852199999965
743383.1093,0
743451.937,17496.29489999998
743611.5642,0
743658.3217,10146.678799999994
743732.773,19816.027100000065
744124.2769,16668.128600000055
744267.6852,18024.652999999933
744695.5706,17054.782600000035
744720.9607,9361.255300000077
744757.8941,0
745371.4899,2146.669300000067
745671.0293,26531.111600000062
745712.4419,11773.15009999997
745759.9252,21190.2435000001
745794.7242,0
745884.6967,15393.275699999998
746130.3398,20041.200399999972
746647.3098,15461.583400000003
746890.8469,24875.719900000026
747135.7526,13508.969700000016
747196.5476,17170.274700000067
747270.7321,13013.26800000004
747452.3562,26462.617000000086
747935.7323,0
748119.8424,11664.14209999994
748192.4409,14266.958500000066
748245.1213,11749.61970000004
748619.4858,14430.513000000035
748832.0746,17148.75640000007
749171.3386,8906.338600000017
749699.3005,15131.239399999962
750190.428,11953.360599999898
750209.3348,13236.872399999993
750233.3494,18315.379799999995
750460.6111,15795.032799999928
750475.4302,8008.070599999977
750591.2683,30590.711699999985
751334.161,0
751469.1033,17865.961299999966
751649.1519,16485.622100000037
751829.0661,14336.136100000003
751889.5203,16787.008700000006
751923.6925,223.49820000003092
752089.1597,27718.096099999966
752548.4673,0
752758.7846,23768.18133333337
752872.5512,19694.91830000002
753136.154,12928.462999999989
753332.3469,27866.73959999997
753405.1923,0
753457.8626,20173.426800000016
753478.8666,13593.892799999914
753664.5815,24668.995599999907
753839.369,0
753854.7615,6287.857599999988
754415.7467,5437.371400000062
754422.0845,14604.800099999993
754694.6524,30893.25384999998
754744.2852,18775.087100000004
754758.0704,14171.648999999976
754786.3425,15560.00589999999
754810.3591,16943.088899999973
754977.0131,24889.88459999999
755156.4719,25762.075300000026
755278.7829,35705.132100000046
755880.1848,13816.515400000033
755993.7856166667,0
756062.1037,25038.969700000016
756389.7301,14458.284000000102
756408.2006,19838.906699999934
756628.9156,12905.52529999998
756674.518,0
756687.8436,11339.227100000018
756780.1316,0
756802.5249,14767.219500000007
756817.4072,18495.01800000004
756889.4698,24230.46419999993
756896.4493,0
757133.7742,15088.27469999995
757279.1071,0
757316.5336,9001.323199999984
757991.0595,14857.817500000005
758109.5397,18962.13439999998
758139.2756,35842.8483500001
758245.4137,24412.76569999999
758817.6384,17875.908800000092
758941.1714,0
759233.3506,9567.789800000028
759347.4531,14702.3489000001
759353.5712,9174.853899999987
759716.818,10842.424400000018
759748.2602,44821.63080000004
759822.8248,12398.813299999922
759824.0907,21437.732699999935
759980.8578,10817.605300000054
760067.9904,14080.03350000002
760152.9178,13496.163700000034
760540.0493,8231.790500000003
760808.9248,0
760904.2169,19357.988499999978
760909.2994,11836.206100000069
760923.3641,22903.77960000001
761123.3291,11225.944999999949
761458.7788,13420.642400000012
761476.0863,0
761496.3378,14073.917499999981
761561.8995,12208.5196
761932.6202,9393.252199999988
761988.1143,8710.87930000003
761989.7927,8290.351900000009
762263.4132,0
762400.8428,28584.20093333337
762547.1246,0
762575.228,24540.122800000012
762592.061,0
762595.6377,27450.831099999952
762793.3806,15232.58870000008
762975.968,35320.970100000035
763357.2308,11007.841400000034
763575.514,10927.14209999994
763596.5374,25227.597400000086
763662.2947,19320.21669999999
763967.0674,31617.993800000055
763979.0189,29786.694900000002
764087.1446,8678.994799999986
764136.7662,17495.31429999997
764190.0947,9112.264199999976
764244.238,19098.722700000042
764645.7901,12052.001500000013
764828.1729,0
764873.8913,23129.816699999967
765261.5115,180.828199999989
765711.4756,32551.182900000014
765836.7198,0
765849.6072,10137.206999999937
766088.4527,2280.3730000000214
766301.5302,17915.73860000004
766408.0104,15626.749900000053
766568.3444,20191.60899999994
766597.2712,10026.366299999994
766653.2877,14099.295200000051
766758.4082,0
767093.7593,30811.78600000008
767140.6026,11801.843499999959
767305.5923,26493.87010000006
767456.8965,10433.38710000005
767530.8412,443.5594999999739
767566.7345,0
767818.9819,7034.5143999999855
768044.8969,10551.9445000001
768210.4148,10747.890600000042
768435.1049,0
768511.087,37651.17194000003
769004.8432,8390.067700000014
769026.1552,14670.314100000076
769050.6089,325.9028999999864
769051.965,9251.084499999997
769424.3169,13287.117899999954
769708.2205,18128.563900000066
769872.4151,10083.627899999963
770031.6178,7299.5313000000315
770127.142,6214.301979999989
770174.9916,0
770175.5132,14515.492500000051
770214.1142,7553.67790000001
770575.5701,15904.924200000009
770577.1901,15231.282559999963
770634.7521,13449.049500000081
770660.11,10491.962300000014
770791.7119,23672.91749999998
771042.9541,15487.466000000015
771121.0363,28947.497500000056
771139.558,5602.267799999914
771185.7274,19253.82979999995
771226.8275,720.3867000000319
771237.8499,14206.959999999963
771248.8411,13812.03629999992
771368.7859,21911.600800000015
771435.5624,6387.796900000074
771497.9405,8909.261100000003
771720.1075,17090.360600000015
771914.5097,15718.2402
772286.4395,8169.661100000027
772350.468,9828.057299999986
772504.713,11468.820199999958
772544.067,28613.65710000007
772911.2191,0
772917.8202,19135.165099999984
773112.0962,7533.859600000083
773550.5429,6007.030000000028
773556.5293,41316.288500000024
773675.2105,5945.899300000048
773719.507,9657.068800000008
774023.4723,14047.90419999999
774181.4733,8487.297899999889
774368.6115,8493.292200000025
774401.4616,5874.498900000006
774494.5584,16441.354399999953
774553.7438,8302.904200000106
774671.3332,17285.55489999999
774679.0007,7842.808299999917
774782.7779,33554.82680000004
775194.6107,16896.174099999946
775454.0197,5379.425499999896
775517.4175,2817.3784999999916
775640.9108,16648.642499999958
775651.2373,9017.303300000029
775783.4046,941.5644999999786
775801.1608,10651.773199999938
776164.0286,9047.011599999969
776207.2286,12773.968600000022
776312.0242,8314.912099999958
776444.4248,21719.14789999998
776491.4801,5857.617000000086
776798.9743,32181.247199999983
776810.3289,5557.388799999957
777010.5714,3640.705799999996
-----Simulation END-----
