-----Simulation 0-----
173046.4545,0
173153.5182,0
173184.9169,0
173596.7892,0
173629.0125,0
173667.6982,0
173733.5843,0
173804.43540000002,0
173998.0123,0
174126.7309,0
174913.0534,0
174949.8877,0
174971.4889,0
174995.9941,0
175193.9462,0
175211.3499,0
175384.0109,0
175743.5587,0
175788.0538,0
175879.3059,0
175924.7154,0
176085.0029,0
176110.553,0
176134.3045,0
176161.7706,0
176205.7029,0
176241.1834,0
176301.8046,0
176405.63520000002,0
176719.0122,0
176770.1952,0
177095.1511,0
177287.26368333332,0
177374.2343,0
177458.66879999998,0
177478.5001,0
177517.2859,0
177693.0574,0
177710.3735,0
177810.7315,0
178201.9479,0
178326.8397,0
178386.7045,0
178550.6285,0
178657.211825,0
178658.6111,0
178733.1307,0
178745.87660000002,0
178827.904,0
179108.9556,0
179223.902,0
179310.8055,0
179444.6767,0
179507.0566,0
179709.7873,0
179726.4596,0
179740.0632,0
179877.4796,0
179983.2206,0
180006.7691,0
180051.18540000002,0
180165.8922,0
180458.50160000002,0
180506.4835,0
180558.5257,0
180593.9941,0
180865.4647,0
180875.6995,0
180932.9693,0
180936.676,0
181187.9587,0
181342.6275,0
181368.4058,0
181410.7554,0
181571.0367,0
181749.2538,0
181775.8346,0
181978.3131,0
182098.9458,0
182268.9868,0
182286.2165,0
182319.9663,0
182397.9499,0
182411.7025,0
182575.3213,0
182960.0586,0
183085.6782,0
183091.7094,0
183298.3842,0
183429.67859999998,0
183468.2696,0
183510.0797,0
183736.6653,0
183756.5,0
183924.7077,0
184424.01,0
184553.9634,0
184805.1627,0
184846.1699,0
184849.6948,0
184956.03519999998,0
185314.4473,0
185328.9594,0
185347.2122,0
185775.2284,0
185894.5764,0
185971.9441,0
185983.1133,0
186062.6188,0
186168.5582,0
186178.1309,0
186187.5762,0
186247.5909,0
186403.34416666668,0
186676.2281,0
186703.23739999998,0
187021.472,0
187322.6049,0
187485.2333,0
187486.3079,0
188025.4903,0
188247.0771,0
188288.3663,0
188421.6768,0
188600.5375,0
188881.7222,0
188943.2421,0
188988.9354,0
189521.69375,0
189745.4131,0
189793.5874,0
190002.0203,0
190099.3111,0
190126.8473,0
190304.9766,0
190412.75579999998,0
190619.4894,0
190646.54320000001,0
190659.5005,0
190724.3115,0
190759.7112,0
190792.4096,0
191122.40720000002,0
191281.1516,0
191320.3916,0
191500.9818,0
191516.58669999999,0
191525.11310000002,0
191872.2256,0
192097.9089,0
192187.4663,0
192277.065,0
192742.917,0
192902.6862,0
192988.8198,0
193017.2978,0
193089.647,0
193312.5652,0
193335.5099,0
193371.3845,0
193489.47269999998,0
193818.9223,0
193858.2858,0
194269.025,0
194306.1905,0
194343.19640000002,0
194441.6625,0
194680.6411,0
194685.2807,0
194784.3123,0
194983.7996,0
195246.6795,0
195256.10950000002,0
195438.6109,0
195717.0287,0
195724.0957,0
195746.3015,0
196134.1736,0
196220.3867,0
196512.2662,0
196512.5682,0
196739.82309999998,0
197504.9119,0
197548.9971,0
197620.2096,0
197827.4094,0
198155.48440000002,0
198190.9207,0
198259.9387,0
198509.2745,0
198753.7788,0
198904.5863,0
199272.7066,0
199408.4572,0
199425.95140000002,0
199573.3155,0
199741.5278,0
200215.79009999998,0
200483.3663,0
200510.0406,0
200638.1547,0
200784.6092,0
200863.2979,0
201255.2493,0
201592.4075,0
201675.25209999998,0
201683.6962,0
202143.3016,0
202408.12709999998,0
202617.1598,0
202635.9797,0
202815.6138,0
203034.3879,0
203109.6752,0
203241.6732,0
203269.06170000002,0
203298.8041,0
203329.7921,0
203410.499,0
203562.8684,0
203750.4876,0
203954.2417,0
203960.3533,0
204287.67359999998,0
204332.9242,0
204358.4216,0
204417.0514,0
204483.5735,0
204728.3748,0
204925.0726,0
205158.1874,0
205258.3407,0
205307.7238,0
205352.2416,0
205588.1855,0
205657.9394,0
205682.88689999998,0
205850.6652,0
205894.5661,0
206082.3981,0
206136.302,0
206317.0774,0
206337.4386,0
206450.7843,0
207135.6802,0
207225.0147,0
207257.3458,0
207380.4324,0
207787.3584,0
207802.0142,0
207858.1262,0
207892.6095,0
208094.1005,0
208194.1746,0
208240.4666,0
208387.1248,0
208451.1242,0
208550.6223,0
208948.8786,0
209113.14620000002,0
209123.1294,0
209148.29499999998,0
209173.44819999998,0
209212.8107,0
209292.71779999998,0
209833.2398,0
209863.5123,0
210012.7449,0
210074.45799999998,0
210102.8972,0
210286.4909,0
210321.1837,0
210629.5355,0
210721.7561,0
210964.4666,0
211560.7392,0
211710.7011,0
211841.7267,0
212211.7559,0
212265.88400000002,0
212360.1122,0
212376.4022,0
212381.4582,0
212649.7885,0
212658.1004,0
212861.5679,0
212877.4023,0
212985.1132,0
213009.4186,0
213206.4574,0
213370.53149999998,0
213402.105,0
213586.8446,0
213609.9954,0
213830.8288,0
213831.1352,0
214097.9653,0
214284.0114,0
214452.5172,0
214487.9696,0
214777.2081,0
215138.574,0
215658.8221,0
215885.1286,0
215934.4498,0
216126.8177,0
216162.6579,0
216203.4241,0
216244.78710000002,0
216271.9579,0
216399.9721,0
216433.691,0
216570.6813,0
216717.3179,0
216775.1202,0
216914.1878,0
217252.48070000001,0
217293.291,0
217488.2292,0
217628.5025,0
217878.5689,0
218127.1142,0
218322.0827,0
218420.4765,0
218651.5449,0
218940.76175,0
219040.7505,0
219197.14549999998,0
219236.9682,0
219359.5805,0
219469.5317,0
219501.6681,0
219895.4854,0
220109.6712,0
220295.965,0
220311.2928,0
220565.5661,0
220699.1578,0
221003.4973,0
221041.5037,0
221208.1481,0
221312.6263,0
221451.709,0
221461.0269,0
221817.9947,0
221916.7642,0
221917.0324,0
221964.4717,0
222034.7075,0
222056.8648,0
222137.95096,0
222226.113,0
222260.53389999998,0
222360.6345,0
222489.0998,0
222539.3426,0
222688.1907,125.31440000000293
222912.3381,0
222933.4013,0
223045.8851,0
223144.4439,0
223211.447,0
223419.4983,0
223705.2453,0
223841.8192,0
223926.61694,0
223974.0513,0
224122.713,0
224152.2354,0
224340.3768,0
224632.4504,0
224639.5829,0
224713.4544,0
224750.381,0
224895.4067,0
225074.7288,0
225085.5939,0
225358.21548,0
225396.6446,0
225494.3439,0
225573.4321,0
225661.6311,0
225770.4589,0
225928.0419,0
225956.7465,0
225990.9951,0
226069.1717,0
226435.203,0
226454.0355,0
226606.7266,0
226741.2752,0
226753.676,0
226837.5675,0
227067.2914,0
227080.0528,0
227135.7057,0
227618.8506,0
227823.984875,0
228330.1164,0
228424.959,0
228623.3989,0
229038.6833,0
229085.838,0
229190.7334,0
229302.1002,0
229439.24839999998,0
229757.9514,0
229780.9649,0
229848.4461,0
229952.5012,0
230029.6051,0
230219.14299999998,0
230337.4514,0
230505.56089999998,0
230582.9695,0
230616.85249999998,0
230663.8181,0
230761.7459,0
230781.7575,0
231087.6102,0
231172.98940000002,0
231280.2217,0
231415.63163333334,0
231733.5952,0
231789.9168,0
231845.3341,0
231908.2947,0
232244.14426,0
232479.8004,0
233186.8016,0
233189.1875,0
233580.4341,0
233641.202,0
233689.76106,0
233698.54989999998,0
233707.7383,0
233849.7616,0
233899.8436,0
234024.55969999998,0
234113.88880000002,0
234197.946,0
234310.8096,0
234330.90850000002,0
234354.0397,0
234416.3467,0
234456.9302,0
234561.3114,0
234907.9829,0
234930.2272,0
234994.191,0
235157.0932,0
235825.3674,0
235927.8798,0
236022.3601,0
236033.856,0
236245.0429,0
236303.3218,0
236389.2943,0
236397.919,0
236436.9141,0
236744.5845,0
236809.5976,0
236930.38689999998,0
236977.619,0
237498.9822,0
237604.6327,0
237608.65350000001,0
237732.4824,0
237773.818,0
237843.08740000002,0
238173.3401,0
238438.9724,0
238617.9765,0
238636.2912,0
238696.4403,0
238962.2616,0
239117.7027,0
239345.9761,0
239496.12482,0
239584.7146,0
239916.1416,0
239990.2205,0
240384.9594,0
240506.9229,0
240782.8436,0
241127.3665,0
241137.2487,0
241405.8179,0
242314.5092,0
242366.9879,0
242369.5072,0
242695.5217,0
242960.9786,0
243169.9519,0
243410.89370000002,0
243793.09590000001,0
243984.6387,0
244051.0627,0
244254.0031,0
244480.1613,0
244681.4295,0
244907.3705,0
245262.9564,0
245479.7688,0
245641.9393,0
245881.7073,0
246261.31290000002,0
246784.0265,0
246986.34279999998,0
247275.8495,0
247311.4351,0
247686.20630000002,0
247745.5434,0
247795.1003,0
247847.19,0
247876.7612,0
247933.1696,0
248082.2581,0
248236.2532,0
248246.1142,0
248288.8633,0
248331.5743,0
248353.47269999998,0
248421.5299,0
248554.6706,0
248837.0822,0
248911.9523,0
248924.9669,0
248955.3056,0
248987.1309,0
249159.75400000002,0
249244.2305,0
249329.537,0
249413.40159999998,0
249699.0842,0
249712.4062,0
249799.165,0
249915.5633,0
249989.43099999998,0
249994.9642,0
250051.8694,0
250056.145,0
250069.18180000002,0
250111.4539,0
250253.83475,0
250362.6323,0
250383.9671,0
250389.2869,0
250421.7916,0
250489.0037,0
250496.0104,0
250589.19809999998,0
250791.7579,0
250890.3046,0
251721.4581,0
251767.5047,0
251881.8739,0
251889.24229999998,0
251965.988,0
252110.1569,0
252167.751,0
252218.70521666665,0
252498.0401,0
253040.1488,0
253138.7399,0
253322.8936,0
253364.0261,0
253451.4654,0
253479.30599999998,0
254052.60493333332,0
254264.68540000002,0
254316.396,0
254783.84590000001,0
254799.9891,0
254989.7447,0
255122.1694,0
255299.1994,0
255462.4493,0
255516.7554,0
255554.04396666668,0
255700.847,0
256002.1982,0
256071.1055,0
256081.3847,0
256206.0612,0
256498.4817,0
256575.7801,0
256739.8667,0
256768.86174,0
256829.925,0
257105.8231,0
257668.7936,0
257688.0015,0
257967.5216,0
258019.2181,0
258049.483,0
258100.516,0
258219.5771,0
258458.7027,0
258667.3487,0
258740.1935,0
258745.649,0
258759.0192,0
258923.0808,0
258923.89457499998,0
258998.3076,0
259095.279,0
259320.6206,0
259446.4232,0
259660.2293,0
259686.7443,0
259720.5614,0
259737.672,0
259928.7554,0
259940.7343,0
260025.6655,0
260034.1135,0
260040.57559999998,0
260041.3492,0
260074.5458,0
260303.1586,0
260371.16210000002,0
260457.7787,0
260667.077,0
260671.3326,0
260715.59159999999,0
260838.9846,0
260863.8304,0
260904.2071,0
260960.4332,0
261013.828,0
261035.96970000002,0
261146.8775,0
261297.187,0
261304.5476,0
261311.9197,0
261313.5717,0
261328.0512,0
261356.1863,0
261482.2149,0
261644.1156,0
262026.1459,0
262096.2898,0
262097.0111,0
262250.9436,0
262325.9691,0
262378.1806,0
262448.6886,0
262470.1499,0
262577.3496,0
262673.1012,0
262849.8453,0
262884.1436,0
262906.4689,0
263260.079,0
263284.7389,0
263303.9772,0
263422.0621,0
263571.6607,0
263720.6682,0
263740.6212,0
263882.1296,0
264191.4631,0
264324.2954,0
264469.40009999997,0
264587.6962,0
264597.886,0
264666.152325,0
265006.39910000004,0
265111.50529999996,0
265231.18559999997,0
265289.9504,0
265460.0798,0
265465.6405,0
265595.2815,0
265639.1825,0
265725.9549,0
265895.8162,0
266366.5693,0
266425.956,0
266544.5799,0
266701.02150000003,0
266851.0717,0
267160.534,0
267230.7814,0
267230.7872,0
267236.6192,0
267265.9317,0
267288.1977,0
267288.5636,0
267374.9736,0
267402.3973,0
267425.2312,0
267508.709,0
267558.1961,0
267706.8897,0
267821.6246,0
267933.1056,0
268151.5714,0
268552.7719,0
268774.9378,0
268809.3397,0
268960.5628,0
269184.7073,0
269192.2919,0
269606.6018,0
269611.3394,0
269637.3549,0
269923.8841,0
269930.8052,0
269969.1481,0
269973.9559,0
269987.6727,0
270127.22479999997,0
270210.7496,0
270351.3728,0
270414.2962,0
270503.2186,0
270507.9326,0
270577.3628,0
270698.654,0
270796.55559999996,0
270878.6444,0
271060.6381,0
271089.4667,0
271287.4915,0
271919.4268,0
272103.005,0
272126.0088,0
272352.84875,0
272472.1263,0
272594.0026,0
272739.42579999997,0
272840.7415,0
272969.3344,0
273044.0108,0
273162.0504,0
273314.2913,0
273596.3624,0
273625.0496,0
273682.0686,0
273729.63300000003,0
273815.8201,0
274031.2268,0
274333.9617,0
274343.8982,0
274404.6564,0
274407.9909,0
274572.5205,0
275037.7032,0
275049.9575,0
275070.5001,0
275098.3709,0
275252.2487,0
275419.31336666667,0
275611.189,0
275630.5708,0
275797.4579,0
275961.1383,0
276057.6574,0
276176.48459999997,0
276226.717,0
276346.5618,0
276399.314,0
276414.4466,0
276460.0271,0
276642.5799,0
276643.181,0
277376.8466,0
277567.08030000003,0
277594.2113,0
277764.083,0
278312.7554,0
278353.39886666666,0
278354.5256,0
278364.5159,0
278377.5168,0
278478.8537,0
278685.8423,0
279030.5665,0
279093.8084,0
279222.3626,0
279259.3564,0
279282.5048,0
279286.163,0
279465.4045,0
279574.5515,0
279659.4897,0
279739.8739,0
280242.08759999997,0
280437.4714,0
280453.7997,0
280457.0257,0
280551.6561,0
280598.4109,0
280781.991,0
280946.5957,0
280995.07779999997,0
281057.278,0
281328.3224,0
281399.7055,0
281444.4171,0
281469.882,0
281511.3976,0
281697.4398,0
281876.3558,0
282062.1754,0
282070.2999,0
282222.8932,0
282413.3812,0
283304.3373,0
283352.6191,0
283782.2916,0
283935.4991,0
284022.8262,0
284121.52619999996,0
284434.2629,0
284598.92590000003,0
284619.9511,0
285660.98730000004,0
285866.8919,0
285970.86699999997,0
286015.6216,0
286203.7581,0
286299.656,0
286335.2192,0
286540.0362,0
286572.7291,0
286608.8449,0
286730.0852,0
286971.0267,0
287002.524,0
287299.3752,0
287576.1189,0
287777.1657,0
287778.3031,0
288183.1699,0
288190.0773,0
288200.74443333334,0
288339.2267,0
288368.6782,0
288514.2542,0
288751.3785,0
288987.2942,0
289058.6081,0
289221.47479999997,0
289328.7575,0
289338.6287,0
289646.0022,0
289947.65989999997,0
289965.3172,0
290191.6237,0
290930.2664,0
290945.49450000003,0
291039.15760000004,0
291428.6718,0
291937.1375,0
292298.65630000003,0
292644.30296666664,0
292686.21259999997,0
292743.0657,0
292826.72589999996,0
292955.0203,0
293160.1249,0
293233.8649,0
293505.7247,0
293866.3629,0
293899.744,0
294008.3083,0
294019.6813,0
294063.1398,0
294129.7958,0
294302.14996,0
294413.2193,0
294629.02249999996,0
294841.3282,0
295006.7096,0
295398.39280000003,0
296016.0983,0
296182.4412333333,0
296361.7894,0
296550.0849,0
296672.2463,0
296969.55436666665,0
297306.1026,0
297419.71,0
297713.776825,0
298408.8931,0
298572.3949,0
299128.7055,0
299939.5981,0
300113.8405,0
300246.4155666667,0
300599.3564,0
300640.796,0
300738.1101,0
300819.7915,0
300957.1455,0
300986.15020000003,0
301034.1855,0
301244.8643,0
301262.2244,0
301280.2437333333,0
301332.0734,0
301483.2723,0
301755.4769,0
302071.04496,0
302178.3879,0
302212.4451,0
302213.8635,0
302281.5692,0
302318.9816,0
302419.5545,0
302445.7889,0
302654.8799,0
302671.8775,0
302800.8907,0
302910.8209,0
302924.4121,0
302985.6556,0
303147.5922,0
303220.3751,0
303231.795,0
303333.9764,0
303404.049,0
303558.53928,0
303812.1002,0
304079.3617,0
304179.2607666667,0
304346.3645,0
304538.8724,0
304706.2528,0
304953.4205,0
305040.2804,0
305308.89639999997,0
305333.1471,0
305352.8058,0
305518.8506,0
305522.9814,0
305613.0468,0
305963.7217,0
306217.9395,0
306234.261,0
306268.9023,0
306302.5638,0
306394.8214,0
306900.1743,0
306937.305,0
306979.6019,0
306985.3164,0
307187.467,0
307240.1216,0
307339.8813,0
307757.5991,0
307915.0455,0
308482.3388,0
308519.226,0
308556.3897,0
308725.861,0
308774.3129,0
309001.5202,0
309334.3309,0
309389.3009,0
309405.476,0
309623.2329,0
309667.9686,0
309707.3892,0
309920.07962,0
310218.1273,0
310548.0041,0
310616.7989,0
310631.5358,0
310944.98470000003,0
310953.4339,0
310972.083,0
311156.7119,0
311193.2626,0
311557.8981,0
311786.018,0
311802.3831,0
311821.4708,0
311919.7507,0
311985.6178,0
312179.3287,0
312214.5532,0
312237.5663,0
312255.9377,0
312292.34990000003,0
312662.346,0
312777.993,0
312803.7403,0
312874.2999,0
312902.5907,0
312977.5363,0
313015.2137,0
313045.7499,0
313199.9805,0
313201.4697,0
313585.3965,0
313757.6288,0
313884.0796,0
313945.4903,0
314000.5761,0
314141.4885,0
314214.9265,0
314302.753,0
314313.1885,0
314399.3656,0
314473.0836,0
314648.5477,0
314768.6593,0
314858.7669,0
315001.6574,0
315452.5652,0
315613.1794,0
315647.5456,0
315719.99210000003,0
315901.9546,0
316158.1989,0
316448.479,0
316565.68429999996,0
316605.0816,0
316745.7676,0
316846.2365,0
316881.1173,0
317005.45163333334,0
317058.4763,0
317147.8887,0
317204.2608,0
317228.9344,0
317415.0618,0
317477.4808,0
317722.3063,0
317931.6839,0
318106.468,0
318214.57409999997,0
318507.6503,0
318526.0282333333,0
318611.5603,0
318771.2924,0
318965.936,0
319031.3117,0
319092.2822,0
319223.5628,0
319275.0051,0
319378.722875,0
319389.836,0
319523.8988,0
319938.12204,0
320105.1948,0
320597.8741,0
320659.7465,0
320797.4556,0
321013.4281,0
321299.68,0
321336.4124,0
321614.5263,0
321741.1182,0
321932.7743,0
321978.3338,0
322297.9607,0
322309.11,0
322365.70053333335,0
322515.26066,0
322547.0988,0
322620.9892,0
322755.9461,0
322910.6123,0
322947.2919,0
322974.4092,0
323028.5951,0
323056.7717,0
323189.0126,0
323355.8585,0
323442.6358,0
323535.6966,0
323542.2642,0
323543.9819,0
323895.9326,0
324033.5272,0
324331.6507,0
324654.6789,0
324990.2272,0
325193.82660000003,0
325195.181,0
325293.1605,0
325365.7267,0
325604.9505,0
325724.4011,0
325758.144,0
325945.3345,0
326087.1726,0
326116.2485,0
326119.96400000004,0
326213.596,0
326452.4372,0
326515.2591,0
326620.9771,0
327072.1896,0
327162.8164,0
327340.5609,0
327353.6922,0
327569.8117,0
327600.17005,0
327726.2648,0
328419.1653,0
328689.6443,0
328756.1966,0
329282.5919,0
329355.2543833333,0
329642.0801,0
329688.3899,0
329824.1007,0
330067.5679,0
330089.0723,0
330115.358,0
330137.5113,0
331054.0321,0
331138.7176,0
331736.7976,0
332006.2827,0
332066.6436,0
332458.9438,0
332555.4498,0
332705.25,0
332776.8258,0
332857.744,0
333275.18200000003,0
333351.6238,0
333434.4311,0
333618.0711,0
333707.4889,0
333716.05319999997,0
333856.6638,0
334039.3739,0
334096.2996,0
334129.5972,0
334132.1637,0
334166.4679,0
334296.2235,0
334554.502,0
334681.7061,0
334818.3402,0
334967.791,0
335228.1928,0
335383.4591,0
335404.3689,0
335655.3296,0
336215.4459,0
336250.0284,0
336318.0596,0
336339.0756,0
336430.8607,0
336564.6345,0
336752.53740000003,0
336780.0943,0
336826.3054,0
336907.8875,0
336927.5754,0
337256.2129,0
337560.0696,0
337592.1807,0
337620.6705,0
337662.5059,0
337988.3334,0
338165.9273,0
338246.8788,0
338254.5104,0
338397.3316,0
338414.2005,0
338553.3832,0
338564.9669,0
338630.3749,0
338652.02182,0
338792.6517,0
338898.3125,0
339099.5235,0
339221.2435,0
339385.2063,0
339427.9444,0
339850.5045833333,0
339896.159,0
340105.9256,0
340116.15,0
340162.1457,0
340353.7424,0
340408.2397,0
340586.7642,0
340853.9897,0
340856.0711,0
340876.0143,0
341101.6607,0
341112.4901,0
341149.5813,0
341183.4255,0
341198.8112,0
341295.3689,0
341317.6869,0
341381.3141,0
341466.1763,0
341670.9619,0
341762.4334,0
341897.7897,0
341910.2113,0
342082.8112,0
342299.909,0
342350.2185,0
342538.44955,0
342726.6421,0
342820.0762,0
342917.7737,0
342949.7477,0
343241.5916,0
343245.7436,0
343313.0806,0
343349.8501,0
343467.1775,0
343631.1469,0
343956.40876666666,0
344127.5442,0
344154.5751,0
344192.7718,0
344290.1852,0
344601.5828,0
344810.8842,0
344876.9243,0
344888.3335,0
344928.15009999997,0
344928.2485,0
345049.85,0
345195.839,0
345213.5449,0
345280.1771,0
345313.2988,0
345362.4108,0
345441.2192,0
345454.2768,0
345460.7251,0
345592.0939,0
345932.1368,0
346130.77282,0
346200.0037,0
346230.2691,0
346354.0124,0
346546.1925,0
346555.9468,0
346728.4231,0
346838.2651,0
346893.0,0
347342.8387,0
347696.3881,0
347840.1152,0
348227.793,0
348331.7515,0
348370.1318,0
348595.7762,0
348659.8017,0
348661.7046,0
348760.6914,0
348830.2847,0
348842.3503,0
348962.4318,0
349006.4608,0
349172.2848,0
349218.2403,0
349474.6733,0
349691.2469,0
349729.8035,0
349786.0035,0
349959.7099,0
350684.6507,0
350748.0773,0
350883.9194,0
350928.3788,0
350985.9189,0
351075.4441,0
351360.8428,0
351413.8438,0
351464.9592,0
351467.0897,0
351625.8368,0
351667.0632,0
351678.8798,0
351782.6755,0
351827.0991,0
351880.6178,0
352000.6066,0
352014.0933,0
352282.9839,0
352369.7104,0
352428.5271,0
352486.3195,0
352580.5307,0
352643.4311,0
352675.787,0
352735.576,0
352815.6149,0
353666.77139999997,0
353721.638,0
353873.7417,0
354429.73716666666,0
354635.2191,0
354714.68570000003,0
354723.0785,0
354724.3641,0
354725.3268,0
354788.3494,0
354804.1156,0
354833.1869,0
354905.9361,0
354929.954,0
354932.0248,0
354943.1045,0
354955.83019999997,0
354983.3227,0
355009.61329999997,0
355016.1409,0
355324.3747,0
355453.9382,0
355497.2272,0
355535.3197,0
355555.3297,0
355667.5536,0
355699.2432,0
355729.2379,0
355816.01,0
355816.6021,0
355839.3489,0
355884.9832,0
356028.7802,0
356036.7212,0
356292.8889,0
356523.34990000003,0
356545.2607,0
356596.4052,0
356649.507,0
356806.1839,0
356998.7041,0
357089.3666,0
357335.8868,0
357792.7801,0
357910.2341,0
358137.1026,0
358208.1654,0
358495.602,0
358770.4767,0
358799.239,0
358847.8754,0
358914.7272,0
359166.6146,0
359285.9326,0
359576.8232,0
359667.6157,0
359932.3103,0
360012.7242,0
360222.896,0
360338.78130000003,0
360773.7764,0
360827.5563,0
361181.7344,0
361198.0148,0
361205.1328,0
361350.2104,0
361385.7129,0
361507.7056,0
361540.837,0
362311.5084,0
362642.2903,0
362795.80460000003,0
362888.1456,0
363360.6753,0
363741.5186,0
363862.09739999997,0
363871.7932,0
363893.6432,0
364346.8711,0
364784.8848,0
365176.4507,0
365196.4813,0
365213.91359999997,0
365237.80460000003,0
365263.6013,0
365380.7485,0
365678.2913,0
365832.7213,0
365955.774,0
366011.7893,0
366028.8833,0
366282.8727,0
366325.5204,0
366375.2295,0
366862.56070000003,0
366880.085,0
366933.3945,0
366937.5808,0
366970.0913,0
367066.5039,0
367083.1014,0
367103.8039,0
367488.9582,0
367559.85719999997,0
367762.4848,0
367784.7786,0
367827.3114,0
368478.5616,0
368720.69920000003,0
368730.1142,0
368757.0468,0
368861.5862,0
368960.1064,0
369061.6144,0
369320.6905,0
369368.17483333335,0
369375.8904,0
369426.319,0
369484.0699,0
369971.4936,0
370004.0371,0
370152.64890000003,0
370201.0516,0
370208.6385,0
370242.3701,0
370437.6681,0
370525.3495,0
370566.7998,0
370646.7687,0
370668.4302,0
370702.19070000004,0
370833.4038,0
370878.5217,0
370979.8591,0
371143.5602,0
371183.9623,0
371190.324875,0
371337.33770000003,0
371400.0869,0
371473.9629,0
371477.673,0
371948.2779,0
372133.7158,0
372170.361,0
372728.2581,0
372960.7175,0
373020.5647,0
373124.6111,0
373266.2889,0
373512.35349999997,0
373527.3333,0
373567.2298,0
373614.6033,0
374026.4831,0
374622.6581,0
374631.4205,0
374815.9015,0
374833.9321,0
374838.264,0
374851.4534,0
374997.2466,0
375007.4303,0
375305.2838,0
375437.0321,0
375673.1852,0
375768.31440000003,0
375831.0541,0
375957.9863,0
376060.57759999996,0
376167.223,0
376180.2936,0
376369.7095,0
376528.8052,0
376704.8253,0
376870.57644,0
377134.8647,0
377224.3284,0
377238.2068,0
377264.8402,0
377381.6045,0
377441.7531,0
377641.2785,0
377871.25049999997,0
377981.87289999996,0
378223.9747,0
378519.7489,0
378561.8125,0
378625.0635,0
378786.33400000003,0
378894.9121,0
379038.5527,0
379042.5712,0
379107.7859,0
379211.1863,0
379318.5304,0
379324.0983,0
379353.142,0
379779.1067,0
379897.86939999997,0
379947.45866666664,0
380145.668,0
380298.3581,0
380443.6061,0
380507.3259,0
380589.783,0
380648.6462,0
380721.7153,0
380733.5954,0
380805.7239,0
380991.1253,0
381739.6253,0
381758.5767,0
381807.0235,0
381964.3555,0
382090.62690000003,0
382207.5411,0
382339.4095,0
382357.60360000003,0
382373.0488,0
382681.90729999996,0
382763.5068,0
383049.3316,0
383349.4342,0
383406.6458,0
383755.6156,0
383795.9281,0
384278.8825,0
384301.9916,0
384655.4486,0
384723.3683,0
384844.82039999997,0
385008.4316,0
385056.7305,0
385437.3654,0
385691.841,0
386033.0104,0
386108.324,0
386149.7775,0
386259.8017,0
386326.1156,0
386445.5074,0
386502.401,0
386567.3918,0
386620.0438,0
386911.9305,0
386961.89191666665,0
387571.8447,0
387778.2797,0
387887.2735333333,0
387906.18700000003,0
387931.1123,0
387988.5085,0
388009.7047,0
388092.4308,0
388995.76955,0
389188.5633,0
389279.6635,0
389309.5272,0
389387.7876,0
389517.043,0
389543.2582,0
389586.5267,0
389643.491,0
389846.98534,0
389870.8077,0
389907.2339,0
389964.0982,0
390357.5612,0
390491.6076,0
390535.9403,0
390562.7961,0
390659.6711,0
390750.4339,0
390817.1107,0
390859.2395,0
391310.4586,0
391385.7335,0
391516.1268,0
391703.4751,0
392067.1429,0
392102.3902,0
392558.3821,0
392654.435,0
392750.0357,0
392818.562,0
392824.5542,0
392905.2212,0
393000.3056,0
393139.4121,0
393286.9807,0
393458.3631,0
394026.0123,0
394413.4679,0
394452.6766,0
394509.7215,0
394535.7952,0
394562.7809,0
394577.9469,0
394592.9201,0
394774.6712,0
394796.2581,0
395499.3782,0
395579.4712,0
395607.6625,0
395773.8042,0
395838.1703,0
395846.4325,0
396038.8726,0
396319.2814,0
396457.9458,0
396548.71979999996,0
396832.1452,0
397099.449,0
397126.6886,0
397303.051,0
397342.8688666667,0
397536.7163,0
397803.3253,0
397805.583875,0
397830.28859999997,0
397912.9718,0
398099.0002,0
398126.4091,0
398225.78099999996,0
398371.994,0
398509.6477,0
398554.8282,0
398612.0081,0
398691.2072,0
398764.1275,0
398820.5474,0
399221.1088,0
399231.8803,0
399410.3587,0
399622.0062,0
399646.5496,0
399724.4619,0
400093.8267,0
400274.9493,0
400395.7279,0
400621.8846,0
400892.93700000003,0
401026.2835,0
401306.5802,0
401600.5851,0
401873.157,0
401892.9596,0
401966.0826,0
402282.4868,0
402511.0449,0
402584.1462,0
402590.8669,0
402740.0298,0
402763.743,0
403192.56734,0
403295.1354,0
403580.5302,0
403851.8218,0
403901.5546,0
403939.534,0
404254.6624,0
404614.3401,0
404909.4907,0
405038.8396,0
405065.5325,0
405835.128,0
405905.3424,0
405930.1498,0
406010.0973,0
406032.5281,0
406061.4236,0
406238.1361,0
406249.1098,0
406359.8356,0
406428.6298,0
406527.679,0
406565.6402,0
406581.1898,0
406630.5121,0
406684.46270000003,0
406852.7547,0
407166.2594,0
407371.46030000004,0
407432.1073,0
407705.2102,0
407802.5437,0
407973.5049,0
408422.3226,0
408447.2607,0
408557.8997,0
408581.4644,0
408683.9598,0
408795.4111,0
408944.356,0
409155.871,0
409334.5842,0
409483.4494,0
409487.6474,0
409511.5624,0
409732.7682,0
410104.9095,0
410120.2669,0
410342.4263,0
410349.6995,0
410350.4181,0
410412.8688,0
410431.74340000004,0
410474.1974,0
410579.5682,0
410586.662,0
410697.75933333335,0
410750.024,0
411119.6078,0
411214.1107,0
411413.7011,0
411420.2684,0
411662.7982,0
412218.2437,0
412349.1666,0
412481.4808,0
412601.4142,0
412908.0042,0
412984.3444,0
413092.502,0
413293.8336,0
413745.1388,0
414048.8835,0
414170.7802,0
414326.1778,0
414487.71,0
414583.4507,0
414603.2152,0
414972.42579999997,0
415148.0626,0
415336.6373,0
415720.9726,0
415800.0267,0
416002.2059,0
416225.34380000003,0
416363.4251,0
416854.22250000003,0
416927.149,0
417111.5916,0
417159.7867,0
417193.9152,0
417419.1604,0
417429.2003,0
417511.487,0
417512.487375,0
417573.2827,0
417651.50256,0
417678.7262,0
417966.1132,0
417999.4251,0
418017.8872,0
418180.5248,0
418618.7749,0
418820.5733,0
418956.198,0
419014.9009,0
419051.8008,0
419132.2062,0
419173.2731,0
419281.1498,0
419817.5391,0
419824.96140000003,0
420110.2343,0
420458.6309,0
420458.888,0
420467.22609999997,0
420521.8013,0
420578.08869999996,0
420613.9837666667,0
420630.1834,0
420712.3068,0
420780.8148,0
421137.0288,0
421165.3087,0
421209.9313,0
421460.3926,0
421508.6313,0
421713.4878,0
421788.3693,0
422174.6225,0
422442.2836,0
422596.1779,0
422637.9289,0
422720.1274,0
422758.8243,0
422849.6997,0
423027.933,0
423480.684,0
423545.8485,0
423579.9866,0
423637.2866,0
423695.864,0
423799.6707,0
423938.9661,0
424237.3324,0
424246.4919,0
424505.2786,0
424726.39650000003,0
424823.4389,0
424854.3972,0
425293.9734,0
425310.27509999997,0
425310.4644,0
425380.7473666667,0
425409.5107,0
425506.1406,0
425677.4969,0
425714.4638,0
426210.1639,0
426218.3513,0
426237.1148,0
426274.2567,0
426310.407,0
426455.02509999997,0
426492.8488,0
426528.7784,0
426537.6585,0
426546.9392,0
426699.1282,0
426913.8495,0
426931.3874,0
427082.1013,0
427157.1639,0
427235.5183,0
427383.8785,0
427540.702,0
427708.1004,0
427867.0927,0
427961.9866,0
427999.8988,0
428188.0713,0
428195.707,0
428292.1223,0
428392.18200000003,0
428484.87603333336,0
428508.4904,0
428603.1984,0
428676.7964,0
428803.7663,0
429042.0601,0
429136.0649,0
429164.9471,0
429166.0319,0
429192.018,0
429239.4582,0
429423.6236,0
429776.118,0
429843.5666,0
429910.1275,0
429979.81070000003,0
430080.8387,0
430192.8439,0
430201.9507,0
430282.9237,0
430356.9212,0
430361.6027,0
430481.0507,0
430560.7746666667,0
431120.4061,0
431374.7339,0
431450.0133,0
431457.2465,0
431583.05918333336,0
431701.8566,0
431723.84030000004,0
431740.88823333336,0
431805.8846,0
431819.8894,0
432039.50789999997,0
432062.4114,0
432128.19,0
432232.1415,0
432332.2064,0
432360.0952,0
432482.756,0
432727.5314,0
432845.0824,0
432935.2343,0
433051.5309,0
433062.95900000003,0
433114.3876,0
433216.07420000003,0
433218.7754,0
433383.24335,0
433639.7461,0
433715.0823,0
434057.976,0
434103.3293,0
434571.0328,0
434731.8291,0
434772.724,0
434958.39060000004,0
435160.7293,0
435736.3036,0
435805.0375,0
435951.8702,0
435981.237,0
436030.5132,0
436044.9889,0
436106.45160000003,0
436111.0435,0
436237.552,0
436407.0881,0
436551.6588,0
436641.3993,0
436691.0476,0
436759.0295,0
436772.8941,0
436777.9125,0
436993.9476,0
437035.359,0
437083.0709,0
437283.6107,0
437589.1898,0
437684.601,0
437702.9932,0
437741.0755,0
437836.7713,0
437843.6676,0
437853.0972,0
437970.6221,0
438078.6412,0
438124.0605,0
438129.4041,0
438264.41969999997,0
438387.7625,0
438750.3863,0
438870.9642,0
438882.4523,0
438917.5195,0
438938.16969999997,0
438995.1461,0
439046.5904,0
439054.6006,0
439275.98219999997,0
439307.2161,0
439456.951,0
439513.0247,0
439548.4569,0
439675.3952,0
439804.0576,0
439808.1302,0
440012.2736,0
440015.8207,0
440237.50800000003,0
440457.7542,0
440954.0645,0
441050.4278,0
441051.5916,0
441062.3187,0
441126.1199,0
441388.1164,0
441400.4298,0
441470.9323,0
441593.7582,0
441746.311,0
441921.7675,0
442262.9507,0
442270.33640000003,0
442377.1889,0
442397.0449,0
442403.3473,0
442423.2777,0
442530.4314,0
442567.0727,0
442787.2449,0
442804.546,0
443273.5504,0
443331.8326,0
443657.36699999997,0
443899.5201,0
444100.4649,0
444313.12919999997,0
444396.61950000003,0
444401.91390000004,0
444611.3169,0
444733.45530000003,0
444821.9988,0
445049.8019,0
445152.82,0
445222.6877,0
445295.9752,0
445446.8187,0
445820.3061,0
445865.6543,0
446000.8835,0
446302.2917,0
446465.6075,0
446768.7125,0
447067.0013,0
447119.8656,0
447497.091,0
447848.7877,0
447871.6897,0
448081.613,0
448594.1385,0
448692.8976,0
448785.9713,0
448797.9095,0
448863.41980000003,0
449044.7077,0
449087.6346,0
449235.7801,0
449344.90009999997,0
449536.7343,0
449596.6251,0
449610.48620000004,0
449852.0939,0
449942.1267,0
450027.0805,0
450174.801,0
450346.8146,0
450350.2925,0
450387.09270000004,0
450403.8257,0
450462.4612,0
450472.73250000004,0
450583.5618,0
450621.9111,0
450752.07790000003,0
450967.9965,0
451113.9013,0
451246.1409,0
451390.4948,0
451551.8894,0
451945.0041,0
452193.67378,0
452442.8056,0
452530.6191,0
452631.5686,0
452749.0045,0
452792.4943,0
452923.5269,0
452957.4974,0
453080.83,0
453212.6202,0
453365.2839,0
453675.0656,0
453835.0353,0
453989.90630000003,0
454054.25320000004,0
454108.93090000004,0
454618.7304,0
454619.09719999996,0
454788.4964,0
455065.2478,0
455079.0785,0
455264.1987,0
455545.6093,0
455685.7263,0
455920.5297,0
456123.6397,0
456133.778,0
456196.5659,0
456215.2221,0
456227.6587,0
456415.1946,0
456493.5617,0
456508.1516,0
456511.16500000004,0
456696.417,0
456699.2789,0
456969.9529,0
457259.7478,0
457625.5435,0
457636.6727,0
457643.7778,0
457728.3249,0
457832.6889,0
457879.8467,0
458075.7608,0
458155.4579,0
458199.7671,0
458800.6209,0
458877.1877,0
458885.2284,0
458928.032,0
459000.3189,0
459622.0906,0
459760.9659,0
459777.005,0
459785.345,0
459835.0245,0
459842.1362,0
459871.9546,0
460022.5713,0
460109.0008,0
460190.8558,0
460504.01,0
460589.396,0
460608.6108,0
460828.2512,0
461014.4953,0
461187.35620000004,0
461351.7998,0
461367.69,0
461469.0695,0
461490.9153,0
462128.8603,0
462247.4744,0
462379.3775,0
462518.8902,0
462656.8469,0
462947.4694,0
463102.7046,0
463364.7637,0
463377.2394,0
463570.2491,0
463722.4397,0
463845.4703,0
464016.3091,0
464045.2959,0
464087.1223,0
464406.3513,0
464424.0891,0
464441.1222,0
464465.693,0
464518.4331,0
464560.3603,0
464794.8349,0
464862.0206,0
465106.9268,0
465405.7278,0
465543.5674,0
465612.3735,0
465824.2397,0
465933.1431,0
466108.62919999997,0
466261.1181,0
466614.1164,0
466640.4726,0
466789.37179999996,0
466914.9887,0
466981.2379,0
467260.22490000003,0
467295.2846,0
467297.5415,0
467395.8464,0
467437.9272,0
467482.6751,0
467988.5389,0
468064.04819999996,0
468421.0086,0
468436.9016,0
468723.6552,0
468731.6559,0
469091.174,0
469356.8087,0
469562.2881,0
469622.3329,0
469787.9882,0
470334.8322,0
470368.8529,0
470372.2995,0
470374.06799999997,0
470557.7344,0
471092.858,0
471202.7418,0
471662.508,0
471695.6637,0
471907.2833,0
472127.4959,0
472239.89650000003,0
472279.039,0
472311.2004,0
472433.5812,0
472518.4167,0
472665.3372,0
472691.5299,0
472715.7048,0
472776.8979,0
472800.8809,0
473136.642,0
473153.48093333334,0
473200.7793,0
473257.6264,0
473359.6262,0
473596.5512,0
473692.0299,0
473739.378,0
473749.772,0
473959.4896,0
473967.6356,0
474173.9708,0
474569.8558,0
474876.2621,0
474953.80700000003,0
475133.146,0
475156.8773,0
475358.63315,0
475371.3462,0
475408.9708,0
475776.4238,0
475805.1537,0
475836.2238,0
475903.2403,0
476073.0996,0
476356.7222,0
476732.9757,0
476879.7129,0
477155.9723,0
477188.63529999997,0
477257.5639,0
477630.8444,0
478124.9633,0
478263.9408,0
478291.9227,0
478328.7915,0
478334.6594,0
478373.6071,0
478662.5024,0
478795.3223,0
478856.32779999997,0
479353.3855,0
480517.4341,0
480584.82660000003,0
481188.0074,0
481476.0571,0
481488.11950000003,0
481652.47366,0
481746.2626,0
481889.7892,0
481967.627525,0
482073.3932,0
482075.0075,0
482089.7331,0
482283.1552,0
482291.2484,0
482342.5065,0
482641.1408,0
482852.8717,0
482872.9865,0
483061.63190000004,0
483331.0818,0
483374.9849,0
483386.0954,0
483606.4103,0
483753.8944,0
483767.1807,0
484000.6543,0
484896.2817,0
485006.3588,0
485007.4691,0
485120.5763,0
485287.4756,0
485433.1677,0
485763.5574,0
486074.3517,0
486202.6319,0
486486.1776,0
486612.0552,0
486631.8909,0
486813.7866,0
486845.1786,0
486856.9299,0
486918.4775,0
487088.3018,0
487206.5878833333,0
487247.7745,0
487316.6927,0
487403.9878,0
487714.1115,0
487766.9387,0
487862.5645,0
487893.9178,0
488292.4988,0
488302.7191,0
488374.7612,0
488961.69299999997,0
488970.9483,0
489045.8752,0
489130.6906,0
489281.1394,0
489508.6091,0
489531.4926,0
489610.1486,0
489678.1344,0
489692.1651666667,0
490104.7783,0
490139.1609,0
490146.10959999997,0
490262.1326,0
490599.695,0
490939.6932,0
491257.3316,0
491413.4925,0
491459.728,0
491626.5088,0
491642.41893333336,0
491648.4741,0
491905.34990000003,0
491919.1603,0
491966.2528,0
492224.083,0
492435.835275,0
492660.6312,0
492932.1992,0
493066.540025,0
493125.9205,0
493307.8897,0
493357.3779,0
493480.83146,0
493716.9918,0
493850.0831,0
493976.8282,0
494186.2615,0
494208.4738,0
494211.5918,0
494293.84979999997,0
494399.0841,0
494484.7976,0
494852.15020000003,0
494881.593,0
494971.587,0
495169.8608,0
495175.91969999997,0
495332.0207,0
495464.8112,0
495697.9174,0
495751.5641,0
495818.2317,0
496212.6455,0
496260.4406,0
496300.1955,0
496461.07409999997,0
496611.1687,0
496676.7415,0
496857.2687,0
497253.7224,0
497312.8173,0
497456.5175,0
497612.2549,0
497636.3394,0
497655.7835,0
497657.12679999997,0
497837.8625,0
497853.47719999996,0
497929.7169,0
498149.7223,0
499182.6492,0
499384.6638,0
499538.0288,0
499627.9227,0
499824.62930000003,0
500043.3632,0
500231.47321666667,0
500485.9002,0
500610.0272,0
500611.3817,0
500907.6479,0
500937.7209,0
501154.0936,0
501436.873,0
501625.3189,0
502332.149,0
502345.9988,0
502443.6916,0
502686.2646,0
502986.9334,0
503084.3458,0
503311.0476,0
503390.5074,0
503421.9585,0
503680.86806,0
503890.3969,0
504109.1561,0
504363.4758,0
504415.939,0
504556.5831,0
504571.3848333333,0
504636.4978,0
504691.488,0
504915.2977,0
504926.8543,0
505186.3038,0
505233.0209,0
505269.2078,0
505708.0521,0
505718.9377,0
505835.1591,0
505858.5003,0
505985.4184,0
506150.7186,0
506162.7559,0
506398.0745,0
506407.9786,0
506495.454,0
506502.6589,0
506529.0557,0
506782.2203,0
507156.4307,0
507158.4023,0
507202.9485,0
507567.2158,0
507689.4743,0
507716.70900000003,0
507820.6179,0
507841.9483,0
507861.0487,0
507980.661,0
507987.3628,0
508087.7325,0
508212.5996,0
508289.9297,0
508304.5108,0
508415.2615,0
508685.5949,0
508716.2524,0
509059.1056,0
509074.3281,0
509083.01,0
509151.35109999997,0
509324.8005,0
509412.7268,0
509499.9099,0
509585.6142,0
509591.0287,0
509681.8655,0
509757.0736,0
509784.3267,0
509829.109,0
510130.7563,0
510518.944,0
510547.2895,0
510631.8282,0
510956.39445,0
511116.2703,0
511513.8929,0
511554.3714,0
511872.7043,0
511964.2875,0
512068.8943,0
512375.732,0
512697.2003,0
512786.895,0
512834.7172,0
512841.2401,0
512908.7458,0
513044.482,0
513099.1336,0
513102.8821,0
513306.2121,0
513391.2965,0
513599.4717,0
514205.6499,0
514252.2218,0
514336.6265,0
514420.5887,0
514826.93929999997,0
514881.2095,0
514897.9131,0
515390.2055,0
515648.9771,0
516061.394,0
516136.65630000003,0
516164.5539,0
516177.9423,0
516186.8764,0
516206.7729,0
516299.4226,0
516577.91969999997,0
516630.2719,0
516710.5521,0
516725.40911666665,0
516813.778,0
516878.0231333333,0
516926.5921,0
517097.687,0
517120.2576,0
517176.9825,0
517364.9148,0
517695.4322,0
517701.0362,0
517712.0263,0
517872.9629,0
517901.778775,0
518132.50549999997,0
518146.351,0
518346.6483,0
518347.809,0
518404.35602,0
518552.152,0
518617.4546,0
518734.1082,0
518832.8589,0
518847.7783,0
518959.9563,0
519113.46905,0
519210.5292,0
519305.1333,0
519389.6912,0
519428.8041,0
519481.9635,0
519518.7266,0
519590.41599999997,0
519689.1335,0
519744.38176666666,0
519747.675,0
519756.268525,0
519928.5062,0
519961.5533,0
520203.474,0
520244.4206,0
520259.6297,0
520374.2192,0
520599.9163,0
520661.88289999997,0
520687.5056,0
520933.8607,0
521032.0036,0
521051.2597,0
521249.4715,0
521288.2154,0
521341.7856,0
521396.20423333335,0
521645.0875,0
521707.6396,0
521927.98970000003,0
522246.39639999997,0
522259.5478,0
522436.0155,0
522442.9844,0
522700.3888,0
522946.46270000003,0
523116.5927,0
523240.0125,0
523409.4345,0
523748.5897,0
523827.3691,0
523912.7508,0
523933.8943,0
524039.0739,0
524137.1952,0
524351.6693,0
524416.1965,0
524474.6128,0
524519.9683,0
524624.2984,0
524741.5214,0
525122.0253,0
525218.0334,0
525297.1577,0
525367.7137,0
525659.4344,0
525664.8443,0
525672.78,0
525701.9372,0
525715.5378,0
525836.9011,0
525976.1243,0
526032.63,0
526302.8248,0
526316.3896999999,0
526353.4403,0
526550.5861,0
526614.2519,0
526725.5891,0
527049.1034,0
527112.1189,0
527227.3543,0
527286.5463,0
527503.7811,0
527527.0653,0
527535.3539,0
527782.7089,0
527844.7203,0
527947.9661,0
528056.7962,0
528071.9154,0
528298.6573,0
528379.4734,0
528390.3761,0
528494.0097,0
528546.3624,0
528658.9968,0
528689.7737,0
528824.5244,0
528907.9814,0
528956.9527,0
529027.60195,0
529159.1176,0
529268.922,0
529409.1425,0
529726.7897,0
529747.4783,0
529837.7329,0
529849.1737,0
529954.9749,0
529968.6755,0
530151.2903,0
530162.6007,0
530193.0699,0
530252.1768,0
530299.6396,0
530332.2262,0
530375.3273,0
530542.086,0
530603.9984,0
530633.4184,0
530715.1325,0
530879.2041,0
531233.4891,0
531385.6592,0
531560.9787,0
531721.6782,0
531991.3331,0
532079.7961,0
532114.9347,0
532357.2019,0
532519.0328,0
532797.5918,0
532944.2253,0
533023.1251,0
533258.0724,0
533356.8955,0
533668.2201,0
533689.1006,0
533783.5761,0
533844.1708,0
533878.7766,0
533984.3282,0
533992.6107,0
534243.1,0
534492.6212,0
534539.746,0
534682.1749,0
534699.4512,0
534942.0,0
535074.2572999999,0
535233.3167,0
535457.921,0
535458.1273,0
535680.7268,0
535811.6498,0
535919.0406,0
535993.5902,0
536009.9772,0
536123.2604,0
536976.4048,0
537198.2047,0
537527.7627,0
537548.4652,0
537569.0427999999,0
537695.7738,0
538041.2158,0
538164.9593,0
538659.7909,0
538733.8966,0
538933.8856,0
539111.5022,0
539115.3895,0
539199.2798,0
539214.9666,0
539241.6843,0
539307.2689,0
539430.0171,0
539471.0527,0
539577.0046,0
539603.9941,0
540070.0283,0
540210.5611,0
540418.007,0
540594.7506,0
540680.4958,0
540784.7042,0
540816.5815,0
540823.2075,0
540833.9158,0
540890.9325,0
541057.7139,0
541184.1117,0
541197.0323,0
541204.7049,0
541256.1464,0
541318.9996,0
541369.6772,0
541679.076,0
541743.0984,0
541924.0955,0
541933.1791,0
541961.4869,0
542555.6812,0
542567.352,0
542673.1772,0
543595.189,0
543923.1545,0
543946.2317,0
543973.7042,0
544012.6938,0
544429.1723,0
544448.2535,0
544582.5774,0
544646.4657000001,0
544690.4312,0
544900.4168,0
544946.6142,0
545025.6503,0
545323.9555,0
545638.4416,0
545735.0388,0
546074.4529,0
546319.2691,0
546431.0847,0
546586.2464000001,0
546623.961,0
546698.6693,0
547180.5423,0
547377.8377,0
547804.407,0
547823.5334,0
547834.6848,0
547841.2339999999,0
548102.9663,0
548196.4621,0
548236.635,0
548518.3032,0
548531.6913000001,0
548740.8784,0
548815.4464,0
549079.2078,0
549152.9956,0
549376.2302999999,0
549662.6759,0
550064.3268,0
550171.4591,0
550276.3228,0
550603.8634,0
550657.1779,0
550738.1293,0
550825.6041,0
551410.9379,0
551446.143,0
551485.7176,0
551640.7035000001,0
551661.2052,0
551673.5785,0
551710.5272,0
551742.5112,0
551907.4064,0
552088.2772,0
552412.0279,0
552476.9661,0
552587.6916,0
552628.2538,0
552636.6274,0
552685.2246,0
552929.8517,0
552991.4955,0
553126.2449,0
553319.4319,0
553328.3441,0
553433.9576,0
554084.0734999999,0
554473.1023,0
554779.1284,0
554819.7102,0
554858.0981000001,0
555005.1611,0
555049.871,0
555116.8707,0
555304.1377,0
555337.917,0
555387.5228,0
555467.092,0
555477.4612,0
555660.5105,0
555781.86475,0
555928.4366,0
556013.8292,0
556234.5144,0
556346.3838,0
556426.0618,0
556586.1191,0
556730.2524,0
556952.6549,0
557180.3523,0
557651.2313,0
557652.6926,0
557796.9431,0
557815.9285,0
557844.7963,0
557905.9205,0
557947.1408,0
557952.2869,0
558053.7137,0
558142.9184,0
558373.3825,0
558411.4637,0
559081.2424,0
559122.085,0
559170.9958,0
559180.2164,0
559405.3203,0
559776.6278,0
559790.4984,0
559948.9858,0
560052.1362,0
560120.8219,0
560213.7841,0
560291.5872,0
560940.365,0
561006.0712,0
561318.9849,0
561403.8741,0
561578.3099,0
561929.9091,0
562419.0027,0
562529.4139,0
562577.3295,0
562781.3092,0
562826.5657,0
563023.387,0
563122.732,0
563248.4365000001,0
563592.2374,0
563733.7511,0
563827.1974,0
563867.896,0
564068.932,0
564318.0594,0
564393.3227,0
564582.339,0
564724.037,0
564980.6879,0
565076.5227,0
565266.9124666667,0
565320.0216,0
565338.9083,0
565429.9388,0
565451.5361,0
565499.7724,0
565534.2052,0
565546.7858,0
565568.927,0
565744.0454,0
565771.726,0
565924.3769,0
566022.6316,0
566275.6353,0
566315.2955,0
566467.4852,0
566503.7515,0
566549.1111,0
566715.887,0
566986.5047,0
567507.7921,0
567552.3574,0
567978.3831,0
568028.7372,0
568038.8637,0
568064.5517,0
568119.6225,0
568300.6782,0
568412.3107666667,0
568605.3953,0
568729.7831,0
568975.8809,0
569228.3907,0
569504.2351,0
569518.5495,0
570053.6067,0
570055.2611,0
570286.6009,0
570390.1053,0
570579.7962,0
570605.3807,0
570624.3375,0
570641.6405,0
570664.5932,0
570709.6318,0
570963.9314,0
572064.6164,0
572351.9026,0
572460.3507,0
572986.0212,0
573244.1797,0
573612.7399,0
574355.3425,0
574560.7821,0
574618.1298,0
574660.9096,0
574722.8644,0
575179.6165,0
575352.2719,0
575750.0692,0
575776.1607,0
575798.5849,0
576213.084,0
576437.5029,0
576514.3117,0
576665.8527,0
576920.5473,0
577061.6276,0
577228.125,0
577311.0834,0
577625.85466,0
577828.9896,0
577966.0417,0
577984.274,0
578134.7753,0
578248.683,0
578253.2355,0
578433.8958,0
578767.9319,0
578853.9613,0
578854.8007,0
578908.5639,0
578984.2162,0
579029.3432,0
579051.6878,0
579145.4341,0
579484.6699,0
579650.7476,0
579668.6323,0
579690.0314,0
579766.1983,0
579780.3666,0
580468.4369,0
580719.9609,0
580740.8581000001,0
580800.8015,0
580815.3935,0
580848.2352,0
581053.0364,0
581362.6971,0
581364.2688,0
581365.0759,0
581764.5424,0
581985.329,0
582008.4134,0
582189.2736,0
582248.9933,0
582344.4429,0
582395.3224,0
582479.6241,0
582678.3036,0
582780.2926,0
582803.6703,0
582873.3362,0
583042.6549,0
583045.1877,0
583131.9917,0
583161.2955,0
583167.2826,0
583742.8354,0
584188.0466,0
584390.2443,0
584664.0168,0
584919.9159,0
585582.0729,0
585851.2274,0
585923.89,0
586092.0857,0
586164.2196,0
586369.5295,0
586508.2783,0
586648.4424,0
587298.072,0
587438.6623,0
587761.6666,0
587809.533,0
588073.4749,0
588115.1313,0
588124.189,0
588127.0123,0
588238.2826,0
588313.36,0
588316.2149,0
588323.6203,0
588388.3841,0
588394.0197,0
588447.8793,0
588477.5836,0
588508.1063,0
588598.4822,0
588919.544,0
588958.8356,0
589039.3578,0
589163.4517,0
589504.0633,0
589643.1967,0
589711.2939,0
589890.2388,0
589984.8004,0
590163.23945,0
590272.7916,0
590316.4146,0
590609.8493,0
590721.2643,0
590837.565,0
591085.2085,0
591363.8699,0
591678.8617,0
591811.402,0
592181.5391,0
592222.3713,0
592226.3426166667,0
592394.7609,0
592467.9881,0
592624.6371,0
592649.9981,0
592651.8988,0
592743.7167,0
592874.0882,0
593111.9694,0
593340.7114,0
593353.2463,0
593793.8915,0
594169.4591,0
594398.208,0
594414.7484,0
594427.5645,0
594537.0667,0
594626.6344,0
594676.1013,0
594708.9786,0
594774.7204,0
594806.3735,0
594836.1264,0
595117.4487,0
595174.7452,0
595370.5282000001,0
595597.5594,0
595633.1495,0
595975.5326,0
596262.4708,0
596374.0507,0
596435.5694,0
596573.8711,0
596731.2695,0
596788.5511,0
597085.0045,0
597155.0371,0
597273.1328,0
597306.1548,0
597383.9653,0
597546.0225,0
597584.6294,0
597702.8473,0
597794.4116,0
597973.6323,0
598076.827,0
598236.4747,0
598268.5097,0
598323.0303,0
598439.1237,0
598452.4749,0
598528.469,0
598542.1776,0
598704.1468,0
598719.6372,0
598740.7701,0
598759.1768,0
598797.4281,0
598972.5461,0
599456.0237,0
599560.6807,0
599865.16835,0
600078.3408,0
600160.5473,0
600215.674,0
600220.4713,0
600312.9884,0
600333.2116,0
600610.8495,0
600692.092,0
600731.7116,0
600904.7106,0
601597.6696,0
601607.4494,0
601639.4089,0
601808.9848,0
601826.4909,0
601844.3733,0
601988.3288,0
602316.3965,0
602395.8315,0
602471.9463,0
602703.3384,0
602712.1756333334,0
602720.6294,0
603164.3953,0
603669.9254,0
603682.5836,0
603766.7089,0
603839.9646,0
604013.4101,0
604143.7874,0
604198.5862,0
604221.8568,0
604404.691,0
604416.5145,0
604497.067,0
604584.5464,0
604634.7816,0
604824.0571,0
604826.6761,0
604852.9435,0
605137.3173,0
605180.2512,0
605786.0268999999,0
606089.6282,0
606120.1163,0
606168.7832,0
606169.8862,0
606430.3489,0
606464.2187,0
606542.5762,0
606579.1865000001,0
606602.632,0
606767.5254,0
607021.715,0
607171.0918,0
607193.7884,0
607224.4356,0
607627.603,0
607701.0407,0
607815.5502,0
608026.3495,0
608159.5229,0
608182.3034,0
608263.8805,0
608460.9905666667,0
608686.7187,0
608688.5553,0
609154.7545,0
609278.7549,0
609290.8841,0
609400.8742,0
609437.2039,0
609470.5748000001,0
609521.3765,0
609566.8971,0
609703.6378,0
609710.9996,0
609740.6445,0
609749.3253,0
609763.4814,0
609835.721,0
609857.4532,0
609939.9472,0
610015.3385,0
610048.8716,0
610089.0176,0
610234.8229,0
610293.5093,0
610320.7779,0
610492.8345,0
610801.1913,0
611236.6239,0
611289.6531,0
611325.7281,0
611354.2109,0
611361.0628,0
611531.8843,0
611557.4884,0
611722.7885,0
611781.5291,0
611876.3119,0
611952.6111,0
611956.159,0
612017.3731,0
612047.6106,0
612162.1632,0
612227.1313,0
612258.1655,0
612262.9298,0
612316.7708,0
612354.0609,0
612560.2408,0
612570.1538,0
612615.1191,0
612670.2119,0
612945.6156,0
613086.792,0
613223.9033,0
613305.0112,0
613420.2609999999,0
613433.5387,0
613444.9559,0
613541.2686,0
613736.815,0
613787.7811,0
613844.0558,0
614247.1067,0
614369.3813,0
614377.6532000001,0
614380.1266,0
614621.1059,0
614747.1161,0
614984.3219,0
615169.6718,0
615198.9562,0
615257.5918,0
615386.0648,0
615665.4803,0
615690.1721,0
615901.3265,0
615974.6459,0
615977.6962,0
616143.1650333334,0
616348.9552,0
616402.3442,0
616546.0238,0
616665.2431,0
616707.9665,0
616768.666,0
616935.2042,0
616938.9894,0
617011.4649,0
617123.3907,0
617169.1399,0
617242.2703,0
617295.7775,0
617365.6561,0
617597.0486,0
617773.887,0
617828.6236,0
617891.7193,0
617895.8869,0
618188.0734999999,0
618236.1603,0
618348.7623,0
618597.9179,0
618651.6534,0
618753.3076,0
618891.8277,0
618925.9018,0
618997.082,0
619195.9275,0
619362.3358,0
619365.731,0
619369.0973,0
619620.8867,0
619686.44,0
620011.0059,0
620530.1434,0
620626.2771,0
620654.5328,0
620715.563,0
620774.1211,0
621197.1722,0
621299.5979,0
621452.8166,0
621501.48374,0
621535.3505,0
621539.6035,0
621651.51,0
622062.2503,0
622358.6313,0
622396.7432,0
622536.2673166667,0
622589.88,0
622732.4907,0
622764.3744,0
623060.3973,0
623072.4016,0
623098.5613,0
623124.8713,0
623527.2294,0
623646.159,0
623984.3098,0
624183.2231333334,0
624219.1796,0
624242.7494,0
624377.7558,0
624378.6929,0
624418.0355,0
624759.3846,0
625034.3774,0
625670.1066,0
625799.7217,0
626033.3202,0
626072.3008,0
626110.7985,0
626238.0903,0
626260.6041,0
626319.367,0
626430.2653,0
626572.7605,0
626636.5079,0
626655.5822,0
627025.8667,0
627066.9316,0
627472.6889,0
627576.4248,0
627606.3507,0
627773.9382,0
627897.76,0
627927.9663,0
627945.8465,0
628210.6901,0
628241.4096,0
628485.6551,0
628495.0748000001,0
628575.302,0
628649.073,0
628672.2425,0
628697.067,0
628700.7798,0
628762.1377,0
628821.633,0
628841.2395,0
628985.4888,0
629026.349,0
629064.693,0
629285.6546,0
629365.4754,0
629366.0123000001,0
629385.642,0
629614.4864,0
629789.9131,0
629848.389,0
629917.3547,0
630085.7776,0
630112.3884,0
630247.3463,0
630423.411,0
630503.1893,0
630546.7346,0
631061.3054,0
631206.9947,0
631222.0826,0
631372.0758,0
631448.2081,0
631541.4307,0
631567.8985,0
631654.8597,0
631732.4728,0
631779.6097,0
631886.6414,0
632012.5048,0
632108.1945,0
632280.4304,0
632350.6014,0
632436.8351,0
632536.6353,0
632628.9012,0
632638.8799,0
633225.2304,0
633433.0059,0
633545.7133,0
633595.2454,0
633638.4794,0
633657.2531,0
633689.3936,0
634181.0483,0
634331.2216,0
634342.0203,0
634703.2779,0
634770.2185,0
634796.0888,0
634897.1078,0
635080.025,0
635234.7822,0
635609.7292,0
635676.0116,0
635836.7512,0
636174.0474,0
636193.1279,0
636299.7237,0
636828.7566,0
636972.8189,0
637123.4813,0
637384.5538999999,0
637538.9642,0
637916.1464,0
638055.73,0
638556.451,0
638648.6621,0
638731.6285999999,0
638771.4735,0
638791.9876999999,0
639265.7959,0
639374.3279,0
639839.9875,0
639922.1342,0
640032.0335,0
640226.2021,0
640558.5513,0
640639.3623,0
640702.8103,0
640965.1533,0
641006.75952,0
641098.066,0
641745.3939,0
642092.8949,0
642346.8492,0
642401.2428,0
642607.9532,0
642641.9469,0
642662.789,0
643136.1190666667,0
643267.4288,0
643337.5492,0
643577.6191,0
643584.8231,0
643604.0495,0
643780.3258,0
643782.0305999999,0
644054.3263,0
644230.6768,0
644243.7026,0
644400.7453000001,0
644406.1184,0
644584.07306,0
644595.5403,0
644631.5494,0
644669.5268999999,0
644726.932,0
644816.2014,0
644918.7494,0
645019.9208,0
645236.8864,0
645300.414,0
645353.463,0
645369.60362,0
645989.2221,0
646386.5938,0
646773.1132,0
646977.151,0
646979.2766,0
647001.6255,0
647036.6746,0
647098.1314,0
647268.0215,0
647422.7238,0
647457.5693,0
647563.3529,0
647636.4632,0
647648.5957,0
647788.5248,0
647943.076,0
648045.243725,0
648319.8276,0
648771.4563,0
648823.0251,0
648934.4565,0
649090.7943,0
649171.7138,0
649188.9888,0
649362.829,0
649458.3087,0
649464.1106,0
649522.6207,0
649615.8322,0
649753.8078600001,0
649754.2222,0
649756.5649,0
649805.6722,0
649814.4014,0
650034.5797,0
650214.7016,0
650354.7084,0
650380.7964,0
650555.4180000001,0
650604.5339,0
650738.3554,0
651330.61,0
651432.246,0
651527.9626,0
652463.2373,0
652711.8636,0
652745.4752,0
653039.3612,0
653128.7491,0
653284.0284833333,0
653305.8635,0
653368.5469,0
653448.8166833334,0
653464.8051,0
653744.0675,0
653835.9583,0
653968.0913,0
654004.1223,0
654004.8996,0
654216.3938,0
654276.426,0
654419.0578,0
654482.2711,0
654485.6516,0
654626.5116,0
654647.0593,0
654697.156,0
654737.9277,0
654884.6407,0
655224.4849,7.212724999990314
655243.1232,0
655543.7827,0
655616.6225,0
655689.4359,0
655756.0611,0
655801.0826,0
656217.7865,0
656363.2297,0
656662.24,0
656794.2049,0
657052.837,0
657121.6026,0
657161.21405,0
657352.4992,0
657414.0961,0
657549.6018000001,0
657563.5156,0
657628.009425,0
657930.1767,0
658151.2021,0
658633.4118,0
658789.634275,0
659124.9209,0
659159.3392,0
659659.732,0
659803.9127,0
660037.0428,0
660356.4495,0
660757.9073,0
660878.8667,0
660934.2459,0
661121.3895,0
661228.903,0
661433.9169,0
661515.3455,0
661770.5921,0
661836.3754,0
661931.8436,0
662264.2043,0
662341.1993,0
662394.3732,0
662590.6572,0
662788.3373,0
662825.0244,0
662916.0337,0
662939.7728,0
662975.412,0
663139.5866,0
663175.0223,0
663248.8424,0
663311.4481,0
663419.7655,0
663458.1645,0
663590.787,0
663590.9216,0
663749.2033666667,0
663757.8836,0
664116.8469,0
664478.3057,0
664571.099,0
664781.0409,0
665174.8075,0
665466.8219,0
665467.3528333333,0
665596.8348,0
666317.1385,0
666653.4647,0
666659.0682,0
667044.4746,0
667095.7531,0
667220.719,0
667855.3752,0
668085.7055,0
668200.5639,0
668376.8294,0
668852.1458,0
668892.5437,0
668963.4398,0
669273.6424,0
669402.6533,0
669432.9245,0
669482.506,0
669659.5964,0
670400.2839,0
670586.999,0
670738.3155,0
670836.9165,0
670929.3919,0
671033.6856,0
671510.7549,0
671524.5018,0
671684.561,0
671695.9671,0
671879.4105,0
672174.6274,0
672345.6281,0
672365.6318,0
672533.0586,0
672705.4602,0
672720.3289,0
672867.411,0
673029.8093,0
673052.7542,0
673071.6783,0
673386.0023,0
673472.0938,0
673705.9456,0
674429.4867,0
674480.1721,0
674552.393,0
674598.1464,0
674608.6362,0
674680.9988,0
674844.0632,0
674939.8558,0
675016.5054,0
675260.9011,0
675434.0805,0
675768.69,0
675791.3189,0
675855.9313,0
675898.4724,0
675961.3175,0
676060.3307,0
676171.1412,0
676295.3910000001,0
676316.9798,0
676343.2272,0
676486.0725,0
676501.8413,0
676628.6231,0
677110.5904,0
677286.5209,0
677503.8814,0
678232.758,0
678577.9115,0
678619.5151,0
678691.4717999999,0
678744.0082,0
678937.4054,0
679455.3952,0
679836.3039666667,0
679904.1529,0
679964.5316,0
680229.2554,0
680251.4062,0
680593.262,0
680660.1924,0
680872.9261,0
680901.4511,0
681062.8601,0
681082.5327,0
681286.4435,0
681420.0432,0
681504.4962,0
681898.7997,0
681947.6471,0
682018.0547,0
682023.8926,0
682059.0836,0
682200.082,0
682313.6066,0
682324.6288,0
682484.481,0
682781.6604,0
682792.8726,0
683158.9401,0
683284.8826,0
683365.0518,0
683373.0681,0
683392.4627,0
683491.4179,0
683996.8179,0
684296.4012,0
684560.1591,0
684678.3637,0
684724.4936,0
685023.7443,0
685027.7282,0
685258.924,0
685435.0763,0
685706.797,0
686010.7198,0
686025.3677000001,0
686590.9219,0
686604.7005,0
686824.9784,0
686889.6822,0
687109.3745,0
687281.4261,0
687417.9696,0
687939.579,0
688085.1458,0
688270.0135,0
688737.0597,0
688740.177,0
688911.9105,0
688963.4971,0
688976.5671,0
688999.1743,0
689084.9305,0
689505.4968,0
689622.0592,0
689840.6847,0
690068.4197,0
690281.682,0
690303.3399,0
690370.3889,0
690393.0438,0
690424.2235,0
690917.602,0
690990.3504,0
691083.5529,0
691571.7859,0
691646.164,0
691687.3963,0
691729.6388,0
691751.9006,0
691865.7289,0
691982.7783,0
692136.3847,0
692246.3903,0
692297.6102,0
692311.6916,0
692374.4589,0
692412.1551,0
692418.4965,0
692465.8423,0
692474.3508,0
692637.1024,0
692844.7852,0
692854.0216,0
693101.0364,0
693386.1535,0
693453.8437,0
693515.1364,0
693577.1961000001,0
693611.3777,0
693613.1316,0
693678.2021,0
693711.6268,0
693743.166,0
693951.8946,0
693989.5828,0
693998.0205,0
694008.8454,0
694064.6742,0
694075.9514,0
694120.1179,0
694135.7131,0
694515.3613,0
694535.6429,0
694538.6654,0
694543.5805,0
694617.1984999999,0
694802.7964,0
694950.1594,0
694962.617,0
695248.028,0
695364.1381,0
695522.1611,0
695551.8022,0
695556.6543,0
695565.5118,0
695663.4333,0
695735.6268,0
695928.8744,0
696076.6646,0
696343.7135,0
696550.3165,0
696584.3776,0
696618.5571,0
696672.4701,0
696685.0906,0
696702.5096,0
696742.552,0
696764.7572999999,0
696794.3325,0
696817.113025,0
696837.7646,0
696973.4351,0
697046.5548,0
697102.7127,0
697132.748,0
697175.5768,0
697215.0777,0
697275.5072999999,0
697349.1617,0
697504.8118,0
697531.8355,0
697590.7599,0
697698.4627,0
697854.8738,0
697904.8973,0
698092.2927,0
698167.8629000001,0
698203.1185,0
698437.2158,0
698651.5333,0
698724.0941,0
698966.5734,0
699243.1014,0
699330.1585,0
699414.4941,0
699554.0197,0
699576.9594,0
699655.4793,0
699970.6423,0
700138.3929,0
700394.0047,0
700583.8706,0
700630.8353,0
700656.4085,0
701171.9185,0
701202.6581,0
701291.9742,0
701349.9172,0
701417.7885,0
701447.8121,0
701464.9868,0
701792.5168,0
701973.1099,0
702083.2665,0
702086.6778,0
702113.5168,0
702206.0002,0
702271.2143999999,0
702332.1743,0
702488.6475,0
702757.2351,0
702820.494,0
702980.2386,0
703089.5431,0
703096.3646,0
703177.7719,0
703225.0409,0
703475.3189,0
703535.8794,0
703705.9832,0
703812.332,0
704360.2605,0
704637.9936,0
704733.1157,0
704913.0259,0
705075.2693,0
705108.0022,0
705195.2316,0
705333.0956,0
705437.1804,0
705492.7814,0
705508.7886,0
705530.0026,0
705554.0809,0
705755.2658,0
705870.865,0
706363.2168,0
706405.4206,0
706680.2924,0
706863.1099,0
706877.0661,0
707068.3559,0
707118.295,0
707342.8367,0
707374.8282,0
707483.499,0
707573.5557,0
707695.3386,0
708041.7136,0
708053.3709,0
708062.3022,0
708313.9680999999,0
708331.0037,0
708350.1737,0
708477.7217,0
708513.6445,0
708561.1526,0
708693.6363,0
708702.857,0
708778.4189,0
708804.2036,0
709131.3084,0
709202.3785999999,0
709215.1915,0
709250.8986,0
709472.7838,0
709798.5758,0
709937.6787,0
710104.7859,0
710168.01405,0
710194.7372,0
710967.1841,0
711002.9103,0
711217.825,0
711389.7804,0
711645.6553,0
711730.0363,0
711837.7948,0
711920.8559,0
712002.6377,0
712417.6982,0
712424.0368,0
712553.9963,0
712617.7231,0
712777.2985,0
712835.1551,0
712863.9381,0
713041.8927,0
713067.7534,0
713243.9268,0
713395.2571,0
713685.2478,0
713893.5408,0
713933.2495,0
713975.8054,0
713981.2778,0
714062.2469,0
714429.2062,0
714589.4416,0
714710.0819,0
714784.7824,0
714885.2008,0
714908.1768,0
715109.9596,0
715493.1989666667,0
715507.544,0
715634.7598,0
715955.7219,0
716122.1779,0
716127.5154,0
716357.5989,0
716817.594,0
716900.9815,0
717224.9527,0
717359.1866,0
717708.5696,0
717982.5246,0
717990.9541,0
718108.8679,0
718323.8416,0
718458.9646000001,0
718799.3141,0
718852.8568,0
718855.6776,0
719004.7318,0
719369.8255,0
719419.8665,0
719445.6134,0
719573.6508,0
719687.4046,0
719888.1047,0
720000.5566,0
720224.3099,0
720900.7724,0
720974.3867,0
720989.7392,0
721063.1858,0
721072.5334,0
721137.4319,0
721408.6847,0
721689.9998999999,0
721987.3899,0
722015.127,0
722148.1923,0
722172.8819,0
722198.8968,0
722264.4352,0
722489.7343,0
723080.0079,0
723356.0281,0
723649.5636,0
723916.7459,0
724082.4438,0
724414.4423,0
724418.1829,0
724442.7609,0
724463.4235333333,0
724782.7153,0
724844.6101,0
724847.3825000001,0
725192.8204,0
725295.8856,0
725465.6073,0
725538.4863,0
725621.9772,0
725869.3659,0
725955.6421,0
726003.5773,0
726058.9157,0
726089.1394,0
726376.7004,0
726551.3482,0
727456.1483,0
727502.9661,0
727529.2542,0
727545.4002,0
727654.9979,0
727728.3898,0
727950.8062,0
728123.599,0
728507.6194,0
728515.6088,0
728635.9226,0
728635.9236,0
728721.0188,0
728765.7572999999,0
728803.5996,0
728956.1148,0
728990.6032666666,0
729223.2112,0
729575.6089,0
729592.1059,0
729661.6525,0
729799.7264,0
730067.9305,0
730179.4634,0
730322.3121,0
730491.421,0
730720.7023,0
731002.1695,0
731023.134,0
731093.3316,0
731185.7264,0
731331.0296,0
731512.277,0
731683.3182,0
732064.3108,0
732106.933,0
732240.2408,0
732349.0736,0
732639.6095,0
732659.0056,0
732849.8658,0
733177.6329,0
733284.4358,0
733485.5618,0
733511.6429,0
733603.142,0
733626.7829,0
733716.594,0
733816.6418666666,0
733939.2918,0
734188.9728,0
734245.2206,0
734257.4641,0
734444.2603,0
734568.0611,0
734580.794,0
734665.5783,0
734796.1652,0
734952.6613,0
735048.482,0
735102.5116,0
735163.5298,0
735174.826,0
735198.0573,0
735359.7054,0
735526.423,0
735637.6140000001,0
735687.1891,0
735969.1981,0
736281.9733,0
736303.4724,0
736455.7003,0
736495.5016,0
736569.2939,0
736972.4624,0
737492.93,0
737610.9453,0
737612.2821,0
737867.2702,0
738019.5845,0
738035.1052,0
738131.7002,0
738208.5794,0
738237.0674,0
738322.3892,0
738386.358,0
738551.5003,0
738831.9351,0
739068.9175,0
739147.4053,0
739226.3366,0
739337.7006,0
739690.5947,0
739804.6141,0
739817.2844,0
739884.9738,0
740207.691,0
740221.7001,0
740265.0,0
740606.6721,0
740811.7222,0
741546.2284,0
741744.0746,0
741931.4461,0
742035.3054,0
742045.4995,0
742080.0787,0
742467.3596,0
742852.5371,0
743133.242,0
743224.8206,0
743383.1093,0
743611.5642,0
743723.3903,0
743730.4643,0
743930.4099,0
744342.078,0
744757.8941,0
745145.5153,0
745348.6165,0
745441.5992,0
745794.7242,0
745804.1219,0
745987.9569,0
746376.7354,0
746641.4519,0
746656.7541,0
747118.7944,0
747422.4203,0
747424.0115,0
747560.7919,0
747566.9039,0
747705.1029,0
747761.7154,0
747935.7323,0
748038.1364,0
748315.2104,0
748357.6172,0
748385.7916,0
748874.3936,0
749037.0787,0
749073.0933,0
749163.2525,0
749353.3799,0
749457.1851,0
749665.5608,0
749824.7681,0
749897.3841,0
750178.7173,0
750555.3077,0
750658.8569,0
750781.2605,0
751334.161,0
751579.6566,0
751931.8976,0
752138.1285,0
752144.1594,0
752328.8737,0
752349.3894,0
752539.368,0
752548.4673,0
752593.7886,0
752648.3719,0
752706.5265,0
753001.2503,0
753243.3003,0
753384.57765,0
753475.9369,0
753628.4553,0
753699.4408,0
753751.1806,0
753782.6551,0
753839.369,0
754211.5347,0
754355.8411,0
754670.6459,0
754725.2769,0
755176.8702,0
755338.7591,0
755345.90754,0
755408.1498,0
755555.4881,0
755660.0207,0
755712.4002,0
755993.7856166667,0
756137.199,0
756196.2695,0
756570.9049,0
756570.9793,0
756674.518,0
756896.4493,0
757023.5094,0
757030.8899000001,0
757185.7026,0
757279.1071,0
757281.7751,0
757385.7783,0
757397.8117,0
757436.8048,0
757462.5242,0
757492.9524,0
757755.9846,0
757908.627,0
758053.204,0
758298.4366,0
758653.3421,0
758941.1714,0
758992.2683,0
759331.0016,0
759637.5109999999,0
759692.643,0
759800.8805,0
759975.5681,0
760168.1477,0
760190.4875,0
760212.4202,0
760403.9838,0
760551.06,0
760614.7755,0
760636.7864999999,0
760784.4675,0
760808.9248,0
761035.8928,0
761476.0863,0
761704.9385,0
762223.7513,0
762263.4132,0
762276.5336,0
762298.3128,0
762574.4634,0
762588.6794,0
762592.061,0
762660.4363,0
762732.0865,0
762951.5899,0
763035.7219,0
763433.26,0
763614.1805,0
763808.0797,0
763902.3073,0
764062.4382,0
764116.7784,0
764143.326,0
764425.9843,0
764764.7991,0
764916.0958,0
765003.9477,0
765047.7655,0
765080.6833,0
765149.3876,0
765514.8389,0
765532.6196,0
765537.2902,0
765694.1754000001,0
765738.4998,0
765836.7198,0
766131.6243,0
766250.8396,0
766633.934,0
766668.1043,0
766696.7985,0
766758.4082,0
766836.1924,0
767087.2817,0
767117.017,0
767475.4091,0
767566.7345,0
767729.3112,0
767751.3962,0
767822.5924,0
767967.5241,0
767997.1121,0
768078.7184666666,0
768281.25,0
768371.8399,0
768401.493,0
768407.6578,0
768526.9627,0
768540.7035000001,0
768562.2507,0
768689.8149,0
769010.5916,0
769015.1526,0
769085.8798,0
769099.4811,0
769372.404,0
769434.0023,0
769436.7228,0
769799.3121,0
769800.4326,0
769935.5826,0
769935.5994,0
770174.9916,0
770334.7247,0
770430.3316,0
770506.4408,0
770561.1725,0
770633.8631,0
770848.4979,0
770882.5007,0
771163.4268,0
771176.2687,0
771252.9401,0
771255.2406,0
771417.3377,0
771780.2185,0
771897.1947999999,0
772239.7344,0
772248.2660000001,0
772534.26715,0
772585.2319,0
772675.7135,0
772707.7414,0
772903.0055,0
772911.2191,0
773054.8782,0
773086.0984,0
773122.151,0
773127.8299,0
773152.2711,0
773265.0913,0
773369.8656,0
773423.1083,0
773516.3606,0
773950.2984166667,0
773971.2273,0
773997.497,0
774193.4964000001,0
774199.3212,0
774251.2524,0
774389.8041,0
774396.9158,0
774481.9531,0
774841.8401,0
774883.3343,0
774904.2928,0
774940.1718,0
775169.845,0
775520.674,0
775526.9219,0
775605.7231000001,0
775617.0568,0
775628.0006,0
775765.6917,0
775783.4033,0
776051.4627,0
776365.6084,0
776537.8743,0
776539.7007,0
776752.7994,0
776940.5961,0
776963.1798,0
777049.6264,0
777345.2292,0
777354.3715,0
-----Simulation END-----
