-----Simulation 0-----
172836.1796,0
172876.6852,0
172900.3311,0
172957.0338,0
173016.2619,0
173189.13422,0
173245.5815,0
173282.039,0
173342.5778,0
173509.1574,0
173554.9524,0
173620.6537,0
173861.9241,0
173947.23080000002,0
173968.5945,0
174087.1794,0
174147.72759999998,0
174279.3178,0
174385.6465,0
174600.4229,0
174916.0495,0
175459.6189,0
175612.17016666668,0
175616.6051,0
175733.80849999998,0
175846.0084,0
176016.22948,0
176043.76178333332,0
176111.2416,0
176130.8421,0
176630.55430000002,0
176939.3607,0
177016.5649,0
177066.9751,0
177221.753,0
177291.0896,0
177305.1417,0
177350.15409999999,0
177406.2559,0
177416.4365,0
177561.3952,0
177613.2527,0
178020.896,0
178371.2326,0
178597.69520000002,0
178678.6669,0
178951.922,0
179088.1092,0
179142.09769999998,0
179321.9348,0
179362.0321,0
179555.6189,0
179702.4373,0
179724.7977,0
179840.3856,0
179852.3193,0
179950.6162,0
180078.0558,0
180269.84769999998,0
180282.6404,0
180511.55430000002,0
180601.1661,0
180605.01799999998,0
180661.7304,0
180784.058,0
181025.7865,0
181493.1705,0
181593.3026,0
181855.9119,0
181858.23820000002,0
181877.4635,0
181899.99420000002,0
181924.1286,0
182135.6799,0
182201.983,0
182546.88348,0
182658.936,0
182677.0418,0
182948.735,0
182990.8979,0
183061.59,0
183235.1624,0
183339.3058,0
183384.5819,0
183814.2658,0
183835.7609,0
183917.2751,0
183927.5436,0
183989.1987,0
184136.3614,0
184314.7841,0
184357.3422,0
184705.98739999998,0
184979.6546,0
185049.5894,0
185141.006,0
185156.27909999999,0
185422.5541,0
185490.4761,0
185592.16879999998,0
185865.8572,0
185899.5447,0
186350.649,0
186756.6764,0
186879.23369999998,0
187036.3185,0
187044.0901,0
187090.2053,0
187174.13270000002,0
187310.9572,0
187462.2919,0
187706.2831,0
187922.0354,0
188081.8666,0
188182.5519,0
188190.7749,0
188446.58980000002,0
188581.5129,0
188636.5656,0
189077.1667,0
189094.766,0
189170.4912,0
189198.8473,0
189259.4098,0
189418.2798,0
189481.7668,0
189527.5991,0
189579.49180000002,0
189697.8456,0
189749.171,0
190140.33120000002,0
190408.1198,0
190411.2427,0
190475.0418,0
190512.56579999998,0
190609.6605,0
190669.334,0
190760.0945,0
191098.7993,0
191235.4306,0
191304.14789999998,0
191385.6166,0
191544.0905,0
191573.53960000002,0
191811.74180000002,0
191872.8556,0
192002.8474,0
192037.2008,0
192243.5157,0
192338.0165,0
192380.5752,0
192406.7054,0
192715.0864,0
192749.22090000001,0
192833.1489,0
193003.9372,0
193062.1497,0
193129.2824,0
193333.11,0
193376.23450000002,0
193446.142,0
193570.38640000002,0
193618.9021,0
193940.9684,0
194493.26189999998,0
194505.049,0
194906.6408,0
194925.10749999998,0
194931.07809999998,0
194960.3536,0
194990.6529,0
195132.9056,0
195353.6746,0
195406.2778,0
195631.3912,0
195814.6738,0
195906.5868,0
195978.5237,0
196205.2819,0
196647.2591,0
196667.0721,0
196982.1146,0
197146.3658,0
197208.494,0
197573.3996,0
197603.46600000001,0
197611.3542,0
197900.142,0
197932.2327,0
197935.5185,0
198155.4977,0
198683.5918,0
198757.4872,0
198787.4619,0
198900.8765,0
199020.5858,0
199186.4659,0
199434.0603,0
199502.06900000002,0
199778.54379999998,0
199840.9799,0
199879.7055,0
200007.272,0
200023.7879,0
200195.5094,0
200305.72090000001,0
200509.61729999998,0
200668.245,0
200764.58789999998,0
201078.1592,0
201313.4546,0
201340.8873,0
201696.8611,0
201706.5723,0
202035.9743,0
202222.2988,0
202331.7252,0
202402.6569,0
202618.911,0
202677.1361,0
202730.7898,0
203250.0689,0
203257.8591,0
203659.12,0
203737.1401,0
204395.0512,0
204407.8029,0
204793.0547,0
204914.799,0
205329.60820000002,0
205427.0889,0
205464.67560000002,0
205469.3569,0
205665.9656,0
206079.6966,0
206290.67810000002,0
206332.9736,0
206723.8877,0
206847.5356,0
206895.3802,0
207045.67859999998,0
207148.5601,0
207356.3086,0
207708.426,0
207792.555,0
207876.8561,0
208021.39049999998,0
208070.166,0
208093.9521,0
208146.82020000002,0
208298.1929,0
208367.887,0
208572.7648,0
208639.30180000002,0
208799.12339999998,0
209146.32630000002,0
209380.5105,0
209499.1415,0
209533.4535,0
209593.0558,0
209688.4245,0
209777.149,0
209798.4865,0
209827.9245,0
209828.0386,0
210155.0478,0
210163.498,0
210180.5461,0
210260.20429999998,0
210360.6011,0
210376.3819,0
210789.6067,0
210800.991,0
211281.1147,0
211455.8135,0
211457.449,0
211693.4855,0
211837.1061,0
211895.0257,0
212032.13150000002,0
212076.1187,0
212117.5887,0
212277.474,0
212541.5321,0
212558.4738,0
212573.80670000002,0
212602.6637,0
212704.583,0
212734.646,0
212816.404,0
212836.7526,0
213090.1666,0
213286.6076,0
213321.5384,0
213407.8702,0
213423.0943,0
213501.351,0
213641.2176,0
213824.2018,0
213932.2104,0
214000.315,0
214199.2144,0
214479.0082,0
214521.4964,0
214578.5875,0
214859.7321,0
214927.5713,0
215076.0031,0
215161.3082,0
215220.4327,0
215721.7581,0
215757.65649999998,0
215875.7368,0
215999.3979,0
216094.7086,0
216177.6409,0
216415.4287,0
216467.6325,0
216666.0519,0
216669.8578,0
216937.317,0
217086.7525,0
217134.1783,0
217134.68060000002,0
217308.501,0
217334.5386,0
217479.0932,0
217754.0189,0
217761.0781,0
217830.2017,0
218112.3959,0
218177.8375,0
218268.2601,0
218412.9272,0
218638.4847,0
218639.9108,0
218814.2163,0
218961.9111,0
219233.4984,0
219261.5933,0
219318.9962,0
219465.8503,0
219744.5773,0
219863.6827,0
220167.5214,0
221194.8739,0
221205.8735,0
221445.3642,0
221708.9985,0
221807.27360000001,0
221947.935,0
222131.1184,0
222166.8908,0
222236.309,0
222423.25400000002,0
222642.6196,0
222662.78720000002,0
222735.657,0
223295.2617,0
223436.8049,0
223566.7569,0
223695.9132,0
223803.0326,0
224173.5004,0
224329.5414,0
224495.9161,0
224683.8816,0
224746.5787,0
225067.1084,0
225199.6832,0
225370.2913,0
225729.1062,0
226110.5713,0
226180.1968,0
226253.536,0
226359.3189,0
226414.2118,0
226643.8352,0
226741.75,0
226823.00400000002,0
226878.9034,0
227014.9227,0
227220.822,0
227281.3745,0
227296.3744,0
227474.7475,0
227494.43660000002,0
227650.9197,0
227743.5696,0
227998.52730000002,0
228152.3352,0
228403.2371,0
228630.3115,0
228676.72580000001,0
229092.985,0
229147.6676,0
229147.702,0
229302.0049,0
229524.05359999998,0
229646.72063333335,0
229688.5866,0
229691.5036,0
230166.8461,0
230373.4995,0
230402.4341,0
231003.5806,0
231075.1098,0
231104.8347,0
231205.5357,0
231308.777,0
231510.9407,0
231536.87290000002,0
231601.8822,0
231702.1201,0
231893.1942,0
232260.41820000001,0
232294.7518,0
232664.0105,0
232744.9482,0
232802.12050000002,0
232834.94586,0
232865.8697,0
232965.7527,0
233135.2946,0
233230.5117,0
233266.9138,0
233321.0679,0
233387.86119999998,0
233558.8017,0
233685.0048,0
233995.687,0
234227.8916,0
234264.4618,0
234440.4798,0
234441.0176,0
234648.3264,0
234803.2374,0
234894.0458,0
234937.652,0
234998.508,0
235043.9062,0
235108.3372,0
235124.60330000002,0
235173.1475,0
235333.1826,0
235423.52539999998,0
235480.7873,0
235556.0971,0
235571.5539,0
235894.2289,0
236102.387,0
236215.9199,0
236293.5075,0
236320.0757,0
236325.3478,0
236398.6717,0
236585.3504,0
236710.7512,0
236957.76951666665,0
236965.8635,0
237199.2434,0
237276.4688,0
237676.6922,0
237678.5259,0
238036.2091,0
238198.4918,0
238598.6421,0
238599.9713,0
238669.3404,0
238791.38189999998,0
238881.9222,0
239105.1471,0
239253.3722,0
239398.4481,0
239646.051,0
239987.2604,0
240019.7125,0
240152.75579999998,0
240279.1669,0
240373.2827,0
240623.478,0
240720.767,0
240815.584,0
241194.9902,0
241902.7862,0
242558.28639999998,0
242670.7364,0
242790.905,0
243036.8725,0
243487.2512,0
243797.9116,0
243877.2966,0
243891.4933,0
243965.4197,0
243976.267,0
244251.5842,0
244328.93170000002,0
244362.8456,0
244426.6766,0
244670.4264,0
244905.8076,0
245025.13569999998,0
245360.6808,0
245466.0031,0
246207.5144,0
246235.2885,0
246244.9453,0
246301.06900000002,0
246315.2372,0
246742.0648,0
246798.6187,0
247428.2925,0
247468.2228,0
247962.0439,0
248176.40350000001,0
248186.435,0
248254.6042,0
248360.0937,0
248499.9439,0
248559.55109999998,0
248689.6828,0
248907.0962,0
248964.8442,0
249338.2471,0
249404.2108,0
249488.8632,0
249564.23113333332,0
249579.6773,0
249784.6028,0
249857.6351,0
249943.4934,0
250098.6181,0
250101.6615,0
250144.2076,0
250298.8429,0
250392.6121,0
250514.6655,0
251005.6841,0
251012.85588,0
251032.82048333334,0
251266.9528,0
251321.4933,0
251766.6998,0
251913.2071,0
252138.05969999998,0
252172.0767,0
252179.9829,0
252238.0421,0
252308.9639,0
252354.2966,0
252559.1775,0
252625.35330000002,0
252638.21289999998,0
252710.5311,0
253324.9092,0
253366.5336,0
253397.2793,0
253455.58018333334,0
253472.7221,0
253693.816,0
253783.5157,0
253907.1424,0
254017.9389,0
254038.8665,0
254046.35366666666,0
254063.6999,0
254181.04379999998,0
254276.1608,0
254365.0841,0
254518.1597,0
254729.1312,0
254735.4843,0
254758.6105,0
254892.8314,0
254946.5478,0
255001.14860000001,0
255104.0045,0
255256.4125,0
255596.2613,0
255700.0252,0
255795.1812,0
255822.6367,0
256077.6207,0
256158.7652,0
256284.6158,0
256357.5365,0
256454.4996,0
256803.0026,0
257108.2684,0
257144.323,0
257421.5828,0
257441.714,0
257455.6951,0
257514.1914,0
258079.48903333335,0
258118.5577,0
258178.989,0
258202.9099,0
258296.3911,0
258342.60878,0
258526.5735,0
258595.428,0
258772.6635,0
258782.34769999998,0
258809.5997,0
258897.0228,0
259080.8638,0
259824.3724,0
259845.2734,0
260588.7557,0
260684.7053,0
260720.7946,0
260765.13079999998,0
260771.2805,0
260853.94079999998,0
260910.9718,0
260927.6999,0
261088.2633,0
261098.6704,0
261135.7913,0
261282.1001,0
261324.962,0
261449.1559,0
261566.45549999998,0
261589.5297,0
261611.75160000002,0
261759.2221,0
261927.7078,0
262027.568,0
262118.2015,0
262405.099,0
262421.4251,0
262434.1309,0
262444.0216,0
262511.7422,0
262513.6642,0
262526.3182,0
262679.2117,0
262780.0733,0
262941.866,0
263067.3392,0
263187.3738,0
263612.07513333333,0
263641.7826,0
263679.2525,0
263734.6724,0
263866.0847,0
264294.4599,0
264369.381,0
264501.3562,0
264583.4165,0
264751.697,0
264753.5189,0
264844.6347,0
264859.3489,0
265093.1121,0
265166.2778,0
265545.411,0
265559.5436,0
265581.8208,0
265678.1995,0
265797.5845,0
266043.7412,0
266284.3408,0
266347.81059999997,0
266351.3894,0
266557.1829,0
266576.6518,0
266620.0544,0
266636.7506,0
266750.2047,0
266796.479,0
266852.9458,0
266878.5559,0
267044.4943,0
267061.8136,0
267233.9056,0
267263.7419,0
267344.2464,0
267362.1461,0
267383.5595,0
267518.892,0
267624.0014,172.18249999999534
267660.7981,0
267800.3849,0
267852.1776,1039.9749999999767
267996.5488,0
268077.5249,0
268460.4243,0
268550.6181,0
268722.0955,0
268744.2922,0
268749.0789,0
268786.3779,779.6657000000123
268968.246,0
269318.07409999997,0
269461.0958,0
269728.0536,391.8092999999644
269801.9116,0
269911.612,0
269928.3501,0
269957.5375,0
270084.0343,2227.235900000029
270095.2327,22.06339999998454
270225.0749,0
270299.3016,0
270434.2198,0
270449.4024,0
270543.07955,0
271123.1382,1762.923999999999
271175.1974,1494.170299999998
271225.3134,1574.3317999999854
271412.3075,0
271685.3544,0
271699.525,0
271733.7749,1610.702900000033
271880.2409,0
272052.0505,0
272064.9039,0
272417.8752,0
272424.2439,0
272661.989,2921.7244000000064
272789.1736,0
272910.0535,0
272940.3679,2635.8209999999963
273066.0762,0
273162.9689,0
273441.63430000003,0
273658.0544,0
273736.29720000003,0
273862.4682,630.0301999999792
273916.2341,0
274024.9974,1151.5025000000023
274444.4925,1633.3183999999892
274531.3188,0
274576.7557,0
274662.4038,1184.5113199999905
274880.7762,0
274954.73503333336,0
275230.2835,0
275300.5111,4645.60149999999
275379.1615,0
275477.03520000004,0
275508.486,0
275843.8054,0
276027.7388,0
276134.7244,3675.1344999999856
276326.18200000003,0
276391.0585,2036.6439999999711
276511.8272,3691.1181000000215
276531.5303,5993.098399999959
276836.2593,0
276921.6998,0
276948.4899,0
277072.6279,0
277215.3651,2831.5470000000205
277447.8092,0
277522.5423,0
277524.5466,0
277704.974,0
277842.7135,0
277962.5114,0
278143.9891,0
278257.4947,0
278325.7134,0
278886.702,0
279042.0226,4057.0476999999955
279433.9534,1070.953600000008
280036.6332,339.49520000000484
280220.2606,0
280242.0702,4184.290800000017
280261.3726,4964.3500999999815
280502.1791,610.6648000000278
280591.9577,0
280970.8737,0
281150.7177,0
281260.4496,0
281296.4013,869.3520000000135
281668.0046,0
282014.9696,1088.617499999993
282047.9888,0
282251.5717,0
282385.4256,0
282617.2013,0
282712.8762,0
282718.2972,6743.412299999967
282749.9436,0
282781.6612,0
282822.9301,0
283227.2464,0
283405.8719,429.75070000003325
283903.1414,0
284360.9042,0
284399.3415,0
284641.7724,0
285016.8729,1560.3430333333672
285100.983,3505.898199999996
285126.8361,0
285161.4216,0
285164.249,0
285816.5154,2789.0865999999805
285902.9704,0
285919.2598,9296.656499999983
286735.9153,5750.265000000014
286762.68590000004,0
286951.1516,1928.2404000000097
287041.5713,0
287711.31,0
288079.9875,2571.424799999979
288353.7461,0
289057.4628,2337.264599999995
289104.0765,13526.901400000032
289303.2307,1121.6588000000338
289307.3605,0
289466.5207,1984.7668999999878
289583.4505,1940.3126000000047
289809.7142,0
290073.0477,0
290101.3837,2493.320699999982
290522.685,2122.1989000000176
290635.7941,0
290727.24425,0
290860.4826,10848.126700000023
291070.1577,0
291234.5221,0
291546.676,11675.975299999991
291716.9514,0
291798.025,3072.7514000000083
292366.7604,0
292445.6824,0
292510.9617,5324.022699999972
292589.0925,544.8987000000197
292644.271,5033.75410000002
292689.8654,3382.2480000000214
292809.322,0
293327.2003,2151.8427000000374
293591.2469,0
293603.911,131.67499999998836
293744.4463,7770.649700000009
293915.3183,3254.129399999976
294210.5701,0
294231.5112,0
294259.5658,0
294380.9278,3728.9186000000336
294492.8194,59.11089999997057
294632.078,12528.6691
294974.5563,4675.827699999965
294996.8136,0
295331.1285,4721.320799999987
295899.248,4779.238300000026
295905.9122,1411.3128000000142
296011.3672,7732.525599999994
296210.9814,0
296659.27,4920.028099999996
296701.5654,11272.816700000025
296737.3135,9282.639999999956
297076.0824,4915.864100000006
297161.0371,4898.021000000008
297497.7998,5852.427399999986
297662.8956,4902.4841000000015
297822.7418,4931.712600000028
297883.7939,0
298382.6189,4929.226800000004
298400.3026,0
298779.442,9393.701899999985
298780.3066,4929.8701
298932.2719,4905.182399999991
299084.615,4927.319099999964
299243.7082,2059.302800000005
299268.779,3342.6931999999797
299408.7471,4951.997399999993
299756.0589,0
299756.2385,4353.378099999973
300030.7556,3213.970499999996
300159.0313,3234.2033999999403
300376.5206,4905.641599999974
300571.6097,3229.807133333292
300627.7305,2097.4339000000036
300656.4805,3314.2958000000217
300736.1842,4938.943500000052
300829.2689,4912.818300000043
300861.871,0
301448.4467,0
301501.231,0
301757.8263,13318.064000000013
301823.2515,0
301844.3753,4957.259499999986
301911.7407,4909.781200000027
302066.349,4915.087600000028
302461.7894,0
302532.9334,2076.3090000000084
302597.3029,0
302673.3613,4913.374699999986
302928.1647,2144.288600000029
303043.7016,4914.768899999966
303073.103,0
303338.5269,0
303545.4208,7194.016000000003
303704.8708,5045.507899999968
303861.1422,2362.917699999991
303948.2353,0
304015.1118,0
304083.1234,6543.477799999993
304115.8731,2271.763200000045
304190.7601,3220.9968000000226
304301.2449,0
304355.8613,2696.220499999996
304363.2997,4927.87639999995
304400.66469999996,0
304479.2548,4911.623000000021
304509.4064,2157.5638000000035
304533.1714,0
304722.5648,4915.511299999955
304767.7902,1910.7534999999916
304862.9541,0
305031.9981,1914.6564000000362
305091.5396,0
305122.1047,4910.597500000033
305141.5485,1138.0338999999803
305236.2792,4674.10619999998
305356.6928,10455.498800000001
305469.6567,2257.449099999969
305622.1591,16628.082200000004
305977.2805,3987.8288000000175
305996.789,5591.8763000000035
306184.4235,1244.132399999944
306242.4726,3223.5590000000084
306472.4759,1187.3478999999934
306552.9067,2062.4378000000142
306888.6483,1252.6010999999708
307306.0902,1718.6865999999573
307491.2344,3994.2498000000487
307532.7013,4909.357400000037
307703.5058,1274.8682799999951
307821.2963,0
307880.7914,1258.6015999999945
308167.6759,4860.590799999947
308339.545,1329.8949000000139
308390.8633,1968.1192000000156
308391.812,3242.776899999997
308396.5759,0
308404.6455,2342.1868999999715
308628.0759,1308.2805999999982
308726.1614,1333.545599999954
308775.6473,1333.8304000000353
308895.9935,5057.814599999983
308961.4977,2256.42710000003
309223.9778,1343.828899999964
309228.7608,4937.067500000005
309307.7362,0
309585.0056,4911.6389999999665
309786.3845,2264.8348000000115
310074.1416,2312.9551999999676
310090.7653,1341.663600000029
310128.2853,0
310359.5838,5003.063400000043
310844.1473,1327.346200000029
311148.8922,1313.8931999999913
311450.9019,0
311708.1462,1041.1701000000467
311812.9075,1366.1500999999698
311913.6196,5070.218899999978
312222.213,1331.5251999999746
312508.7067,2273.022100000002
312577.843,0
312578.3812,0
312657.6971,1329.4064999999828
312694.935,749.4781000000075
312710.3001,0
312755.3102,30.434799999988172
312757.4099,0
312804.6547,0
313350.0251,1308.1854000000167
313457.6168,1366.2977000000537
313660.4347,1313.859599999967
313731.009,0
313739.0902,0
314128.681,0
314266.3341,1322.3051999999443
314485.0872,1320.8853000000236
314607.0276,93.4197999999742
314808.6769,0
314985.4337,0
315098.1219,0
315343.6703,0
315384.6797,0
315431.2494,0
315490.1104,0
315503.6541,1306.1933999999892
315683.9192,0
315876.9006,0
316172.2072,4919.481499999994
316253.0647,0
316748.2603,234.4169750000001
317005.0117,1817.1347999999998
317031.8705,0
317221.5835,184.5466000000015
317305.8349,58.32339999999385
317613.7551,0
317640.2688,0
317864.605,0
318095.3774,0
318690.2271,0
319097.3528,0
319216.2736,2077.1832000000286
319605.4043,0
319628.1245,0
319787.1921,0
319894.7793,4906.514200000034
319907.5958,0
319944.9022,0
320210.0101,0
320223.8057,0
320267.9561,0
320358.1466,0
320360.9915,0
320644.1493,0
321096.6099,0
321151.1475,0
321167.8021,0
321411.8673,0
321646.9522,0
321789.50954,0
322176.2218,0
322512.50419999997,0
322732.6542,0
322799.2331,0
322944.7069,0
323044.1086,0
323084.2051,0
323207.9979,2117.1283000000403
323402.8177,0
323413.8659,0
323453.5335,0
323523.6545,0
323638.5658,0
323683.6962,0
324070.1876,0
324271.8085,0
324535.3585,0
324706.0742,0
324905.31,0
325013.346,0
325067.5516,3372.9868000000133
325258.1533,0
325296.891,0
325348.2966,0
325366.966,4478.635600000038
325442.0272,0
325592.3881,0
325617.3985,0
325939.6291,0
326225.0429,2433.600600000005
326257.3554,0
326305.8625,0
326409.591,0
326551.74179999996,0
326644.3668,0
326817.3569,0
326865.1121,0
327072.4515,0
327082.9988,0
327569.5533,0
327572.1103,0
327726.3825,0
327979.9916,0
328031.747,0
328305.1457,0
328349.6607,699.3161500000278
328355.0961,0
328527.53260000004,0
328770.1966,568.0892000000458
328798.4984,0
328827.5598,2392.232000000018
329063.5445,4833.649100000039
329071.77415,0
329176.49566666665,0
329261.8441,0
329461.9886,0
329515.53260000004,0
329548.0981,0
329795.3098,0
330046.6143,0
330098.1426,0
330240.4353,0
330293.3929,0
330873.01196,0
330984.8631,2916.257500000007
331012.0058,3375.51449999999
331051.115225,0
331243.8491,3948.4769000000088
331369.7651,0
331374.38910000003,0
331475.6799,3716.7146000000066
331547.5918,7905.715599999996
331564.0287,6722.865700000024
331642.9476,0
331862.3595,0
331886.2917,0
331887.5544,5078.250700000033
332193.73589999997,0
332211.5152,0
332354.6251,0
332638.1676,0
332895.3807,6124.293199999956
333102.3462,0
333411.7194,0
333447.7814,0
333849.6032,0
333875.7568,0
333958.2049333333,0
334465.107,0
334835.9982,0
334887.6958,0
334935.89086,0
335127.1564,0
335131.3648,0
335182.3453,0
335189.1824,5137.183799999999
335369.9412,0
335428.8452,0
335438.3651,0
335713.4462,0
335781.9467,0
335784.8087,0
335830.2063,0
335897.4567,0
335916.2533,0
336054.7766,0
336149.7097,0
336236.3095,0
336318.4928,0
336343.4827,0
336345.96140000003,0
336398.025,0
336405.4542,0
336433.232,0
337196.0521,0
337273.2635,0
337352.7679,0
337757.926,0
337834.3669,0
337980.7092,0
338087.1726,0
338241.8492,0
338293.1579,0
338343.6314,3115.6106000000145
338524.3555,0
338758.0291,0
338825.2212,0
338848.8479,0
338857.0762,0
338872.1961,0
338896.5768,6.26589999999851
338923.6771,0
338939.029,0
338975.8673,320.76329999999143
338988.7687,2625.04720000003
339075.751,0
339099.609,0
339306.92370000004,0
339530.2951,5996.793999999994
339657.287,0
339663.8186,0
339686.8141,0
339970.5395,0
339979.6342,0
340134.5035,0
340224.0498,0
340797.737,0
340849.3439,0
340947.3727,0
341010.4331,0
341252.8095,0
341519.3225,0
341526.0859,0
341537.4582,0
341539.5012,0
341736.07779999997,0
341780.2652,0
341805.4921,0
341980.7745,7708.376500000013
342012.2395,0
342099.926,478.4079999999958
342457.2542,0
342485.0085,0
342561.976,0
342736.9549,0
342751.0168,0
342772.218,0
342787.9937,0
342889.9113,0
343074.4999,0
343153.9011,1177.915399999998
343178.995,0
343233.7412,0
343286.7107,0
343442.873,0
343548.9066,0
343597.6087,0
343633.3146,0
343651.2736,0
343689.4016,0
343995.8673,0
344079.9775,0
344378.4361,0
344526.9145,0
344648.8637,0
345149.78740000003,0
345179.3088,5817.679599999974
345192.1928,0
345227.0585,0
345309.5651,0
345323.9444,0
345332.2354,0
345355.0442,0
345364.8334,0
345471.7756,0
345689.3316,0
345838.1607,0
345847.4477,0
346066.0518,0
346334.7802,213.51979999995092
346387.9207,0
346546.006,0
346624.2815,0
346815.2477,0
346859.8405,0
346921.1652,4312.021999999997
347071.8966,0
347150.4181,0
347567.2665,5229.64790000004
347644.9838,0
348199.75080000004,0
348381.5355,654.594700000016
348829.2168,4736.125300000014
349407.4914,0
349447.7345,0
349551.594,12701.066200000001
349849.5713,7007.437900000019
350035.4834,0
350119.1142,0
350250.3543,10751.008299999987
350255.5776,0
350286.8167,0
350388.5733,0
350396.8779,0
350444.1768,0
350545.931,0
350659.762,0
350770.2598,0
350978.2522,4495.815899999987
351154.2958,0
351195.7043,0
351233.0962,0
351304.7128,3604.4952999999514
351337.2428,0
351438.9081,3283.3127000000095
351452.1849,0
351995.0937,3918.0882000000565
352098.8771,0
352152.6124,302.9221999999718
352155.0661,0
352211.3109,0
352789.7848,10530.8125
352965.1016,0
352978.6676,0
353046.105,3062.4267999999574
353531.1872,0
353988.5958,683.2296000000206
354318.1205,0
354415.9805,0
354425.9837,0
354446.8969,0
354636.5613,0
355088.2378,0
355123.2329,13964.363166666648
355143.1987,0
355171.4866,1942.2136000000173
355338.1454,0
355351.1674,0
355431.8056,1278.7432000000263
355648.1068,0
355926.1415,0
356074.67676666664,0
356233.1899,8754.12340000004
356475.4581,0
356495.622,692.4618999999948
356516.0118,6626.654099999985
356613.6094,0
356689.8402,0
356781.5716,7463.195500000031
356831.0291,1269.9100999999791
356872.5056,0
357049.1101,0
357269.8589,2367.171399999992
357345.1646,0
357561.1821,0
357644.3374,4486.403700000024
357785.4642,0
358014.490225,0
358136.0182,1820.3250000000116
358158.3286,13671.750400000019
358204.5357,0
358226.8274,3427.0443000000087
358523.8122,9305.847999999998
358698.9086,0
358708.6007,3580.6246999999858
358754.7048,10259.040800000017
358924.7216,0
358928.5359,15353.920000000042
359497.1702,7048.143199999991
359793.8454,6812.893900000025
360244.5556,0
360972.7115,0
360989.9982,2281.676599999948
361146.6514,0
361152.4447,7665.200100000016
361156.3183,2545.5628000000142
361185.7825,3849.049299999955
361401.925,3634.6107000000193
361542.2372,6803.156499999983
361586.1904,599.8265000000247
361674.4041,4466.129599999986
361686.6028,0
362088.649,0
362274.5912,0
362382.2091,8748.872600000002
362475.7289,0
362888.1173,6599.110400000005
362953.9718,4335.794700000028
362972.2766,0
363000.3424,0
363023.4325,895.5038000000059
363079.5522,1654.6688999999897
363122.688,0
363147.256,14980.02509999997
363395.9068,2769.2578000000212
363551.0275,0
364086.0619,4012.4356999999727
364248.5437,7457.560899999982
364420.8442,2697.008299999987
364687.5641,6048.605900000024
364728.3177,6343.511999999988
365476.5792,1918.6551999999792
365640.72,0
366130.4089,0
366675.3926,94.70550000004005
367083.0091,0
367203.8769,5659.875699999975
367598.5219,8706.413499999966
367740.9545,7148.948499999999
367775.1312,9906.255999999994
367986.9531,0
368056.664,7294.362099999969
368156.5436,9302.926999999967
368223.2159,0
368278.6154,3118.642600000021
368474.8095,0
368581.66240000003,0
368726.7725,6843.172900000005
368727.8468,3833.7494999999763
368735.3233,2022.3082999999751
368746.7092,0
369028.8917,0
369124.7324,2349.0576
369202.3802,10449.616200000048
369233.2545,11841.969459999993
369365.0942,10011.546299999987
369464.873,16968.356100000034
369524.9438,4459.742599999998
369529.8183,2367.523499999952
369618.0348,0
369693.1301,11850.406699999992
370416.1841,5956.8223
370599.6215,13178.822199999995
370832.3951,8419.63850000006
370837.1671,12586.24040000001
370954.4334,2518.2685000000056
371330.5022,0
371369.1234,0
371889.9665,9285.93160000001
372201.17579999997,0
372900.7649,2288.7330000000075
372929.2854,1241.0738000000129
373477.7083,13379.96159999998
373679.6526,4752.826399999962
373714.1522,12203.178899999999
373858.6772,2168.670199999993
373875.4467,16408.767366666638
374087.3087,0
374138.6913,1798.0713000000105
374356.192,10927.935399999958
374373.1076,2903.9600999999675
374487.6498,1740.1283999999869
374749.0482,14757.789099999995
374776.2402,8248.522899999982
375026.2209,11326.885999999999
375256.6392,9787.187599999947
375308.5578,21684.8186
375479.3321,10027.208800000022
375641.1036,12147.613099999959
375833.68,0
375955.457,865.0130999999819
376007.6892,6640.766400000022
376083.1921,0
376310.3064,15983.813800000004
376871.041,11168.942800000019
377012.3532,3216.244000000006
377390.9303,10600.2206
377394.9778,16294.118599999987
377470.6124,14290.911800000002
377849.2017,6425.008099999977
377933.3166,6483.15419999999
377948.8712,1327.2533999999869
378371.3487,6794.791799999948
378377.4166,14.693099999974947
378405.8156,2519.7209999999614
378891.006,13732.501999999979
378974.3076,2490.5114000000176
378996.4241,11525.347699999984
379002.4636,3710.6106000000145
379089.2199,4538.219400000002
379098.4201,5346.607799999998
379123.1602,10748.675600000017
379163.3925,2901.248283333378
379177.16863333335,0
379453.8243,3602.5966999999946
379558.532,6504.616900000023
379845.3371,11415.626600000018
380006.527,1683.7115999999805
380532.0058,10080.078099999984
380695.4448,7513.997700000007
380943.9888,3751.884399999981
381183.7228,11188.85699999996
381509.9846,6453.324400000041
381538.8208,1789.6366999999736
381773.8032,4550.988600000041
381815.997,4331.460599999991
382025.8287,1690.3479999999981
382197.3962,28506.775700000057
382294.9986,3466.425099999993
382454.3722,1396.2430999999633
382522.3558,2527.142600000021
383418.9971,4988.117999999959
383541.6363,10412.177599999995
383666.4968,3311.066833333345
383728.2159,10654.05210000003
383818.6928,494.73180000000866
383910.546,0
384306.4386,15622.344600000011
384443.1008,7377.760400000028
384542.4542,2820.997299999988
384592.6388,16661.799700000032
384995.939,386.7066000000341
385004.5643,0
385211.7851,0
385254.1319,10259.825599999982
385347.4169,12568.130000000005
385472.4684,21965.261300000013
385473.8603,755.1819999999716
385602.2486,880.7704999999842
385729.7411,10897.955299999972
385869.6795,9515.806299999997
385954.4108,0
385992.0149,1287.3373000000138
386024.1324,5034.75469999999
386046.9404,0
386221.6218,2751.6073000000324
386416.2312,2737.937099999981
386417.476,6992.222799999989
386518.572,2400.805699999968
386632.3095,4249.94379999995
386713.2584,13208.209099999978
386972.5279,1219.0180999999866
387096.5137,9883.166800000006
387314.9289,2732.4755000000005
387323.3433,5257.519800000009
387674.3188,2588.6342000000295
387871.8206,0
387953.5554,18613.558100000024
388315.7559,0
388383.1001,0
388384.4669,813.3778999999631
388397.2304,0
388404.2132,935.6030000000028
388405.0426,9698.894799999951
388405.8798,3647.2265999999945
388551.8729,1008.3469000000041
388557.8575,18851.756599999964
388606.8587,20717.651899999997
388882.424,11380.90830000001
388939.5095,19400.415349999967
388962.14,1587.8207000000402
389108.1459,6429.485099999991
389307.542,12951.237900000007
389668.0019,4370.660099999979
389709.2869,22703.156299999973
389806.1025,4944.633299999987
389851.4892,0
390214.5675,3049.056600000011
390379.1727,1299.4687999999733
390381.2634,0
390469.2841,0
390478.9478,7253.390700000047
390607.7825,99.8055999999633
390657.4465,16844.369600000035
390756.539,1020.4262999999919
390780.5021,5546.959600000002
391123.3069,15675.26980000001
391134.9436,0
391462.2915,0
391519.1465,2425.9810999999754
391610.2405,904.5190000000293
391690.628,9616.635100000014
391772.1239,2837.744699999981
391790.243,0
391832.4039,0
391847.2135,1412.3022000000346
391954.8074,3074.449800000002
392126.6189,636.2270000000135
392157.6743,0
392315.9049,0
392408.6966,1254.5207999999984
392461.1616,1712.701000000001
392474.9099,16538.929700000037
392600.9031,6308.087899999984
392658.5432,6522.495800000033
392667.9733,2308.660199999984
393050.6049,4127.993099999963
393171.7433,6784.9856000000145
393420.1838,1126.5202000000281
393528.9373,699.7471200000145
393619.5222,1593.6027999999933
393621.4876,2264.9016999999876
393677.9474,19984.432100000035
394239.0305,0
394534.3195,3568.5536999999895
394538.5797,4375.148999999976
394622.9346833333,0
394717.9071,0
394851.9124,5874.821399999957
394970.7858,0
395095.9214,5150.32699999999
395280.8586,7773.4379999999655
395324.2271,10309.10030000005
395508.8321,7129.705399999977
395745.2954,974.3720000000321
395747.0058,5985.466299999971
395899.8059,0
395902.3172,0
395914.3785,4217.829800000007
395930.42590000003,0
396109.3141,1679.0166000000318
396404.4722,1601.8385000000126
396778.8167,12634.601500000048
396866.6428,0
397133.5778,8370.167400000035
397242.43,0
397322.6024,4281.535599999945
397666.3367,0
397675.8902,7066.00330000004
397821.658,21449.572600000014
397968.7237166667,0
398073.0465,0
398636.7361,4982.431199999992
398655.7411,0
398946.0062,18788.21529999998
399039.9841,3070.164999999979
399117.2473,0
399143.5822,0
399144.517,11903.961699999985
399224.98470000003,0
399741.8094,0
399756.8052,0
400151.2646,0
400170.844,3065.5332000000053
400229.3087,0
400444.75430000003,0
400464.0286,0
400482.266,3409.252749999985
400831.7487,5562.329199999978
400981.8462,4943.82620000001
401102.1536,18009.180500000017
401185.6784,1865.7571999999927
401387.1202,245.4377000000095
401469.3743,622.1126000000513
401485.2132,2214.597999999998
401746.6739,7612.16379999998
401976.4987,5745.412200000021
402330.6388,2278.2043000000413
402544.4828,24435.372399999993
402701.85908,0
402734.031,5742.744100000011
402805.0943,2530.6910800000187
403048.7049,0
403254.5359,0
403378.8499,16739.985599999956
403472.7828,6716.796900000016
403664.8959,25496.57030000002
403843.3158,0
403941.9527,14075.111200000043
403957.8826,5383.832200000004
403991.0674,0
404448.3076,0
404536.3088,8607.167400000035
404589.1357,0
404589.8799,665.8905999999843
404601.018,27340.133499999996
404740.7628,3475.717800000042
405038.6603,20380.498999999953
405152.8577,1559.3414999999804
405192.3427,12061.460199999972
405375.6518,0
405470.1711,2602.8679999999586
405542.3958,5612.27999999997
405623.0133,866.2773000000161
405691.2661,20773.146300000022
405900.74569999997,0
406097.0051,0
406225.1745,9618.929900000046
406262.077,3155.9829799999716
406546.2195,10307.095299999986
406550.0252,2697.4526999999653
406593.9094,14506.07699999999
406769.0268,30559.26429999998
406855.0969,4119.482533333357
406974.6833,17043.608299999963
406975.7533,8195.53112
407080.7266,5446.458899999969
407203.2193,3992.733899999992
407308.6806,4090.8423000000184
407343.036,2761.6357000000426
407352.3539,2636.816499999957
408205.5037,1879.7158000000054
408270.3908,5102.741500000004
408417.24569999997,0
408538.1453,5700.969399999944
408856.631,23140.294599999965
409158.7768,6099.545433333318
409706.0859,2720.929200000013
409746.7986,1225.1886999999988
409752.9301,7025.241399999999
409776.1503,2812.461499999976
409986.4905,6882.64870000002
410084.3335,1574.1267000000225
410141.8371,9182.031499999983
410221.0628,8439.365099999995
410364.4681,4693.011999999988
410517.6271,4363.9615999999805
410633.2687,2483.4376000000047
410813.7276,8597.376799999969
410862.8514,0
410874.1085,7319.127999999968
411197.6293,1198.1284999999916
411271.3227,21380.716400000034
411618.151,12617.931099999987
411695.714,0
411702.5692,0
411721.1066,10160.784800000023
411848.5798,13634.776499999978
411922.9578,6129.830499999982
412023.275,12655.018299999996
412598.4072,3564.7502000000095
412860.9207,3941.4075666666613
413116.9915,1733.3624999999884
413202.6951,4417.894100000034
413251.3798,0
413256.3491,0
413321.9876,0
413480.4896,0
413783.3931,0
414082.7782,0
414214.4088,0
414248.3959,33223.605500000005
414283.1571,14031.774700000009
414558.4562,2187.232699999993
414565.0188,0
414778.074,1976.2118999999948
414797.0883,0
414868.0945,0
415014.1901,9585.0809
415047.3251,1612.0193000000436
415157.7203,14530.302299999981
415203.3925,0
415252.5083,560.7674999999581
415292.9974,5846.209299999988
415707.6915,0
415731.4359,22449.679300000018
415791.1346,9269.770599999989
416589.6316,4409.170900000026
416636.4995,742.4868999999599
416835.5798,8692.329000000027
417031.027,279.49219999997877
417034.8517,2913.5903999999864
417403.741,9264.855099999986
417662.2891,746.4147999999695
417718.6257,1619.9483999999939
417820.8821,0
417829.6157,10099.558200000029
417914.9839,668.7859999999637
418137.1564,4766.493499999982
418193.3927,9226.938600000052
418516.00043333333,0
419191.3444,7611.696899999981
419274.5978,0
419587.2868,0
419740.0419,13215.663899999985
419749.7939,1338.5573999999906
419763.831,9701.245200000005
419841.2344,1529.9453000000212
419877.3428,18457.93539999996
420064.7023,10129.044999999984
420228.4794,5488.329700000002
420299.5786,4171.822683333361
420360.9878,1677.5692999999737
420690.7432,0
420727.4972,8628.375899999985
420788.6481,2578.503800000006
420837.1592,14148.334800000011
421183.6743,15020.381900000037
421398.5177,13709.956800000044
421524.4138,545.9043999999994
421602.4133,2836.0548999999883
421769.739,8227.373599999992
421901.3798,1608.8973000000115
421917.5471,2495.941700000025
422409.5779,1718.5139999999665
422458.1135,14660.380799999984
422755.9338,2151.0871000000043
423020.8232,1102.6079000000027
423157.071,2700.123399999982
423270.3073,0
423398.6491,0
423483.4555,0
423508.1031,5659.766400000022
423517.6099,0
423590.3815,0
423745.1414,0
423882.0104,2556.074100000027
424008.8197,1762.1637999999803
424419.1908,11692.902499999967
424495.5304,0
424506.4481,641.1264999999548
424768.3608,10125.081600000034
425258.8914,6355.887300000002
425514.9165,1323.344299999997
425532.4741,10639.671399999992
425571.5422,7290.505700000038
425699.0743,1955.9573000000091
425797.7277,0
425868.3656,1823.4131000000052
425879.8513,0
425915.0958,1059.7286999999778
426519.7606,1984.2751999999746
426738.8717,2501.8085999999894
426794.704,6885.270300000033
426846.7465,11050.420999999973
427026.7861,2936.917699999991
427078.2118,2862.1463999999687
427112.024,2769.6800999999978
427561.4228,1617.4168000000063
427575.0688,2547.714500000002
427783.3288,15256.632199999993
427837.9194,2892.2715000000317
428150.4176,2718.7296000000206
428334.9166,4202.658600000024
428424.1795,22300.87400000001
428445.6594,3274.999300000025
428978.5588,12345.119699999981
428992.7367,20169.152100000007
429125.6066,2808.7180999999982
429251.4185,5697.543900000048
429466.0743,23431.526599999983
429496.6906,12775.952399999951
429668.6799,3946.7516999999643
429750.0193,1466.7949999999837
429769.8572,4868.763466666685
429929.6506,20671.35839999997
431013.7968,4082.670600000012
431201.4502,5132.248000000021
431464.5188,4151.214900000021
431487.1844,7028.736700000009
431875.2566,12383.921100000036
432114.9897,5627.939899999998
432176.4397,9565.823399999994
432582.6628,12027.407799999986
433070.8158,17950.79249999998
433274.9673,14592.66730000003
433451.6237,10826.842799999984
433601.4298,14705.277799999982
433769.3306,8934.008199999982
433928.0668,4228.440899999987
433967.9395,4164.940899999987
434076.4716,12324.560799999977
434237.0168,9664.848499999964
434722.0335,4283.1398000000045
434875.6459,4409.275399999984
435057.1512,14005.149900000019
435211.2044,8400.065100000007
435278.875,6645.152499999967
435416.7749,10762.496900000027
435763.5749,9142.833900000027
435911.5681,12490.609499999962
436051.4406,7810.570599999977
436097.3766,8194.036699999997
436133.4123,8654.833100000047
436165.259,9215.235900000029
436372.9657,10633.937900000019
436468.552,6952.2588000000105
436497.2966,14045.878399999987
436656.7328,6568.0384000000195
436850.1054,7371.495400000014
436956.1828,6286.291700000002
437082.6038,22977.192899999965
437184.1885,35299.43650000001
437260.5467,7447.413700000034
437510.0517,9179.958800000022
437618.3188,12103.684799999988
437863.5444,6316.99530000001
438039.3272,8273.661399999983
438224.7756,22167.4657
438386.9451,15785.70199999999
438484.4749,4508.721299999976
438685.3396,9236.603100000008
439186.2806,17080.90049999999
439241.2831,9245.231700000004
439249.4627,18537.06679999997
439253.5236,18570.435899999982
439307.0736,12822.351200000034
439323.4985,10682.665899999964
439649.3974,9811.406300000031
440062.0786,10571.08679999999
440157.352,7878.933000000019
440205.5312,7580.90360000002
440781.0686,15062.00099999999
440861.449,9029.800000000047
441043.7256,10022.847300000023
441144.6134,6601.672899999947
441145.894,10516.941099999996
441273.6561,6650.919100000057
441336.7597,7770.577500000014
441443.4385,12800.62089999998
441604.2414,6832.195000000007
441746.2085,5385.3116000000155
441901.9398,14303.13010000001
442200.7541,5651.911800000002
442740.2408,12443.759500000044
442880.9563,8293.010900000052
442968.8342,17417.450999999943
443499.5264,8021.7564999999595
443520.34,11623.426500000001
443638.2128,13044.086499999976
443838.7048,9338.02370000002
443855.9257,14267.679500000027
444541.692,15325.490099999995
444604.181,10827.6924
444685.8205,37556.80089999997
445114.1829,11061.809000000008
445233.1857,12795.71359999996
445304.4739,13544.804799999984
445389.9393,7896.756300000008
445567.0633,8617.313800000004
445586.0363,7021.155599999998
445602.6411,9214.010600000038
446683.9087,21721.77430000005
446939.0416,13404.646699999983
447026.0769,12075.612499999988
447104.5233,9372.843699999969
447192.8211,16331.988399999973
447218.9513,11287.001800000027
447306.1685,22605.123699999996
447554.5368,17694.5674
447956.3267,18590.044400000013
448145.4539,10008.3272
448251.7198,17494.63500000001
448300.6727,11720.180500000017
448475.2518,8602.365700000024
448558.4962,8435.691300000006
448668.8665,16575.363599999982
448910.6228,14758.244400000025
448954.1236,14605.021399999969
449168.3875,10849.399700000009
449173.7565,8543.616700000013
449878.7573,9995.77429999999
450412.0401,11461.873599999992
450460.9483,15512.035999999964
450630.6051,19604.665099999984
450693.2003,9583.414700000023
450731.7047,11588.057199999981
450746.7539,15047.841799999995
450781.9324,11334.821200000006
450918.0029,12883.16260000004
451654.8016,10869.889599999995
451981.5312,11259.966799999995
452346.5444,11640.690300000017
452353.8439,10698.217999999993
452473.6084,13845.592200000014
452615.7177,21921.021899999992
452856.0536,19240.28940000001
453030.4302,18778.70000000001
453134.6309,14304.429200000013
453280.6764,16388.339800000016
453293.9557,10825.344299999997
453344.6346,18345.11930000002
453357.7126,12412.982200000028
453502.3747,15459.263099999982
453508.2767,14981.54839999997
453579.5194,13645.934899999993
454310.4194,15542.12400000001
454492.1369,10325.212499999965
454516.4784,10266.609600000025
454681.9577,15926.057700000005
454683.9688,15705.708799999964
454912.4388,9120.16710000002
454944.2769,10526.118100000022
454977.3727,18367.296099999978
455466.9479,10940.749700000044
455622.3843,11144.708799999964
456500.1262,10963.298100000015
456623.5523,9940.676999999967
456681.202,23169.678000000014
457011.895,16192.442900000024
457073.1792,11606.459100000036
457076.3998,21713.15340000001
457162.9317,11251.451300000015
457558.6327,12943.705400000035
457583.6848,20190.9522
457725.8826,10880.435500000021
457770.8392,12830.647799999977
457884.2915,18466.141599999974
458110.1505,17885.226399999985
458412.8822,22146.591133333335
458631.7254,20225.794600000023
458675.6742,12119.55700000003
458814.6468,9925.038883333327
458983.0196,28370.282349999994
459071.1286,12755.76079999999
459076.5629,11094.478200000012
459094.8686,18729.66359999997
459153.4323,11475.02119999996
459292.2139,25313.42420000001
459832.186,13152.441300000006
459878.5957,9823.153899999976
459891.0203,12319.07699999999
460678.984,11177.37520000001
460686.8354,11503.229099999997
460878.206,24090.180799999973
461107.0084,15706.267300000007
461655.5653,14651.56760000001
461764.9958,10540.822999999975
461842.8777,17456.413899999985
461843.4599,11434.727000000014
461877.7147,20435.39380000002
462293.9078,17880.22331999999
462462.1132,13681.137600000016
462637.6466,20816.30229999998
462777.8596,17043.96430000005
463131.7801,14683.473899999983
463405.9848,25609.459999999963
463493.2968,15118.543600000034
463497.4388,16585.043399999966
463602.4598,10545.265500000038
463686.8999,16190.509900000005
463764.7573,18266.80349999998
463995.2182,15656.935300000012
464024.3956,12414.15399999998
464371.4566,19015.416099999973
464479.7072,16676.12810000003
464823.0812,13585.990700000024
464951.0666,21240.52309999999
465178.1946,10444.534400000004
465299.4865,32725.313800000004
465443.4264,29922.978599999973
465672.2469,16779.819800000056
465742.3448,28658.72100000002
465945.1076,12193.93339999998
466174.106,17560.53050000005
466204.1454,14448.828199999989
466283.1942,15517.846800000058
466373.704,15045.63010000001
466793.5124,17118.143900000025
466829.7192,26550.478200000012
466924.7016,26557.024999999965
466975.3559,11060.367800000007
467200.6201,17079.08970000001
467529.8641,19466.02529999998
467616.5587,14232.656199999969
467726.1088,12864.74589999998
467776.6951,13495.8603
467802.9323,20343.828800000018
467858.9895,20990.89500000002
468122.86,9619.19299999997
468234.6896,12175.812699999951
468245.5737,18435.342000000004
468285.5709,10940.377199999988
468397.3606,25724.5919
468413.1965,11446.264800000004
468566.8701,19631.739
468627.118,18092.712100000004
468685.0221,17604.666800000006
468839.8053,10464.949000000022
469014.9498,11187.059599999979
469020.4904,16803.717999999993
469056.5008,17538.439199999964
469087.6861,13399.914500000014
469237.3192,16052.026200000022
469356.8828,12865.746299999999
469424.9515,16641.46410000004
469747.0949,8655.086100000015
469989.6182,19655.7488
470311.77,12338.734600000025
470318.9357,16348.487799999944
470327.6163,8112.209199999983
470409.577,13130.913100000005
470435.517,27279.40789999999
471012.0646,9169.941799999971
471394.6286,11217.54310000001
471478.4531,25707.541000000027
471514.1147,17716.117499999993
471524.5668,16621.52799999999
471697.6087,28988.486600000004
471751.5934,34482.73060000001
471812.7257,18151.461500000034
472117.6402,19169.99980000005
472362.2374,9410.705599999987
472649.9788,7774.309899999993
472782.2656,11896.088300000003
472959.5484,1628.8521000000183
473259.1369,4825.195100000012
473321.4335,23843.598899999983
473337.242,8100.11540000001
473461.8517,0
474036.0936,8376.583000000042
474112.5046,4628.081799999985
474177.8415,0
474310.1071,9662.588300000003
474387.7817,13334.0527
474488.4176,9803.229699999967
474844.8874,10149.298524999991
474926.5748,27142.718600000022
475273.6306,20818.5392
475541.4875,8529.77840000001
475630.3248,24486.888600000006
475723.9949,19141.290600000008
475783.1558,13073.074599999993
475846.4518,7400.425199999998
475853.2889,34770.03324999998
475856.5265,27717.536900000006
475876.2951,15451.758299999987
475927.7988,16306.927299999981
475939.8779,13909.862000000023
475976.9455,7167.515999999945
476335.8495,23739.59169999999
476367.1682,20843.44040000002
476754.617,28868.256700000027
476910.0034,12647.581000000006
477108.6267,12565.707400000014
477190.5963,26648.379399999976
477202.5832,19734.01919999998
477416.5057,8190.009900000005
477642.6272,13992.773899999971
477765.3388,18296.90260000003
477823.3275,13718.15360000002
477922.7458,8242.42439999996
478030.3824,8565.22490000003
478032.782,9997.733999999997
478121.6565,4242.343516666675
478204.2317,6321.741800000018
478626.915,22424.406699999992
478923.0353,0
479215.0954,24397.794799999974
479226.9623,12693.026599999983
479290.3139,21212.62540000002
479337.3338,16394.695800000045
479695.7317,8519.883099999977
479952.72,20359.714099999983
480032.0641,17906.674300000013
480270.9203,9112.268700000015
480381.3616,17716.58779999998
480424.4278,0
480431.6641,9097.756799999974
480561.956,9652.810999999987
480772.916,23.072600000014063
480959.811,0
481020.6121,19133.305300000007
481161.6165,9027.478200000012
481270.821,12378.70279999997
481757.4584,13593.364300000016
482019.1093,0
482028.8179,9764.607100000023
482219.0824,25722.78039999999
482264.0137,3636.1796999999788
482812.8523,9186.111100000038
482946.113,8450.639800000004
483505.9521,492.67359999998007
483704.6167,12633.808300000033
483727.7606,26235.098999999987
483812.6839,12486.571400000015
483964.6112,10928.512999999977
483994.9907,8957.16160000005
484790.762,2031.8543000000063
484963.2853,0
485083.568,24028.22040000005
485313.1886,10143.512300000002
485420.7321,8835.391600000032
485427.6007,15934.828399999999
485966.4387,15722.794300000009
485997.3998,27361.5147
486194.011,4768.26939999999
486400.133,30755.24099999998
486450.6565,22171.29489999998
486621.4548,10762.126099999994
486661.5045,10213.0049
486720.5574,10545.480899999966
486809.6096,29177.409200000053
486972.954,9705.669500000018
487005.2957,23835.497900000017
487481.2582,33282.40149999998
487673.0664,7709.350399999996
487868.9768,24910.26510000002
487889.0894,20837.307299999986
487908.4288,14035.893500000006
487958.9997,7886.232499999984
487998.4674,42584.29389999999
488118.1624,7966.998099999968
488437.9465,5645.747299999988
488769.8251,12989.233600000036
488838.8403,0
488856.8056,0
488900.6992,20842.359200000006
489038.4243,12320.232599999988
489290.5525,8377.017699999968
489338.3234,10748.624499999976
489534.7961,14202.31879999995
489557.8653,21667.48979999998
489765.0338,20810.67439999996
489772.044,8864.667599999986
490237.2654,9531.895099999965
490262.3599,0
490394.9943,36215.08480000001
490748.0308,17037.617499999993
490761.4234,9703.225800000015
490941.3003,11246.91220000002
490985.2684,0
491232.0634,10067.860400000005
491270.102,21353.566300000006
491363.3683,10058.24979999999
491497.6522,12465.347500000033
491562.9049,14214.576900000044
491693.301,23147.077300000004
492077.0785,0
492181.6767,10776.715399999986
492274.0297,32631.73450000002
492525.0714,7778.623200000031
492660.1336,9917.701100000006
492777.6205,10749.842500000028
492974.552,22397.047100000025
493246.4222,18159.519499999995
493292.7323,20682.01669999998
493488.1725,24798.096499999985
493530.663,0
493559.0224,0
494069.4686,7202.376400000008
494083.9644,11222.159199999995
494460.3493,13413.604500000016
494473.2806,17401.849999999977
494497.2475,661.8945999999996
494712.1107,13737.303500000038
495052.9391,31525.7635
495079.518,0
495227.4627,0
495320.4097,0
495375.0452,12847.7206
495438.8749,12280.377999999968
495511.2562,6490.7734000000055
495543.1504,8752.492599999998
495661.6257,12529.91069999995
496368.155,10672.256200000062
496426.1067,19457.57440000004
496568.0512,17584.389199999976
496624.2928,12703.273600000015
496824.4208,24896.293800000043
496976.7758,18940.268700000015
497183.1081,35899.39689999999
497472.8811,16184.561899999972
497548.5523,11850.297699999996
497674.8366,0
497720.4558,0
497728.0527,8289.960199999972
497949.9576,12879.812600000005
498087.2604,11114.66650000005
498165.8916,9060.782399999967
498220.3622,20847.657999999938
498267.8309,10943.524199999985
498309.0251,9080.217600000033
498316.8399,8731.630800000043
498394.1379,11231.776199999964
498551.0013,23908.18280000001
499104.7533,16278.306699999957
499108.6672,9079.649600000004
499122.5093,9097.710099999967
499168.5767,8331.344699999958
499255.7572,2789.398599999957
499292.8844,0
499426.0351,10635.276899999997
499809.06,11628.235199999996
499848.9435,14598.347200000018
499941.6405,25803.548299999966
500108.893,36990.65789999999
500201.3727,0
500212.0696,10618.619599999976
500262.592,26252.356499999994
500477.767,9228.655399999989
500632.4683,10053.5
500659.252,34390.87699999998
500698.6336,19889.491299999994
501133.527,9985.076899999985
501354.0631,9503.047700000054
501575.193,11059.728000000061
501682.4607,16897.329700000002
501972.1359,8763.416825000022
502246.652,6157.995600000024
502249.0666,12297.635100000014
502532.3185,16195.245599999966
502680.6468,9440.36473999999
502818.2569,20391.91339999996
502872.67220000003,0
502929.5763,7668.975000000035
503011.496,13350.463500000013
503021.7014,19534.241800000018
503129.3232,11611.731299999985
503379.3133,18479.771099999954
503405.2923,3652.978999999992
503412.0184,5991.444299999974
503564.4404,7653.640100000019
503718.386,7895.145699999994
504053.7362,8373.45749999996
504177.553,11006.996199999994
504368.4711,5053.347300000023
504531.5055,4481.954000000027
504602.0539,7554.720900000015
504745.5954,6195.718600000022
504999.6842,25278.88089999999
505024.7876,0
505223.6535,6387.837700000033
505376.3622,16663.33879999997
505411.0652,11972.892099999997
505537.9722,0
505540.2802,2992.0566999999573
505686.3566,11181.564100000018
505819.612,4150.6777
505912.0137,6572.200400000031
506402.6023,12919.027000000002
506671.8682,4643.343200000003
506711.5651,2321.686300000001
506816.7291,28877.774399999995
506839.6698,2075.5894999999437
506929.524,14229.777000000002
507131.5377,0
507208.6475,0
507441.3085,0
507563.542,0
507712.7499,6123.053399999975
507740.3478,37095.83350000001
507752.2294,2447.3055000000168
507823.1807,17732.98820000002
507873.713,3745.4122000000207
508193.3328,12712.19689999998
508361.2903,2586.013099999982
508404.2335,0
508557.5337,4424.316100000055
508593.3715,18495.330799999996
508734.4006,27786.641533333343
508871.2461,35508.227399999974
509024.397,3640.1344999999856
509771.3772,42686.255400000024
509807.9517,8064.431599999953
509821.1186,1853.0557999999728
509938.8495,19657.253299999982
509983.1484,4866.030599999998
510105.0118,4854.9907999999705
510115.3755,19413.91260000004
510127.0887,0
510207.7041,0
510229.4056,2944.6646000000183
510367.1153,0
510437.5324,0
510504.9838,11660.231700000004
510752.2819,3499.491299999994
510779.2076,5861.497600000002
510893.0449,2379.9449000000022
510977.2067,35688.726399999985
511009.2522,4286.331999999995
511026.4267,3490.6416000000318
511062.8369,7301.894700000004
511065.7546,3220.8623999999836
511177.3137,3854.1981999999844
511186.8301,3095.7615000000224
511197.5305,4559.4978999999585
511489.4856,2902.974600000016
511741.3454,3724.2962999999872
511828.7878,17479.753866666637
511958.3529,0
512267.7435,16201.093699999969
512541.9422,1316.5243999999948
512620.5726,9832.315300000017
512753.13300000003,0
512770.1155,2326.6821000000346
512984.1784,2419.3496999999625
513094.5847,22657.14260000002
513098.3312,1098.5814000000246
513246.4576,0
513385.4511,6194.298899999994
513425.9816,2356.3214000000153
513798.7884,15236.015600000042
514041.145,0
514216.9842,1574.3304999999818
514271.3429,11816.617099999974
514296.325,1860.857799999998
514341.4808,3688.025100000028
514823.3469,0
515318.0007,0
515624.9573,14392.700599999982
515705.1661,24972.814599999983
515716.4026,2994.092000000004
515757.2077,14431.021100000013
515911.6658,11136.526200000022
516015.4378,3087.116800000018
516292.9685,1371.2529000000213
516385.086,8300.546900000016
516634.905,6862.341800000053
516640.7727,1843.763799999957
517055.9172,1105.3220000000438
517239.1794,8786.314800000051
517729.3268,11159.185699999973
517773.7935,16942.294100000057
517804.5294,3980.0874000000185
518136.705,24219.961500000034
518746.2602,22018.30489999999
518844.1836,8072.432700000005
518871.4158,0
518966.5484,4492.639500000048
519079.6371,14464.569399999978
519111.5557,2243.7333000000217
519602.2366,3085.577400000009
519744.0871,4747.8838000000105
519804.8316,8694.322499999951
520023.0222,2857.7420000000275
520130.1273,2640.6201
520192.8982,12526.29269999999
520310.6651,24533.207999999984
520468.096,0
520504.7896,0
520631.8219,5246.954399999988
520642.2878,1032.1989999999641
520789.2226,14057.259499999986
520827.9017,0
521535.1613,7053.223699999973
521713.1923,8083.939399999974
522016.6269,22746.325999999943
522024.7872,20398.661699999997
522035.5871,8994.511600000027
522103.6279,3545.911400000041
522286.0119,3847.0779999999795
522302.4034,5069.41320000001
522764.6841,5505.21179999999
522906.6258,7115.663599999971
522980.8105,1953.9931000000215
522997.809,3548.5346000000136
523006.1034,9468.141100000008
523073.2533,1805.1818999999668
523440.3017,5342.035199999984
524028.4746,2969.275499999989
524273.8368,8578.220099999977
525035.4109,2635.4721000000136
525634.2971,1968.824499999988
525729.3768,1818.4800999999861
525995.3672,4206.7961999999825
526053.5978,7482.821100000001
526061.8386,9608.124300000025
526241.9838,3996.838800000027
526665.4072,7230.824900000007
526877.3043,21861.33409999998
527043.8433,11081.345699999947
527102.3625,13354.18020000006
527290.7952,5434.601100000029
527402.8814,7360.037399999972
527647.1044,9297.700099999958
528167.0261,8351.363699999987
528389.1047,12470.78760000004
528470.1369,18638.699200000032
528522.5199,5293.838299999945
528703.2557,5606.964099999983
528731.3684,11851.503200000036
528892.2587,19883.81640000001
529273.3722,12499.553399999975
529586.3733,6645.049899999984
529619.859,8401.20305000007
529698.8224,8118.300649999932
529706.1672,11084.572400000005
530163.5598,6062.425600000075
530324.9725,7046.838000000047
530556.9996,15693.167999999947
530922.5441,14683.051900000079
531018.7291,8191.934699999983
531890.5347,10647.025599999935
531918.9138,9468.455799999996
532418.7737,12718.18650000001
532614.6911,6133.588100000052
532927.8398,8772.861499999999
533028.1364,8798.782699999982
533078.9768,24252.758899999957
533124.1168,8926.014499999932
533381.2353,8743.965899999952
533671.5229,8790.739300000016
533714.4796,20743.645499999984
534365.3387,9008.62089999998
534857.0064,24031.497599999944
535324.6004,9310.933500000043
535340.8776,16977.583500000008
535424.1189,17892.941700000025
535700.6523,11523.076999999932
535716.6978,10294.639499999932
535826.3876,11666.684200000018
535849.5943,15274.007199999993
535999.5153,12899.098599999968
536387.2935,15122.018500000006
536417.3486,11754.342599999974
536559.4449,12154.132880000048
536570.6358,19452.166800000006
536598.1342,9793.62122500001
536727.7601,13655.456999999937
537270.2547,10038.732300000032
537287.3762,21245.139000000083
537599.1365,10567.387199999997
537917.3824,12069.38340000005
538026.5979,13843.971366666723
538428.4696,16057.733799999929
538477.9077,14954.960699999996
538533.2984,15689.415099999984
538561.644,11739.339500000002
538658.5671,14208.591799999936
538947.9179,11376.079900000012
539126.9201,11236.538500000024
539262.5671,12648.275400000042
539342.9687,10260.384499999927
539533.3215,10159.083899999969
539603.2491,17531.074699999997
539698.469,11379.472700000042
540114.9468,0
540192.3346,9210.284599999897
540227.9924,16300.789600000018
540238.2283,27327.200249999936
540353.3312,17879.519900000014
540440.497,7329.1263000000035
540572.4264,11133.406500000041
540585.7812,9818.709199999925
540709.1867,12572.257199999993
540864.9169,10476.568899999955
540931.9051,14913.532799999928
540973.2547,7668.471400000039
540990.3331,0
541302.0609,10168.016500000027
541563.5873,16710.135499999975
541658.0147,14248.22530000005
541741.3501,12582.097600000096
542016.6301,17399.225399999996
542363.0587,8791.038600000087
542559.6898,16859.861100000096
542749.0339,9415.372199999983
543143.2934,9560.317900000024
543381.4565,10864.297499999986
543580.2913,11696.759100000025
543620.8667,19612.04190000001
543915.2926,9822.315700000036
543928.3215,12661.886699999915
543948.5711,13700.768699999899
544054.3987,10954.663200000068
544191.9456,21271.877699999954
544195.8939,10445.510400000028
544201.9659,8237.458899999969
544279.9648,10223.374899999937
544346.7396,0
544365.1576,17598.049899999984
544591.4567,34813.283599999966
544774.2725,13725.086499999976
544931.9601,11217.554400000023
545219.2112,11149.286599999992
545249.0838,7538.88340000005
545282.8384,10448.68180000002
545284.058,10263.540099999984
545326.1939,12306.91009999998
545387.9999,18987.737300000037
546667.3719,7224.910000000033
546835.0796,11891.49330000009
546835.5038,13094.59739999997
547054.5849,23304.825783333334
547296.1143,10492.421399999992
547341.1014,14355.655400000047
547485.1528,17188.797900000005
547546.3333,22815.752400000114
547731.7727,19918.041800000006
548465.0279,18176.098200000008
548691.1751,9161.370600000024
548745.5834,12888.116500000004
548797.4501,23487.32030000002
548822.5133,11342.203299999936
549196.0302,14482.259500000044
549429.7398,20281.809400000027
549920.6683,32057.863450000004
550124.0313,19484.974999999977
550210.9801,10066.749400000088
550426.6902,18808.316699999967
550716.4496,10680.572800000082
550754.2824,12679.417499999981
550963.5032,22973.79720000003
551194.6604,14136.190600000089
551925.528,30653.28330000001
552174.0382,13786.64759999991
552185.1452,12842.622199999983
552557.5165,12206.518800000078
552657.2509,29718.417999999947
552697.9183,22838.104700000025
552720.4034,16496.67709999997
552861.5879,9950.570600000094
552891.5846,12799.507533333264
552964.85,11376.486799999955
553042.5028,10342.114900000044
553428.3512,10503.685000000056
553688.555,15125.88890000002
553729.9606,20251.263200000045
553841.0105,9775.057900000014
553883.4758,13562.204099999974
554017.1078,13155.902699999977
554422.5514,13129.846499999985
554546.8381,10183.130900000106
554638.9715,18268.736900000018
554877.4708,30226.454499999993
555302.4812,9365.001400000066
555334.8328,22640.694200000027
555357.4912,0
555398.3881,22445.39419999998
555425.2926,16074.949500000104
555514.3109,12155.10519999999
555554.6509,13206.054800000042
555569.5145,11905.79580000008
555673.0063,9426.141599999974
555861.2428,13966.774800000014
555967.3541,35302.15590000001
556315.8223,9285.614500000025
556328.1559,30763.108499999973
556523.8901,14127.014999999898
556781.1911,21917.5168000001
556957.3374,20336.892200000002
557243.9601,15277.624200000078
557513.3364,18294.498699999996
557659.9826,14800.519899999956
558268.5043,27710.981600000057
558350.6061,15680.421899999958
558574.1274,26445.372199999983
558823.9868,13444.316699999967
558891.5623,15075.77780000004
558924.0414,31074.042000000016
559081.9986,17871.6409
559211.8039,9334.058800000115
559234.3735,13397.00569999998
559608.9768,3851.7248999999138
559829.3186,11669.442099999986
560036.9243,2996.0655999999726
560165.7329,13721.160299999989
560707.753,13254.398999999976
560825.0027,20320.560999999987
561018.3597,13206.448900000076
561160.9742,16053.057300000102
561453.7812,4013.843899999978
561617.7124,10426.54310000001
561811.6355,0
561929.5854,16784.479300000006
562079.283,12940.942400000058
562080.9056,23802.2598
562105.2791,0
562206.9859,38776.193299999984
562274.2396,8838.41129999992
562338.4758,11186.44299999997
562412.6255,1161.667999999947
562529.5482,13116.259100000025
562750.5107,22203.672699999996
562751.4095,22857.404699999955
562806.2834,22108.52309999999
562923.4307,2836.4733000000706
562976.2872,0
563068.9355,16486.29950000008
564218.3428,23103.911199999973
564520.3777,29877.324799999944
564665.7358,12973.013400000054
564679.0435,32935.7999000001
565338.9823,18922.20079999999
565691.7823,3295.344599999953
565952.972,16828.23179999995
566395.9932,23707.733600000036
566446.4672,12851.586899999995
566903.1429,13298.444400000037
566939.6758,0
566991.6665,393.406799999997
567006.3064,336.86430000001565
567413.9434,19259.20479999995
567515.3449,23271.93810000003
567803.1694,23607.636500000022
568012.0158,17369.895200000028
568085.4606,0
568109.8029,22539.821800000034
568194.9537,13921.89619999996
568392.9778,14278.575700000045
568410.6234,15589.826966666733
568485.7669,0
568708.5766,22532.838800000027
569109.5732,4977.246000000043
569288.3774,15319.799699999974
570123.3669,0
570168.2744,16942.481099999975
570546.7636,36307.88399999996
570606.1049,18565.126300000004
570773.6644,20438.936600000015
570907.7963,18909.424400000018
571019.996,24094.702300000004
571256.3433,30042.36249999993
571396.107,27627.625599999912
571454.5543,29797.3027
571739.0361,16573.390000000014
571866.8643,16477.289100000053
572208.4693,20325.24450000003
572300.7788,37302.467199999955
572332.6402,0
572607.0319,17119.588099999935
572816.9565,26297.695599999977
572941.4756,0
573304.5683,27447.412300000084
573346.461,16301.919899999979
573454.1538,25594.153300000005
573645.6962,36411.05119999999
573799.449,17671.016300000018
573820.2973,18781.126900000032
573866.2077,5058.337200000067
573954.0669,0
574065.0001,17048.931999999913
574068.454,24423.091100000078
574133.2116,19207.12710000004
574483.9367,17167.443299999926
574549.1292,15866.534299999941
574566.5501,18289.91040000005
574617.054,3121.9901000000536
574744.3262,25393.999900000053
574966.3026,29241.41670000006
574990.5756,16474.749199999962
575089.7255,24441.07959999994
575195.0361,33177.75030000007
575279.5442,17968.7868
575352.6372,24188.02139999997
575975.2878,38888.235199999996
576350.1806,19863.109699999914
576483.7674,0
576540.0331,7862.057299999986
576665.7834,17891.735999999917
576696.2681,0
576996.7312,24289.73510000005
577313.3632,38992.90560000006
577699.2667,0
578170.0552,18516.635499999975
578407.1328,25819.134100000025
578424.3553,19237.021300000022
578511.7523,24491.148800000083
578588.7291,37610.759899999946
578723.2555,21287.18709999998
578834.9005,28575.897600000026
578850.2428,6813.390800000052
579231.8342,26504.817500000005
579506.0732,884.4445999999298
579573.8237,25894.53289999999
579814.6294,1517.8371000000043
579831.6838,26929.16989999998
579996.3082,2249.1472000000067
580000.2896,20447.310999999987
580333.2369,28880.579800000065
580476.8863,25515.516500000027
580500.2066,19145.038400000078
580716.5701,21940.043900000048
580901.1338,17636.626699999906
580923.3743,23176.628299999982
581034.9041,17856.6222000001
581069.3215,15442.479899999918
581213.3562,32123.726800000062
581330.9106,28833.49939999997
581666.9008,21083.54799999995
581804.0165,20839.579600000056
581921.263,16195.49040000001
581999.6716,22590.100399999996
582039.4902,18722.86049999995
582138.3891,35141.297699999996
582151.9128,17216.435100000002
582352.671,13723.061199999996
582747.1399,16444.829899999895
582870.5822,0
583035.6499,8250.354099999997
583130.2545,37774.912699999986
583312.6029,19986.104300000006
583468.9082,17029.843599999906
583597.0207,0
583730.4705,776.4197000000859
583733.9978,20142.217000000062
583767.3564,15204.340000000084
583844.7658,13919.089299999992
584081.1809,36914.31670000008
584097.4488,5311.62930000003
584188.8035,18326.45960000006
584525.8125,25182.727399999974
584577.3787,26983.324000000022
584677.9676,15887.011500000022
584884.3866,18351.69140000001
584905.224,33647.36210000003
585157.8742,793.4377000000095
585302.7041,28.03684999991674
585488.2102,15534.800099999993
586057.3844,31023.587300000014
586417.7247,27938.28190000006
586906.652,18891.21947500005
586925.3993,14320.253400000045
586934.4282,15889.314299999969
587015.4889,19754.249700000044
587416.8373,22238.25470000005
587507.5287,17394.65300000005
587638.7801,34616.57629999996
587790.6834,22358.05859999999
587835.9195,15690.542999999947
588201.5685,17820.564400000032
588237.4708,15192.578600000008
588284.7851,19488.355299999937
588372.1918,21266.608224999974
588398.774,24953.686800000025
588967.5907,24285.287999999942
589115.5263,14448.957200000063
589137.3859,25193.12029999995
589284.1062,14463.746200000052
589354.5884,29059.33759999997
589848.9689,13178.985299999942
590123.4834,19370.46510000003
590183.4336,30182.526500000036
590312.2906,17831.488599999924
590479.9428,15464.99589999998
590539.7993,13430.22629999998
590589.6595,32891.41669999994
590799.5492,13434.336499999976
590837.6274,35139.51820000005
591324.9582,14858.282200000016
591428.9698,13392.788759999909
591493.6436,12741.095099999919
591526.595,12995.945399999968
591651.584,18465.26230000006
591732.3016,15841.019500000053
591749.8789,5831.218300000066
591809.486,14994.429300000076
592264.2471,32859.49710000004
592265.3753,18112.8284
592486.2768,37766.59860000003
592493.237,29232.974599999958
592506.7255,23095.963699999964
592587.9768,28981.725499999942
592659.2728,33204.46590000007
593177.2998,35859.276900000055
593720.0174,13640.617199999979
593744.3439,33742.19559999998
593824.7888,19526.861599999946
594024.18,23083.577099999995
594106.8769,23285.240100000054
594108.0041,8062.748099999968
594360.2742,20867.219099999988
594551.1172,11430.497100000037
594852.6467,18000.783600000083
595037.2525,22652.608299999963
595203.572,14420.426399999997
595389.8318,17855.46710000001
595418.782,22143.51980000001
595529.1029,41541.361300000106
595555.7931,14177.323100000038
595841.59,17886.29449999996
596409.9691,38351.8149
596441.8124,11097.243480000063
596506.4243,16517.8615
596574.2461,24771.20510000002
596753.3016,12599.790500000003
596972.3364,27403.987300000037
597326.2851,30295.19259999995
597528.4511,13699.597299999907
597774.8994,10794.98179999995
597834.0131,19385.06189999997
597893.9529,36000.192500000005
597970.9881,10976.996899999911
598192.9382,16769.13249999995
598234.1933,9532.655600000056
598497.6333,12454.014499999932
598583.9229,15637.07500000007
598649.2413,11740.183799999999
598661.2011,20768.531399999978
598735.1132,8196.254399999976
598775.5146,9055.94319999998
598936.4913,2011.640800000052
599024.7749,24099.11859999993
599044.8578,15090.066299999948
599102.6076,12262.168700000038
599183.4391,17929.242699999944
599397.5866,17315.71960000007
599554.4975,8985.757900000084
599860.7483,12819.742233333294
600078.3349,15413.30170000007
600204.178,14078.95259999996
600215.3916,7939.489699999918
600231.4211,11320.20730000001
600270.2593,14468.055700000026
600377.9228,11586.95299999998
600519.2791,19926.42020000005
600519.5704,9034.411899999948
600817.039,9305.449499999988
601739.4266,12517.503099999973
601814.3225,21923.249900000053
601818.7121,10065.703016666695
601947.1472,11120.894100000034
601964.2938,13633.641700000037
602075.5663,9521.267499999958
602111.2717,14197.822800000082
602334.1242,20003.358299999963
602355.6795,6574.822500000009
603072.346,14648.894500000053
603090.9476,11667.654499999946
603175.3386,9726.020666666678
603238.1592,9185.371399999945
603306.0835,42680.30619999999
603538.5292,33337.394899999956
603896.4139,11008.642300000065
603913.7402,19552.758099999977
603976.7234,10906.327099999995
604118.7279,18018.17200000002
604162.4096,13772.188900000066
604578.9463,14530.273099999991
604606.4802,17038.24650000001
604899.353,22796.528199999942
604943.2855,10815.976599999936
605050.9523,23122.976000000024
605090.7279,9791.722000000067
605101.2601,25673.767599999905
605237.6582,9875.715699999942
605525.5074,19230.759100000025
605605.0641,28951.16149999993
605870.8903,17084.37229999993
605928.5233,4551.781100000022
606473.6858,8565.627199999988
606504.1857,13667.137899999972
606533.1241,15538.973400000017
606936.1134,47117.3149
606953.4643,9827.198800000013
607333.0631,12968.174100000062
607372.8879,32855.037199999904
607484.9833,26047.331400000025
607709.1974,11795.10679999995
607812.1697,17055.71049999993
607836.7969,7678.2002999999095
607877.5162,11990.669400000013
607926.8406,29082.645499999984
608432.7021,29321.566499999957
608573.7016,30074.00450000004
608775.9976,15363.811800000025
609134.7423,14902.55130000005
609556.3372,16621.03689999995
609570.3467,13511.979700000025
609936.9418,16013.518999999971
609963.9959,12838.959399999934
609997.4332,10256.086599999922
610130.4665,12458.28649999993
610145.5193,9162.617000000086
610372.2094,17488.199500000104
610631.8499,12476.481099999975
610645.9638,14782.589099999983
610864.3747,16365.328100000042
611053.5928,10764.162000000011
611445.1744,8725.189699999988
611519.903,12783.319400000037
611539.6374,9220.428399999975
611661.2273,33964.344900000026
612359.5113,18510.437200000044
612572.0081,10233.137099999934
612952.5401,32900.8382
612977.3474,12362.381099999999
613020.97,28466.9608
613235.758,24760.784600000014
613296.7548,8459.689800000051
613316.6916,20582.571800000034
613428.0243,10728.657800000045
613789.0202,11585.943800000008
613810.8474,24407.469099999988
614050.3269,15719.181400000001
614158.6607,15131.204299999983
614324.2945,16606.099899999914
614637.5838,20074.92430000007
614711.0605,17511.909575000056
614934.4965,13637.806899999967
615247.4747,9147.354900000035
615538.8662,11142.3526000001
615623.4863,9931.118400000036
616303.1038,11189.867000000086
616387.1221,24175.02210000006
616598.2308,11417.553399999975
616777.6617,46043.3284
616844.0012,10028.116200000048
616942.251,23966.827800000086
617034.1586,11700.374499999918
617057.7836,11385.505000000005
617257.7081,13705.281000000075
617259.1824,21671.71800000011
617431.8831,19197.488499999978
617687.1841,9610.439899999998
617909.4034,23733.424099999946
618110.4754,11065.762800000026
618306.1737,10279.840800000005
618327.965,12211.751999999979
618433.592,13934.941399999894
618475.2147,18279.682299999986
618604.3385,9698.822599999956
618742.9228,10038.505599999917
618792.6106,25982.641399999964
618832.2372,12372.49430000002
618980.0256,11896.67240000004
619045.8579,28094.878899999894
619186.9419,9967.88229999994
619273.2119,9321.478000000003
619481.5392,11188.29700000002
619811.8983,17660.3885
620088.4165,11821.815700000036
620114.8621,20453.721099999966
620254.3706,10126.560100000002
620466.7725,9872.239799999981
620537.7591,21208.36320000002
620586.7786,19893.176499999943
620654.6537,13194.603000000003
620791.3674,15076.668700000038
621097.5272,18700.62029999995
621561.8427,10304.863699999987
621963.1291,17166.34070000006
622329.1977,9496.597799999989
622552.4477,22306.855700000073
622811.8256,24080.983299999963
622948.1324,22308.05429999996
623119.4232,18613.0723
623202.9073,12256.079900000012
623287.1622,15178.397899999982
623298.0147,12706.268700000015
623378.594,16489.80910000007
623378.823,24521.052599999937
623505.1453,18818.89599999995
623831.6892,13736.922099999967
623859.2423,12031.161800000002
624212.6512,11614.71120000002
624243.1187,12339.123999999953
624295.7244,9510.382699999958
624870.3169,9814.969700000016
624951.3894,18858.678199999966
624952.8536,18244.788700000034
625012.41,10787.082500000019
625193.0676,12520.728200000012
625533.2969,32964.71389999997
625715.3068,9719.847200000077
626251.6767,10457.742399999988
626398.2914,2550.849099999992
626401.5774,15055.123199999915
626432.1253,23364.826
626584.3967,10263.389000000083
626888.521,10044.84699999995
627481.6322,12277.068899999955
627519.722,9771.328899999964
628090.9499,22748.12150000001
628282.4128,10107.62360000005
628311.0664,13333.182700000005
628552.102,19936.441499999957
628555.9962,12339.135300000082
628576.0592,11716.171600000001
628677.0333,0
628938.419,17278.98959999997
629017.4941,11010.60380000004
629203.875,15850.11560000002
629279.7161,12703.920999999973
629293.5464,51046.69909999997
629723.8077,17223.875100000063
629759.7443,9009.9142
630379.4726,4437.71669999999
630422.9112,12645.264199999976
630629.9882,11834.016200000071
630635.7432,15334.850600000005
630708.408,15701.335900000064
630777.4861,10648.165799999959
630879.9698,26731.721699999995
630913.7944,10651.134700000053
631076.1952,11403.731700000004
631146.0122,27674.45849999995
631152.5032,23858.054400000023
631407.2933,11714.026500000036
631908.7149,17394.010499999975
631933.4756,11326.99040000001
631938.0668,22437.28580000007
632509.2603,14680.242099999916
632614.3345,11100.036800000002
632791.0043,10822.18220000004
632901.5088,10756.98729999992
632939.1873,11579.746999999974
632993.2908,11503.60109999997
633120.316,27948.975600000005
633311.1344,11903.574499999988
633539.579,22268.07440000004
633544.5186,9886.79039999994
633807.7768,26765.305999999982
633820.7843,16623.130000000005
634053.2936,18115.867599999998
634201.1961,4424.123499999871
634240.4554,20373.65379999997
634485.5527,16248.964200000046
634529.1601,10200.358400000026
634821.9286,23955.157799999928
634929.0115,12565.988200000022
635114.5009,9443.157099999953
635283.4951,11058.74709999992
635285.7917,14683.421999999904
635305.7564,26576.496399999945
635337.6619,16223.866500000004
635576.0333,24784.0037
635740.4058,3875.3498999999138
635745.9937,9516.420099999988
636258.5357,24121.359000000055
636377.5259,10337.326899999985
636516.3695,9729.79150000005
636663.6431,8939.775000000023
637017.4463,35087.16579999996
637046.0526,17429.359600000083
637457.7304,19971.890400000033
637486.873,11731.472200000077
637677.0318,15689.750099999947
637841.3924,9913.04429999995
638003.0882,11917.88710000005
638375.7112,10577.46490000002
638444.0735,7706.288300000015
638651.6423,16296.85719999997
639116.6516,5584.059000000008
639184.6643,12149.894799999893
639295.6049,16714.940900000045
639398.9714,15746.18430000008
639503.3458,3776.2663000000175
639538.1555,10124.609300000011
639814.7926,13640.69750000001
639871.0239,3954.3936000000685
640000.4943,17260.905700000003
640185.6057,7209.620399999898
640191.0508,10764.721099999966
640302.2,30603.5946999999
640314.8268,10274.344500000007
640758.6209,14848.326499999966
640973.095,28861.23199999996
640996.5294,8339.228899999987
641100.855,26421.048699999927
641435.8426,10936.290299999993
641650.1737,6324.0646000000415
641740.5264,0
641975.1077,11855.121100000106
642481.3262,26568.67709999997
642602.529,28481.373299999977
643088.687,12583.019900000072
643220.8207,25762.77620000008
643257.4614,27902.946200000006
643348.5395,11701.610999999917
643491.5608,24860.304999999935
643737.7213,13269.838199999998
643776.8211,20574.43829999992
643938.3372,18209.53239999991
644331.5933,0
644342.418,23376.340199999977
644449.0346,0
644609.2446,14389.385299999965
644627.2328,14965.434200000018
645037.7517,10220.073199999984
645120.1343,30019.75210000004
645200.4894,13185.623799999943
645211.3981,9740.430099999998
645339.7475,9576.752000000095
645491.1313,16647.534100000048
645667.2647,15085.383800000069
645671.885,14249.194800000056
645878.1483,18028.911100000027
646152.7531,23881.775199999916
646312.9755,38240.512299999944
646765.5877,19230.516900000046
647018.6831,10048.964099999983
647054.414,26866.75760000001
647126.7092,10602.86380000005
647267.7544,12437.593600000022
647375.3054,0
647529.7838,36030.3713
647777.1415,1001.7186999999685
647786.4311,21390.84420000005
647974.3181,22076.904500000062
648177.4134,3591.53059999994
648213.0562,15531.815900000045
648253.6766,28137.466600000043
648299.0693,9968.761300000013
648313.3176,45510.293599999975
649013.6366,12184.822899999912
649167.9773,25742.656075000064
649177.5819,7060.689799999935
649614.5181,0
649678.8907,27118.35190000001
649720.3022,35617.864900000044
649891.4089,13931.266999999993
649949.2651,27697.36879999994
650299.6192,0
650594.9063,23695.24660000007
650740.9978,12744.757300000056
650758.2306,10656.819916666718
650861.7459,17278.557199999923
650900.9413,10806.84329999995
650966.0327,19598.72199999995
651151.1379,14607.456099999952
651245.5786,18362.77210000006
651565.8414,15892.690300000017
651709.5504,11291.492319999961
651933.283,10866.179800000042
651987.2663,5501.6252000000095
652117.4536,12026.794800000032
652374.2603666667,0
652467.202,24286.198500000057
652614.3169,18789.563599999994
652628.6474,13410.92790000001
652631.1484,27540.670299999998
652706.859,25177.77210000006
652798.122,0
652860.9,18263.733899999992
653186.2503,16464.784199999995
653367.006,9504.116099999985
653581.6397,9534.743000000017
653904.544,19056.001000000047
654021.1223,16114.590000000084
654390.3998,10156.53330000001
654424.1698,23835.16630000004
654461.2892,10106.084200000041
654647.9259,5052.5493000000715
654678.7278,12995.622966666706
654736.6904,15143.935499999905
654938.1675,10166.239399999962
655155.6293,8274.200700000045
655246.0807,22445.065300000017
655339.1634,41727.1679
655460.3402,12047.09289999993
655502.0356,13231.21649999998
655708.8836,9221.817099999986
655735.5124,20838.79680000001
656038.9653,17808.086500000092
656149.8264,10330.544200000004
656702.3318,7717.8591000000015
656707.0506,11514.899999999907
656738.0908,12622.171399999992
656801.2782000001,0
656808.8113833333,0
656861.1926,55548.29146666662
656961.272,0
656995.8821,9108.111400000053
657093.2846,11329.608099999954
657231.5798,8749.350199999986
657742.4273,27977.690799999982
657916.7841,22952.348600000027
657993.3621,15207.23470000003
658231.8755,0
658419.888,10988.199900000007
658462.2754,17315.837900000042
658478.1779,12267.129399999976
658551.464,23889.675300000003
658786.4194,10531.3419
658886.5706,8294.62520000001
658997.9866,0
659090.1709,12035.38890000002
659164.1099,0
659473.9703,29596.70940000005
659579.2692,26325.09489999991
659589.6196,13670.851599999936
659761.0553,9237.53330000001
660037.1667,26615.176099999924
660050.5679,9700.034500000067
660220.4964,20325.221399999922
660391.5222,16660.780099999974
660442.3548,19774.41539999994
660698.5468,8996.013000000035
660796.0874,0
661106.6853,0
661129.4256,9162.916699999943
661236.0969,18188.848299999954
661278.1036,11179.117199999979
661319.9838,10406.166800000006
661491.4963,10710.563399999985
661497.2638,23381.998099999968
661792.8627,0
661958.5982,9001.607700000051
662035.2185,15235.929699999979
662111.2481,9984.332999999984
662196.8215,10077.29310000001
662321.4214,0
662400.7072,19077.66379999998
662556.5102,10433.275600000052
662590.87,12185.230300000054
663206.8416,6853.310300000012
663525.3784,23618.442700000014
663539.3659,18919.114100000006
663686.2712,13925.056599999894
664207.6376,23276.192099999986
664487.0469,9397.115599999903
664505.9359,0
664866.8028,11117.44709999999
665179.0441,12338.4543000001
665330.951,13782.164299999946
665392.6414,0
665800.7147,14378.694099999964
666032.6636,14973.351399999927
666099.4783,24721.38069999998
666186.5732,32198.687799999956
666382.9637,35520.33799999999
666491.6499,43676.71730000002
666759.7111,0
666790.6459,10007.81409999996
667044.9474,14389.869899999932
667093.4745,12487.02740000002
667331.596,0
667382.6271,27379.36560000002
667723.7193,10345.015600000042
667784.1799,11469.194099999964
668066.22,11191.998399999924
668211.1394,0
668304.4009,20111.53150000004
668549.44,18082.888499999885
668566.1888,13647.935000000056
668674.0909,0
668696.0209,11823.957674999954
668935.5318,9150.07389999996
668961.1049,0
668998.842,11391.71009999991
669027.468,16001.291199999978
669067.5486,11794.166800000006
669698.5797,3392.2040999999736
669752.8077,1755.6147999999812
669759.0868,7699.587300000014
669771.8121,0
669796.412,11015.868400000036
669820.1279,10300.887400000007
669909.0794,11032.720300000045
670034.5098,0
670066.9708,12177.616200000048
670191.9348,34092.90590000001
670204.3973,29944.533499999903
670459.4818,16120.818599999999
670681.9419,11554.85560000001
670842.6745,3227.892666666652
670907.5648,13362.605700000073
670937.2502,13645.416533333366
671219.3515,8799.118600000045
671449.1307,11100.848899999983
671531.2759,7967.059099999955
671548.8123,22001.809699999983
671851.8359,29327.596099999966
672001.1973,23828.217399999965
672128.2748,9410.372500000056
672329.9653,12905.782899999991
672573.6328,8647.55290000001
672574.3965,15909.696400000015
672850.7812,15324.733899999992
672906.4422,22600.467000000062
672967.0719,14646.105899999966
672969.714,26930.790099999984
673049.5552,0
673183.893,9456.921500000055
673197.0348,8656.600900000078
673438.4184,14899.098099999945
673525.5819,9480.404600000009
673614.2692,6321.323800000013
673761.7071,10801.117699999944
673904.4743,7598.453499999945
674347.7926,0
674441.8396,8211.669599999906
674571.3642,0
674933.9325,10800.584759999998
674951.4054,11822.609600000083
675150.9617,18561.261999999988
675232.0014,7956.089099999983
675306.987,7617.802399999928
675450.4573,15119.439899999998
675949.8592,24899.63989999995
676149.2883,0
676276.8045,8234.581600000034
676528.8404,8116.209099999978
676724.4286,22530.598600000027
676866.9963,0
677275.1649,6466.027799999923
677591.2973,36274.727199999965
677995.6519,15543.226000000024
677998.2805,16058.59329999995
678004.8278,8712.500899999985
678123.0359,0
678141.5073,15772.396200000076
678172.0365,16323.139300000039
678295.1721,30018.85190000001
678377.8869,0
678595.1415,14156.679600000032
678658.8699,27422.250300000072
678749.3994,9202.11950000003
679210.2392,9195.174099999946
679331.4435,9926.325300000026
679387.9498,13495.15009999997
679608.5476,11140.46940000006
679708.6896,26230.245200000005
679733.813,9869.184699999983
680061.4567,8087.841899999999
680168.9578,18264.7243
680205.5547,6045.128399999929
680246.4655,9380.146300000022
680259.4875,23433.833100000047
680404.6769,0
680527.1519,7091.241600000067
680552.0745,13009.04720000003
680582.1441,2478.0829000000376
680614.7962,7041.511500000022
680642.9918,0
680729.0484,9051.302399999928
680761.0985,9369.768999999971
680981.5808,16210.09699999995
680991.8189,7133.386300000013
681082.6515,8178.311500000069
681157.3767,0
681248.3994,5483.081299999962
681625.3527,9668.904900000081
681746.2103,19237.25040000002
681855.79,3230.249400000088
682149.8528,26751.525900000008
682411.3781,2139.772400000016
682420.1616,6547.013200000045
682612.0924,18024.836099999957
683183.182,10834.637600000016
683288.4893,21414.15100000007
683340.9446,0
683513.4852,0
683550.1337,0
683721.1899,17502.84349999996
683741.1728,5203.247199999983
684189.8605,4724.175599999959
684845.7719,3830.854600000079
685060.1214,13757.1375999999
685093.2232,12075.44180000003
685399.3344,15146.276700000046
685537.3349,7621.168700000038
685801.4245,5268.288500000024
686066.9162,17853.24339999992
686299.7814,8127.581299999962
686391.3437,20387.590280000004
686778.9214,0
686856.8258,7696.723499999964
686865.359,16903.698800000013
687057.991,24101.534800000023
687317.7266,8268.81130000006
687389.2736,6720.5768999999855
687464.103,9404.961075
687485.7151,3635.8340000000317
687510.2599,18671.43689999997
687599.9286,18833.024299999932
687608.3186,0
687654.3346,0
687717.091,12288.402000000002
687791.2379,33914.30989999988
687848.4525,21337.65650000004
688221.3301,10046.370200000005
688273.7829,13859.498116666684
688388.2641,5791.439800000051
688727.3132,4661.055700000026
688730.1386,10827.24709999992
688793.6461,1642.091000000015
688806.8421,21381.582799999975
688945.3868,3394.2286000000313
689243.7196,1515.6025999999838
689298.6883,0
689546.5851,3715.462616666686
689724.977,2404.9364999999525
689750.2566,12696.808299999917
689895.9717,0
689932.7015,15692.908899999922
689959.1954,5946.213699999964
689979.5657,6845.493900000001
690050.5509,0
690136.8952,11193.688900000066
690174.1052,0
690188.9601,1070.872399999993
690288.8234,18538.432900000014
690433.5701,2377.020099999965
690715.6618,2161.200199999963
690742.8169,1212.3360000000102
690961.7345,2102.4823000000324
691158.6432,0
691176.7655,3524.015599999926
691347.8119,6765.491700000013
691447.1516,20618.631500000018
691668.0325,2037.6124999999302
691880.1708,0
691980.9665,864.16949999996
692018.8298,7298.055799999973
692141.0394,18537.89049999998
692560.0625,2143.6750000000466
693170.0829,39404.02310000011
693640.0294,4787.0163000000175
693708.2062,687.6325000000652
693777.1961,1953.407099999953
694110.1291,2391.747399999993
694113.601,3768.683900000062
694115.0166,3281.835699999938
694205.7499,15025.407500000088
694270.305,12595.431700000074
694294.9088,6363.272600000026
694419.109,4308.15140000009
694461.5483,12266.910200000042
694912.6683,8302.986700000009
694947.2262,7300.224500000011
694991.347,7213.084199999925
695383.7224,0
695535.3507,4422.156299999915
696015.4522,3755.512800000026
696347.3265,4522.551299999934
696459.7452,12618.808100000024
696807.3894,4204.596599999932
696838.8196,27235.022800000035
696943.331,12351.03859999997
697129.5107,5160.6703999999445
697250.4196,5214.129399999976
697286.2736,3461.3499999999767
697292.3453,26750.33030000003
697339.0684,2068.67220000003
697342.4406,21380.393299999996
697853.4061,12989.572400000063
697959.8092,2104.2430000000168
698294.1164,10536.95160000003
698640.5306,10296.330400000094
698831.767,10806.128200000036
699018.5487,7437.558000000077
699236.6418,6972.90969999996
699404.3999,3541.515199999907
699474.8323,4654.574699999997
699586.2696,5096.626999999979
699863.6915,4472.683299999917
700062.9635,4720.992399999988
700106.2476,2876.409100000048
700154.0285,12537.064299999969
700155.2487,20485.43094999995
700294.4636,5588.363499999978
700362.5358,3142.15969999996
700470.0849,17241.788200000068
700501.4626,4756.676800000016
700704.9375,3536.467799999984
701080.781,6351.111499999999
701219.1834,3567.1736999999266
701242.3142,16752.102199999965
701375.737,3927.653799999971
701394.9646,8466.31839999999
701420.8446,2176.0479999999516
701620.4505,8987.35010000004
701858.9647,8827.451499999966
702067.6176,2705.151899999939
702157.1674,10656.83870000008
702536.1432,12208.46390000009
702629.5674,3214.323800000013
702756.0216,15236.05959999992
703072.9655,5355.783700000029
703098.2366,7615.128999999957
703150.6998,5858.5307999999495
703308.5688,10462.90690000006
703403.0901,5570.432800000068
703447.8295,3469.4505000000354
703999.9122,4103.212700000033
704076.2324,5007.445199999958
704187.3922,5182.771999999997
704199.4096,6003.406100000022
704214.8983,10545.53170000005
704502.6035,23093.19709999999
704815.1638,25798.005799999926
704883.222,10383.5517999999
704940.3159,6048.457800000091
705183.1722,7331.324000000022
705325.0536,4794.66399999999
705422.8243,13833.972300000023
706045.8039,11760.480500000063
706245.9243,6481.0928999999305
706256.9449,14204.587700000033
706357.4885,6188.189599999925
706399.4337,3537.7716000000946
706705.2084,5658.447400000063
706790.0197,5716.881699999911
707185.2536,5880.199600000051
707239.4084,9216.23629999999
707465.0624,7069.759400000097
707525.0622,7318.7513000000035
707913.7302,3701.917299999972
708049.4502,4587.002299999935
708243.677,7704.864599999972
708248.3179,5175.187600000063
708665.4822,10541.82759999996
709029.768,9196.683300000033
709121.8627,14957.294600000023
709436.1208,12630.99450000003
709491.6828,12003.85129999998
709827.2826,30147.101000000024
709892.8591,5667.085300000035
710388.8293,6141.732100000023
710389.5605,6199.463160000043
710510.6765,5588.179999999935
710581.5295,5786.0461999999825
710636.9726,10762.17220000003
710650.878,5114.274800000014
710717.1308,6103.1888000000035
710832.5157,6745.134699999937
710940.7281,7694.9598999999
711336.1647,5798.814699999988
711408.2724,22014.11600000004
711771.935,3964.050500000012
711983.8829,12858.722299999907
712381.2818,7065.650200000033
712613.5973,22007.485549999983
713221.2807,5380.053100000019
713337.4082,14611.448099999921
713345.5089,10513.378400000045
713375.11,5294.762099999934
713587.6237,12882.09759999998
713748.4173,16336.478899999987
713896.5071,18175.690300000017
713994.7786,5383.852100000018
714014.759,3385.0262999999104
714349.0279,4081.723400000017
714354.739,10608.237399999984
714996.2403,8372.517199999886
715172.8712,8768.34460000007
715488.1217,4690.148400000064
715624.403,10715.443400000106
715746.9065,7123.925300000003
715808.3232,7857.583600000013
716051.0733,0
716067.8397,5038.244700000039
716081.3192,18164.726600000053
716166.3006,6492.647999999928
716419.279,12808.269899999956
716602.2644,6070.462100000004
716816.6874,13424.701800000039
716977.1407,20610.069200000027
717509.4637,3273.132899999968
717521.9022,7967.892899999977
717814.615,14496.3652
717912.027,21507.946600000025
718163.2095,11311.981700000004
718805.2581,5062.321999999927
718810.1218,31489.488399999915
719035.6839,3519.723199999891
719158.6085,6270.805399999954
719297.4786,17895.004399999976
719350.5718,12292.10560000001
719368.7931,3763.9629000000423
719557.9347,13646.468600000022
719702.7626,9375.061800000025
720023.6965,10485.579499999993
720038.5131,12107.227100000018
720051.9644,24502.038900000043
720374.8013,14629.156200000085
720491.3802,17751.59600000002
720659.0424,12675.613400000031
720721.7667,9236.336100000073
721135.7812,7593.080399999977
721538.6253,3974.474799999967
721596.7062,3789.968600000022
721774.9015,11012.232399999979
722366.4578,5554.672099999967
722444.3244,7243.092700000037
722488.8373,7384.618099999963
722831.9825,20920.113699999987
723148.7517,13839.627600000007
723478.2834,11333.055599999963
723524.369,23196.882199999993
723598.504,19825.6213
723728.2691,6072.314499999979
724157.2704,20776.945600000094
724200.3847,8312.543200000073
724205.9107,31863.95590000006
724269.7028,21942.565100000007
724637.5922,8316.855899999966
724664.589,12193.142300000065
724790.2923,2734.420199999935
724827.8895,6603.256099999999
725030.9345,6514.773899999913
725216.8572,8383.028599999961
725472.7218,7938.394500000053
725605.179,9938.360699999961
725629.3126,15557.946200000006
725904.6198,8824.606399999931
726010.3381,21331.348160000052
726359.0344,19685.776100000017
726405.3987,15922.79150000005
726534.788,26758.799499999965
727078.5026,8197.56110000005
727201.5222,10904.824299999978
727488.3938,9944.30999999994
727569.9864,8998.800500000012
727972.5291,16968.412700000103
728121.4366,8040.86109999998
728355.7574,10039.842599999974
728357.1759,21342.89619999996
728393.281,12665.79059999995
728595.5855,8798.847300000023
728674.6818,6825.810999999987
728711.4449,7707.652899999986
728746.4189,6288.809000000008
728934.8544,14339.010699999984
729025.5661,3420.297700000112
729133.7522,7367.208699999959
729175.1033,5498.348999999929
729346.9895,28244.922099999967
729562.7042,19521.372500000056
729791.3923,12277.138099999982
730186.1431,33807.036300000036
730549.8525,7373.713800000027
730589.915,40117.15500000003
730640.6723,10808.126500000013
730688.7526,7467.248200000031
730915.6843,7147.927000000025
730938.7673,766.0276999999769
730986.7026,39849.7047
731086.5269,15831.257500000065
731142.3917,17101.344500000007
731189.9252,19889.35990000004
731606.4115,11682.12750000006
731822.8796,1833.8421999999555
731965.8949,10955.72649999999
732006.8485,5073.65989999997
732056.9834,6553.695200000075
732429.9827,9393.928200000082
732579.3657,4803.137299999944
732814.4606,6610.841000000015
732859.193,6731.666699999943
732864.8784,12273.527300000074
732932.9918,6218.207300000009
732936.4607,19063.174400000018
733078.5456,7720.369599999976
733253.5646,4023.128400000045
733310.3155,8352.06819999998
733323.2744,13461.449499999988
733541.556,14186.31549999991
734365.7521,12689.929800000042
734548.8631,15492.007899999968
734913.898,14507.624400000088
735143.6359,11541.382800000021
735730.2946,6333.517899999977
735866.0638,2373.273200000054
736083.5913,29760.98629999999
736532.4262,10989.354799999972
736601.297,15010.078500000061
737488.6076,6866.411699999939
737923.9674,13698.28449999995
737956.4062,19433.537899999996
737987.1454,26287.39120000007
738261.5999,1415.6344000000972
738289.484,12854.546500000055
738716.8321,4927.086800000048
738738.0581,6432.685100000002
738814.5612,18802.504799999995
739183.5085,19145.707700000028
739527.4112,17729.33129999996
739824.0603,7274.12069999997
740005.6869,11038.76079999993
740163.4505,14671.400699999998
740278.1308,14756.079000000027
740476.9866,16135.283899999922
740579.9427,15124.854300000006
740719.0965,4131.118999999948
740723.6715,767.8648000000976
740724.8228,213.9199999999255
740904.4048,9445.718500000075
740932.2012,1694.641399999964
740959.4625,8392.79190000007
741035.4244,24271.41029999999
741115.6318,9106.765400000033
741172.5324,6899.980500000063
741427.4266,23437.475399999996
741587.8512,8607.311500000069
741693.5558,8580.040299999993
741816.9372,14501.453399999999
741818.093,17479.87679999997
742029.6826,9479.098499999964
742175.6232,2681.8649999999907
742337.6181,8785.38169999991
742408.4215,8456.031600000104
742426.493,17568.68960000004
742488.9871,1796.0130000000354
742833.4558,11638.190500000026
742846.9612,0
742931.0309,11236.178199999966
742943.8804,30914.586699999985
742965.921,4626.37229999993
743192.764,11344.547399999923
743359.9851,1917.0204000000376
743418.5257,10749.6544
743426.605,10215.985499999952
743444.8604,26445.313900000066
743446.3657,16757.047799999942
743469.0816,21009.291800000006
743563.3431,10850.691200000001
743754.0107,10480.95279999997
743861.3246,612.2774000000209
743961.9014,10766.590599999996
744077.074,18057.085100000026
744332.9211,2643.3736999999965
744482.0055,0
744600.981,10072.304600000032
744663.8527,10425.375900000101
744742.7527,17308.841799999936
744846.1951,10803.680500000017
744960.6018,14970.558899999945
744985.9145,3696.540500000003
745011.786,22503.401399999973
745151.0794,11116.663500000024
745582.6304,12478.235100000049
745777.8252,18102.672099999967
745868.1968,14212.52620000008
745908.8035,10692.850199999986
745936.2246,11682.712899999926
746040.4551,11321.371700000018
746716.1734,12053.025799999945
746773.9575,16230.944900000002
747268.6281,10355.672299999977
747304.2235,27614.369599999976
747482.3094,11601.610500000068
747562.5295,10810.248099999968
747582.0408,16228.100499999942
747741.146,12087.061799999909
747744.6875,21219.65690000006
747944.1794,28203.432299999986
747976.7669,11766.353200000012
748006.1475,11543.075899999938
748119.9703,24090.48920000007
748182.8499,0
748426.8766,11359.74549999996
748468.3288,13757.239500000025
748633.3859,5587.411800000002
748634.8501,28214.73530000006
748641.0956,11198.186400000006
748698.9266,35907.97660000005
748870.4697,12056.69180000003
748951.9816,23136.912500000093
748995.2642,13439.96233333333
749114.5854,0
749159.721,10793.150000000023
749218.8164,8678.95299999998
749243.578,41964.371799999964
749451.0979,0
749577.1992,15182.842500000028
749620.4415,10085.499499999918
749767.9326,12078.76649999991
749939.567,18817.288900000043
749986.2642,11783.970899999957
750118.2574,13117.166199999978
750208.7839,0
750405.2974,19485.24920000008
750439.0145,16325.485100000049
750885.0963,18573.676800000016
750919.7219,7023.638799999957
751094.7558,22019.38550000009
751162.4709,0
751412.9884,9587.793200000073
751685.3873,10804.753599999938
752157.694075,0
752266.2225,10881.986600000062
752382.5036,12637.677400000044
752448.337,10654.270400000038
752464.0048,22253.963600000017
752465.0391,24569.688000000082
752641.9826,13575.230299999937
753061.5384,11777.525799999945
753092.4329,16380.292400000035
753138.1692,0
753429.4209,13730.082600000082
753487.0761,12494.297599999933
753559.0132,22312.532200000016
753993.1711,15748.5625
754580.2973,7746.587999999989
754858.5729,25364.04740000004
754889.5624,0
754918.6671,10236.02350000001
755092.9357,33502.389674999984
755117.8632,9402.66830000002
755128.5315,0
755335.8629,13264.634499999927
755413.884,13743.808899999945
755644.5961,0
755668.1443,16379.521300000022
755740.8699,6434.534500000067
755803.8322,18188.458599999896
755828.7938,9359.150400000042
756536.7273,18042.84010000003
756737.5413,9513.986000000034
756887.369,18299.265019999933
757027.4315,17807.052699999884
757365.7252,8496.316899999976
757431.7367,31193.305099999998
757559.753,13103.15399999998
757728.2661,11995.193899999955
757874.6245,7622.132300000056
757890.608,8379.691200000001
757901.4922,10233.227399999974
757981.9238,22275.966999999946
758082.1001,15221.072800000082
758234.61,14091.507400000002
758424.149,7483.7182999999495
758688.5402,8367.797800000058
758960.9897,7662.288200000068
759064.0117,1175.0441000000574
759357.0178,7789.086100000073
759455.1649,8530.90949999995
759484.0251,20343.043699999922
759507.3529,0
759524.2187,8565.853799999924
759533.8594,10247.305799999973
759569.829,21696.780800000066
759701.1696,5675.880400000024
759867.2352,7351.594299999997
759952.8778,8119.777319999994
760202.2711,21271.263099999982
760366.247,10294.31640000001
760391.2932,0
760436.758,20191.856499999994
760451.028,0
760776.7946,0
761082.9569,0
761152.3591,11400.521399999969
761484.2546,7566.629700000049
761734.5349,27030.581399999908
761790.6459,0
761964.2366,12195.971299999976
762044.0772,10772.4114000001
762093.2191,9361.884100000025
762105.9093,8751.625600000028
762152.9643,17280.543900000048
762309.0446,7660.245300000068
762361.5287,7509.565799999982
762392.7939,0
762529.3292,21678.711100000073
762597.9877,28438.580400000094
762873.8992,0
763025.8523,5411.040200000047
763046.7714,0
763225.3481,14168.420599999954
763243.6828,22253.90379999997
763369.2376,11202.378000000026
763424.8368,26341.200700000045
763757.9439,5386.613699999987
763865.9429,5948.642800000031
764151.0341,29338.665500000003
764335.1094,8404.764599999995
764866.7723,12194.481499999994
765048.216,11607.809499999974
765285.3343,19836.48259999999
765428.7655,16607.73172499996
765603.1967,0
765779.3316,0
765919.1813,7167.73310000007
765959.2648,8024.335100000026
766201.8442,7222.594800000079
766969.0848,8000.265699999989
766977.0829,24932.9543000001
767113.8156,17098.822799999965
767122.6584,23097.711099999957
767293.463,11388.52059999993
767462.0417,28260.885399999912
767478.3212,10360.569000000018
767509.9491,9330.253099999973
767840.4477,19598.9216
768013.4704,8635.922299999977
768085.4754,31538.099599999958
768094.4462,11894.226799999946
768112.298,8508.457399999956
768144.7032,19015.332700000028
768156.5544,12069.29330000002
768512.5946,8243.475799999898
768813.3973,8472.927999999956
768828.4693,8039.257299999939
768857.9676,20010.29350000003
769018.4234,20475.60859999992
769777.4131,6809.729700000025
770089.959,8329.146999999997
770230.9522,14810.824700000114
770598.1263,7549.162899999996
770618.2249,15726.649199999985
771139.5585,5017.856499999994
771384.0095,11369.558700000052
771816.3899,3459.7927999999374
772015.3238,16743.644700000063
772084.963,13674.418500000029
772360.8382,8705.793333333335
772615.3668,13625.048699999927
772641.4212,5209.8256999999285
773246.3431,24265.39670000004
773261.1247,6456.996800000081
773550.9863,11999.98060000001
774309.9147,6722.132799999905
774313.1321,6271.665299999993
774668.096,16977.69570000004
774708.5175,7037.044699999969
774825.2329,15511.676999999909
774836.6979,8863.552600000054
775242.0507,6685.700799999991
775355.2955,20410.834999999963
775425.6864,16384.615299999947
775461.7565,14300.83739999996
775568.3336,6382.075300000026
775712.426,22481.93109999993
775714.4168,20324.514599999995
775954.1681,11670.9277
775983.3502,6319.24729999993
776132.8494,12144.792199999909
776235.0388,16025.06229999999
776287.9046,18211.002899999963
776310.0798,10088.702099999995
776332.7114,17075.631900000037
776475.353,10394.261900000041
776549.6013,10276.954000000027
776602.3313,5675.593600000022
776660.0731,14643.91120000009
776874.7616,7435.6408999999985
776919.9895,13411.769300000044
777564.4478,7434.1097999999765
-----Simulation END-----
