-----Simulation 0-----
173470.1215,1207.7881000000052
173504.0948,0
173554.6632,0
173664.8614,22816.41279999999
173736.2934,771.2954000000027
173844.65730000002,0
173965.4454,1168.971499999985
174327.2767,1714.0258999999787
174753.4035,2293.7036999999837
174806.9137,22826.203299999994
174809.5472,2325.894899999985
174824.8795,22633.665000000008
174930.4279,0
174977.1581,24484.5466
174989.59,0
175131.756,25905.595499999996
175195.4884,1601.5913
176016.5891,25053.682
176165.0861,21639.287099999987
176210.1324,0
176283.2197,742.5861999999906
176402.5737,26572.481
176478.3314,22201.64420000001
176619.587,23798.766999999993
176737.8864,25104.377899999992
176902.39789999998,0
176941.0676,23371.296000000002
176953.8382,0
177010.9333,21895.085900000005
177062.6734,27095.955400000006
177176.1128,23119.616866666678
177378.1401,0
177558.7197,604.4242999999842
177563.3106,27887.692699999985
177873.1075,24770.516200000013
178025.7777,27918.844199999992
178258.6154,27435.708100000018
178439.461,23480.998300000007
178605.9307,0
178630.3703,26941.06780000002
178746.2217,1400.6394999999902
178886.3698,22.028399999981048
179095.8852,26103.400649999996
179224.6649,26496.61480000001
179260.3604,27803.434799999988
179426.9694,569.206600000005
179933.5759,27779.40029999998
180140.11239999998,0
180175.4833,3693.4487999999837
180226.2125,0
180346.0253,1763.1896000000124
180383.7617,729.6175999999978
180524.0102,6489.880799999984
180524.7018,28261.328100000013
180615.4172,282.6157999999996
180616.7702,0
180619.5005,27437.514999999985
180981.5408,2777.6451666666544
181018.1352,6188.427100000001
181164.1852,5222.66280000002
181227.2378,27814.431899999996
181321.0149,1442.4550000000163
181469.2504,6724.9095999999845
181601.9107,28244.521000000008
181756.8651,0
181848.1086,22735.865699999995
181929.1753,27725.211699999985
182015.7295,29476.998300000007
182491.2304,6842.6468999999925
182503.5572,25733.086500000005
182746.1739,0
182764.9443,1837.2569000000076
182790.5559,0
183054.9933,3606.390700000018
183358.0256,29621.171199999982
184090.9506,28089.076900000015
184359.1735,8636.553899999999
184438.2982,28351.728000000003
184471.131,25880.69199999998
184752.0241,23668.3021
185044.276,28485.665200000018
185077.9862,29413.379600000015
185083.2196,21885.91870000001
185285.393,1137.5298000000184
185320.3223,29042.72583333333
185419.5032,30612.3107
185495.7592,28193.388775
185655.9958,0
185752.7866,8211.566499999986
185785.0758,27185.765599999984
185919.02850000001,0
186050.2587,30893.6489
186087.4336,31463.070799999987
186224.815,29389.819300000003
186572.4678,1175.3203000000212
186679.5513,0
186685.9267,28308.179400000023
187068.6555,6912.855199999991
187192.7284,22944.180699999997
187300.1834,30748.440200000012
187376.3918,23739.024800000014
187620.427,31885.827299999975
187650.0622,27820.7034
187696.7597,29540.492800000007
187949.9679,6482.992899999983
188165.2146,30885.330600000016
188324.8431,22154.207999999984
188352.1273,31343.955399999977
188551.2481,11276.304899999988
188979.6518,11841.434399999998
189050.2891,0
189375.3288,9551.660999999993
189734.5102,27835.306699999986
189796.1834,21841.584700000007
189841.1512,31741.374699999986
190062.7366,3879.042300000001
190366.0577,10361.758200000011
190591.439,31379.985000000015
190692.1242,0
190877.4206,7291.936400000006
191161.9005,31694.951566666656
191181.7228,6791.976999999984
191352.2836,29013.193
191491.4732,3448.873900000006
191894.3481,8073.728200000012
192163.2634,13698.107499999984
192299.6088,33212.28199999998
192809.4368,29396.21589999998
192879.6007,14786.306700000016
193005.5243,31806.086499999976
193139.8912,0
193195.0875,0
193202.3028,14449.64790000001
193492.0512,31289.05899999998
193684.8456,7026.010100000014
193704.5575,14217.964700000011
193783.1896,5939.849100000021
193831.4253,32351.6967
194135.1099,6724.658000000025
194248.4002,27868.29966666666
194529.9312,13735.516699999978
194697.4061,31184.415799999988
194698.7744,7038.261499999993
194707.0141,31003.7727
195149.9301,15644.95240000001
195253.9175,31749.247400000022
195451.8328,0
195610.1029,36582.55249999999
195686.4152,14118.4571
195741.23609999998,0
195918.1629,32916.230099999986
195984.5715,34717.54389999999
196015.9535,12316.450200000021
196242.768,14981.419100000028
196428.1985,31587.24840000001
196474.1016,35201.365699999995
196540.9768,30955.189459999994
196607.9546,0
196880.0074,15393.784400000004
197311.1844,33722.5753
197497.5827,35470.8345
197590.0359,11746.635500000004
197668.6921,37471.28289999999
198198.3237,35195.591400000005
198341.4805,14051.425099999993
198455.2382,14361.350399999996
198483.981,35797.3897
198628.6504,14415.164000000019
198733.8699,15272.25449999998
198768.9361,4578.383299999987
199140.2985,14739.168999999994
199197.3006,37622.7236
199224.5584,33785.260500000004
199275.5317,15002.334600000002
199423.482,11410.34759999998
199811.6286,37082.475399999996
199834.4526,14456.813399999985
200011.9395,31345.582200000004
200130.2149,15549.507099999988
200210.94150000002,0
200265.9638,32495.99429999999
200705.8976,35194.018500000006
200751.5277,15292.046400000021
200814.7934,0
200983.221,16851.713799999998
201015.306,3962.5529200000165
201086.7904,3637.9282999999996
201233.2743,0
201317.9813,1781.4105000000272
201833.9981,31507.329800000007
201881.5315,31557.841800000024
201912.7867,37183.4602
201940.624,38206.6856
202215.519,16334.59090000001
202426.8045,18825.38399999999
202613.1458,39198.532799999986
202683.5173,38084.18540000002
202846.0802,37846.794399999984
202933.9733,37307.6703
203166.2937,18170.7267
203237.4591,7504.669699999999
203260.9259,35366.307100000005
203329.0379,34261.657600000006
203333.9078,14828.565799999982
203382.8696,0
203675.4412,19056.497999999992
203769.7742,35742.93040000001
204014.5168,37371.14630000002
204076.0952,37582.73200000002
204122.473,0
204162.562,15083.359499999991
204362.4458,31896.5968
204368.8533,17177.31719999999
204394.3705,0
204407.6235,37118.97079999998
204474.9781,37091.5753
204537.2724,37090.99399999998
204579.8355,17571.43339999998
204605.6579,17430.6826
204682.1963,33973.3573
204949.0936,37729.110199999996
204971.1155,15150.670299999998
205051.2737,6229.524399999995
205323.6287,16823.093800000002
205367.9338,37616.52100000001
205389.7574,18187.527899999986
205408.6034,18617.913700000005
205447.9396,17817.4663
205477.5234,35654.00160000002
205677.5944,0
205678.8809,18831.017899999977
205818.7289,15203.991799999989
205864.8855,17866.50839999999
205953.7882,16486.434899999993
206216.0206,0
206222.0358,18251.8652
206345.4741,36773.05929999999
206491.152,35574.51449999999
206504.9821,37584.361399999994
206546.8587,37362.77660000001
206758.2782,38191.56570000001
206912.9084,36555.58479999998
206915.1497,17830.3744
206965.3041,15472.621600000013
207061.274,18555.803199999995
207335.2436,18118.397299999982
207433.4158,17582.28039999999
207661.8934,37403.5398
207755.2182,38368.65312500001
207835.6594,17734.602600000013
207913.4124,38493.63829999999
208010.5915,18693.264400000015
208012.5731,38020.2157
208116.5069,13751.435160000023
208252.3902,15781.363500000007
208332.3192,37474.0815
208396.7585,17195.80410000001
208534.6978,37739.63259999998
208952.0633,38254.6783
209020.9433,38179.96450000003
209104.9932,37472.70670000001
209339.7606,6568.713700000022
209479.1313,15943.326700000005
209511.6857,37698.04060000001
209674.8452,38009.250900000014
209917.0626,37832.715599999996
210053.9781,17324.41010000001
210371.2893,18735.064699999988
210438.8646,32392.8946
210502.6396,17822.471300000005
210940.8709,18023.393100000016
211163.1401,38725.6513
211211.0073,15380.329399999988
211248.5802,38642.8677
211448.9129,37518.3921
211467.915,37779.37250000003
211473.9979,33157.857499999984
211577.7129,16490.46280000001
211578.5807,37516.47779999999
211705.8038,19417.65049999999
211856.8015,18170.496400000004
211896.7694,37539.61780000001
212037.7666,0
212065.6321,37506.07759999999
212169.7486,17746.121400000004
212211.2975,37688.83429999999
212341.7378,38949.306700000016
212575.85,39159.57830000002
212587.435,15742.108500000002
212628.9977,38483.662899999996
212666.5856,0
212684.3842,17563.551299999992
212702.9088,17510.550199999998
212891.6472,37660.3002
213048.4267,18216.701500000025
213052.5061,37625.95939999999
213114.0518,19152.58779999998
213337.7774,18147.358399999997
213339.2368,37943.03470000002
213611.708,37873.87480000002
213850.1751,20423.726999999984
214025.0446,38954.04120000001
214150.5419,18145.420700000017
214240.3608,38324.4969
214273.3685,18452.363000000012
214305.1896,21863.53760000001
214351.2968,19007.7194
214358.4682,17607.574599999993
214589.3118,18348.3989
214698.5553,38198.32210000002
214702.0752,21972.348299999983
214734.8925,18311.756999999983
215153.101,17899.923699999985
215199.8893,38283.9167
215356.8562,38558.28910000002
215713.2552,18206.116800000018
215806.7148,38360.07449999999
216014.4044,18241.197799999994
216108.463,37712.93649999998
216126.9847,38842.32920000001
216547.1695,38500.582800000004
216620.6909,21953.340199999977
216633.3617,39619.25959999999
216817.6013,38469.04640000002
216852.1968,21300.965800000005
217069.4859,17655.695099999983
217202.6888,15980.074699999997
217230.1203,22133.346300000005
217311.0857,40146.97779999999
217432.9003,38719.92730000001
217459.5436,20021.574699999997
217700.7971,22016.197199999995
217777.3266,18006.7531
217935.4349,38143.00719999999
218015.8276,37826.586899999995
218164.9608,38669.42689999999
218420.0839,38749.94039999999
218505.1118,38250.95570000002
218566.6632,23202.074699999997
218572.2343,0
218806.6067,21568.44380000001
218841.2896,38303.0606
218854.5213,18944.975999999995
218954.6965,8192.75099999999
219264.5804,39683.133700000006
219426.9269,41231.26719999997
219507.2425,38670.2812
219546.3277,19099.281699999992
219569.9474,22036.131699999998
219667.1002,41924.20969999998
219705.3551,31269.507899999997
219861.5831,38599.510699999984
219876.4164,42402.304599999974
219957.8281,16530.105900000024
219974.0091,39881.7623
220015.3927,42140.53169999999
220347.4611,37426.10439999998
220406.0645,19124.5778
220596.0256,38847.95789999998
220971.8016,22230.4994
221053.3958,39422.1679
221150.507,23785.545899999997
221360.7104,24532.574400000012
221391.2009,41325.69870000001
221499.6013,41165.931300000026
221514.9144,0
221545.7526,42697.30800000002
221618.2806,22619.117900000012
221821.8553,22691.741099999985
221847.3874,39175.1299
221866.8965,42673.1979
222041.5709,22878.14929999999
222069.6507,23990.5374
222070.1782,42118.01999999999
222320.9635,42837.960300000006
222514.1544,42142.2721
222540.7244,23912.207200000004
222628.49099999998,0
222661.2028,43073.678600000014
222767.4438,21458.18850000002
223034.5418,42465.93180000002
223059.4415,38690.495199999976
223118.123,36273.15729999999
223236.9234,19802.06270000001
223311.0757,42566.361199999985
223512.4803,42724.28940000001
223517.5173,19177.66320000001
223793.3157,23197.161500000017
224081.008,40039.24419999999
224139.578,42791.008300000016
224386.6539,22209.70610000001
224413.5184,22631.32149999999
224447.8126,41812.6813
224966.353,42820.4117
225009.4592,39807.38740000001
225323.3197,20784.461699999985
225366.5349,23179.479900000006
225489.9608,21854.85680000001
225520.3428,42113.87280000001
225641.9493,20765.022100000002
226011.8347,23888.85620000001
226208.398,20072.524799999985
226263.5173,24326.19099999999
226400.1353,20360.564400000003
226484.4156,21694.207400000014
226612.598,23828.04329999999
226690.4944,22431.69159999999
227020.7543,42826.23860000001
227030.6866,40919.135500000004
227094.5425,39606.6036
227152.4565,41827.437200000015
227228.5683,20359.621966666688
227266.9833,0
227323.4946,23587.320600000006
227343.6333,24162.147399999987
227348.5706,20264.30799999999
227359.5115,23418.1501
227502.3203,42528.37820000001
227580.3217,19556.969199999992
227770.2819,0
227911.8808,42149.27050000001
227988.7454,19807.111200000014
228028.9502,26503.365699999995
228047.8555,0
228076.7032,26118.622700000007
228080.3587,22917.298500000004
228201.7407,26363.54860000001
228243.2554,44651.06519999998
228372.4176,42958.01689999999
228482.3664,19805.015599999984
228702.4683,35544.52660000001
228823.4894,42691.7812
229180.7352,17684.879799999995
229185.604,23494.057499999995
229229.2135,23980.780400000018
229288.3906,23009.352500000008
229388.6607,42676.04740000001
229479.4377,24272.51329999999
229485.6487,23915.977199999994
229591.1313,43575.568100000004
229803.9502,25928.067099999986
229850.1808,24451.38500000001
229889.6519,24974.308900000004
230016.3828,47459.53049999999
230016.5049,42966.399800000014
230099.0061,43585.17619999999
230185.4251,25903.484799999977
230226.7088,41411.0404
230294.1443,23484.718300000008
230425.4263,40612.04729999998
230435.8778,42610.105499999976
230443.5458,26132.868300000002
230516.4982,22634.261599999998
230529.9902,42584.58470000001
230739.8158,42904.623500000016
230858.1004,24070.879599999986
231312.1107,24437.565199999983
231370.3836,24026.092999999993
231387.6029,0
231586.9992,40692.880799999984
231681.8832,46665.922300000006
231723.6802,41301.03140000001
231837.3069,24925.8156
231909.3852,42721.438399999985
231956.1393,24495.83110000001
232151.9711,24667.442899999995
232260.3068,40623.73689999999
232452.543,24786.98509999999
232514.8179,24001.960300000006
232617.9316,24525.685600000026
232729.618,45292.212299999985
232836.5494,39976.59639999998
233079.2834,45040.73809999999
233172.3723,24860.527100000007
233234.96,20204.33369999999
233263.6182,43740.59520000001
233377.9731,45483.329
233575.3427,44076.78
233597.9018,24057.321200000006
233684.4668,23287.71789999999
233721.3567,24623.920899999997
233773.8861,45552.97279999999
234202.2589,46750.7101
234274.554,43827.69469999999
234465.207,25521.54269999999
234548.0889,0
234585.0667,24436.215800000005
234765.9574,45341.16480000003
234778.1354,46191.258300000016
234956.8846,45957.9987
235408.34,26018.420699999988
235551.3287,22761.460699999996
235649.263,25878.2371
235854.8231,25145.796300000016
235938.7101,41627.83470000001
235986.3906,40379.27410000001
236074.368,25452.93829999998
236183.3544,45849.78450000001
236541.259,42122.03579999998
237092.9051,42386.89009999999
237149.3691,24749.809500000003
237183.5567,24749.7273
237203.7995,48816.5
237712.8827,47456.4246
237775.4449,42826.959
238075.5305,48203.899999999994
238519.6906,27096.5533
238655.6561,48234.1378
238876.7712,45771.61749999999
238932.5977,25249.792800000025
239178.5434,44987.69829999999
239353.2498,45621.110400000005
239601.3787,26978.569799999997
239631.5443,23576.555900000007
240115.1461,25125.815500000026
240145.5812,43106.3008
240205.4012,27002.65849999999
240219.2738,48113.97939999998
240661.8255,20221.915700000012
241144.9676,19946.182
241335.9754,27727.292799999996
241381.187,46947.88269999999
241727.7677,49869.681899999996
241911.4759,22501.768099999987
242126.8862,46704.11110000001
242182.1048,44343.284199999995
242183.894,51095.736200000014
242437.5093,26307.314700000017
242569.9745,48015.77559999999
242985.0379,48321.19199999998
243326.2156,44589.67199999999
243339.2872,44079.95549999998
243427.1413,27649.112399999984
243441.6412,24199.793000000005
243657.2773,26184.805899999978
244013.8092,29287.079999999987
244165.9065,30196.21920000002
244267.677,27212.788100000005
244574.1586,51658.552800000005
244774.0105,26839.052400000015
244819.6736,31326.791600000026
244993.5465,50674.211299999995
245145.8812,20034.995400000014
245220.6874,43415.36919999999
245562.1628,5280.231700000004
245577.4064,44797.38260000001
245681.4661,24201.884099999996
245813.4348,29237.947199999995
245902.7413,42681.58379999999
245988.7364,52641.4889
246030.5242,1965.729800000001
246147.6241,32281.579899999982
246411.3123,53953.6648
246547.5266,46345.053600000014
246549.5537,26881.821599999996
247258.9277,24892.561400000006
247473.0277,32504.625100000005
247659.6044,24655.69099999999
247801.8445,53219.46470000001
247809.3514,3678.505300000019
247886.2608,6836.1494999999995
248041.8969,31687.22999999998
248220.8201,32200.922100000025
248315.5947,42719.52039999998
248507.8368,54373.91199999998
248583.8528,51074.34419999999
248656.2046,29188.65359999999
248784.0274,42338.092799999984
248875.1783,54764.3052
248975.6265,25595.722500000033
249059.7111,53874.65069999997
249083.2158,32891.6948
249225.0156,51492.78650000002
249378.2119,54945.22570000001
249589.6158,26106.133
249882.7211,52834.203699999984
250818.3009,33417.37710000001
251182.573,50748.19870000001
251237.0643,29383.33600000001
251481.1662,35018.198399999994
251522.9665,26465.45120000001
251574.5968,34958.7506
251646.8146,32626.07990000001
251902.285,34511.008899999986
252220.5928,34342.139200000005
252373.6889,43713.23269999999
252507.7349,55487.71490000002
252521.4552,55803.2745
252727.3422,34807.85340000002
252985.4494,33956.88260000001
253053.2119,0
253098.5262,35105.801999999996
253113.1017,28206.925300000003
253366.5347,32019.060499999992
253415.3488,0
253494.8548,36042.90359999999
253624.609,33337.55530000001
253678.3805,51781.89139999999
253990.8813,54866.244200000016
254015.3316,55235.62720000002
254057.0592,25528.73000000001
254075.636,1812.7355000000098
254213.8489,48015.48920000001
254216.4434,34839.1507
254296.0953,35236.58759999997
254343.7485,27505.757299999997
254398.69520000002,0
254457.7402,33599.380000000005
254554.003,51736.16459999999
254613.8747,36488.52779999998
254844.904,18149.087100000004
255029.4445,55791.14600000001
255074.4749,33131.288499999995
255091.8334,55277.62330000001
255179.5014,56704.80739999999
255337.4935,30674.332200000004
255516.8203,54749.7568
255622.1148,55925.134700000024
255922.7327,57705.8817
256135.6364,52758.500899999985
256167.342,24300.75510000001
256207.3827,36768.226399999985
256297.7546,16254.456399999995
257584.8706,53420.18109999999
257591.047,35423.677200000006
257933.7065,33783.975999999995
258087.8956,59874.6789
258199.4885,35968.73180000001
258256.8397,58271.90090000001
258475.8208,54087.19789999997
258577.3436,36329.174299999984
258596.9869,31879.865299999976
258708.5787,36436.855900000024
258957.8631,36108.91379999998
259012.2628,48409.59109999999
259075.584,59031.76310000001
259191.6494,37651.8358
259226.479,57778.6667
259315.9234,4339.3127000000095
259412.6115,58566.41099999999
259704.1536,36128.725599999976
259726.4965,56095.70730000001
260334.8297,5036.376900000003
260595.5444,36870.302200000035
260773.9388,36494.23730000001
261331.1044,37304.06170000002
261496.1557,36279.77549999999
261608.5942,47291.961699999985
262087.4885,35637.8137
262124.6864,36757.097033333324
262145.1206,37595.82840000003
262424.6,53157.64219999997
262611.5067,57438.06680000003
262940.8875,36055.418999999994
262987.6922,61996.2788
263214.1848,36827.472299999994
263225.0943,59013.74410000001
263262.7428,61985.3431
263275.008,32444.57389999996
263475.135,62605.320999999996
263786.4787,55739.93999999997
263813.4068,31443.59720000002
263881.61,62621.60579999999
264326.5737,37320.87600000002
264386.0373,56760.20940000002
264421.5251,48186.335100000026
264540.3629,59150.970499999996
264686.026,36761.219700000016
264729.5903,35959.84379999997
264823.9353,0
264883.2512,33386.633499999996
265001.3976,36695.74180000002
265238.45,37768.03210000001
265384.4926,36113.04879999999
265434.7216,60877.70069999999
265523.514,63489.73730000004
265593.2465,38215.61050000001
266148.8577,31479.20669999998
266492.2591,61771.63170000003
266531.2446,37330.72849999997
266638.0488,58779.734999999986
266856.4086,38021.73790000001
267442.6867,7700.035500000027
267684.287,58309.79330000002
267865.2566,38206.91900000002
268136.6861,63726.35739999998
268231.5411,63699.78249999997
268359.7236,37249.05980000002
268439.9921,25674.055299999978
268646.0283,52601.073399999994
268694.581,37969.39380000002
268750.5992,63749.389999999985
268835.9706,38042.51389999999
268891.6284,37332.55489999999
269141.5044,37727.55759999997
269274.2864,36870.24059999999
269474.9689,8213.66319999998
270058.855,61352.538899999985
270072.7988,63604.61929999999
270396.3043,63793.826300000015
270508.2414,0
270548.0531,64300.063000000024
270985.2904,58484.365900000004
271030.1356,63957.35399999999
271147.2051,64411.438000000024
271331.7282,57370.528099999996
271498.0405,61334.43580000001
271576.1148,35759.85329999999
271738.0703,49152.58470000001
271787.7217,39659.4987
271875.0705,37437.19659999997
271883.4905,66437.23906666669
271994.6244,36423.77039999998
272024.9711,65036.348800000036
272064.5619,37535.59309999997
272258.0576,37986.315
272553.8681,41462.54600000003
273075.8956,64674.4828
273157.0936,41471.20330000002
273214.266,38740.051800000016
273458.1693,0
273793.1988,64684.5062
273794.4953,35159.08559999999
273851.368,65758.69780000002
274079.4953,62053.88219999999
274425.379,31615.123100000026
274560.2984,41363.81552000003
274720.7192,39279.7053
274780.4184,66300.44430000003
274843.0699,61703.16639999999
275135.7409,66470.36079999997
275588.4265,63509.4253
275697.1229,0
275727.1108,61437.801200000016
275838.0624,66670.46539999999
275845.9154,39271.65580000001
275867.7374,39424.096099999995
275869.6286,41626.6189
276099.3211,40842.89139999999
276196.7762,37711.45120000001
276291.503,41492.60170000003
276359.8073,36162.12029999998
276434.082,65492.08849999998
276665.226,63643.47140000004
276831.1782,40852.83720000001
276949.6774,67464.21989999997
276981.176,21077.430899999978
277041.195,66045.62790000002
277169.22,66526.95369999998
277175.2991,41648.485600000015
277339.6097,66095.28169999999
277424.4376,9463.729700000025
277578.721,60360.19870000001
277592.3661,66254.46159999998
277834.1016,66306.01819999999
278093.0756,66557.90729999999
278122.2266,67174.5778
278300.1373,40812.2206
278483.4685,62153.39020000002
278895.8122,65698.31769999999
279020.0509,41197.251699999964
279023.0394,66648.8663
279047.3071,35895.39829999997
279094.1177,41659.46369999999
279162.3965,65322.20009999999
279166.4086,64456.32980000001
279623.3823,42104.114700000006
279782.3199,65231.10820000002
279909.2128,41628.049499999965
280095.5194,37328.812799999985
280432.4532,64292.2549
280435.9008,65882.45019999999
280516.5973,41849.930700000026
280961.5732,42002.97939999998
281049.7779,37224.874899999995
281225.071,39094.7292
281342.1965,39145.365700000024
281435.606,43136.42690000002
281651.1406,65795.99539999999
281836.0938,43360.32499999998
281996.765,64389.166800000006
282211.5768,64983.60789999997
282250.1763,66253.5516
282264.957,42307.909400000004
282286.897,42699.744399999996
282649.827,0
282659.13529999997,0
282669.5956,41527.03950000001
282797.137,42060.495599999995
282918.4151,65328.79209999999
283100.5109,64999.8272
283208.1022,40980.688400000014
283215.8229,66412.10120000003
283727.7848,65631.49220000004
283779.3141,42051.37930000003
283893.9829,41295.3235
284146.244,41706.2359
284419.6766,41342.75570000001
284548.1668,41561.0067
284697.3753,37952.337300000014
284751.9309,41338.26529999997
284777.3791,65211.38590000002
285083.6358,65383.35009999998
285246.6471,64977.51310000001
285356.6984,41529.1661
285472.267,41711.158999999985
285934.4636,65285.72980000003
286044.1826,65097.70079999999
286049.1786,66745.53039999999
286090.96,65770.61010000002
286148.6217,65659.5173
286177.7683,65326.4676
286204.2034,42105.03608333334
286322.7298,41458.308299999975
286363.7657,64489.67669999998
286792.8344,63983.79060000001
286956.7302,38179.71849999999
287106.034,41473.28689999998
287160.3324,42159.31310000003
287423.6674,64794.60699999999
287510.1885,65585.8602
287560.1726,65372.35009999998
287592.1737,65643.67959999997
287635.1281,42418.55669999996
287638.0764,65179.009700000024
287656.4524,63964.79490000001
287657.3778,65102.202300000004
287703.0775,41666.25270000001
287770.4751,0
288073.0602,42606.57390000002
288259.9853,66690.1153
288290.1604,63997.220499999996
288387.9557,42157.8089
288472.1925,41932.129400000005
288654.5683,39061.49779999998
288679.7152,63893.578099999984
288770.8435,42982.67360000004
289112.9022,41449.543800000014
289173.3799,64965.62539999999
289273.5123,63425.13270000002
289293.7345,42077.37850000002
289443.7169,66663.8308
289521.6995,67460.16509999998
289537.1488,63672.48210000002
289862.7187,63656.822000000015
289899.9204,0
289910.677,63790.73680000001
289923.1022,64192.17540000001
290055.1387,41508.356300000014
290142.0981,41945.164300000004
290154.3326,65147.52316666668
290294.1556,63454.0361
290318.7117,66225.3516
290440.2433,63918.962099999975
290454.6731,41531.12320000003
290460.9824,65690.12549999997
290475.4337,64838.53820000001
290512.5841,63946.77269999997
290701.775,65359.959900000016
290866.8851,42200.79840000003
291034.2692,42765.02709999998
291254.9187,63367.67519999997
291361.7879,66436.98869999999
291438.7214,41957.27629999997
291556.211,42059.81940000001
291568.1175,42512.54799999998
291602.4044,42012.135899999994
291697.4738,42509.511499999964
291802.7438,62573.4356
291873.4711,65325.46820000003
292042.2064,63410.72570000001
292292.0791,41205.77569999997
292556.8753,8232.524200000043
292574.7597,63855.19630000001
292766.2628,42019.03600000002
292780.469,41393.72439999998
292940.2095,43232.63329999999
293088.6235,41862.14849999998
293151.6488,42999.91950000002
293354.0581,40549.70650000003
293368.5645,42379.29109999997
293374.3178,42340.29530000003
293413.6662,63735.75159999996
293812.6524,62919.02660000001
293831.2468,41744.903900000034
293859.746,41628.63069999998
294112.0317,62363.03599999999
294183.1594,41729.99550000002
294469.3906,64124.040099999984
294471.6314,40672.87560000003
294472.673,42554.738300000026
294679.3904,65765.10579999996
294802.6626,65544.88759999999
294907.9454,42163.44770000002
294926.6779,60834.09760000001
294930.8098,41080.9987
294951.336,40793.32490000001
295006.7365,40327.09270000001
295031.4602,62474.837299999956
295085.3933,42390.5307
295213.8811,60891.95616666667
295271.8828,42451.004600000015
295424.2336,61748.83069999999
295528.1346,61250.95929999999
295532.6278,42239.995200000005
295616.8573,62598.32429999998
295851.666,40023.618200000026
296022.3071,64644.02119999996
296321.743,60403.8162
296335.0774,40084.93340000001
296397.6124,64039.75059999997
296411.6634,63568.342000000004
296882.5508,61703.85790000003
296958.5112,62369.86110000001
297088.6658,65194.6103
297169.5628,62675.424
297294.0517,63193.13400000002
297331.514,272.76840000000084
297673.0797,61588.133700000006
297742.2385,42211.16989999998
297768.2652,39827.94750000001
297898.1637,40249.76759999996
298125.1277,63313.82210000002
298168.2504,42087.72740000003
298171.6281,42169.08879999997
298180.5787,42437.32010000001
298194.674,60016.97469999999
298225.4126,39408.99239999999
298250.4846,41810.49250000002
298285.1042,40140.93340000001
298368.6114,63439.84849999999
298408.796,39525.93099999998
298425.6662,59122.236999999965
298701.3581,61505.10130000001
298859.481,41892.39020000002
298888.3459,63432.58270000003
298896.377,60306.87659999999
299075.7736,40302.43320000003
299175.0327,42215.47479999997
299197.8154,41935.426800000016
299338.92,63917.9706
299339.6122,41821.932699999976
299483.1387,40276.07010000001
299512.5848,60051.076300000015
299587.5256,40116.6459
299595.4365,39622.2046
299656.3579,60975.1698
299663.05,60210.07309999998
299676.5082,59831.792999999976
299703.5413,60846.54859999998
299712.6174,60061.18559999997
299720.3285,40865.495400000014
299836.8372,40866.72360000003
300034.4674,64293.50940000004
300128.8414,39994.79489999998
300276.6166,41623.3199
300497.3024,41687.567699999985
300636.4682,42261.927399999986
300739.1301,41754.4265
300893.1438,40409.859400000016
301104.1495,63996.365500000014
301253.3763,60203.91519999999
301326.2477,60889.210699999996
301339.2187,61967.591400000034
301457.7512,4309.580200000026
301580.1397,41412.494999999995
301598.1658,61746.709780000005
301600.2077,63455.52350000001
301772.5102,41630.37157500003
301936.2704,40588.67609999998
301968.3321,41768.29209999999
302004.6354,61064.690500000026
302191.2609,61092.72913999998
302229.4271,63750.221699999965
302231.1756,60656.854100000026
302345.4312,59877.514800000004
302661.7118,41079.689399999974
302722.5016,41750.33320000002
302764.539,60271.90499999997
302838.5033,41127.60499999998
302850.8903,62293.98590000003
302886.7091,59911.24859999999
302918.3436,64453.63480000003
303147.3338,39920.04390000005
303296.2068,60253.09229999999
303436.8658,41593.56680000003
303493.051,61193.12599999999
303610.6582,41115.05229999998
303730.7935,40580.837300000014
303766.5432,60529.16340000002
303888.2374,61005.496199999994
303936.8851,41083.773199999996
304137.1016,60231.92259999999
304139.8616,60006.032799999986
304152.7317,40520.344700000016
304338.1865,65016.07010000001
304528.1853,61383.86050000001
304545.3378,63729.30609999999
304751.441,42407.99249999999
304837.9047,60576.41400000002
304935.7855,41180.88870000001
305025.2285,59453.61660000001
305175.1498,58752.86500000002
305336.26780000003,0
305475.9327,62511.1949
305520.0927,62506.04019999999
305547.3338,42324.623100000026
305555.5055,58899.96000000002
305603.4432,59330.45149999997
305863.4157,60431.3812
305865.5964,41219.86469999998
306166.5165,59613.26780000003
306214.183,60281.54250000004
306239.1029,42441.601199999976
306421.3015,40466.0061
306460.856,59298.12580000004
306663.7553,41563.53169999999
306775.4343,1316.3827000000165
306793.4339,41517.36460000003
306816.0002,41265.610800000024
306959.9148,59217.75070000003
307540.2975,41013.18909999996
307638.1149,60442.39349999998
307986.8929,41212.730299999996
308061.2896,58924.80340000003
308297.6384,58377.01130000001
308486.793,60456.345
308497.4135,41031.553200000024
308535.6905,60475.441100000025
308552.2372,58327.56979999997
309107.7124,60569.57460000002
309154.3344,59040.824516666646
309163.8775,59308.73190000001
309182.1606,40542.44630000001
309222.2048,41720.2904
309229.1342,41097.87299999996
309368.1654,41630.58380000002
309794.8346,41390.86560000002
309846.9778,58358.39249999999
309962.0285,58015.85230000003
310103.773,60711.92689999999
310171.8844,61318.3492
310216.4116,58944.033799999976
310248.769,58010.135499999975
310319.9953,41124.09460000001
310513.8862,41087.75650000002
310626.6221,41041.86779999995
310658.0572,41191.9742
310731.2698,41138.68900000001
310760.0064,60585.56020000001
310886.1317,42274.57770000002
310908.1245,60254.841799999966
310991.4513,58150.25720000002
311132.7211,58001.341800000024
311334.8256,57988.54199999999
311550.813,41519.11379999999
311557.9268,39908.31090000004
311688.1766,41668.225399999996
311796.5744,41717.32659999997
311980.7769,61048.23329999999
312133.1656,57975.5472
312190.2535,57886.39289999998
312202.6182,57730.63150000002
312321.0603,57669.73700000002
312325.8176,42313.81320000003
312383.9099,57661.01650000003
312611.6218,59537.96300000002
312880.009,40435.894700000004
312929.2373,58822.17659999998
312985.2644,42471.02879999997
313043.1153,40801.1985
313110.504,58321.70670000001
313514.0869,41450.79469999997
313547.5854,58788.26709999997
313548.6943,42733.288100000005
313775.7148,58265.1042
313926.1504,61321.30989999999
314120.8567,42634.760100000014
314161.1815,57702.27410000001
314165.53,65697.83790000004
314303.9565,57501.85029999996
314307.182,42737.0661
314388.9497,42397.7806
314419.4949,42710.78049999999
314462.5248,42302.57700000005
314464.7639,0
314534.82019999996,0
314624.9388,38764.60840000003
314632.2931,41586.36910000001
314711.7064,56988.90930000003
314721.8368,57786.56449999998
314726.6368,2975.9352999999537
314739.0387,42399.05099999998
314769.6389,59663.73276666668
314814.0325,40765.228
314884.1574,57123.38560000004
315021.0375,57487.231899999984
315110.2458,42297.88279999996
315133.9896,57867.98939999996
315135.0333,58121.03660000002
315520.6509,59509.8811
315665.7902,42808.32520000002
315739.8312,43101.70199999999
315876.405,40608.07250000001
316011.3279,41762.87809999997
316110.3417,58022.86539999998
316194.1143,57992.72530000002
316255.7261,44036.94
316386.7841,57948.8523
316586.8877,57585.55800000002
316807.1897,57767.66099999999
316939.0597,59354.83679999999
316951.9638,41079.47080000001
316994.3996,57637.546900000016
317030.1841,61101.36680000002
317078.1577,43379.946799999976
317259.4497,41455.39649999997
317362.3418,42053.44529999996
317387.5771,57515.8591
317447.2552,58399.024000000005
317630.2476,42662.366500000004
317795.5073,62976.78019999998
317798.8245,60297.31839999999
318006.4514,43973.94450000004
318121.6447,41811.90889999998
318188.5474,57975.87949999998
318209.0456,58701.39630000002
318216.8241,57387.57310000004
318346.9834,44463.043999999994
318511.861,57541.881599999964
318595.5468,42655.64559999999
318892.6075,60683.53759999998
319192.5132,6307.461899999995
319230.7203,64424.72597999999
319638.6778,57259.403899999976
320077.5177,44339.268900000025
320711.9602,58905.38209999999
320826.8941,45384.46099999995
320965.9833,57665.428000000014
321070.9969,45431.77450000006
321184.1646,57752.90789999999
321188.4649,57578.45510000002
321200.7088,41447.20410000003
321275.6327,57352.179000000004
321484.8557,65045.2292
321504.8,57958.50209999998
321680.1277,57631.24940000003
322534.2397,42533.3198
322739.2309,41633.115500000014
322845.7062,58155.67139999999
322967.6447,61324.1985
323072.7837,41984.936400000006
323149.8307,42468.532200000016
323227.6686,57248.529499999946
323337.518,43320.083399999945
323596.9128,57468.43469999998
323832.2844,46685.57169999997
323875.0938,57183.27189999999
324074.1816,40285.02540000004
324159.4156,44686.764599999995
324170.6088,47623.75199999998
324177.6011,46520.230100000044
324312.3385,0
325124.2967,58887.532799999986
325155.0239,45010.81169999996
325214.6111,0
325526.4967,44380.25959999999
325592.2937,43621.0612
325768.9456,49556.84820000001
325787.5743,43826.9019
326041.9559,41650.474800000025
326166.6743,50425.7267
326289.453,45160.18679999997
326424.1068,59573.80499999999
326456.1493,44142.662899999996
326482.4373,45176.3236
326557.0139,60735.82819999999
326686.8939,60616.62850000005
327094.201,57728.40890000004
327102.5231,41118.23790000001
327267.2891,59506.77389999997
327629.0071,60829.124699999986
327765.9123,60780.410525000014
327799.1876,50143.71059999999
328119.5363,57345.6764
328212.7556,50089.85579999996
328453.6613,43835.035999999964
328637.9479,43378.97498333338
329067.8105,58306.58370000002
330064.8075,57320.6568
330083.7127,43450.45319999999
330437.0471,58053.67380000005
330527.4286,58014.302800000005
330823.2793,63156.160199999984
330926.6054,50739.97629999998
330997.4786,60150.23419999995
331101.1687,44490.470299999986
331359.4745,63133.983600000036
331377.94,49626.97869999998
331427.6738,59345.63029999996
331598.0865,49549.598299999954
331707.6938,57628.9486
331740.4462,60455.28460000001
332071.0249,44368.63740000001
332113.2361,57532.86919999996
332148.147,43009.4682
332253.7446,58928.69279999996
332356.1894,57481.85939999996
332426.9997,57976.86213333334
332513.4027,63167.95619999996
332595.5184,44236.46919999999
332746.5539,58492.98810000002
332933.8846,42282.276199999964
333102.2005,8532.867700000003
333630.83,49302.6336
333799.1006,50278.891900000046
334056.2314,63058.3088
334495.5896,60780.96919999999
334560.594,59617.33969999995
334766.138,62429.73369999998
334937.6147,49857.23180000001
335136.3979,63802.42869999999
335407.2244,62296.791800000006
335888.4888,37989.31292
336403.1717,46623.17119999998
336446.9505,51554.458399999945
336621.2766,51014.48450000002
336653.2733,57448.63620000001
336768.1724,57462.77879999997
336772.2713,57185.29210000002
336837.793,57676.823199999984
337187.3879,57980.533599999966
337664.3447,48335.27640000003
337808.2871,63561.51550000004
338074.5887,62537.41630000004
338311.8481,53500.41090000002
338510.869,50655.823399999994
338589.2449,49963.11619999999
339111.0949,63058.59950000001
339438.6089,50517.135100000014
339494.3316,59981.7806
339591.2584,0
339946.6157,49988.611860000005
340314.0448,53181.95019999996
340819.0577,60945.03039999999
340826.6816,62904.20770000003
341021.5688,63471.39049999998
341022.9711,53019.68320000003
341057.978,52802.05330000003
341119.4454,57722.817700000014
341328.4202,51263.82409999997
341650.26,62577.3848
341691.8239,50059.053200000024
341718.8037,61770.1213
341844.5179,50481.107499999984
341885.3755,64810.72220000002
341944.015,60117.442099999986
