-----Simulation 0-----
172800.0764,22872.925300000003
172805.63520000002,0
172816.575,2205.8435000000172
172825.0931,32015.17610000001
172831.4347,10783.919900000008
172851.18540000002,0
173096.1773,32388.88520000002
173119.0122,0
173679.514,5255.611999999994
173753.9634,0
173965.9394,25412.72200000001
174005.1627,0
174168.4058,0
174228.4605,33258.375699999975
174263.8265,1622.6430999999866
174514.4473,0
174538.8117,39952.817299999995
174635.7865,13397.427399999986
174950.6285,0
175038.8912,5721.839900000021
175157.5992,41173.44140000001
175171.9441,0
175245.9927,249.9985999999917
175512.4199,35166.35870000001
175535.1442,41946.37480000002
175849.2432,45747.9835
176109.879,399.1778999999806
176134.3045,0
176703.2656,35902.158200000005
176768.2936,20873.12890000001
176903.9556,25616.2929
177009.4186,0
177206.431,38976.73430000001
177265.4647,0
177284.7354,19213.626699999993
177336.676,0
177367.145,39200.395899999974
177639.0189,37414.2806
177746.3015,0
177747.9801,18953.661699999997
178201.9479,0
178722.2826,29907.542400000006
178745.87660000002,0
178827.904,0
178882.887,34309.96003333334
179726.4596,0
180007.8675,42227.981
180054.719,52266.28200000001
180579.1399,12585.193700000003
180593.9941,0
180700.9818,0
180748.1838,23776.694900000002
180764.146,51977.71698888889
180794.1569,11854.093699999998
180819.2705,24372.17140000002
180875.6995,0
181070.8577,43381.3174
181091.379,8817.427399999986
181324.2658,1414.1860999999917
181439.58289999998,0
181651.2923,5349.487699999998
181728.9594,0
182132.7061,52185.027300000016
182289.647,0
182294.5764,0
182397.9499,0
182578.1309,0
182773.6126,50736.99189999999
182802.551,31611.547099999996
182950.8159,6044.332399999985
183091.7094,0
183338.563,46603.53
183446.54320000001,0
184228.092,2817.3366000000096
184374.5551,38676.5748
184501.2668,38205.60130000001
184737.4386,0
184849.6948,0
184899.8489,36468.40160000001
184956.227,41577.802000000025
185235.5105,14725.137000000017
185249.0861,49626.6948
185282.4655,15003.965399999986
185343.2421,0
185414.731,40479.389800000004
185831.3166,9294.651299999998
186067.5365,44576.6079
186149.196,23314.196399999986
186568.1728,52525.0092
186992.431,49857.01260000002
187093.0103,51109.428199999995
187110.531,47069.43649999998
187124.3115,0
187486.3079,0
187575.1189,44029.6458
187698.7294,45134.8002
187925.11310000002,0
187994.7383,13095.79250000001
188046.6795,0
188056.10950000002,0
188082.3981,0
188241.8967,25282.924100000004
188363.2337,28148.45570000002
188406.8249,13028.570600000006
188506.7704,50404.51002222224
188751.1143,40386.153899999976
188914.8475,18750.264800000004
188947.7426,38621.1238
189045.1835,11244.646000000008
189387.2785,35299.2775
189521.6847,47003.15601111113
189745.0538,17067.574200000003
189998.314,40411.60950000002
190126.708,26463.838600000017
190392.1069,41233.75280000002
190503.3247,30045.211699999985
190659.5005,0
190841.5486,27030.6728
190866.0803,14980.402100000007
190883.6962,0
191006.7234,28177.710899999976
191114.1309,44020.621599999984
191281.1516,0
191372.46730000002,0
191552.4654,19364.411599999992
191872.2256,0
191956.9695,44969.54940000002
192145.0575,25422.362900000007
192309.6752,0
192560.4332,0
192669.6599,21016.063200000004
192711.3051,12545.412899999996
192742.917,0
192988.8198,0
193034.18550000002,0
193056.9235,21169.249899999995
193108.675,36679.65629999997
193683.5735,0
193722.6388,11147.317499999976
194075.09,21768.033399999986
194243.9312,9287.896000000008
194624.0313,2346.9663
194821.7094,11402.220000000001
195036.1077,22892.549
195336.302,0
195410.1533,5061.156199999998
195451.0607,21612.449800000002
195808.4572,0
195886.4909,0
196739.82309999998,0
196791.9633,47168.77429999999
196965.7737,50483.93097777778
197184.6092,0
197232.284,41635.494800000015
197303.0407,15034.053899999999
197339.3426,0
197367.4736,50046.467000000004
197371.5001,23278.442700000014
197439.2723,7693.859200000006
197440.4666,0
197450.9436,0
197581.8737,42558.3989
197600.9292,25091.141900000017
197696.6912,36730.25390000001
197732.7918,44232.29140000002
197866.4243,48323.23270000002
198013.1865,11284.81170000002
198058.3407,0
198060.3997,10704.915299999993
198690.7726,7595.287199999992
198709.674,47144.27189999999
198770.9489,15694.720799999981
198808.12709999998,0
199036.4765,14186.162799999991
199219.4622,56634.13770000002
199441.117,38632.03760000001
199451.3858,59445.674033333315
199622.1944,29447.960099999997
199675.0,9672.979699999996
199739.2125,9967.828000000009
199746.9149,34178.947400000005
199872.6498,35886.64630000002
200075.9181,19919.41810000001
200164.4666,0
200240.1106,35872.81490000003
200732.9242,0
201247.6712,11358.198500000028
201322.6646,16634.298299999995
201461.2185,20637.20849999998
201948.3085,9036.042300000001
201963.8896,49786.55502222222
202294.8268,6468.875400000019
202750.8159,19647.578500000003
203000.1294,36341.46060000002
203078.7149,50116.69095555556
203176.6452,50835.77299999999
203183.0171,8427.421899999987
203192.0917,54283.79699999999
203228.5025,0
203269.06170000002,0
203674.2781,59160.25899999999
204064.7875,41138.09170000002
204204.7736,5944.834899999987
204292.3499,0
204576.8157,21138.41460000002
204745.6604,44114.86249999999
204787.1248,0
205065.88400000002,0
205183.6362,47511.93460000001
205386.4478,14077.173299999995
206005.9491,1383.4971000000078
206137.7334,42048.66380000001
206285.7822,31165.815899999987
206390.7304,12532.444599999988
206574.0014,41725.36320000002
206690.9696,18774.382900000026
206778.0584,11993.746100000018
206917.3712,59517.8119
206983.3073,3271.3421999999846
207140.8174,35500.35329999999
207313.5717,0
207490.1118,32940.85800000001
208086.20630000002,0
208233.1581,49089.249100000015
208533.4013,0
209086.8391,45268.09600000002
209148.29499999998,0
209236.4308,51173.3045
209477.6956,11284.179800000013
209511.2928,0
209702.1905,49745.48019999999
209959.8656,4371.680099999998
210203.4973,0
210321.1837,0
210415.3497,402.604800000001
210748.6128,19954.236999999994
210963.5738,20505.947000000015
211026.4262,18838.0723
211191.7579,0
211274.8999,6449.008199999982
211566.3697,42081.7782
211824.5255,48263.1940111111
211841.7267,0
211888.0836,36801.8671
212030.1036,33503.14190000002
212101.2373,0
212153.9902,129.14540000000852
212360.1122,0
212667.2914,0
212684.8099,8436.881599999993
213175.1202,0
213706.8897,0
213885.5986,61326.191300000006
214160.89,47788.61198888891
214229.1324,48156.52501111111
214725.224,45746.788899999985
215124.6853,19421.788100000005
215385.2817,38145.01149999999
215753.7514,62400.5705
215940.8266,61115.09049999999
216095.7903,36227.520699999994
216245.2494,0
216373.3439,0
216654.9996,45339.81780000002
217093.4096,24991.310800000007
217234.7491,43110.65339999998
217272.8113,24738.637699999992
217379.2977,19551.88829999999
217461.31290000002,0
217790.5251,65960.6648
217793.3692,33868.04119999998
217872.8462,45080.4387
218171.157,9091.104200000002
218209.2528,21696.196199999977
218531.2898,60761.4222
218574.8234,12882.10560000001
218635.5999,34232.06450000001
219094.7639,37266.1698
219237.2919,65850.09001111111
219378.9463,43020.758900000015
219506.1252,31762.823600000003
219612.8304,65096.43002222222
219862.0062,15074.830000000016
219970.6708,61006.172300000006
220631.3771,47916.64501111113
220834.6807,9934.17809999999
221130.1164,0
221175.4918,37738.46089999998
221187.6544,36341.48449999999
221435.291,63300.8376
221608.1763,56006.3364
221665.5612,21836.0257
221696.0104,0
222005.2596,1264.8827999999921
222034.7075,0
222055.9628,47929.23190000001
222098.2872,38113.352599999984
222243.1414,0
222289.0841,50678.28298888888
222289.2076,21986.40280000001
222410.0117,27657.55860000002
222692.7663,64498.8051
223045.8851,0
223127.7415,41556.70480000001
223211.447,0
223266.5478,33712.30609999999
223332.4824,0
223517.6055,46448.320999999996
223582.3409,29542.799800000008
223830.455,40579.330799999996
223909.7989,34746.293799999985
223931.8172,37567.986999999994
223962.6715,57856.5423
223972.98940000002,0
224184.2951,10813.763600000006
224396.8971,47500.25796666666
224966.4133,48771.2377
224989.2581,66579.67000000001
225051.2919,0
225142.885,1020.1720000000205
225229.3458,37508.95420000001
225233.7582,27318.91810000001
225341.9807,16218.85129999998
225371.5797,58132.25700000001
225566.4179,55981.50099999999
225729.52,7407.4372999999905
225764.1351,56105.633499999996
225839.24839999998,0
226022.3406,0
226364.8926,19295.48179999998
226454.0355,0
226467.913,5273.386899999983
226606.7266,0
226691.6093,28230.041400000016
226981.3509,61652.10639999999
227063.8181,0
227210.574,48407.59899999999
227228.4308,5915.804499999998
227276.2153,9145.405200000008
227777.9623,53680.053400000004
228167.0962,12272.516299999988
228299.9839,18068.848700000002
228593.0392,52038.6029
228689.9946,0
228882.4757,63975.417000000016
229086.1641,28725.810800000007
229206.9318,42014.52219999998
229304.0813,14618.243300000002
229449.07760000002,0
229460.3108,31311.43220000001
229848.4461,0
230010.7909,2967.7035000000033
230035.5005,18038.35500000001
230050.4011,28246.976999999984
230204.8384,11634.37950000001
230337.4514,0
230979.768,46819.28290000002
231018.1273,0
232789.2943,0
233072.5767,60827.899999999994
233162.654,14966.00940000001
233277.7543,64360.913011111115
233540.1935,0
233641.202,0
233978.3457,8050.303799999994
234313.5136,26651.882500000007
234587.1309,0
234826.7223,21461.156199999998
234915.1556,2481.2995999999985
235984.7146,0
236316.1416,0
236657.2142,32362.492999999988
236859.7273,60761.3431
236890.7567,51780.5613
237147.3818,15851.97510000001
237332.6402,0
237588.3601,13569.509499999986
237686.4157,30963.406955555576
237727.0099,30232.665999999997
237770.8519,43865.94
238121.9087,54740.97099999999
238318.186,29410.114
238480.3537,23706.9216
238631.8608,58226.2813
239091.3844,48801.66930000001
239276.4896,4596.72080000001
239342.5096,18301.00589999999
239468.509,63383.5061
239478.7033,48735.50689999998
239652.0092,66005.76596666666
239810.89370000002,0
240183.5306,41147.5509
240451.0627,0
240469.7095,58981.42749999999
240557.1125,48115.4393
240627.5952,6316.785600000003
240696.348,14739.60149999999
240706.8198,39712.6452
240718.6692,0
240843.5086,3637.2727000000014
240885.1964,16804.97469999999
240970.4023,18440.015399999975
241305.8064,23235.59090000001
241311.768,30384.6538
241366.6185,4929.704400000017
241731.019,20580.638000000006
241890.1655,18652.597999999998
242268.1137,35335.91629999998
242625.7915,15490.0858
242808.592,26645.934100000013
242840.4507,14070.498800000001
242869.18180000002,0
242885.4856,44941.0417
243168.9909,34242.17319999999
243278.1477,10950.267900000006
243414.4721,30580.781100000022
243511.50530000002,0
243663.6836,0
243928.2596,16566.948199999984
243935.2447,13248.534100000019
244205.6321,27805.659999999974
244247.19,0
244333.1696,0
244610.3689,38377.12909999999
244843.8943,11263.460200000001
244920.6206,0
244948.7207,0
244985.8757,2190.9115000000165
245359.0937,58051.36989999999
245604.6564,0
245605.8556,66215.51704444445
245644.2305,0
245800.5683,31211.370200000005
245813.40159999998,0
245825.4293,31564.40239999999
245869.2359,8972.224799999996
245881.7073,0
246812.6612,32899.206800000014
246986.34279999998,0
247194.5509,34522.59299999999
247385.415,929.2700000000186
247640.5383,34523.22039999999
248479.5897,28977.9216
248672.2118,27682.294999999984
248860.079,0
249053.2197,66579.70303333332
249241.2542,32731.582999999984
249352.1542,0
249466.3955,34411.40498888891
249563.6777,61148.06390000001
249760.9965,29208.761100000003
249799.165,0
249839.4086,39160.83969999998
250286.8209,20702.18219999998
250383.9671,0
250389.2869,0
250421.7916,0
250606.3991,0
250659.1012,17449.503599999996
251164.6364,10128.383199999982
251181.6592,28955.546199999982
251545.649,0
251894.1241,38063.2953
252340.0713,2617.1777
252448.4218,36789.59970000002
252490.8791,35920.197799999994
252841.3492,0
252849.4867,41195.48804444444
253455.0435,20065.29879999999
253516.0836,10726.65260000003
253747.9179,54454.6269
253865.3582,0
253907.6342,41695.87830000001
254004.9931,24807.074099999998
254050.8534,20113.604699999996
254264.68540000002,0
254335.8788,49154.42060000001
254500.516,0
254602.1471,30287.6379
254619.5771,0
254679.3314,46438.5809
254742.0343,41242.87650000001
254960.157,27230.619999999995
255171.2724,26547.873499999987
255259.2538,7968.949200000003
255534.6142,21603.039900000003
255700.847,0
256081.3847,0
256116.9731,14950.98509999999
256206.0612,0
256399.4271,28581.45060000001
256466.3284,40581.1998
256474.5458,0
257325.2587,17213.823600000003
257425.9907,33346.08919999999
257460.2701,7921.530200000008
257691.0232,37316.971900000004
258099.0037,27242.0735
258106.8986,49057.11009999999
258496.2898,0
258661.4701,45899.7242
258936.2988,10768.7941
258998.3076,0
259007.8724,46349.772
259283.8201,5614.420000000013
259284.1436,0
259703.9772,0
259801.9805,46924.57820000002
259822.0621,0
260148.4008,45096.855899999995
260591.4631,0
260833.3277,20865.806099999987
260970.4331,5453.6777
261083.7018,18231.832400000014
261606.6617,33181.702699999994
261608.726,29729.419999999984
261831.0624,45896.61259999999
261865.6405,0
261984.7073,0
262385.6212,15166.403099999996
262501.9646,33199.86440000002
263101.02150000003,0
263197.9113,6622.93769999998
263199.8373,33323.076100000006
263437.188,48844.99302222225
263596.55559999996,0
263630.7872,0
263867.7848,32105.523200000025
263914.6465,12032.772599999967
264070.1844,46218.475400000025
264147.4348,4731.614699999976
264403.437,2921.2220999999845
264566.1273,11394.965199999977
264587.6962,0
264869.1979,38170.21570000003
265156.541,33422.945800000016
265273.6099,31593.448599999974
265460.0798,0
265468.1354,43411.27060000002
265565.6328,8167.746800000023
265592.2919,0
265635.1924,8456.051000000007
266006.6018,0
266396.3624,0
266637.3654,0
266751.3728,0
267098.654,0
267425.2312,0
267433.6096,35993.46080000003
267644.5632,24928.999899999966
267687.4915,0
267933.1056,0
268217.8872,47930.277
268271.515,10835.545299999998
268411.189,0
268531.053,7909.428400000004
268552.7719,0
268767.2007,5206.666700000002
268802.4322,42121.00269999998
269090.5217,52585.27639999997
269240.7415,0
269583.9935,42670.10469999997
269611.3394,0
269636.2426,51650.31510000001
269969.6573,40930.97400000002
270132.1207,43696.91770000002
270878.6444,0
270909.1993,45679.218599999964
270938.0705,47096.251299999974
271032.314,12109.233200000017
271103.4005,36897.582599999994
271112.7554,0
271540.3408,21012.28960000002
271863.6892,50768.16750000001
272022.3626,0
272030.8388,0
272127.3345,11924.937199999986
272228.6727,28552.823199999984
272358.9112,22145.083199999965
272408.5989,13183.549299999984
272587.7564,23047.8897
272901.5148,13924.165199999989
272969.3344,0
273023.2955,34110.88930000001
273024.4628,45294.235599999985
273289.6929,0
273321.52619999996,0
273714.0486,17288.383099999977
273841.4629,13800.887300000002
273967.08030000003,0
274074.125,16958.533400000015
274131.6046,49529.277988888905
274164.083,0
274189.4111,52981.263000000035
274351.3785,0
274621.3627,8247.406799999997
274656.4409,30334.271499999973
274843.3011,19747.48489999998
274865.8613,53391.13249999998
274995.1602,46686.865499999985
275224.8753,30535.633
275281.0874,19143.415400000027
275795.2251,42651.27195555554
275855.0117,31601.008599999972
275870.1442,5475.932899999956
275899.4822,35232.133500000025
275974.5515,0
276173.483,24989.637099999993
276649.3627,42627.832800000004
276758.8142,36373.85480000003
276803.4872,18408.20569999999
276943.3019,43093.54030000002
277020.5542,55988.10380000001
277028.6718,0
277103.5182,46678.95849999998
277395.07779999997,0
277447.3714,6269.854600000021
277532.3468,46949.37729999999
277566.2796,52121.23670000001
277829.6693,42835.47830000002
277844.4171,0
277869.882,0
277892.9768,23788.429200000013
278227.5807,27671.39439999999
278282.5899,20251.404300000024
278685.8423,0
278720.2184,7282.5152000000235
278770.86699999997,0
279247.1109,1058.1368000000366
279257.634,893.1181000000215
279279.0135,13989.063100000028
279340.0362,0
279465.4045,0
279678.8897,11248.318900000013
279823.8944,23283.273199999996
279901.6607,0
280287.2699,6888.858999999997
280288.2676,30912.487500000017
280376.1189,0
280475.5764,52518.48320000002
280834.2629,0
280835.9193,45384.45390000002
280966.4271,18840.47219999996
281134.0032,8091.9156000000075
281200.8907,0
281201.7598,10770.532999999996
281717.6122,11729.939499999979
281867.519,9670.061099999992
282175.8774,0
282360.1249,0
282413.3812,0
282735.2192,0
282847.9613,30013.847800000018
283072.7798,8318.254200000025
283108.5028,57117.50770000002
283188.0714,11689.700500000035
283290.9159,48194.475600000034
283304.3373,0
284213.8635,0
284224.0309,49749.60898888891
284500.7363,50496.1036
285155.1862,46297.4075
285163.1694,25126.550199999998
285458.6081,0
285728.7575,0
286436.5233,22747.959700000007
286488.2287,57608.42829999997
286599.2883,19226.76780000003
286628.9536,4001.697600000014
286670.9051,30926.325199999963
287111.5155,45801.35859999998
287170.6364,49561.9829
287258.2107,51512.234599999996
287339.009,34235.850400000025
287506.2602,50761.67570000002
287564.3574,43243.72729999997
287784.0974,38897.35310000004
287861.4316,48500.45300000001
287883.3728,57801.114700000006
288064.2553,17320.357100000023
288298.5936,43152.67650000003
288537.33770000003,0
288630.036,2584.033800000034
288791.7314,58438.25869999998
289111.7096,55734.090599999996
289338.6287,0
289474.9223,41700.764199999976
289753.0247,40881.919200000004
290087.8677,42674.45259999999
290191.6237,0
290279.164,34712.59469999999
290468.3769,54446.01679999998
290477.0926,47293.06609999997
290766.9042,39508.201499999996
290945.49450000003,0
291039.15760000004,0
291044.3387,60290.29900000003
291589.973,60372.720299999986
291835.1128,18253.121800000023
291960.3271,11320.789999999979
292239.2557,51800.073199999984
292252.2449,20781.744799999986
292436.4443,51537.24489999996
292598.5277,43438.77369999996
292674.3179,23671.793900000048
292787.467,0
292798.881,22144.61129999999
292826.72589999996,0
292849.0858,2440.7775000000256
292953.9252,46442.2175
292958.8412,48285.74000000002
293062.8784,24824.05919999996
293399.3564,0
293899.744,0
293901.1669,21274.449900000007
294067.7652,61751.70898888892
294098.2023,975.2597999999998
294269.194,27945.309899999993
294392.1541,17979.187800000014
294432.9081,12266.919999999984
294841.3282,0
294870.9999,25998.87359999999
295106.4063,41186.97949999996
295375.5135,36526.82490000001
295483.2712,45371.817300000024
295645.6587,36081.23510000002
295710.8209,0
295721.0311,48832.02740000002
295757.6288,0
295983.291,5828.131800000032
296104.279,43754.88799999998
296179.6019,0
296530.5278,43801.77239999999
296672.2463,0
296674.0628,37757.93090000001
296740.9111,0
297060.7309,42057.33820000003
297141.2702,44882.85620000004
297361.8849,16737.947400000005
297386.15020000003,0
297450.8786,47968.74900000001
297744.3823,19728.498100000026
297883.2723,0
297992.1807,0
298076.3726,12197.316099999996
298311.2714,45896.975200000015
298337.999,0
298688.8527,14068.901599999983
298742.1507,55973.384300000005
298982.433,27532.190000000002
299017.9395,0
299054.8799,0
299128.7055,0
299385.6556,0
299391.7194,8215.2108
300069.0713,37863.374899999995
300290.9548,43620.1666
300328.0205,60278.53749999998
300601.6574,0
300625.711,42881.341799999995
300644.7446,34033.994999999995
300725.0764,41562.54210000002
300976.9842,31772.491800000018
301024.7807,58004.999033333326
301098.3581,0
301384.3378,0
301542.1855,40226.87180000002
301814.1004,59147.023400000005
301875.8301,32238.475200000044
302062.197,689.7366000000038
302093.8683,32954.442500000005
302438.0466,6637.959700000007
302871.4511,11931.617299999984
302938.372,55450.56009999997
302979.3198,0
303011.8607,39683.538300000015
303228.8771,38014.48819999996
303366.8046,45454.134899999975
303574.4941,19030.23430000001
304210.1447,0
304587.691,18547.288100000005
305006.038,6974.8374000000185
305284.1471,23091.78330000001
305644.6778,58225.54098888888
305674.2999,0
305678.7544,0
305731.4663,20245.2537
305874.681,60960.70996666665
305929.3766,53093.05860000002
306665.4111,28997.068700000003
306889.23600000003,0
306907.0428,52092.5962
306985.3164,0
307082.726,55369.72900000002
307137.8127,7517.437600000005
307322.3602,12318.830399999977
307342.3365,56713.72339999999
307406.1988,14259.62930000003
307554.8575,19640.080399999977
307749.002,43742.830799999996
307765.9944,29344.5196
308202.3831,0
308589.836,0
308975.952,0
309337.926,18561.1765
309469.6388,25783.951100000006
309631.74340000004,0
309690.9048,43917.16070000001
309808.3745,16917.83469999995
310019.0022,34624.928799999994
310175.2844,51310.576499999996
310275.0281,27536.918000000005
310509.4931,7007.72490000003
310558.1966,29551.301000000036
310712.0567,48579.80800000002
310738.4508,34585.83169999998
311039.3228,11479.461300000024
311290.9782,35268.51980000001
311561.5759,43711.61839999998
311876.4294,13557.578800000018
311892.2822,0
312042.8748,0
312051.614,27137.359799999977
313199.9805,0
313353.3072,17446.317699999956
313401.5001,0
313748.71979999996,0
314182.9041,785.0299999999697
314251.502,34878.77289999998
314348.2779,0
314483.7733,9357.912300000025
314614.57409999997,0
314622.3329,0
314751.0564,13042.160000000033
314885.4943,28316.485400000005
315285.7279,24415.222300000023
315427.9646,38462.84850000002
315528.3106,34380.421900000016
315745.9481,43282.808299999975
315878.8999,40475.03740000003
315901.9546,0
316017.3158,30727.043000000005
316275.2319,10207.263299999991
316572.9498,16011.225399999996
316599.0074,2356.8990999999805
316703.7107,61903.72159999999
316937.2847,0
317545.8617,50694.79000000004
317663.0603,0
317774.9324,14440.956000000006
318158.069,57872.82760000002
318376.8258,0
318515.2773,21400.23180000001
318887.3229,61657.725977777794
319019.3562,45883.857099999965
319049.8637,0
319180.6592,42184.053000000014
319380.4658,18274.21299999999
319476.0571,0
319508.1694,46413.281400000036
319528.2067,20823.669599999965
319648.8598,0
319974.3924,54899.83150000003
320059.3378,52848.72879999998
320206.1523,35898.53409999999
320215.2942,41592.40100000001
320285.0446,54535.22160000005
320367.4393,6489.958500000008
320473.1989,14195.85639999999
320569.3271,33839.24190000002
320575.676,45959.5750111111
320712.6939,16341.401500000036
320849.46270000003,0
320857.3325,21681.394300000044
320886.922,29545.534800000023
321061.1984,21257.149399999995
321593.8214,0
321604.4034,6889.272200000007
321614.5263,0
321739.1181,48589.70780000003
321923.7893,48262.915099999984
321953.0378,18805.445599999977
321964.897,18531.533400000015
322271.2814,49983.22829999996
322345.3345,0
322670.6188,3783.446200000006
322734.3191,15362.236100000038
322908.457,23276.66200000001
323003.9095,44926.51030000002
323056.7717,0
323708.4479,0
323765.9273,0
323792.3743,56283.66530000005
323802.0785,53832.93040000001
324012.5481,57943.66149999999
324132.8204,16792.939100000018
324369.9603,64985.49401111109
324426.6223,0
324634.5662,52040.563599999994
325075.926,16033.290199999989
325089.6443,0
325101.1869,46622.333199999994
325392.9338,3460.159500000009
325540.3179,34900.037500000035
325710.1162,0
325801.4001,6426.990900000033
325836.2971,38029.58750000002
325966.6627,6651.304699999979
326031.3491,32164.986199999985
326081.1587,62049.34970000002
326119.96400000004,0
326438.1511,14327.538800000038
326579.4776,42670.26629999996
326580.5362,28497.22099999996
327025.0295,18468.639800000004
327399.3871,22066.23999999999
327535.096,11086.617000000027
328052.6101,16200.044899999979
328301.6398,10208.479300000006
328531.0549,14408.748599999992
329351.8366,56552.52259999997
329713.0993,46693.38929999998
329719.0015,354.3670000000275
329775.2219,32303.273600000015
329945.3285,39707.47704444447
330059.1784,24455.663699999976
330060.4873,37445.86069999996
330411.054,23510.87969999999
330495.3689,0
331125.6999,38842.70530000003
331559.2741,21213.783799999976
331914.9176,37785.121799999964
332006.8276,26005.357900000003
332187.9767,34830.831200000015
332237.9795,35547.840977777785
332916.15,0
333065.1258,6957.238299999968
333082.8779,16927.01940000005
333105.9231,19508.467500000028
333753.2052,16548.944400000037
334020.6705,0
334020.7493,313.2604000000283
334214.6754,28480.344500000007
334502.4131,28697.33150000003
334818.3402,0
335136.1812,33316.23479999998
335297.8654,23051.951300000015
335526.6421,0
335581.3524,33825.875499999966
335655.3296,0
335761.2943,29971.993400000036
335817.8093,17335.217400000023
336267.1775,0
336296.159,0
336318.0596,0
336413.3398,32668.355100000044
336612.4786,35854.58049999998
336614.8227,23156.34640000004
336616.1007,31595.12359999999
336667.5955,9868.7843
336753.104,29805.099899999972
337676.9243,0
337792.1587,25872.408000000054
337954.8324,46519.35198888893
337988.3334,0
338100.6479,56776.235799999966
338243.7999,32503.239
338456.3646,19141.105499999947
338469.0572,5117.43339999998
338482.8112,0
338792.6517,0
338815.6225,34238.639000000025
338956.4916,25722.964399999997
339139.2774,26361.284400000004
339258.4864,2362.0983000000124
339415.0626,4768.183799999999
339419.09719999996,0
339713.5864,43199.74589999998
339749.8501,0
340408.2397,0
340515.0416,19988.776799999992
340698.2631,17880.19199999998
340757.5783,18459.617599999998
340853.9897,0
340874.1197,9776.329999999958
341009.2549,39205.62196666666
341135.9734,22355.87910000002
341169.4805,38374.65909999999
341461.7046,0
341467.5483,10102.581400000025
341854.2768,0
341981.3248,6950.949900000007
342085.9545,12532.212100000004
342288.9129,32873.699199999974
342378.1382,36109.23589999997
342666.2783,40460.80229999998
342759.7099,0
342820.0762,0
342917.7737,0
343241.5916,0
343489.404,6946.565299999958
343771.9745,38597.66159999999
343902.1652,40682.999899999995
343905.2644,35437.69649999996
343931.6094,38807.71059999999
344043.4288,29711.74489999999
344154.5751,0
344159.9775,24936.414699999965
344267.0897,0
344290.1852,0
344697.0179,12046.989499999967
344725.8283,1776.0805999999866
344770.1318,0
344814.0933,0
344839.7273,33671.06800000003
344899.2432,0
345216.2136,43760.27590000001
345291.4915,1051.3763000000035
345325.5768,42064.40295555553
345406.4608,0
345577.638,36576.11779999995
345741.8819,13958.4228
345818.0349,1086.2834000000148
345849.0741,53750.76160000003
346054.6853,39581.93910000002
346420.9768,12381.602899999998
346512.5043,32039.42069999996
346606.0862,33651.58420000004
346655.8943,5013.543999999994
347373.6584,13207.190500000026
347446.4382,29746.758199999982
347448.792,51210.258966666705
347499.7421,54603.88101111108
347660.748,15761.224500000011
347675.0451,6061.5002000000095
347675.1943,18569.944299999974
347999.239,0
348257.633,15351.707399999956
348485.9326,0
348976.8406,22934.760499999975
349132.3103,0
349986.33400000003,0
350235.3145,55739.747022222204
350381.7344,0
351332.0248,0
351416.1409,0
351425.78099999996,0
351439.2432,38695.26130000001
351806.7759,29182.675199999998
351881.629,17870.744800000044
352000.6066,0
352208.6385,0
352282.9839,0
352284.9832,0
352417.1207,53570.88420000003
352646.7687,0
352689.9669,11372.280000000028
352734.8374,23059.65539999999
352735.576,0
352824.5174,37077.2255
352866.0717,2799.3003000000026
352965.6061,14551.405599999998
353569.7588,3622.887700000021
353600.048,18195.67910000001
353651.0047,54831.45019999996
353657.5876,41977.74202222226
353661.6904,21931.88690000004
353665.825,49607.058100000024
353669.8088,2741.429999999993
354124.3862,49778.02169999998
354320.69920000003,0
354725.3268,0
354788.3494,0
355120.0821,9659.357000000018
355142.152,42583.953099999984
355272.2982,6056.683300000033
355338.7374,21682.666299999983
355386.416,21323.910100000037
355451.4437,31909.179500000027
355730.5826,36989.413011111144
356042.8635,34383.91969999997
356175.2336,18393.91949999996
356293.8254,46611.5870444444
356622.6581,0
356674.0476,8420.109400000016
356705.6669,39292.23879999999
356823.4216,17438.21529999998
357196.0083,59463.93489999999
357349.7931,4812.212300000014
357508.2105,37572.51389999996
357659.7958,16476.37030000001
357673.1852,0
357732.0619,504.50559999997495
358118.4817,10834.56229999999
358212.1644,45576.5299777778
358267.9149,45098.103199999954
358268.4905,25653.044600000023
358297.8694,0
358342.799,27854.46549999999
358805.8887,46758.3431
359082.8727,0
359490.8662,31952.148600000015
359646.5125,32750.212899999984
359949.819,13749.815300000017
360074.848,17742.71120000002
360243.678,38185.93400000001
360580.5601,5410.083400000003
360599.4433,26923.429000000004
360709.1532,20761.075899999996
360771.417,3965.233100000012
360949.2179,7550.513800000015
361055.082,35898.88539999997
361540.837,0
361594.6056,62184.91395555559
361660.57759999996,0
361663.6013,0
361681.9841,46101.54303333332
361780.2936,0
361833.0854,11282.875
361861.6144,0
362120.6905,0
362320.8658,44917.84697777778
362646.9597,43615.64799999999
362766.3433,13880.023800000024
362775.2295,0
362776.7519,45895.51199999999
363047.4341,44448.21302222222
363581.87289999996,0
363644.9845,0
364011.6773,37762.78509999998
364051.4534,0
364187.3155,22859.165400000056
364207.4303,0
364326.1156,40328.78400000004
364765.9382,56380.32039999997
364854.237,19235.996700000018
364957.1664,59942.61319999996
364989.9095,45979.51398888888
365057.586,47737.529500000004
365151.7047,5391.029399999999
365157.0468,0
365192.7484,39065.17300000001
365360.1064,0
365398.0188,8874.66889999999
365832.7213,0
365974.4766,64557.74839999998
366044.2277,22805.96259999997
366137.5103,34307.24120000005
366565.4772,40934.616500000004
366992.7188,25364.191699999967
366995.733,56589.450300000026
367124.0166,2627.8088999999454
367205.3679,56502.614899999986
367278.5217,0
367636.7383,61529.34910000005
367757.5101,55744.33069999999
367917.4,61409.08197777782
368098.2529,26658.90400000004
368142.7668,31506.455799999996
368327.7938,58873.761699999974
368369.0067,20186.331200000015
368454.1208,56216.55449999997
368639.6719,5359.586899999995
368904.9273,30824.75020000001
369356.5109,23743.786699999997
369881.1285,47125.18239999999
369927.3333,0
370081.5776,46185.64500000002
370133.0413,26138.80369999999
370207.3515,64403.00603333331
370304.0496,17628.262600000016
370702.19070000004,0
370792.18200000003,0
370951.317,29390.62559999997
371179.1454,36459.293599999975
371324.1829,49793.82280000002
371389.485,25298.23809999996
371764.71609999996,0
372072.0727,41005.81660000002
372184.4749,42186.1446
372287.9393,27292.163100000005
372341.8831,22255.88339999999
372357.5612,0
372465.5421,45011.03169999999
372490.0292,18931.3983
372534.932,65503.39619999996
372578.9811,31466.49099999998
372940.184,6298.430900000036
373124.6111,0
373337.7022,35045.19280000002
373426.7643,36741.98550000001
373512.35349999997,0
373565.579,43441.20430000004
373961.9866,0
374044.2077,0
374044.82039999997,0
374226.8713,509.6904000000213
374338.1995,45199.123900000006
374399.7837,64906.16603333334
374578.3871,11392.862399999984
374927.8335,7050.160499999998
375135.2449,44632.322199999995
375157.60360000003,0
375392.4593,54337.78039999999
375441.7555,17104.898000000045
375591.1343,11193.150699999998
375604.5099,22238.579599999997
375727.0301,46100.72469999996
375960.6696,28780.931700000016
376011.5892,41540.62729999999
376143.9411,43403.434033333324
376704.8253,0
376982.3191,23985.913900000043
377381.6045,0
377768.3824,18001.582600000023
377801.5183,41866.21730000002
377871.25049999997,0
378005.0765,51791.480500000005
378231.8847,28251.171900000016
378373.4986,2144.686300000001
378448.592,35547.00939999998
378561.8125,0
378692.1844,2542.7502000000095
378877.7624,21084.982300000032
378933.9937,35776.21279999998
379539.3023,0
379784.4284,0
380261.7345,24988.46650000004
380261.7443,59561.835300000035
380443.6061,0
381016.859,17533.75760000001
381203.6337,36007.79470000003
381503.1099,59909.28329999995
381941.4079,17130.22159999999
382170.6933,64549.4498
382186.3591,28226.055500000017
382236.4755,16823.771000000008
382361.6147,17715.301999999967
382595.7674,0
382681.90729999996,0
382984.9696,28799.256700000027
383709.9135,8070.666200000036
384234.883,57306.634499999986
384337.196,17367.104700000025
384499.8929,47221.01309999998
384695.2003,29252.910000000033
384810.4383,21306.63439999998
384965.6402,0
385180.3232,42382.359
385240.59,59069.95550000004
385272.0156,2932.6060999999754
385319.5085,33943.707200000004
385335.7443,4068.601400000043
386016.1509,42306.16600000003
386033.0104,0
386809.5894,5002.565899999987
386812.2947,65399.04897777783
386834.6134,26540.97019999998
387009.7894,50066.68489999999
387032.8617,49428.82459999999
387049.12419999996,0
387080.1937,56424.239899999986
387259.2395,0
387365.2222,24043.625
387486.2655,60160.91599999997
387494.6326,0
387617.5315,22360.081000000006
387705.7173,56758.17070000002
387757.9226,41201.975800000015
387785.7335,0
387954.1978,39497.589000000036
388056.6669,0
388099.5209,13335.165399999998
388234.0582,31688.797500000044
388351.1009,67855.68002222222
388418.4405,51631.445600000035
388825.8996,38313.2463
388986.662,0
389054.435,0
389291.7189,11152.093599999964
389338.1896,520.4459999999963
389517.043,0
389519.6078,0
389653.7244,47891.292599999986
390065.1354,32051.221800000058
390066.2773,66594.08770000003
390158.8138,30963.00919999997
390218.31,19002.40850000002
390371.7536,16747.425199999998
390459.9135,35529.9595
390659.6711,0
390935.7952,0
391369.49,28368.438399999985
391419.1649,67571.60499999998
391565.3896,52826.60830000002
391625.3434,48028.86210000003
391955.8006,41047.1409
392138.3644,27518.216799999995
392443.1813,39779.20140000002
392540.3117,65290.44959999999
392730.2403,42783.81699999998
392870.9734,24311.032000000007
392878.2755,18836.996999999974
393172.9761,16895.8015
393429.54,0
393551.6067,41594.00180000003
393846.7152,8530.27489999996
393921.074,36323.05920000002
394543.3339,67593.42050000001
394549.625,23881.194799999997
394767.9848,36289.693499999994
395091.2072,0
395188.7942,44620.47979999997
395220.5474,0
395242.5577,28600.187600000005
395248.5612,20128.695599999977
395571.7569,2376.0289999999804
395708.5672,0
395773.8042,0
396050.4886,33212.2818
396240.9989,27981.197199999995
396277.2759,9451.263600000006
396681.0035,69023.48939999996
396996.8252,42378.09350000002
397005.1457,43240.05719999998
397103.5614,11117.034700000018
397535.0926,30108.510899999994
397884.0913,8626.145499999984
397922.6079,6510.599800000025
398111.0175,29353.031200000027
398123.8204,22686.788300000015
398160.7742,22436.675899999973
398231.4579,27251.598799999978
398331.7807,28905.461699999985
398552.9807,33422.866500000004
398687.6474,0
398834.1392,35710.7709
399367.2093,37586.4608
399523.1249,23820.723899999983
399695.6463,13250.13890000002
399938.92,68571.12899999996
400373.8304,22149.855699999956
400529.272,0
400823.3791,69846.81296666671
400973.3857,19080.49099999998
401023.2741,49762.81549999997
401634.3998,37690.83960000001
402268.1937,53660.05560000002
402432.5281,0
402461.4236,0
402649.1098,0
402766.9632,0
402793.4936,44731.90739999997
402876.1767,65619.96380000003
402921.6739,53404.37189999997
403120.4187,70797.97303333331
403252.7547,0
403347.6455,24691.19798888889
403502.6301,23566.674500000023
403580.5302,0
403974.4991,21316.136
404818.1875,41116.326500000025
404847.2607,0
404852.3679,3062.306600000011
404955.7791,0
405032.0545,14348.094700000016
405038.8396,0
405312.7785,39377.41139999998
405408.5742,30976.168599999975
405442.2941,57114.6029
405718.9436,516.7376999999979
405838.6778,23452.788
405842.2231,5754.513099999982
405913.723,10317.45240000001
406172.4495,14192.978299999959
406523.8403,0
406546.5855,66554.54149999999
406575.2489,22340.12089999998
406830.4542,49791.43079999997
407859.5367,72435.23589999997
407877.155,5048.525200000033
408136.8585,25587.080999999947
408322.7225,44213.073599999945
408630.1335,0
408653.0838,29610.512600000016
409046.4047,28337.906100000022
409323.7656,59170.823399999994
409491.5119,73215.69689999998
409638.4686,41312.353
410706.0122,71521.64150000003
410946.6305,56231.9448
411350.5287,49712.72409999999
411512.5035,40713.79759999999
411784.9056,39015.1961
412154.1918,19780.90909999999
412395.6778,45889.393900000025
412478.3762,31487.250899999985
413051.5402,30288.033400000015
413118.9314,18556.15049999999
413259.8426,29640.247988888877
413615.2447,37765.913100000005
413637.1864,27927.659199999995
414376.1243,0
414378.6866,41449.88140000001
414386.6022,43656.724800000025
414877.4969,0
414897.2004,0
415141.7709,43510.02120000002
415331.0291,23948.77997777774
415383.8572,15365.97000000003
415889.33,31711.050300000003
416150.4826,74359.67303333333
416341.9423,43885.09450000001
416724.2372,25208.110399999947
416854.22250000003,0
417079.9346,17759.66769999999
417109.4101,62126.08739999996
417126.5854,33509.47469999996
417128.7915,0
417180.8148,0
417489.0121,25042.462499999965
417645.1338,8895.967200000014
417853.3786,31745.054599999974
417941.6313,38250.02370000002
418036.6727,0
418281.4973,68454.18589999998
418637.50800000003,0
419023.874,25948.924700000032
419372.2243,0
419547.6347,30329.07270000002
419627.0714,54374.59010000003
419713.8495,0
419828.5379,5774.140699999989
419847.1282,26560.147499999963
420037.2866,0
420111.8206,8934.896599999978
420347.557,59785.072199999995
420650.0133,0
421165.3087,0
421257.7372,71721.9239
421472.3898,59316.774199999985
421491.1842,35703.39660000004
421610.1255,56203.479700000025
421906.1406,0
422374.6373,19224.937800000014
422401.0312,28664.393900000025
422416.7156,41012.72239999997
422618.3513,0
422637.1148,0
422656.4092,35278.462300000014
423406.1405,69705.89379999996
423543.3881,26322.814799999993
423548.8943,60743.1704
423557.1639,0
423584.1707,33048.2304
423642.4671,21004.331000000006
423684.6825,2779.4038999999757
423688.871,62503.986199999985
423727.9317,6615.624899999995
423799.6707,0
423850.0784,70752.18596666667
424006.8825,14285.081200000015
424166.2168,30639.5282
424469.4823,31237.337099999946
424607.2881,35455.4179
424644.1552,37559.501499999955
424823.4389,0
425076.7964,0
425310.27509999997,0
425318.1269,49977.13998888887
425900.4381,35047.76150000002
425922.8033,33676.37080000003
426018.7754,0
426185.6611,5539.169200000004
426318.2415,36354.143299999996
426455.02509999997,0
426484.3182,37179.09699999995
426774.1008,32264.37930000003
427485.3829,24504.193100000033
427487.4802,8511.362199999974
427495.2267,71142.40995555557
427610.6744,32499.112000000023
427888.5091,12473.608200000017
428219.8894,0
428225.9209,42310.03150000004
428439.50789999997,0
428567.7709,41484.803022222244
428599.1577,37106.6557
429042.0601,0
429234.8115,69153.55600000004
429239.4582,0
429323.4104,50223.08539999998
429441.3993,0
429845.9057,24924.933100000024
429883.0709,0
430036.0029,51428.46180000005
430212.5781,33072.38759999996
430481.0507,0
430633.3149,27521.827899999975
430995.4423,38974.33350000001
431039.914,43468.069299999974
431274.448,19436.519099999976
431358.39060000004,0
431582.3699,2778.603599999973
431618.6937,65886.96970000002
431670.9642,0
431850.0964,43442.4339
432807.0881,0
433159.0295,0
433214.6516,40495.370200000005
433366.4923,2302.072600000014
433562.4378,37382.869600000035
433611.792,3701.6645000000135
433620.0451,49288.93280000001
433639.7461,0
433715.0823,0
434016.4533,1533.6972999999998
434084.601,0
434193.5649,19174.78999999998
434243.6676,0
434253.0972,0
434270.9323,0
434396.0376,39982.56969999999
434412.0538,32001.95649999997
434820.5419,14479.83990000002
435150.3863,0
435307.3951,49000.16120000003
435317.5195,0
435507.9161,6380.384699999995
435556.139,33273.65220000001
435568.0148,17387.48999999999
435592.2737,49900.432700000005
435596.5555,32347.67200000002
435805.0375,0
435955.8881,3351.830499999982
436035.5135,20354.363699999987
436038.3841,49126.45360000001
436111.0435,0
436322.2443,16920.293600000034
436374.4995,7208.4675999999745
436551.6588,0
436567.9965,0
436790.9091,10411.098399999959
437240.7593,26532.127999999968
437275.0405,0
437309.3022,2026.849899999972
437794.1385,0
437836.7713,0
437997.9095,0
438133.778,0
438705.9074,42731.759011111164
438803.3473,0
438810.7789,7881.3747999999905
438938.16969999997,0
439102.2917,0
439501.771,53913.20770000003
439568.7125,0
439654.25320000004,0
439737.6578,28749.288499999966
439750.553,52154.29490000004
439807.0424,32423.59169999999
439877.2183,20484.37440000003
440012.2736,0
440127.7612,41363.633700000006
440203.9238,32589.81309999997
440559.4635,59268.662966666685
440713.1292,0
441011.3169,0
441027.8958,33595.788500000024
441043.9598,13186.713300000003
441221.9988,0
441249.3738,34704.234999999986
441489.3579,41149.82390000002
441593.7582,0
441596.8147,46979.27559999999
441646.3722,21187.484200000006
441668.1626,11067.732799999998
441693.9567,31343.53859999997
441921.7675,0
441970.2491,0
442010.1573,31006.942100000044
442150.0429,25579.010100000014
442787.2449,0
442841.1222,0
443187.09270000004,0
443222.8968,61002.657022222236
443552.07790000003,0
443657.6168,7950.400699999998
443952.9865,30123.786199999973
443974.1032,58424.067500000005
443976.8979,0
444396.61950000003,0
444401.91390000004,0
444614.9532,61257.05349999998
444733.45530000003,0
444846.7108,56618.7910222222
445092.8976,0
445145.8047,39903.24739999999
445620.0772,29394.73339999997
445635.7801,0
445926.2347,7080.938799999945
446015.1131,55452.31700000004
446123.8789,16545.966400000034
446347.0134,70944.63098888891
446540.2374,12044.262199999997
446872.73250000004,0
447307.3871,54002.17690000002
447671.5454,27487.66690000001
447724.3366,51324.91149999999
447817.9253,41690.77630000003
448040.0824,44346.452988888894
448128.032,0
448195.5194,12282.494699999981
448200.3189,0
448346.1581,45277.88296666666
448481.2206,22206.963899999973
448528.5904,32629.46220000001
448923.6397,0
448958.829,59136.94440000004
449017.8974,54814.57209999999
449088.793,54180.78879999998
449610.48620000004,0
449775.9567,43855.237044444424
449928.1669,39014.67910000001
449937.6015,53915.595299999986
449940.4068,1392.9373999999953
450027.0805,0
450118.4331,0
450350.2925,0
450403.8257,0
450443.7778,0
450528.3249,0
450646.1559,34300.30739999999
451080.3825,58977.99229999998
451118.0379,49162.16690000001
451479.0785,0
452171.0832,16314.132199999993
452466.3439,8341.232799999998
452792.4943,0
452909.0008,0
453144.0816,18073.745199999947
453245.9445,57934.899600000004
453364.6006,34919.51819999999
453605.8092,44580.84779999999
453659.7478,0
453706.3264,39215.831400000025
453744.8432,33424.43709999998
453784.7209,11842.996500000008
453912.5541,64718.120600000024
453994.8349,0
454273.8398,28030.273199999996
454499.8394,55089.480700000015
454512.1874,47386.00959999999
454693.5768,3718.0626999999513
454788.4964,0
455220.9969,17096.936400000006
455225.0074,9867.739700000035
455316.5733,32973.070999999996
455369.2438,55508.851199999976
455761.8491,12430.016499999969
455845.3013,20421.500100000005
455954.349,2855.0701000000117
456431.3754,61047.2292
456441.8644,25853.74800000002
456511.16500000004,0
456625.1394,5625.372299999988
456820.5036,41522.29700000002
456900.3987,33419.71470000001
457016.2238,31705.75939999998
457106.2449,15590.93339999998
457270.1031,13021.315400000021
457304.6269,16345.000699999975
457357.3779,0
457739.1609,0
457832.6889,0
457897.4712,0
457931.6559,0
457984.3512,0
458100.7825,60744.5845
458113.1914,22068.202500000014
458174.7938,16029.893700000015
458377.2412,30171.3566
458531.767,44423.27659999998
458664.4204,34172.91120000003
458748.381,62735.5122
458779.3775,0
458826.066,24576.26409999997
458863.0757,18191.386
458908.6292,0
458976.6803,39004.34897777776
459116.7034,44750.59019999998
459290.3682,22006.757500000007
459589.2167,4302.670400000003
459686.91,35449.57759999996
459847.7565,0
461328.2264,26465.907799999986
461352.8635,60043.372799999954
461523.6552,0
461537.5467,17623.64539999998
461616.8505,6352.651799999992
461766.3378,26543.060100000002
461840.9694,16291.96490000002
461979.6973,7424.23940000002
462060.0202,45674.04890000005
462136.65630000003,0
462247.4744,0
462637.1077,0
462775.824,64482.86440000002
463182.4959,0
463230.8444,0
463354.4517,67649.54219999997
463995.0572,70495.60819999996
464349.2181,13509.189200000023
464464.04819999996,0
465072.7347,68784.86395555554
465121.9677,39537.39798888884
465323.7891,41060.96897777775
465370.6288,12774.062900000019
465405.7278,0
465467.5786,40919.987044444424
465932.9757,0
466224.1447,31853.522600000026
466496.97,60786.73569999996
466640.4726,0
466642.4687,29360.855700000015
466773.8087,68410.3836
466912.5352,69115.223
466977.5122,16763.016899999988
467094.5217,43612.4204
467233.1717,45423.66100000002
467320.4507,36663.201100000006
467450.994,68460.12709999998
467510.8528,0
468030.8969,20970.58879999997
468037.8067,64900.777900000045
468219.6171,14849.6642
468279.1491,32542.845499999996
468465.7966,63869.61869999999
468536.7767,46362.15419999999
468555.4469,8770.101900000009
468615.4834,34474.40790000005
468690.3565,22870.050400000007
468711.2004,0
469175.3901,37638.65580000001
469321.378,75012.80798888893
469462.265,18910.465200000035
469667.7473,25567.282399999967
469672.5801,24450.489500000025
469701.0749,65086.734800000035
469958.4688,67218.43899999995
470149.772,0
470367.6356,0
470608.8552,0
470764.0667,11261.362100000028
471063.9408,0
471332.7768,68190.3505
471446.4277,72936.78000000003
471502.4015,0
471610.961,22434.58500000002
472273.945,70967.36479999998
472433.5812,0
472662.4916,57012.79190000001
473113.51,0
473283.1186,34860.54729999998
473472.6416,69217.9792
473520.5701,46991.7917
474078.4486,29854.208900000027
474199.8178,8517.483100000012
474236.8835,0
474398.5376,71604.6224
474448.5552,33042.782400000026
474631.5399,44369.22119999997
474656.4939,43144.04989999998
474861.07409999997,0
475030.9096,35482.45270000002
475173.501,5515.874599999981
475183.3536,9526.699800000002
475257.3019,22091.5245
475421.6053,19735.879000000015
475488.1084,11827.883499999996
475510.0007,61431.2745
475927.8306,10315.4571
475961.0351,29871.301999999967
476021.107,132.52500000002328
476286.2764,7978.993099999963
476495.9131,23860.888600000006
476608.9183,15387.909700000018
476853.4036,42065.64110000001
477097.0779,19872.988799999992
477199.2484,67505.41479999997
477769.46,8412.651300000027
477856.4307,7468.423300000024
478038.8926,28648.0368
478073.5893,65089.24489999999
478220.0129,14522.47139999998
478389.8324,60053.767500000016
478735.4885,47869.58599999995
478753.9386,17232.632999999973
479009.8493,0
479080.303,33648.734400000016
479131.7618,44484.943099999975
479309.9242,32326.362399999984
479789.6912,0
479907.76170000003,0
479958.4226,0
480426.807,3441.980399999942
480622.0287,49869.20870000002
481105.34990000003,0
481370.5613,16365.407599999977
481424.083,0
481971.3147,72312.6838
482063.42,73215.0
482174.3092,74245.95880000002
482239.3565,36744.35989999998
482595.3975,16662.254400000034
482847.9646,23022.579499999993
482864.5105,55961.51729999995
482898.2002,0
483056.6418,59378.00059999997
483297.678,27132.914300000004
483715.9599,36845.883100000035
483907.7896,20888.79370000004
484012.1853,30352.750899999985
484169.1456,16235.999599999981
484348.3877,18791.665500000003
484579.8363,71516.60280000005
484680.9093,23353.41340000002
484874.4106,15137.046900000016
484879.4076,13936.710199999972
485601.315,57393.56569999998
486214.6735,41315.07695555553
486434.2241,6648.128700000001
486960.9107,22098.89010000002
487110.951,21386.29496666667
487247.7745,0
487339.6932,0
487362.1464,29903.80310000002
487490.1304,17536.32500000001
487601.6919,38386.49729999999
487738.7726,58863.3774
487813.4925,0
487985.4749,72441.40702222218
488351.4381,19093.896600000036
488360.5367,31893.497199999983
488438.3842,2512.463699999964
488510.6552,25340.909955555515
488615.2333,62077.5748
489324.644,22785.265999999945
489342.5867,24876.893699999957
489748.6634,45222.12239999999
489967.7205,61743.1508
490148.5267,71980.31396666664
490799.35,4287.512099999993
490930.6985,16238.775800000003
490956.7304,12078.59600000002
491149.8722,0
491152.731,25945.38397777779
491443.4751,9362.335699999996
491823.0811,54663.57560000004
491908.5698,32147.603899999987
491919.1603,0
491998.0745,0
492029.0024,30310.52490000002
492058.4988,70542.766
492079.4845,0
492123.1303,51724.04620000004
492662.3649,27896.85680000001
492821.4788,20518.238499999978
492831.341,9456.356100000034
492954.9423,32401.135299999965
493153.8903,27744.024022222264
493246.9986,55002.29089999996
493321.6612,71428.99349999998
493568.3184,2930.455900000001
493669.0049,69730.03879999998
493712.8173,0
493915.5318,49170.13030000002
494032.1768,69437.0307
494186.2615,0
494259.0076,52443.7855
494381.506,42181.8358
494550.5028,68836.03899999999
494584.9691,9160.339799999958
494738.2276,26145.497499999998
495128.361,1315.0419999999576
495203.7712,19794.800400000007
495460.2719,64505.27139999997
495531.2916,10523.82250000001
495617.5815,8175.441699999967
495694.277,69498.09889999998
496241.3803,32679.71880000003
497340.8001,54773.727399999974
497606.1055,67228.79580000002
497636.5989,17807.794799999974
498518.9377,0
499169.4794,0
499205.2254,15123.632400000002
499233.2459,25323.075599999982
499239.90150000004,0
499295.4382,11978.74549999996
499386.9334,0
499466.7058,55330.585900000005
499581.7599,10521.319300000032
500290.3969,0
500367.2158,0
500808.3017,6382.982799999998
501094.9694,41071.60149999999
501098.9754,22865.807700000005
501281.3747,49604.186999999976
501529.0887,51306.6888
502321.2414,41360.8811
502323.5577,10863.829700000002
502539.0909,68481.11489999999
502809.4927,26576.58602222224
503061.6033,68350.67370000004
503228.5365,15576.386299999955
503238.2099,15375.645400000038
503331.0534,50560.1593
503339.8489,63355.395499999984
503496.5571,57630.90279999998
503653.552,17115.83110000001
503681.2349,17173.587
503927.98970000003,0
504261.0487,0
505176.3004,0
505532.7554,25526.345100000035
505933.8943,0
505985.6142,0
506116.212,23952.65460000001
506149.6683,70724.37998888892
506201.7276,66310.81229999999
506227.3233,7345.457799999975
506326.7296,14756.868799999997
506362.13769999996,0
506483.0284,53402.198399999994
506551.6668,37633.250100000005
506825.4279,9661.952099999995
506958.4891,12922.149700000009
507156.4307,0
507158.4023,0
507204.7698,39711.9118
507306.5364,12623.526399999973
507630.8554,66410.49690000003
507689.4743,0
507716.70900000003,0
507858.6152,29970.49569999997
507987.1797,2090.70689999999
508084.9132,30555.95510000002
508085.2546,35800.93397777778
508182.5318,27665.097699999984
508193.7381,69263.30670000002
508364.9774,6918.511699999974
508468.8943,0
508617.0407,19006.892099999997
508857.329,29243.542400000035
508960.0461,41916.553799999994
508968.034,5649.089999999967
509074.3281,0
509099.4226,0
509315.5262,3158.4526000000187
509576.3011,45573.559299999964
509856.291,28085.342700000037
509911.3248,48432.28580000001
510262.6314,34589.644900000014
510516.3224,265.0627000000095
510809.7227,9293.470299999986
511569.7517,14157.152100000007
511844.5589,29771.165700000012
512161.8502,1509.6283999999869
512271.7198,37917.63103333337
512841.2401,0
512865.0629,48864.6593
513102.9323,0
513110.5521,0
513119.0354,34644.02789999999
513312.3789,32209.659800000023
513630.8585,8397.83759999997
514002.45,30593.976200000034
514095.4322,0
514112.0263,0
514747.809,0
514826.93929999997,0
514952.152,0
515270.2479,48312.5135
515359.9563,0
515375.1174,27429.118599999987
515692.9615,56400.93159999995
516147.675,0
516177.9423,0
516249.1034,0
516448.4365,0
516580.8248,875.6915000000154
516648.9378,4748.548999999999
516668.6176,3940.1113999999943
517097.687,0
517176.9825,0
517302.5774,47306.02620000002
517432.0036,0
517558.8716,19946.616700000013
517688.2154,0
517716.365,29667.8909
517723.9248,27087.051799999957
518107.6396,0
518307.8598,24590.86799999996
518386.5098,7070.972000000009
518468.922,0
518556.2367,17768.873900000006
518872.7191,52100.419599999965
519248.9147,12753.460699999996
519264.8648,54573.576966666675
519483.6605,44913.80469999998
519518.7266,0
519518.8532,59944.78520000004
520045.082,15803.133700000006
520191.8476,49223.707955555525
520203.474,0
520257.002,58820.7782
520816.1965,0
520853.7258,17317.0993
520871.9154,0
520933.8607,0
520985.0317,52922.52370000002
521268.8215,32717.257400000002
521315.1483,6417.2351999999955
521460.6368,34276.96789999999
521944.619,27887.492200000037
522072.78,0
522105.0535,49631.953899999964
522210.5265,3172.7935999999754
522398.4551,9909.321600000025
522469.813,53354.10820000002
522669.1503,56646.8174
522785.7903,32.34999999997672
523065.6376,10117.047900000005
523827.3691,0
523912.7508,0
523918.1223,32459.621999999974
523977.7086,6826.039300000004
524137.1952,0
524353.3133,69462.12030000007
524442.0729,40384.74130000005
524657.921,0
524779.4734,0
524791.3331,0
525063.07,11463.598299999954
525122.0253,0
525280.9367,36662.70499999996
525356.9527,0
526072.1524,11035.251300000004
526103.2241,34340.4682
526318.2467,15385.741200000048
526398.2047,0
526539.1607,35927.56890000001
526725.5891,0
526808.5754,17499.829599999997
526856.8082,17065.511699999974
526868.3282,28233.1691
527006.8693,33860.22100000002
527227.3543,0
527500.6571,48705.33479999995
527531.437,39123.45840000006
527809.5193,49563.644100000034
527842.4644,42110.26520000008
527850.1519,48388.01930000004
527938.8004,41288.71729999996
528705.888,35629.14650000003
528707.0568,53644.55440000002
528994.4167,48476.1599666666
529197.5918,0
529340.73,6347.660099999979
529375.2103,43464.08202222228
529546.9947,10200.532000000007
529620.2067,41117.5478
529771.726,0
529819.022,51127.773600000015
530095.2624,15572.001999999979
530107.0122,17645.618200000026
530278.4067,23930.44060000003
530603.9984,0
530644.1657,44569.81400000001
531349.1077,18784.553800000052
531404.8937,57445.40410000004
531541.7278,23251.798100000015
531553.2552,42044.64610000001
531678.5134,29375.631300000066
531701.1402,12490.611000000034
531849.9641,5074.636799999978
531857.9708,54051.61200000002
531917.083,43890.574199999974
532069.9504,18608.067500000005
532477.3985,37012.587300000014
532491.6431,45714.8149
532527.251,4652.993700000108
533294.944,25207.211500000034
533356.8955,0
533384.8716,14034.28549999994
533668.2201,0
533704.1377,0
533969.0427999999,0
534117.1251,32868.14799999993
534124.139,35338.72059999994
534352.6639,16307.57640000002
534479.076,0
534539.746,0
534594.8223,51562.9314
535352.6549,0
535421.304,61248.151966666686
535614.9666,0
535746.6218,6966.32919999992
535921.107,23086.389799999946
535977.0046,0
536117.8224,43933.158599999966
536530.5936,16156.37440000003
537032.1866,58885.924
538518.6036,61274.91200000001
538641.0631,29959.099600000016
538857.1425,13298.02489999996
538887.8894,30112.157399999967
539025.3289,39694.572599999956
539069.0565,3282.810099999886
539176.4715,30903.767200000002
539252.2902,59999.41850000003
539350.1732,7308.488899999997
539538.4719,27905.613000000012
539992.8305,27231.27720000001
540013.9775,51829.65080000006
540106.9126,38520.608800000045
540130.1304,20539.714400000055
540147.0672,8513.750500000082
540210.5611,0
540346.2317,0
540410.4748,34511.341199999966
540534.1515,9142.656000000075
540636.7591,14827.616600000067
540777.9831000001,0
540854.8295,42122.68050000002
541003.3732,0
541267.7828,48839.86010000005
541554.286,35378.05569999997
541744.6711,19679.82680000004
542204.2389,23702.30170000001
542326.2449,0
542430.2456,69150.53270000004
542567.352,0
542939.3042,29612.712100000004
543041.3358,34054.45939999999
543093.8237,18178.888999999966
543469.2546,61126.74809999997
543479.3241,7009.2957999999635
543550.6164,21957.02620000008
543592.6797,58305.20409999997
543595.189,0
543793.7304,39479.83750000002
544034.6129,53354.150977777725
544035.9168,19308.33050000004
544048.61,13769.833400000003
544215.7754,42546.56760000007
544250.6754,60079.08839999995
544296.6433,48074.68479999999
544493.1305,35048.70989999996
544501.636,36137.34850000008
544636.635,0
544958.0068,50473.20919999998
545025.6503,0
545126.8724,3088.430799999973
545180.265,5424.738600000041
545538.7621,7373.802800000063
545823.5301,12447.125299999956
545842.1343,46891.41570000001
545864.4857,64568.20399999997
546267.3918,5944.237300000037
546541.5017,26281.872000000032
546812.0079,46302.851799999946
546900.8151,0
547018.3639,43612.085699999996
547266.6051,13124.24290000007
547731.2422,31691.229699999967
548082.4165,40128.04510000005
548175.3394,15500.592400000081
548303.8858,64009.96800000005
548330.6624,28588.57640000002
548758.389,15540.381999999983
548866.8566,68699.67590000003
549543.8364,19210.269700000063
549669.8531,40019.32029999996
550062.5353,8355.715800000005
550171.4591,0
550315.6843,53429.78409999999
550462.7419,26558.9608
550536.155,28768.441300000006
550755.3201,9454.903300000005
550903.2445,30317.585300000035
551057.0054,61399.73670000001
551067.4167,26545.738499999978
551211.4637,0
551250.2602,32302.7819
551337.7084,46596.30739999999
551554.6872,3022.99589999998
551787.2216,48040.870600000024
551807.4801,54092.18240000005
551999.341,65142.41110000003
552045.4235,63307.39470000006
552243.0185,48583.100399999996
553053.6185,51962.13049999997
553377.834,8781.371900000027
553424.6494,56243.98839999997
553655.9513,58323.93059999996
553746.5198,51902.642966666666
553841.1475,5559.9050999999745
554319.332,42887.30410000007
554367.3375,18537.320399999968
554476.763,45759.15340000001
554666.5501,46852.88130000001
554889.7756,42814.77800000005
555005.1611,0
555049.871,0
555196.1195,69264.62690000003
555420.9828,41430.606700000004
555551.2514,58940.08269999997
555957.5758,61901.79229999997
556042.7256,4863.59719999996
556048.5898,6969.381999999983
556124.3688,33080.19800000003
556244.7192,52328.448900000076
556521.6283,62765.04519999999
556713.5042,25872.28839999996
556976.7808,33792.66909999994
557102.57,50782.31239999994
557535.4668,40905.19490000006
557908.4247,17091.843200000003
558072.9634,72611.5750111111
558229.7627,61095.654499999946
558255.7767,69195.14550000004
558270.5119,20614.365500000073
558470.0385,59207.36259999999
558546.1029,26466.30680000002
558724.3769,0
558826.4748,27783.665500000003
559067.0735,25586.577700000023
559072.6513,50065.878400000045
559245.6173,59227.58390000003
559508.222,43758.21769999992
559888.9873,41046.81740000006
560126.2253,65467.11970000004
560354.8104,2702.1178000000073
560609.3683,38901.38689999998
560716.7124,45412.83909999998
560779.6165,0
561547.8767,26254.147200000007
561657.7126,52213.23059999995
561801.4658,34621.11499999999
561997.6696,0
562355.5957,28960.84509999992
562422.6316,0
562548.8538,69484.80996666668
562671.7361,0
562704.0284,61682.47089999996
562706.7329,10229.766799999983
562727.1603,11135.146799999988
562760.2427000001,0
562966.3135,18048.01030000008
563364.2688,0
563832.3054,7140.718200000003
564416.5481,28642.42929999996
564668.951,28988.224200000055
564767.0698,69842.26930000004
564845.6699,51696.87597777776
564851.2919,63560.35939999996
564997.7079,0
565045.4039,69462.75470000005
565072.0685,60057.81660000008
565165.4792,40982.77029999992
565195.5547,38543.37789999996
565248.5366,49153.844700000016
565379.5313,0
565512.2946,55788.49430000002
565726.8374,0
565777.1341,67061.26620000001
565874.8356,64547.981299999985
565999.4007,25179.048900000053
566187.6884,59446.16699999996
566672.1999,57922.78450000001
566715.887,0
566787.5492,67167.20679999999
566924.0321,46588.678199999966
566979.7962,0
567449.073,0
567497.293,17663.33539999998
567586.3862,52418.87499999994
567699.7562,37876.22279999999
567738.0656,25804.886500000022
567913.9149,62951.314199999964
567958.5471,59833.04999999999
568109.958,42228.44279999996
568454.6824,57046.76010000007
568565.1886,54188.753800000006
568849.1884,27560.911199999973
569036.602,18093.68359999999
569512.3221,19896.942099999986
569634.3835,71684.0680222222
569956.8247,71659.62439999997
570173.3407,36619.63059999992
570180.577,0
570323.6961,71309.56904444436
570498.4853,26294.078299999936
570624.3375,0
570724.7238,35089.80700000003
570960.7821,0
571014.2798,27433.737500000047
571100.1313,23253.988299999968
571355.1184,65768.22340000002
571426.9897,3874.961899999995
571441.6721,27571.370999999926
571577.8306,0
571973.4197,53542.98901111109
572040.6206,52973.97690000001
572263.8805,0
572703.2638,41988.13130000001
572715.6643,14171.618900000001
573067.5544,37468.274600000004
573105.3188,3486.285099999979
573144.4203,25258.702700000023
573486.5801,25675.642200000002
573535.8667,10192.644700000063
573570.5253,28432.18689999997
573598.259,32057.380599999917
573659.215,34547.71279999998
573729.2855,45711.55720000004
574339.4289,48104.74410000001
574498.9878,62096.509299999976
574629.4062,0
574670.2992,42754.90969999996
574740.1313,51370.45410000003
574763.4517,0
574803.4135,17100.486900000018
575236.6239,0
575273.9673,30060.138099999982
575488.0155,27829.91739999992
575517.5378,47556.55910000007
575529.9883,9490.064399999916
575602.2842,8130.677499999991
575638.7394,21143.40399999998
575735.6039,23289.853699999978
575785.503,5075.871200000052
575978.4664,0
576090.5759,34478.54800000007
576153.075,24212.30489999999
576544.2439,26723.448300000047
576622.7446,57419.40909999999
576816.9163,52840.59370000003
577036.5563,31947.498900000006
577228.125,0
577341.7589,66668.79600000003
577382.2878,52022.91650000005
577428.0048,41413.51430000004
577453.0364,0
577778.1773,35930.30009999999
577797.2234,36373.83640000003
578025.7568,25697.32019999996
578087.5009,27636.2696
578164.5424,0
578210.7903,13074.294400000013
578239.3011,40731.89470000006
578261.7838,65337.74419999996
578598.6633,68105.91601111111
578629.9885,30556.410000000033
578633.0401,31494.910799999954
578847.0087,5781.155999999959
579079.1782,23866.297299999977
579229.4758,32206.353100000066
579509.9628,0
579696.2545,43034.54710000008
580451.8092,23824.61180000007
580496.167,25658.60200000007
580508.0763,16600.284199999995
580542.1776,0
580622.477,0
580713.2709,43116.23860000004
580770.7852,11050.237900000066
580780.3544,16315.8027
580880.8691,56543.85820000002
581032.1894,29289.678200000082
581116.2149,0
581120.8107,12544.650000000023
581577.4252,6854.560800000094
581605.1086,27401.23450000002
581711.0043,10477.108499999973
582008.4134,0
582111.3028,35505.23159999994
582632.6754,26398.160999999964
582897.467,26376.645099999965
583931.7937,2867.7769000000553
584052.3143,36874.004399999976
584258.8167,31406.680500000017
584293.6973,12442.009500000044
584352.4736,7290.84600000002
584402.0355,0
584463.6177,46464.054999999935
584868.2941,20439.556900000083
585752.0767,432.53269999998156
585981.2108,0
586105.1304,69463.37470000004
586202.5507,20882.529100000043
586245.5776,6902.52489999996
586699.3953,30522.767499999958
586773.7758,29593.423499999917
586864.3711,60132.144899999956
587102.3832,31883.380500000087
587267.646,43642.04189999995
587298.072,0
587438.6623,0
587654.5184,2806.639099999913
587780.5623,26343.635699999984
587884.9494,62671.28230000008
587929.534,52410.26489999995
588078.8617,0
588174.1694,32251.437400000053
588549.4037,67137.75390000001
588967.742,48594.35950000002
588977.0058,20426.936600000015
589167.7912,24467.113000000012
589243.684,15014.694400000037
589277.0713,49969.80239999993
589630.0609,31192.558000000077
589647.407,29178.474999999977
589756.5788,15138.449000000022
590131.8112,0
590504.1153,70262.47479999997
590569.4591,0
590685.2163,35355.80239999993
590828.3453,22849.962200000067
591195.9491,42042.953499999945
591385.8636,52850.82480000006
591394.7927,26028.594399999944
591494.6113,4591.7639999999665
592173.3649,33002.36910000001
592295.3568,12850.169099999941
592399.7951,17275.905099999974
592689.5936,9557.601900000009
592774.0507,0
592814.8065,30884.8973999999
592835.5694,0
592840.7244,2494.7018999999855
593721.2226,32737.006399999955
593865.5325,2268.104399999953
593967.5215,11475.435799999977
594052.9435,0
594275.1174,56151.16189999995
594439.4089,0
594447.7981,463.16870000003837
594449.885,4494.847900000052
594548.7114,68285.75798888889
594676.1013,0
595012.0826,36873.174299999955
595378.1192,46104.22199999995
595424.341,8751.549400000018
595713.554,24058.753299999982
595893.5093,0
596269.8973,35551.837899999926
596335.4002,51620.104700000025
596573.8711,0
596601.4448,2997.155100000091
596615.674,0
596764.1828,32896.2868
596998.5862,0
597001.7559,37879.67090000003
597283.3977,24814.765399999917
597489.602,33537.244599999976
597964.9017,16770.8820000001
598208.9848,0
598243.8947,67726.07419999992
598323.0303,0
598719.6372,0
598926.5394,41207.55449999997
598954.7121,33949.31680000003
599057.4532,0
599103.3384,0
599379.1865000001,0
599982.4319,32917.838699999964
600160.5473,0
600731.7116,0
600826.3495,0
600886.1073,35351.902100000065
600904.7106,0
600959.5229,0
601037.0151,5076.334399999934
601111.1369,56573.219900000026
601166.2013,11454.90739999991
601290.1721,0
601547.766,14426.501699999906
601609.2587,30335.170500000007
601616.5838,38749.09860000003
601938.6185,13865.143599999952
602186.0268999999,0
602200.8742,0
602237.2039,0
602372.7643,3469.126500000013
602549.3253,0
602570.0608,16238.176499999943
602590.0477,43409.83129999996
602626.5017,1089.1844000000274
602635.721,0
603308.1945,0
603428.6236,0
603494.4606,41964.67749999999
603870.1127,2973.045700000017
603896.9612,14086.111700000009
604077.386,12902.665600000066
604484.674,49097.151199999964
604634.7816,0
604661.3725,13157.225700000068
604803.3556,44848.01309999998
604840.656,4296.868599999929
605004.0061,35242.3395
605055.8539,50703.56700000004
605201.9,10413.571200000006
605248.2023,24660.155700000003
605316.1037,5494.38870000001
605349.9077,43569.54110000003
605470.2119,0
605653.1394,24857.307900000014
605870.5748000001,0
606135.2042,0
606229.8335,35445.559499999974
606247.1371,41266.44920000003
606274.8894,20604.964000000036
606286.8668,9082.175799999968
606331.5007,43218.14069999999
606339.9472,0
606380.6497,50034.2659
606491.8059,11123.022700000089
606502.2178,3781.588400000008
607221.633,0
607224.4356,0
607411.4144,16326.205900000059
607432.6285,23523.64989999996
607653.3735,9409.00020000001
607682.037,38706.15610000002
608274.6885,14933.977100000018
608306.3901,33667.03229999996
608418.1523,19985.0027999999
608447.6106,0
608591.7908,44223.85889999999
608893.711,42206.53899999999
609339.7725,24397.196299999952
609358.4651,0
609486.792,0
609624.1381,4565.972599999979
609704.3621,51335.4351
609705.0112,0
609710.9996,0
609734.9063,43048.30540000007
609763.4814,0
609802.5636,25191.161599999992
609885.1369,11013.190600000089
609906.7828,2712.9944000000833
610657.193,7622.370099999942
610664.8291,23450.080699999933
610731.4868,3310.380899999989
611396.4976,21506.258799999952
611537.9055,22915.534199999995
611610.4076,6430.156399999978
611634.4925,22101.280900000012
611876.3119,0
612174.8335,25666.555199999944
612184.9546,30334.956500000088
612196.1564,52743.047033333336
612220.6245,42702.07500000007
612348.0991,33552.776700000046
612570.1538,0
612675.937,43031.757300000056
612786.3352,35950.20880000002
612806.9158,56193.13169999991
612999.3957,8417.86659999995
613038.8919,0
613220.5674,46716.815900000045
613330.1434,0
613405.9051,2007.987199999974
613515.563,0
613692.0522,42187.9889
613847.4247,17926.646799999988
614159.7748,25989.246599999955
614280.2576,2007.8560000000289
614445.4512,11800.495300000068
614575.7108,14409.001900000032
614849.2511,24075.61879999994
615083.608,15001.024399999995
615434.2927,10911.504199999967
615441.628,31232.094999999972
615762.3358,0
615861.0057,39810.25809999998
615893.2309,15076.716399999917
615919.944,23176.227300000028
616069.9623,2495.8412000000244
616298.7256,5529.344299999997
616354.3575,53777.02800000005
616411.0059,0
616445.393,41793.494200000074
616455.73,0
616596.267,7393.922799999942
616691.7215,26806.716999999946
616721.0988,30004.684200000018
616895.5112,47391.2760999999
616956.3088,4729.177499999991
616999.1496,32079.233699999982
617145.8465,0
617169.1399,0
617253.1134,56459.79070000001
617937.0276,36813.40730000008
618145.2113,31760.410900000017
618264.0694,50412.84200000006
618531.1744,56414.56302222225
618662.3407,54080.001699999906
618680.2063,39406.87009999994
618758.6313,0
618872.3008,0
618940.703,45795.688044444425
619417.7126,41282.93729999999
619456.2447,39894.94920000003
619620.8867,0
619623.443,33005.70789999992
619724.2966,24885.172900000005
619836.3326,45998.04999999993
619925.5261,38166.690500000026
619952.0636,45303.38060000003
620020.5505,44416.880200000014
620045.7761,39073.22999999998
620162.7793,41909.5438000001
620163.1236,28603.946800000034
620223.3312,55146.610400000005
620597.5583,25745.083400000003
620654.5328,0
620732.2747,58800.68001111108
620853.9071,40005.67189999996
620932.4728,0
621027.8986,12364.968799999915
621072.0557,48045.56480000005
621086.6414,0
621535.3505,0
621602.84,43977.57059999998
621904.5381,41114.293799999985
622352.1738,31886.66519999993
622434.1137,42322.553399999975
622719.367,0
623055.4839,12067.410400000052
624388.3825,49243.939599999925
624747.6578,24320.05480000004
624812.5048,0
625036.5569,3539.4898999999277
625072.2425,0
625089.9023,51378.818899999955
625349.8989,40589.46310000005
625378.6742,37942.19949999999
625593.2815,4298.206699999981
625766.0123000001,0
626025.2304,0
626033.4135,40111.079800000065
626238.0903,0
626248.389,0
626368.4457,52186.90659999999
626570.7668,33458.79740000004
626595.0124,42967.44790000003
626976.7478,44645.47829999996
627223.0251,0
627409.986,15477.495300000068
627576.4248,0
628141.5777,21699.30740000005
628283.0825,28200.05070000002
628485.6551,0
628489.5669,21993.78940000001
628738.4476,30169.664699999965
628893.7492,53529.52960000001
628910.138,32715.34210000001
628935.2483,58820.11699999997
629527.3088,1957.0903000000399
629902.9891,31140.930700000026
629914.7676,13828.327600000077
629996.6849,23408.90379999997
630247.9793,27399.10770000005
630423.411,0
630545.241,27123.54130000004
630632.8669,8122.068399999989
630870.3427,20733.527700000093
630897.7458,40099.53780000005
631206.9947,0
631466.564,35197.712300000014
631679.13,36868.56059999997
632010.7028,53625.37379999994
632355.1204,0
632507.2485,10668.368599999929
632565.4495,14402.66260000004
632573.4199,50324.426600000006
633523.4813,0
633563.4257,32941.56890000007
633600.8526,33187.442500000005
633738.4858,45127.79570000002
633900.948,29083.574900000007
633914.2074,13135.514499999932
634177.1352,40420.54989999998
634331.2216,0
634433.9623,908.9873000000371
634692.4086,22530.245400000014
634786.044,9416.760099999956
634830.968,19065.236999999965
634942.8676,15950.350800000015
635004.1184,61484.15750000009
635048.6621,0
635327.9349,11968.769100000034
635482.683,2782.9592999999877
635609.7292,0
636303.0575,43614.899600000004
636328.9553,38944.40890000004
636548.2088,11788.824200000032
636828.7566,0
636889.7286,28018.976800000062
637481.8287,19184.798299999908
637609.3392,0
637640.0342,43315.162899999996
637701.2706,10962.306400000001
637797.9225,52799.44030000002
638556.451,0
638583.8189,61383.01740000001
638598.1464,0
638898.3243,30408.930700000026
639064.8051,0
639194.4493,55707.73060000001
639358.9206,0
639825.7764,43850.24379999994
639846.8877,32472.840299999923
640112.2791,16809.089800000074
640114.0656,27161.45140000002
640202.8712,39962.906600000104
640326.7186,42319.26919999998
640425.4026,21229.47510000004
640625.9986,30887.009200000088
640630.6768,0
640639.3623,0
640878.8189,7445.8129999999655
640958.1158,34795.1801
641141.446,62287.48470000003
641166.999,20176.979099999997
641332.1062,14640.756000000052
641350.7902,514.9305000000168
641377.6065,57860.83569999994
641418.08,17771.920999999973
641450.376,0
641497.8433,6366.214700000011
641919.1207,6839.095699999947
641963.2297,0
642346.8492,0
642370.8908,67381.6172000001
642401.2428,0
642454.3047,66794.6819666666
643307.7832,28108.826999999932
643355.4180000001,0
643371.6252,41004.728100000066
643451.8063,15751.840000000084
643526.097,3627.965599999996
643544.8499,67389.99800000002
643763.0064,57277.33779999998
643887.6799999999,0
644158.2992,59844.8713
644187.9236,22464.16599999997
644406.1184,0
644507.2666,64486.84679999994
644631.5494,0
644799.3639,14760.884500000044
644946.0124,19709.17729999998
645311.8018,11784.189899999998
645316.719,36193.97730000003
645546.5618,33993.25420000008
645590.7889,36440.47100000002
645597.4105,3993.0845999999437
645660.2746,34306.06370000006
645743.6996,12595.261100000003
645949.0736,0
645995.4054,65210.5303000001
646147.1133,26982.738899999997
646164.856,17528.104799999972
646214.4014,0
646614.0961,0
646707.8393,26088.65969999996
646880.5207,44546.79902222217
647540.8982,44583.64300000004
647545.5709,23561.261100000003
647648.5957,0
647658.3225,5957.90850000002
647692.3878,39826.56079999998
647776.2782,67065.948011111
648048.0416,43119.03398888884
648359.3392,0
648462.8907,67419.8408
648631.029,16793.863000000012
648691.6784,35523.01240000001
648834.8715,25720.021300000022
649129.5266,40440.971299999976
649171.7138,0
649405.2478,42608.07559999998
649462.0093,62185.182299999986
649621.4341,18053.535599999945
649957.9073,0
650184.2866,15930.389699999942
650691.4625,0
650769.507,26872.157000000007
650787.1608,29135.650799999945
651837.4815,17821.280099999974
651852.2346,55887.83929999999
652089.4359,0
652120.2879,60400.1716
652307.3761,38381.49410000001
652482.1617,0
652602.7606,50695.50569999998
652615.4708,12056.91949999996
652714.7077,6078.7493999999715
653516.836,40849.9044
653555.2507,27135.984599999967
653571.6509,0
653601.0184,34431.908999999985
653738.7811,18029.88459999999
653860.4171,23488.631199999945
654305.8429,40540.186800000025
654499.099,43173.370900000096
654557.7082,0
654608.1779,43916.45860000001
654835.6746,35399.16670000006
655053.3604,55360.52590000001
655098.345,18759.98959999997
655608.9063,67886.04729999998
655766.5285,66393.96880000003
655853.4647,0
655954.3475,11234.519900000072
656011.4905,14299.684699999983
656273.1304,729.3477000000421
656480.1721,0
656497.9435,43406.43195555557
656535.67,40366.477599999984
656549.2002,27522.851199999917
656677.8417,39298.23199999996
656694.4059,30894.684200000018
657034.3526,61976.54169999994
657181.6038,32376.360700000077
657407.1795,6521.527899999986
657742.9511,28357.309099999955
657874.9872,15267.033999999985
657884.2166,56306.52040000004
658068.1468,46162.10109999997
658681.368,67609.89001111116
658808.8998,36804.9669
658860.9989,7861.303100000019
659060.6928,30193.263999999966
659089.733,34114.43099999998
659126.7516,0
659356.8615,65163.289299999946
659525.557,35063.112900000066
659575.0223,0
659605.8622,14271.405700000003
659711.503,22205.28489999997
659726.5023,12971.793900000048
659739.7684,67624.34239999996
659804.619,9029.811499999953
659855.6966,44129.278966666665
660233.0097,44849.10990000004
660344.5573,11155.568499999936
660435.0381,0
660565.5825,60684.01679999998
660705.4968,0
660709.3524,54244.0111
660833.3349,61157.96140000003
660906.6372,0
661291.0809,42820.974299999885
661568.6735,13012.612399999984
661816.9467,2477.173899999936
661855.3582,23292.52919999999
661943.2272,0
662071.8827,29014.313399999985
662230.4419,59240.332599999965
662366.6437,9237.8946
662701.3233,15696.789400000009
662761.4355,18318.31229999999
663381.6439,0
663418.5289,14665.339500000002
663636.9165,0
663881.5004,32936.106499999994
664034.4645,9994.555900000036
664195.5859000001,0
664571.099,0
664704.5974,36994.90279999992
664926.9294,5936.272200000007
664957.5904,3523.6735000000335
665363.4398,0
665428.7529,0
665591.8673,8074.121099999989
665673.6424,0
666158.921,26893.125099999947
666403.2569,0
666455.3625,39889.570400000084
666610.0862,20580.659500000067
666759.8127,19723.138099999982
666846.3725,24956.801600000006
667338.2984,12671.47649999999
667378.1963,62409.09899999993
667433.0411,52796.88080000004
667730.5212,9365.989599999972
668105.0965,0
668194.3248,58266.35849999997
668319.4723,1837.6807999999728
668430.6978,51765.4547
668692.4963,31453.981099999975
668834.3409,28570.226999999955
668984.1565,51.097900000051595
669312.777,0
669346.5782,7971.950799999991
669364.4024,15620.334900000016
669446.2064,12490.6446
669471.6783,0
669599.8096,0
669947.8003,14172.388299999991
669987.846,9053.60010000004
670400.2839,0
670466.2998,37211.97350000008
670531.5745,3544.5755000000354
670663.9552,21552.091599999927
670894.9887,7474.945500000031
671004.3149,2918.6093999999575
671026.3254,51099.09600000002
671329.8497,57095.47230000002
671615.0935,17284.916800000006
671855.1006,28074.774800000014
671961.1576,27772.63280000002
671997.8131,49935.56280000007
672193.1152,6940.969399999944
672220.9976,44372.789499999955
672786.3708,22382.248499999987
673342.361,55745.31240000005
673424.6677,45951.97880000004
673439.3832,55997.97360000003
673810.4335,13780.946800000034
674336.1612,38842.53940000001
674497.1368,1776.8079000000143
674575.4985,45824.897099999944
674744.5016,2910.4210999999195
674992.3986,20776.004799999995
675169.2696,20267.42830000003
675580.9839,31497.42420000001
675592.1059,0
676165.0518,0
676334.5428,59917.89870000002
677002.7243,27379.652011111146
677125.744,36382.66799999995
677200.0812,17380.315700000036
677385.567,24936.724600000074
677503.8814,0
677601.7269,43420.678599999985
677617.9751,44148.6945000001
677898.6753,6654.612100000028
678222.0905,13897.461700000102
678298.7997,0
678363.1126,63020.95496666664
678371.7894,19254.650900000008
678418.0547,0
678573.911,35393.11459999997
678970.521,16767.867699999944
679110.3744,59168.3541
679817.7885,0
679857.8487,30418.48749999993
680038.4574,21802.081999999937
680460.6944,45288.97503333341
680479.03,35477.94740000006
680660.1924,0
680696.4012,0
680882.2801,22731.07799999998
680914.4287,45140.100800000015
681029.2819,18746.77589999989
681062.8601,0
681363.2306,26666.07460000005
681450.8545,28417.168900000048
681540.177,0
681541.4725,30256.831800000044
681659.7766,37623.313399999985
681825.6453,42473.14610000001
681947.6471,0
682144.2692,22604.682599999942
682200.082,0
682273.1486,60480.020699999994
682474.6244,15065.988200000022
682507.9615,4449.037499999977
682792.8726,0
682898.5277,25784.92109999992
682904.202,845.1184000000358
682978.8709,36963.038700000034
683071.5394,9398.613299999968
683162.0358,11501.134699999937
683277.7217,0
683392.8051,16297.052000000025
683826.4754,37021.57579999999
683904.1833,15312.864400000079
683998.9137,36574.04560000007
684113.5168,0
684215.5537,0
684277.1831,34242.60340000002
684387.6476,40810.028500000015
684594.2245,11208.22219999996
684678.3637,0
684737.9375,0
684860.373,35802.208500000066
685137.0597,0
685168.8862,6358.166399999987
685189.6256,12494.234599999967
685942.552,0
685964.7572999999,0
686000.7922,46612.192700000014
686325.6834,38595.073399999994
686478.2021,0
686742.6143,35610.770699999994
687253.9146,34636.12809999997
687374.1963,55802.72279999999
687443.4227,19626.917299999972
687483.5529,0
688161.8868,45663.92220000003
688472.1497,6859.994599999976
689269.846,41437.59999999998
689501.0364,0
689637.7646,0
689756.3503,0
690111.6268,0
690237.5375,4860.970399999991
690304.8118,0
690393.0438,0
690408.8454,0
690421.4547,34030.66769999999
690498.4627,0
690520.1179,0
690645.7526,46562.634988888865
690990.3504,0
691070.963,18203.552000000025
691362.617,0
691504.0294,37825.72369999997
691671.1383,23015.206999999937
691756.075,24275.07620000001
691898.9077,1434.233499999973
691911.1255,34341.11849999998
691982.7783,0
692135.6268,0
692426.2587,6095.848800000036
692743.2175,785.982399999979
692766.552,20049.572200000053
692773.7507,9488.868099999963
692865.1259,37831.71409999998
693173.5557,0
693575.5768,0
693837.9936,0
693895.8267,3506.2439000000013
693990.7599,0
694310.8153,8137.380200000014
694333.5197,36704.6166999999
694461.7563,39814.697000000044
694617.1984999999,0
694727.1063,1642.015699999989
694802.7964,0
694808.0148,21611.19689999998
694991.9747,19766.60699999996
695349.959,43885.75470000005
695398.5758,0
695482.8904,49931.17420000001
695530.9088,18879.502600000007
695533.3267,40962.73459999997
695644.7143,46499.239100000006
695674.7344,49288.140599999926
696025.0409,0
696169.5997,6924.814499999979
696633.1791,19817.987599999993
696702.5096,0
696784.7824,0
696800.1232,0
696927.3245,10322.623999999953
697001.7775,11638.28039999993
697330.0363,0
697807.2467,36630.41729999997
698077.8476,43595.57649999997
698308.7886,0
698358.2272,48652.36369999999
699090.0621,3723.488699999987
699220.494,0
699829.4555,39251.543999999994
699868.3559,0
699894.2057,9491.568000000087
700015.9254,53525.69898888888
700045.8481,18618.119899999932
700202.9103,0
700283.499,0
700485.2867,31719.65490000008
700497.0859,38592.93299999996
700569.2513,40765.33860000002
700877.4014,17795.719399999944
701945.494,36115.68469999998
702305.9743,19315.052400000044
702690.5436,6950.371799999964
702767.7542,17455.84369999997
702865.3929,41527.6140444444
703118.7423,23227.32440000004
703150.952,49606.94380000001
703175.8054,0
703207.4398,24700.64280000003
703364.6312,14828.246499999892
703475.3189,0
703509.2965,10052.888000000035
703552.9646,36407.623399999924
703629.2062,0
703723.4687,8359.330599999987
703844.865,54250.66009999998
703898.3362,20622.3848
703907.664,13537.27509999997
703909.2847,26769.705699999933
704229.909,9737.616299999994
704286.1933,9742.612800000003
704360.2605,0
704731.0037,0
704733.1157,0
705048.5176,42707.31830000004
705103.7144,45443.982400000095
705178.4189,0
705276.1551,3383.3736999999965
705448.7953,48327.192700000014
705602.3785999999,0
705983.6646,30315.24490000005
706488.7388,48590.26640000008
706691.855,40839.100800000015
706862.2469,0
706994.9179,31091.57799999998
707267.1013,19137.462500000023
707482.1612,18063.604099999997
707495.003,16321.893099999987
707969.8001,19882.40379999997
708136.3772,14184.482599999988
708718.3838,40149.69380000001
709235.1736,32719.81229999999
709441.8927,0
709546.4881,36975.346900000004
709795.2571,0
710095.8485,28296.67420000001
710340.7679,31159.107499999925
710455.8477,28792.737800000003
710620.284,29774.119999999995
710642.1015,11152.55839999998
710742.6496,42658.08860000002
711036.776,24212.55249999999
711123.8416,0
711258.9646000001,0
711288.99,37202.54649999994
711555.6421,0
711672.6608,32850.601599999936
711714.7207,47390.21889999998
711934.3034,23156.531499999925
711934.3401,45874.74369999999
711971.856,49577.4828
712053.1943,43294.25419999997
712198.3675,5518.075100000016
712240.3734,13685.107599999988
712543.5607,15559.690100000007
712591.4381,13386.017500000075
712849.5636,0
713248.1334,6339.5638000000035
713791.465,50200.543399999966
714023.4963,23318.599000000046
714369.1981,0
714648.4049,40946.95380000002
714805.0657,37322.533000000054
714841.5665,2934.0224999999627
714910.4993,36855.02000000002
715027.3162,50771.94099999999
715109.9596,0
715255.6776,0
715289.1394,0
715565.0313,20276.38380000007
715687.1285,0
716107.8561,52487.137099999934
716153.2654,36360.8027
716535.5067,32732.388200000045
716602.1695,0
716623.134,0
716678.34,24614.906699999934
716780.9344,24829.132199999993
716965.0722,26987.876099999994
717218.1829,0
717224.9527,0
717322.1432,28568.123500000103
717361.7414,55280.31530000002
717382.3984,60720.15839999996
717666.4939,15712.413000000059
717788.0842,63082.1176
718327.4629,16490.28250000009
718354.715,51644.193033333286
718378.1172,27246.8088
718544.1592,10926.334200000041
718598.8968,0
718665.0,0
718775.1457,7788.751999999979
718852.8568,0
718877.7351,1919.7285000000848
718986.2701,20549.05429999996
719440.596,2183.063700000057
719609.1011,56164.62650000001
719769.7579,25184.585199999972
720030.3316,0
720036.3622,11212.325399999972
720218.1271,15062.405200000037
720271.4995,20128.66280000005
720464.3531,54631.428599999985
720514.9326,42949.42079999996
720544.9362,38660.00569999998
720548.1349,44004.098
720689.7949,51716.726799999946
720925.6276,15306.04310000001
721018.3971,50631.117033333285
721072.5334,0
721092.485,42689.111799999955
721176.3294,21933.228000000003
721374.569,37989.34460000007
721528.4196,55950.863988888916
721565.7572999999,0
721592.8204,0
721630.5111,31232.49060000002
721968.2221,11515.199099999969
722021.9772,0
722078.1586,31565.13269999996
722091.3773,0
722162.9207,38344.951100000064
722172.8819,0
722186.3373,13836.16359999997
722271.2966,9583.191899999976
722299.4811,0
722795.4016,18429.066899999976
722806.8231,44517.39890000003
723008.8679,34190.371399999945
723400.0313,59642.14770000009
723544.1585,63434.361999999965
723571.2273,0
723597.497,0
723629.8525,125.31910000008065
723964.6677,7082.223899999983
724093.6543,20281.3223
724467.3596,0
724478.7467,22561.339099999983
724612.4899,51101.89950000006
724766.3858,59564.897
724847.3825000001,0
724884.482,47259.8628
724902.0952,19706.863599999924
725280.3915,8341.21510000003
725458.8569,0
725658.8029,0
725752.7635,32141.385800000047
725769.2939,0
725869.3659,0
725898.4366,0
725968.9418,36182.788300000015
726061.6525,0
726084.4358,0
726199.7264,0
726203.2676,39049.951899999985
726257.1987,3205.349399999948
726415.2167,40232.79299999995
726496.7775,35821.508199999924
726509.47,32348.31739999994
726541.4839,22446.145299999975
727193.4239,907.8621000000276
727418.4641,0
727421.3496,58675.721499999985
727588.6893,35408.45069999993
727642.9928,45806.67229999998
727643.3261,41100.16009999998
727893.979,9737.994400000083
728004.1532,6814.33879999991
728215.5002,53633.50060000003
728223.3425,23115.34030000004
728275.9369,0
728277.07,40234.42479999992
728461.1384,22123.459700000007
728464.3108,0
728587.6761,1400.1622000000207
728803.5996,0
728836.3655,10817.926499999943
729116.4498,30786.447199999937
729141.6794,55956.0527
729181.2605,0
729211.1076,60082.396899999934
729223.2112,0
729329.3479,62664.5
729882.1665,39064.468300000066
730179.4634,0
730432.2799,10676.251799999969
730491.421,0
730862.5722,19583.833800000022
731296.6052,18173.204200000037
731341.4933,18015.161100000027
731371.9728,60897.18330000003
731796.5703,20488.393500000006
732075.6911,49373.56895555556
732126.2485,15544.290900000022
732311.0137,5190.311400000006
732525.9038,36685.5919
732944.0352,47531.2790000001
733397.3619,16701.790400000056
733434.508,25344.77370000002
733630.1074,55704.106700000004
733716.594,0
734197.925,18927.113100000075
734225.108,8686.621700000018
734245.2206,0
734435.1052,0
734438.0219,18414.531100000022
734604.8476,20213.893500000006
734820.5222,23710.6544
735241.6759,34563.58519999997
735259.6497,19731.86170000001
735269.8269,14346.22789999994
735297.3059,24231.698600000003
735315.8668,26771.979399999953
735493.7369,46480.33050000004
735933.242,0
736495.5016,0
736995.6662,16034.015000000014
737105.727,44865.910199999926
737247.6536,58643.114100000006
737450.0394,27364.791599999997
737896.5148,9736.809400000027
737971.5454,16853.57579999999
738117.5617,23217.739100000006
738178.2918,15608.856600000057
738354.6393,64333.26695555565
738374.299,64848.76302222221
738594.7242,0
739011.0679,12607.925900000031
739324.1903,37974.27309999999
739426.9721,17365.582900000038
739475.9036,0
739585.0187,34231.022400000016
740463.743,0
740567.2076,39147.34109999996
740733.1199,51692.87910000002
740811.0119,58973.90950000007
740859.1436,974.169799999916
741131.623,0
741468.8318,16596.354900000035
741620.9659,33153.035399999935
741686.9185,29918.499500000034
742343.5129,0
742638.1207,24633.42180000001
742786.8595,48086.63103333337
743391.3099,34156.15480000002
743720.371,21861.36540000001
743750.4476,12684.869299999904
744072.4242,56028.86170000001
744094.1754000001,0
744105.9996,43931.17139999999
744730.3797,15310.536800000002
744935.3597,58223.5122
745348.6165,0
745378.3753,0
745872.283,17191.55190000008
746169.555,27782.1651000001
746188.3634,38126.0612
746282.1675,0
746354.4194,47772.067099999986
746384.1521,62472.017599999905
746572.481,0
746699.8619,50307.465599999996
747139.9432,25612.54649999994
747142.9191,4518.151000000071
747297.088,0
747427.94,45656.20701111108
747429.7469,0
747904.5891,19941.059299999964
748042.7734,0
748100.1943,0
748208.168,57234.25
748348.3978,20762.671399999992
748349.103,0
748521.1229,47683.88659999997
748593.4327,0
748882.8925,4098.23769999994
749344.0147,4399.855300000054
749723.5115,42414.64360000007
749831.9393,36869.27350000001
750227.8374,27261.984399999958
750236.8048,0
750327.1614,0
750484.6866,63743.273799999966
750839.283,69228.39695555565
750844.8964,21903.47199999995
750872.1432,40125.37950000004
751145.6675,27242.70140000002
751869.9867,54291.67749999999
752151.5899,0
752216.4587,15209.786599999992
752240.4289,8273.525000000023
752536.7913,65951.52202222229
752548.4673,0
752759.1838,52779.67189999996
752763.5073,7424.139300000039
753283.6862,13658.86560000002
754228.7834,29877.977199999965
754953.2737,23408.46710000001
755083.0497,36782.14419999998
755342.9706,47331.57790000003
755504.2599,163.08849999995437
755589.3126,21962.529699999955
755951.7355,62113.94069999992
756479.9298,10000.822700000019
756615.0196,36373.420399999944
756675.4091,0
756681.684,42980.91159999999
757325.6122,46328.24159999995
757389.1983,44771.4752000001
757440.3615,0
757479.9669,12790.03899999999
757563.7705,49129.010699999984
757570.9051,21115.20479999995
757601.493,0
757716.0958,0
757727.314,69518.23999999999
757752.1922,26421.16260000004
757761.5572,42399.31890000007
757770.2943,0
758080.9569,23636.696600000025
758243.4322,31075.32870000007
758250.5361,31258.212100000004
758291.4506,40843.00829999999
758363.7862,62434.9118
758485.9623,28163.650200000033
758837.2702,12254.615100000054
758988.6794,0
759048.346,61820.1618
759130.5292,27104.19259999995
759485.3224,59411.99319999991
760347.2727,14250.823399999994
760448.5472,28372.588977777865
760808.9248,0
761136.2368,8728.791399999987
761182.1201,29829.458799999906
761592.4612,33864.071400000015
761629.2607,13805.50939999998
761700.505,31043.04090000002
761825.8391,69791.18304444442
762107.4935,24869.357100000023
762354.523,12946.443300000043
762650.8396,0
763149.1289,26944.514800000004
763205.3632,49384.00829999999
763517.017,0
763533.6971,12680.493099999963
763772.0251,27468.5527
763963.4268,0
763966.7345,0
763983.2182,63437.74739999999
764296.7766,29248.294600000023
764404.4995,1672.4130000000587
764470.6321,21618.09500000009
765077.1725,29550.749500000034
765152.472,1001.0757999999914
765273.5206,60592.060400000075
765311.4423,12340.53740000003
765481.5463,57580.897400000016
765722.2338,24564.33970000001
766062.1229,9323.665299999993
766105.1968,23012.244400000083
766142.1432,0
766300.7566,20727.22239999997
766554.3715,0
766647.6204,49930.874500000034
766820.2969,32211.71749999991
766856.6684,48079.0355
767151.0723,28705.572799999965
767389.0544,34016.59200000006
767576.2687,0
767881.831,19007.437400000053
767882.6494,21660.05700000003
767995.4413000001,0
768781.9241,28658.533799999976
769545.3451,48372.987700000056
769769.8656,0
769813.2757,20650.023200000054
769979.6778,25448.811099999934
770101.9668,55866.044200000004
770174.9916,0
770250.6162,0
770334.7247,0
770761.5061,57190.442500000005
770882.5007,0
771417.6724,51048.732400000095
771545.6043,0
771701.6947,35079.994599999976
771906.4678,44760.23939999996
771920.674,0
772320.4014,12526.904999999912
772350.9387,37152.88140000007
772555.4092,12038.630800000043
772776.5138,36420.672699999996
772911.2191,0
772930.901,12163.376899999916
773249.7581,72498.73498888884
773253.3234,57131.145499999984
773581.6884,1459.5882999999449
773842.3821,41735.449100000085
774017.5478,22679.04799999995
774033.6847,64577.53639999998
774195.625,38648.219700000016
774277.4872,61790.082599999965
774554.9785,3758.0627000000095
774773.8522,3520.9120999999577
774929.0322,57955.493400000036
774996.7208,16811.488899999997
775312.7813,23200.3811
775799.975,10548.512299999944
775839.6977,32320.903300000005
776133.4488,0
776163.5057,37573.01819999993
776234.5563,0
776309.1569,4292.100099999923
776339.1845,37001.48389999999
776362.4448,28047.234400000074
776428.9145,2177.6620999999577
776464.7932,37079.01489999995
776631.4234,39960.77749999997
776853.3337,24220.07369999995
776904.393,66168.4584
777072.5287,54353.48701111111
777481.126,44590.18400000001
777595.5927,53152.83180000004
-----Simulation END-----
