-----Simulation 0-----
172812.4132,1977.2774000000209
173196.1361,23565.250900000014
173204.2057,1238.232799999998
173405.9344,22131.91459999999
173524.5963,560.5758000000205
173630.8099,1625.6189000000013
173767.9237,24121.015000000014
173812.8179,23887.90089999998
173886.7117,6623.415700000012
174143.4622,24496.975600000005
174522.8672,0
174579.196,6250.271399999998
174615.8387,24421.611199999985
174652.9729,4685.813699999999
174962.4319,23825.90239999999
175019.3001,0
175152.5216,3836.7374000000127
175402.2568,19218.296700000006
175413.488,6565.481800000009
175735.5272,23716.544900000008
175948.1375,4013.7939000000188
176292.4767,25331.995200000005
176315.7995,24340.2114
176810.2334,4439.983799999987
176971.5261,24755.600599999976
176987.0066,25092.3909
177000.4776,8460.25960000002
177004.4242,1288.3448000000208
177061.6686,25970.766999999993
177144.5187,24152.963699999993
177393.3644,24079.160499999998
177479.9158,7460.796099999978
177503.9729,18051.869599999976
177545.4901,25621.163
177613.7466,9490.967866666673
177665.2278,22519.809699999983
177682.3156,0
177949.0638,9332.599099999992
178084.4427,25607.242100000003
178130.0589,24693.869000000006
178132.3258,23982.303274999984
178341.1536,26777.008699999977
178445.6608,2651.3942000000097
178466.3735,26391.323199999984
178526.1555,24636.9314
179314.691,26250.312799999985
179443.9638,22998.694500000012
179581.5978,4933.270999999979
179735.3306,26935.922299999977
179916.0865,10391.629199999996
180038.1231,22561.858899999992
180092.7735,26720.262600000016
180103.6611,26609.94644999999
180118.0515,9099.00390000001
180329.0869,2144.4782000000123
180355.2585,26654.71789999999
180436.456,8979.425199999998
180497.4543,2371.3771000000124
180544.4894,26560.44339999999
180602.3137,11306.5729
180682.5771,27272.8401
181360.6815,22893.7396
181473.0931,0
181494.9375,24387.223599999998
181646.269,24111.833500000008
181706.2476,0
181716.2812,10212.957900000009
181742.0139,10758.916899999982
181868.6927,7684.341400000005
182019.7848,27038.161300000007
182184.3193,0
182259.3588,23392.89399999997
182343.5002,1397.8484000000171
182501.8354,27281.224400000006
182510.7799,24561.439199999993
182511.2202,26610.18340000001
182655.8211,5542.128900000011
182783.3048,7389.767300000007
182887.7102,0
183039.3446,0
183050.735,0
183081.5144,12323.506199999974
183511.3383,26944.636800000007
183560.6122,1816.0013000000035
183630.7802,26743.980700000015
183809.1307,9531.825700000016
183819.9285,13981.141000000003
183875.2345,0
183932.5664,22831.805200000003
184004.2372,0
184194.0951,26804.81330000001
184409.5,14175.17749999999
184438.0519,24998.54249999998
184729.5951,14206.546000000002
184787.0796,0
184925.2195,15111.86480000001
185357.5879,8620.271800000017
185599.6549,26938.120999999985
185964.7654,14114.250900000014
186085.5968,14309.212300000014
186138.5609,26877.74410000001
186209.2597,13764.804699999979
186275.8737,3720.214099999983
186491.912,27678.288100000005
186712.3811,9943.387799999997
186916.0336,14753.130700000009
187070.3924,16151.592100000009
187162.7648,28849.825100000016
187192.7243,28008.692700000014
187343.1348,11726.07269999999
187349.6371,8323.084399999992
188673.6581,16022.51879999999
188814.5264,16805.505000000005
188867.9739,3760.1386000000057
188876.5822,30985.126825000014
188937.6117,30436.02530000001
189046.8264,26476.267999999982
189248.9757,12013.328999999998
189567.3274,27217.13560000001
189695.4509,17400.78529999999
189858.3538,23451.11660000001
189909.929,26256.21960000001
189947.6988,7396.501000000018
190138.4702,14525.979439999996
190283.2692,18067.816500000015
190519.8286,12066.068800000008
191027.5004,21780.806499999977
191095.2977,30753.42499999999
191163.267,12598.176799999987
191263.1489,18886.557899999985
191672.299,19049.575199999992
191730.0082,27028.96690000003
191799.3942,24488.567899999995
191815.7107,9639.234999999986
191935.2739,29642.495800000004
191940.796,27523.495200000005
192106.9826,19295.440199999983
192248.0516,12681.868400000007
192416.6089,27499.49959999998
192426.9622,12569.584200000012
192660.8599,0
192802.6251,0
192839.1652,32597.628399999987
192985.5407,18416.77040000001
193097.361,30897.363000000012
193302.6535,32643.696199999977
193328.2036,32814.5503
193381.74,14417.743699999992
193385.0731,32684.300600000017
193503.9768,30926.780100000004
193557.2771,19605.140700000018
193617.2179,19415.238499999978
193652.3978,17691.812200000015
193704.7619,32344.997300000017
193913.615,31527.138799999986
194100.7684,7558.177499999991
194105.0613,10582.590100000001
194137.6679,19409.940299999987
194196.5211,19320.036300000007
194253.7718,26651.608399999997
194601.2557,27995.0343
194798.9606,27706.28693999999
194995.0288,31004.182833333325
195031.2175,32995.51800000001
195158.9597,33395.312600000005
195192.9716,33648.44809999998
195612.1606,20004.786599999992
195715.008,0
195812.1724,19390.35870000001
196033.0849,19709.354299999977
196200.3685,10464.396500000003
196397.1147,19083.774600000004
196482.2531,16648.9902
196490.6692,17449.60580000002
196509.9261,26735.323600000003
196519.2016,33587.922500000015
196593.7616,34478.3695
196994.6325,33782.346900000004
197186.6108,26007.444599999988
197437.9883,21499.72630000001
197810.1864,17563.705799999996
197865.1756,32921.45359999998
198157.8064,33290.66460000002
198210.2633,15291.595899999986
198421.3248,33991.07370000001
198430.8503,4351.32269999999
198492.1558,27599.74100000001
198499.9841,14252.593200000003
198634.473,19796.87659999999
199070.9496,21037.74589999998
199143.5144,21532.487999999983
199194.4355,21797.5104
199239.3524,33309.48750000002
199313.8168,27848.867400000017
199338.1299,34618.799
199343.5037,20571.281000000017
199371.8364,20540.95670000001
199646.1304,19808.408399999986
199685.0816,26695.26139999999
199778.867,21880.973800000007
199907.7736,22578.565699999977
199987.4347,20810.816700000025
200048.5042,30300.680599999992
200219.852,19382.042000000016
200266.9892,35113.64560000002
200339.4105,34017.540099999984
200339.4728,33840.907799999986
200403.0396,33877.60379999998
200629.7467,22462.899000000005
200694.0247,33403.816700000025
200769.8873,14485.381400000013
200858.9468,33240.234800000006
200990.2166,27429.703800000018
201078.0939,35096.59900000002
201229.2815,21825.495000000024
201334.2429,34757.93180000002
201419.7669,22315.3652
201434.8558,33237.075899999996
201496.6179,34713.13870000001
201500.9488,35339.66
201629.4312,21862.39169999998
201704.9254,21905.890799999994
201828.1369,35020.797700000025
202156.6028,20848.981700000004
202603.7113,11385.2733
202849.0077,35073.29509999999
202927.4065,35189.06940000001
203206.996,35380.529766666674
203269.298,28802.276300000027
203280.7227,33823.758700000006
203323.5882,21977.71059999999
203354.3256,14912.063700000028
203391.5906,34742.2464
203559.4308,22593.256900000008
203587.8981,21897.632799999992
203606.268,35877.76921666667
203635.8106,22110.467399999994
203696.8649,35594.88199999998
203777.8381,34961.30669999999
203820.6504,33363.04330000002
204052.8137,33300.769299999985
204059.8844,21164.573900000018
204097.3702,22339.49119999999
204337.8433,22924.725200000015
204509.8039,22414.8094
204559.608,22507.219299999997
204687.3901,22314.330599999987
204729.2084,35307.0687
204752.6888,34559.7022
204768.7197,34919.44279999999
204857.6964,22546.03509999998
205093.5067,35708.636299999984
205144.9138,17167.597500000003
205335.7405,27883.7488
205439.5937,35096.784400000004
205443.2355,20994.535700000008
205447.0671,23100.232299999974
205477.6736,33501.3131
205652.5775,35523.609400000016
205755.005,21957.054000000004
205812.3869,22728.8045
205976.3319,22366.81819999998
206000.9811,21936.361999999994
206015.6209,35848.4663
206197.6589,16175.997125000024
206208.7195,22990.798700000014
206486.028,22421.347099999984
206545.304,35452.7096
206690.0284,22859.122700000007
206747.7576,34804.212700000004
206774.5821,34814.831799999985
206947.7683,35096.2905
206979.4466,21684.34659999999
206984.7839,30853.533000000025
207075.4977,32161.77740000002
207323.0284,34904.2573
207490.115,34875.97779999999
207660.0214,23030.062000000005
207682.3889,36135.191699999996
207801.3592,33558.89500000002
207835.8036,35809.517900000006
208044.4329,34972.20400000003
208142.2775,35085.7181
208250.0316,19715.659799999994
208579.3509,34910.62849999999
208712.8622,18181.112500000017
208929.9022,21890.800600000017
208940.0446,22572.477199999994
209000.2162,34044.81
209074.978,34985.630999999994
209206.8784,34829.69959999999
209552.4805,34557.907200000016
209675.6236,35082.93599999999
209681.7322,23695.2819
209686.0221,23103.276100000017
209770.0116,34924.7653
209811.7186,34788.19560000001
209822.9959,33741.29500000001
209839.7107,24352.10129999998
209970.8512,36068.130999999994
210019.117,22098.576499999996
210073.8998,34681.65700000001
210105.6855,22077.90829999998
210122.7524,22182.52840000001
210193.2237,22736.94159999999
210198.43,23029.715999999986
210441.8241,23379.03330000001
210599.9044,34454.10370000001
210724.3486,22886.856899999984
210776.1286,34850.1617
210863.1024,35129.609
210939.6695,28030.851399999985
210958.389,35834.133700000006
210995.4152,22864.476399999985
211234.0518,34686.46569999997
211302.3912,0
211409.9723,34461.2095
211512.9488,34978.93979999999
211693.2845,24346.501800000027
211694.8505,24461.771399999998
211709.5241,34635.726200000005
211723.0665,22512.304199999984
211872.5439,24447.723100000003
211928.9594,13022.013999999996
211977.0716,33723.84539999999
212014.6134,23613.73449999999
212155.6603,35188.97329999998
212205.2889,35440.53170000002
212212.301,34886.75760000001
212331.4645,24387.342800000013
212401.6915,23089.92239999998
212415.8217,22271.768299999996
212566.5977,35739.461900000024
212790.8821,35006.39809999999
212813.7353,22815.421299999987
213008.6962,34883.726599999995
213112.6796,23443.17420000001
213172.8372,35386.608800000016
213367.9424,0
213929.6778,24813.56599999999
214037.732,34660.821599999996
214081.776,35569.10950000002
214095.7114,35690.562799999985
214115.851,22926.504400000005
214443.5595,23710.176000000007
214500.0615,24747.981300000014
214730.2956,35361.3009
214786.9203,24693.31779999999
214834.9958,34816.22959999999
214852.8986,22524.108399999997
214895.0523,23436.889800000004
214964.8491,34971.26449999999
215016.0832,34998.82399999999
215025.2865,23300.55349999998
215043.0469,34539.9847
215093.3307,26026.3125
215199.4153,36419.7819
215221.3871,34605.063599999994
215568.3914,23686.933900000004
215610.3478,35835.342000000004
215714.3491,37065.50750000001
215752.4474,35627.41200000001
215773.2304,22302.928599999985
215965.1562,35256.42189999999
215990.8391,23161.540100000013
216014.4386,25189.222699999984
216089.5477,2912.3519999999844
216201.9314,35258.4393
216500.7348,23675.93360000002
216582.9136,0
216619.5218,37256.883499999996
216646.6383,24336.313599999994
216675.9383,34718.745599999995
216928.5976,34897.41829999999
217084.5749,34958.459
217282.6311,37059.5214
217440.6966,25604.269100000005
217636.2457,23955.081399999995
217727.2514,25654.70750000002
217781.4039,34934.084
217913.5647,25653.88029999999
218059.833,35870.63520000002
218144.7428,26178.71960000001
218184.6992,0
218357.9796,36641.9136
218544.1119,37171.098099999974
218766.5718,25108.23880000002
218801.9584,24434.649999999994
218823.6245,36063.066500000015
218932.4657,35255.76740000001
218987.8007,37217.22949999999
219181.8676,26000.532399999996
219240.0798,22932.08720000001
219312.9207,36362.99059999999
219369.6043,22934.386800000007
219460.1683,24783.27409999998
219535.436,24874.089599999978
219607.5905,35955.89849999998
219734.152,36384.787500000006
219986.8308,37781.9093
220007.3275,25798.492500000022
220195.0554,23109.622200000013
220246.3306,35033.03719999999
220324.9499,24564.842800000013
220342.638,25941.087700000004
220416.5344,35080.88750000001
220485.6363,26155.31720000002
220540.123,37760.54059999998
220613.5314,38846.522800000006
220664.9998,23006.93849999999
220779.9954,35585.784000000014
221030.2994,37585.188399999985
221219.5635,24960.478399999993
221282.8634,35425.61970000001
221486.9735,35135.365499999985
221552.7285,36586.45360000001
221642.0931,25304.596900000004
221643.3167,24888.929999999993
221658.6519,38524.4877
221662.0485,36666.076900000015
221773.1566,23163.545999999973
221998.7114,26370.94960000002
222144.0579,27513.090000000026
222375.8386,25370.64989999999
222663.9187,37652.38560000001
222679.1453,39443.0006
222719.7563,35193.4565
222780.5977,23327.290700000012
222869.584,36474.28640000001
222958.2298,23175.077099999995
222992.1381,38259.740100000025
223097.1937,39002.68790000002
223196.3185,26205.727400000003
223311.7982,35138.35829999999
223384.5716,38619.7555
223524.6458,27383.31329999998
223607.0606,35559.8676
223758.685,39766.100399999996
224003.8184,26399.061599999986
224015.8328,35580.230500000005
224042.028,35916.5079
224079.7227,26930.271500000003
224139.8418,27230.031499999983
224282.5516,39800.264200000005
224361.4564,36773.59469999999
224389.3199,39852.19949999999
224402.1775,27313.524399999995
224460.6513,26040.353299999988
224491.4465,28108.144699999975
224509.4129,0
224648.5912,25457.02309999999
224704.2226,25435.803600000014
224766.7304,35873.734400000016
224772.1453,39316.447600000014
224790.5942,35566.41464999999
224903.8746,27577.752700000012
224929.0406,37181.572000000015
224993.0739,27386.000700000004
225090.6422,36486.9498
225123.0805,27372.365500000014
225252.1729,39824.02059999999
225264.2563,25459.83620000002
225458.7901,39042.06910000002
225584.0481,40014.234600000025
225781.2356,27905.593500000017
225795.8172,28064.728100000008
225907.6537,25603.107900000003
225958.8078,23450.304400000023
226026.0331,26399.925600000017
226146.9289,25873.5233
226326.8737,25048.55369999999
226328.4613,27104.99529999998
226622.9352,25703.2929
226830.6676,25721.823799999984
226971.9454,26232.682300000015
226973.6777,37075.16560000001
227101.3303,28397.587299999985
227171.3636,36126.31480000002
227235.0769,28501.05329999997
227250.4741,27643.002899999992
227275.9739,27464.04290000003
227416.9138,40001.52650000001
227519.9226,39474.26679999998
227530.8009,28188.6624
227542.7335,27370.372499999998
227582.0448,27549.76550000001
227612.9705,35872.36670000001
227649.3208,24305.738199999993
227822.3784,27645.824699999997
227885.2528,35910.340799999976
228095.0305,37603.82069999998
228169.7065,25620.64300000001
228297.2955,27111.85680000001
228433.6146,26340.715800000005
228440.4493,36467.70139999999
228564.9804,37459.78520000001
228649.7788,26989.1826
228924.1826,25751.92670000001
228926.4592,35699.393899999995
229050.5403,0
229376.2186,25193.78289999999
229583.6684,39866.6464
229585.1728,37639.3548
229817.8291,27315.28450000001
229961.2268,27028.554700000008
230015.8853,40398.88859999998
230094.256,38509.99589999998
230208.9325,39930.236199999985
230246.6705,37181.7954
230261.8116,24108.65929999997
230305.3398,28018.79999999999
230392.9687,39036.79689999999
230425.2095,26367.450500000006
230580.3204,40466.82029999999
230691.9532,41921.1949
231090.9731,42213.340800000005
231127.0912,27159.854299999977
231366.6902,26685.723400000017
231456.4742,25836.103700000007
231705.4884,27010.733899999992
231801.905,26896.187799999985
231884.217,28048.064899999998
232019.3035,26699.958000000013
232063.231,26380.361000000004
232093.8495,40291.92730000001
232195.2174,39702.01639999999
232236.1035,26326.7445
232289.82,26486.7243
232945.8156,26852.012199999997
232962.1344,26757.00880000001
233144.9007,39862.8187
233150.4349,39534.48439999999
233214.0795,26431.531499999983
233224.4682,26077.478100000008
233303.4286,27259.780800000008
233412.7034,40230.222699999984
233444.5002,36835.09450000001
233676.9579,43723.28910000002
233893.6782,23883.80429999999
233958.1952,40229.82109999997
234158.6798,38197.51570000002
234664.1983,26978.023799999995
234722.2344,28027.47
234782.4905,38321.21510000003
234896.4845,27577.168799999985
234908.1126,43856.77109999998
235413.0896,39554.673899999994
235458.8593,42161.50650000002
235492.8578,39905.22380000001
235656.1159,27370.05840000001
235872.3415,44525.61870000002
235979.9682,44534.524399999995
235981.7922,27034.013000000006
236117.8675,28814.32189999998
236283.0694,39538.56030000001
236294.614,28047.57329999999
236381.9819,41235.72870000001
236496.5978,27139.200499999977
236503.6006,23745.516100000008
236518.1842,41928.852599999984
236699.4915,25677.5729
236793.0605,0
236944.8775,28699.701
236947.9278,26804.17240000001
237023.1933,27411.048500000004
237053.2689,29278.425300000003
237168.7921,37849.49769999998
237233.8829,45272.4614
237236.5862,26791.925799999997
237311.1491,25270.931300000026
237391.7852,46271.5301
237645.5321,26645.87890000001
237953.3408,42066.659000000014
238018.1348,45204.85070000001
238282.9644,42239.92939999999
238350.8779,39444.975799999986
238382.7926,27708.597699999984
238409.4876,0
238441.083,28717.69280000002
238652.3589,28290.328699999984
238705.5918,28396.318100000004
238820.148,28481.9461
239110.9632,28321.761599999998
239266.4384,28473.478200000012
239349.0362,27203.185100000002
239437.9251,43093.86919999999
239759.4669,25791.646100000013
239762.2283,29021.608600000007
240110.0997,41675.20929999999
240305.3441,28559.494599999976
240402.2503,29614.400525000005
240417.3104,22286.9681
240456.7803,47855.22870000001
240543.4488,28766.72100000002
240574.2157,46849.8541
240587.0527,28346.28330000001
240909.6377,28560.453299999994
241272.7464,28454.135100000014
241285.6175,28561.468800000002
241420.3514,40414.1366
241471.4005,28832.660799999983
241479.8512,29251.47959999999
241538.5311,28455.209000000003
241645.8806,28409.050300000003
241648.7109,28497.93119999999
241757.2388,44890.332599999994
241791.2924,26833.260700000013
241844.1141,28810.6838
242135.058,28869.806699999986
242723.8888,28620.2776
242734.358,39049.1477
242966.703,47568.96950000001
243282.978,29779.449499999988
243324.677,26719.841199999995
243810.5016,28258.423499999975
243821.1582,28094.962
244175.7982,26911.120399999985
244803.5367,27478.8897
244812.5808,28281.61249999999
244983.8785,38004.820940000005
245009.3485,28895.798899999994
245121.6073,44096.43770000001
245165.3127,39551.65040000001
245232.0686,26998.041800000006
245560.5122,49001.71899999998
245740.005,0
245773.5458,27711.424899999984
246029.5071,44641.38559999998
246462.6262,47487.532799999986
246474.4891,27788.22
246589.2982,27503.80859999999
246788.21,28792.186799999996
247327.3611,27980.054399999994
247412.0343,27336.139200000005
247509.499,46512.23860000001
247573.6711,27061.8983
247598.3803,27021.565499999997
247612.1118,28656.06820000001
247767.9488,27336.089299999992
247886.0228,28370.42689999999
247898.5904,27967.94889999999
247982.3666,51346.932300000015
247987.1506,27987.32799999998
248085.2059,39680.6079
248198.9713,52202.515199999994
248604.484,52828.65700000001
248691.1726,52689.753
248838.9305,48121.72669999997
248981.8653,28398.71160000001
249031.9796,48559.247
249334.0706,27281.412500000006
249663.7459,50445.075900000025
249741.9799,49034.159799999994
249919.1825,26961.26999999999
250014.2056,54009.393899999995
250173.0607,49699.163900000014
250366.9279,26710.272200000007
250708.9251,49823.09
250737.3333,47395.89730000001
250919.7213,27316.731100000005
250924.8626,26892.572400000005
251045.5574,25611.574099999998
251229.886,27132.53760000001
251311.2576,43379.09710000001
251347.5612,53668.456399999995
251415.727,26852.097899999993
251565.7689,54558.141
251895.4479,27751.607699999993
252057.7789,27968.291800000006
252127.8638,26170.718399999983
252239.7821,42727.470375000004
252268.3863,42501.11230000001
252286.386,27750.764800000004
252300.0287,53393.82859999998
252569.928,54277.50160000002
252660.6834,28062.680100000027
252670.4627,26181.2132
252784.158,27008.049699999974
252975.2985,26369.093300000008
253605.1642,27798.080599999987
253682.4889,26533.437999999995
253799.6335,47173.3622
253888.6594,45091.33869999999
254033.9572,55244.841599999985
254153.2835,26530.040999999997
254643.9816,0
254644.3898,55570.60320000001
254657.0582,26097.621799999994
254844.4481,26472.496700000018
254872.8659,54595.68970000002
254935.5803,26127.866500000004
254978.3032,0
255029.3581,52093.359
255158.6418,54969.55760000003
255199.2421,24603.236200000014
255281.9307,41862.64550000001
255317.2461,55429.0013
255357.1882,55011.605500000005
255525.521,24595.693
255542.0651,25130.4081
255623.6237,25907.13519999999
255631.5745,28135.577300000004
255687.3863,43728.0233
256054.3399,24894.049099999975
256077.7736,0
256122.5331,55601.4418
256261.0066,26330.322199999995
256633.8841,24954.8732
256696.3551,25297.853299999988
256829.4038,50984.51610000001
256894.0254,54165.870000000024
257056.1382,26373.662299999996
257446.818,55948.0546
257453.4178,24949.557100000005
257836.147,0
257859.3329,26961.873900000006
257918.5384,55444.7225
257925.0401,24872.375500000024
258064.4986,24794.51609999998
258068.1587,26133.55780000001
258324.494,25216.858899999992
258358.6372,24998.1569
258397.6355,56437.02979999999
258476.2108,26032.105675
258837.8582,54109.80349999998
258906.5569,20980.892300000007
259043.0474,55942.875
259307.6524,0
259374.4996,55887.24740000002
259473.3507,25149.328600000008
259488.8664,25031.174300000013
259674.3737,26032.056299999997
259674.9568,55983.33330000003
259766.2017,56639.418999999994
259812.8069,25129.847299999994
259847.5543,25018.37129999997
259964.5984,54530.5644
260118.6648,26281.95550000001
260167.7882,25031.723500000022
260254.0992,54091.139599999995
260873.8836,25413.908400000015
260927.1173,57670.97430000003
260971.6466,54369.12610000002
261163.9955,28890.078999999998
261275.9756,25517.737200000003
261706.4146,25457.3505
261854.0184,0
262707.4646,58286.2341
263306.1726,47133.527
263566.2779,25098.752999999997
263888.7667,28667.99709999998
264162.512,26833.548499999975
264537.7179,54300.784999999974
264630.8141,27141.41890000002
264823.6469,56437.29079999999
264833.2795,54204.1587
265011.4985,26349.53289999999
265093.0887,56171.06980000003
265329.206,57969.46650000001
265715.2602,57915.97590000002
265907.2698,26725.023199999996
266379.9348,0
266483.8716,56741.27250000002
266561.1197,57422.30669999999
266881.1871,0
266990.3266,55601.74959999998
267359.2004,25252.76549999998
267395.8325,25422.93120000002
267432.9951,25367.664179999992
267525.9257,28197.20530000003
267527.9072,57823.61190000002
267665.3513,54962.37219999998
267727.4821,56941.78650000002
267821.3644,59061.950500000035
267886.7595,30923.20399999997
268336.7054,60954.79766666665
268627.3107,59144.79659999997
268986.1623,25129.024600000033
268989.7671,60495.44069999998
269043.5743,0
269227.2353,60274.40169999999
269321.8304,60279.99629999997
269478.3029,25280.00450000001
269616.4939,55954.2095
269756.0346,26939.17360000001
269823.5721,60605.98887999999
269984.6237,59798.67420000001
270231.4455,54090.04369999998
270336.7954,58349.712700000004
270342.5881,25011.362200000003
270429.0991,30963.107699999993
270584.1493,25223.45079999999
270918.3135,60761.33009999999
271007.0903,8463.366299999994
271019.2595,62157.438399999985
271207.3609,25112.86360000004
271364.2365,0
271472.6987,60685.52310000002
271576.1501,31104.551400000026
271639.8651,61873.329
271704.8817,24762.232200000028
271743.1473,29084.75410000002
271944.6067,44626.697400000005
272055.4238,54801.55669999999
272380.9934,60715.74759999997
272413.7739,61580.872799999954
272432.4514,29816.78640000001
272582.9083,24927.266700000007
272719.813,26844.604100000026
272969.5465,55490.535
273149.2482,24757.136899999983
273243.7898,62540.14990000002
273471.929,61228.302800000005
273499.0403,60816.90659999999
273526.2934,61058.755200000014
273553.1616,61052.83739999999
274087.9744,30902.466199999995
274196.9904,49632.11420000001
274200.1639,30623.832999999984
274227.9149,30135.935199999978
274303.1388,26649.99410000001
274334.2204,62169.024999999994
274469.4226,29128.761299999984
274490.3714,62521.74359999999
274508.9687,24929.03290000002
274903.5724,25075.42259999999
275044.6539,50101.41439999998
275108.4471,61191.01298333332
275170.1809,31561.357899999974
275518.2431,25931.64260000002
275571.1488,55891.20750000002
275782.0845,31564.997600000002
275824.2647,61221.355700000015
275837.2307,63717.50530000002
275941.3876,62909.936000000016
276207.1588,30875.41749999998
276727.3808,30568.680899999978
277032.0641,29401.821800000034
277279.0967,32050.697599999985
277443.8894,32237.866099999985
277691.9782,61044.879200000025
277765.2213,30325.35029999999
277846.5782,62291.92917999998
277885.6714,60420.90639999998
277934.5706,32896.77149999997
277936.3006,61333.58790000001
278020.483,30999.476400000014
278398.7677,31640.751400000037
278404.3956,61545.547499999986
278460.2767,26303.5931
278738.7329,30967.6281
278880.972,61666.2463
278934.1482,61824.74369999999
278961.9395,56238.910199999984
279092.3538,31326.18159999998
279179.3361,60970.683100000024
279242.6571,25519.0006
279296.1974,0
279389.2079,29339.636699999974
279552.0898,62579.15040000001
279577.4022,61631.46000000002
279911.8759,6250.233200000017
280231.8419,52577.42920000001
280424.8169,61235.08639999997
280436.2724,62701.936800000025
281134.4711,61553.82370000001
281290.5199,62103.26270000002
281314.6675,42659.88279999999
281517.3015,32085.80309999999
281552.26170000003,0
281573.2276,26799.284799999994
281720.7163,26092.411299999978
281799.477,53200.82090000002
282168.9316,61637.331999999995
282174.9829,32281.36440000002
282242.8865,33625.66970000003
282505.6701,32032.821599999996
282547.2504,33755.53950000001
282573.7339,62463.484999999986
282636.5386,61821.98350000003
282707.1014,32598.52999999997
282739.7877,61829.885699999984
282741.1526,32187.05799999996
283297.4217,62180.38630000001
283386.2981,60698.55620000002
283528.5171,30280.026799999992
283536.8584,60817.17970000004
283887.7646,61237.9785
284053.2538,61918.9399
284074.8259,62429.903300000005
284230.1421,61169.16159999999
284255.7955,62537.2341
284345.0727,61803.48760000002
284414.8145,32054.868099999963
284599.4141,61287.21489999999
284727.2168,36212.22080000001
284762.8181,32198.508499999967
284922.858,30941.8401
284933.1431,35695.55059999999
284936.5094,61171.21219999998
285026.3938,32144.848100000003
285724.947,32340.821199999977
285814.8486,34092.032000000036
285887.8189,61483.92510000002
286037.5523,61380.260499999975
286112.4563,60497.62870000003
286205.7233,61559.874100000015
286247.8002,62627.7298
286461.1824,33345.08929999999
286501.5526,35340.16949999999
286502.0344,27354.859400000016
286577.6551,32881.10189999998
286669.6185,35964.27429999999
286675.9197,36305.811000000016
286728.0084,34873.9749
286748.9953,31747.809500000003
286763.063,33988.445800000016
286795.1849,35970.82309999998
286798.4766,56023.23739999998
287122.589,36841.934499999974
287224.4803,60978.3621
287350.0879,0
287972.6519,61523.17009999999
288139.3831,61870.31009999997
288148.2777,36022.16849999997
288265.0528,35246.250300000014
288281.2955,32113.279299999995
288506.9776,62127.371599999984
288577.186,60227.78079999998
288661.1872,61110.1936
288714.6388,60528.364100000006
288746.6808,60319.18499999997
288914.3417,60354.004399999976
289016.236,34066.910999999964
289028.9905,35831.87360000002
289167.8259,63303.37890000001
289475.3178,59704.81030000001
289562.9476,34815.796900000016
289648.0507,33832.70290000003
289657.4895,62183.13190000004
290193.8809,0
290307.8073,58109.79919999998
290605.23,35796.52179999999
290694.2856,33903.236399999994
290770.22990000003,0
290786.0288,35612.106099999975
290976.1248,61583.35009999998
291020.6537,59079.168400000024
291153.962,32686.138099999982
291224.9786,33894.948799999984
291287.0377,33731.40099999998
291314.4849,58026.78539999999
291390.9526,34537.03950000001
291398.3569,34753.341600000014
291411.0357,60330.22880000001
291474.489,34645.7953
291513.4416,0
291619.3463,60599.67889999997
291633.3881,32416.035999999993
291829.2505,58330.88080000001
291836.8696,57951.68029999998
291882.7584,35847.16029999999
291893.5306,61941.567299999995
291977.8953,32439.56759999998
292268.2067,58901.73999999999
292493.624,59468.9541
292564.4908,32365.664300000033
292586.6186,34911.625499999995
292628.8733,61497.70929999999
292644.6193,61333.37560000003
292778.8028,34370.72769999999
292788.9028,60064.49409999998
292869.1608,36149.90220000001
292872.4035,34827.188400000014
292904.0424,34222.13989999998
293044.7339,60823.3848
293075.6087,62282.88889999999
293130.9347,33781.04979999998
293182.581,58311.67420000001
293205.3812,58027.477249999996
293218.8,36291.3333
293258.5551,60665.019
293364.7346,35239.22360000003
293527.2107,57031.63130000001
293672.6929,35422.402775000024
293772.6462,33784.519500000024
293773.998,33649.820400000026
293977.1991,60705.07480000003
294147.5707,58028.28429999997
294161.5791,57310.97992499996
294259.4613,61498.58150000003
294396.144,55822.77919999996
294508.9118,58035.394
294599.2096,33622.261
294672.417,61851.577100000024
294756.6791,57353.52140000003
294916.0144,34810.09839999999
295341.6094,34482.071400000015
295358.9183,33541.98260000002
295449.0879,55922.24443333331
295683.454,55841.04350000003
295706.8078,60645.3449
295855.4727,57748.63359999997
295944.9955,10750.367000000027
296071.8213,36151.255200000014
296191.7357,55944.23040000003
296340.2087,60266.06860000003
296400.0746,33847.42229999998
296422.4787,0
296763.9874,35462.991099999985
296835.2787,34721.88210000002
296839.0146,35288.412299999996
296890.0465,34399.46059999999
296906.9818,57622.14190000002
296928.9056,51568.6373
296982.3761,55749.76799999998
297167.4591,53881.18319999997
297341.6287,56910.45980000001
297366.9773,33932.0552
297653.4515,60623.741100000014
297689.3019,61014.465333333355
297704.1952,58300.12950000001
297897.2178,58263.97859999997
297935.7874,33200.33579999994
298006.4215,55751.21479999999
298108.729,33468.65759999998
298124.1101,32729.64889999997
298277.1401,33564.07400000002
298406.6875,55944.86600000001
298481.477,55295.638000000006
298522.82519999996,0
298722.5677,34786.749100000015
298759.3581,57496.72289999999
298797.0986,33608.23200000002
298984.8855,54215.10939999999
299003.6738,32833.29940000002
299129.9614,33608.03389999998
299193.514,34934.164300000004
299308.4267,55957.41470000002
299317.2414,33992.8787
299367.0857,33897.50770000002
299568.0791,54357.491299999965
299803.0683,59253.87229999999
300003.93,34592.682900000014
300013.8816,55349.45450000002
300032.0603,57583.95850000001
300078.9653,35726.837100000004
300255.0181,33365.860999999975
300255.4525,34141.42050000001
300344.2817,33418.11180000001
300652.8906,33093.68040000001
300702.1959,33839.87333333335
300778.8626,35238.17479999998
300796.2086,34542.4461
300903.3944,53838.201699999976
301112.077,53949.615300000005
301154.0415,53438.034400000004
301514.5995,53274.40850000002
301522.8469,33079.8836
301779.0545,55539.854700000025
301785.4511,52695.9608
301831.7506,56676.34090000004
301840.6483,60282.5331
302027.3739,0
302043.007,58223.76209999999
302059.5324,51408.26570000002
302095.3773,55865.6697
302095.7116,33525.03639999998
302117.8043,51994.370600000024
302239.4883,58125.81600000002
302378.0772,55761.250700000004
302473.0775,55771.52470000001
302499.9868,34463.18180000002
302559.7468,33046.648800000024
302829.9545,54275.2206
302843.911,35629.38520000002
303049.1925,55837.19160000002
303217.2099,33525.7659
303435.7185,33466.879799999995
303510.754,53947.744000000006
303540.9264,53280.51329999999
303558.1877,32846.98800000001
303673.1007,34873.274800000014
303839.5353,33839.58429999999
303887.9723,33965.205000000016
303963.3776,52146.9969
304180.4055,33552.12049999996
304197.885,52290.6361
304275.946,0
304358.6302,53817.21770000001
304384.2521,33427.73689999996
304434.3255,33458.80969999998
304558.9432,60134.63369999998
304749.5397,33502.45809999999
304869.6565,54060.230499999976
305156.4033,52229.2911
305222.8289,61636.29980000004
305275.4817,36850.74729999999
305522.9333,52157.358099999954
305535.9623,51966.96870000003
305682.2168,54105.345299999986
305729.4891,52418.92670000001
305831.4904,52351.16580000002
305857.3938,35238.99170000001
305892.7082,3216.886666666658
305893.2265,33705.58389999997
305918.3108,57106.03579999998
305952.6725,53754.321999999986
305991.3379,54400.22259999998
306064.2985,32911.71029999998
306070.174,0
306145.0025,33368.06229999999
306403.3589,54293.53820000001
306482.0984,52740.316500000015
306548.7445,34658.50009999995
306694.0833,33180.961899999995
306823.3049,55855.61429999999
306846.9938,52047.096300000005
306929.1876,32950.12180000002
307146.7434,51957.17699999997
307312.0198,31407.41220000002
307442.3458,52443.955799999996
307506.7374,58191.88889999999
307523.8783,52213.82999999999
307596.7435,51992.369999999995
307757.4482,31306.491899999965
307812.0662,32857.74719999998
308025.8567,63135.63280000002
308032.0739,0
308235.3277,56929.89340000003
308250.8806,51179.55169999998
308369.1605,33377.06780000002
308401.4227,52283.9681
308460.9372,51042.2084
308586.4046,32942.70910000004
309052.0579,52546.49660000001
309215.6969,31123.93949999998
309239.0106,33140.659799999965
309261.5359,30737.48060000001
309333.5688,31421.086899999995
309401.588,33866.7231
309515.8468,52240.62090000001
309546.8724,28105.695699999982
309548.8143,33142.5711
309552.7313,51254.837899999984
309579.8803,51664.57450000002
309667.8699,36709.73099999997
309938.6235,30663.44589999999
310153.9371,31430.381399999955
310217.4312,51858.8971
310249.0182,54498.69949999999
310256.2536,51251.8205
310338.9832,51272.562000000034
310390.8717,33469.016900000046
310774.224,51792.66159999999
310781.8384,0
311109.3991,51860.433699999994
311303.2736,33206.4142
311389.41,32847.097699999984
311477.4559,53593.0974
311732.8294,32100.32429999998
311806.2329,33233.254200000025
311887.7514,52091.8823
311889.3012,56052.6911
311989.0919,28418.165500000003
312072.409,53083.494999999995
312111.8279,51601.24799999996
312180.1603,32980.105500000005
312377.1994,51926.66069999998
312446.9132,32321.965800000005
312747.5618,51880.32900000003
312990.4348,33455.88739999995
312991.0031,52546.52879999997
313003.553,33110.1483
313282.8731,31616.26700000005
313284.1388,53405.53960000002
313330.4611,52144.32510000002
313420.0358,31150.5184
313498.4542,51843.100999999966
313515.7231,56661.484
313594.0688,51591.759699999995
313679.7713,53334.94530000002
313720.3249,52653.2291
313926.7608,52537.93030000001
314008.9454,52129.82890000002
314303.8706,32937.0074
314775.3193,59933.70899999997
314942.3394,33164.67489999998
314955.3649,32807.148199999996
314995.1081,29931.17100000003
315143.8036,52142.76769999997
315145.9639,53876.29689999996
315383.0723,33819.010699999984
315426.379,53552.25560000003
315482.0869,33487.53649999999
315488.874,52043.44099999999
315565.3987,33229.85340000002
315680.7498,52158.326100000006
315936.1227,51373.716399999976
316072.9232,33354.08870000002
316153.3183,54440.7726
316282.9497,54367.12779999999
317016.6411,31818.3027
317144.2883,32060.727700000047
317278.6045,33636.21260000003
317345.902,33720.31209999998
317410.5808,52187.35959999997
317419.9237,53710.56429999997
317428.831,31001.146000000008
317632.6971,31178.6618
317654.2761,52275.470900000015
317841.6232,54238.5258
317916.3835,33501.79450000002
318040.6913,32733.972300000023
318053.3637,52798.96139999997
318146.1158,31455.0505666667
318190.7019,33655.46490000002
318323.7645,32983.42690000002
