-----Simulation 0-----
172945.6439,0
173058.3032,0
173105.4768,0
173131.30180000002,0
173348.6912,0
173459.3266,0
173550.1209,0
173596.0559,0
173656.4535,0
173923.9929,0
173965.9085,0
173998.1342,0
174260.5586,0
174720.1127,0
174724.0935,0
174728.0767,0
174811.62219999998,0
174857.3777,0
174917.3177,0
174934.6466,0
175006.0405,0
175025.7986,0
175082.5214,0
175200.19030000002,0
175291.9306,0
175456.3377,0
175533.2388,0
175691.1864,0
175816.0347,0
175826.335,0
175925.4896,0
176044.1117,0
176058.2536,0
176081.403,0
176105.4264,0
176322.1716,0
176325.7685,0
176344.8397,0
176431.31949999998,0
176559.837,0
176807.4247,0
177056.86359999998,0
177213.1287,0
177279.576,0
177288.8095,0
177320.2738,0
177432.16210000002,0
177674.27909999999,0
177888.9152,0
177942.9601,0
178051.5537,0
178100.5635,0
178127.5068,0
178133.1265,0
178385.0901,0
178398.1883,0
178697.4706,0
178867.6741,0
179112.4478,0
179335.7448,0
179386.1075,0
179776.4377,0
180114.5582,0
180159.1779,0
180271.2738,0
180278.2042,0
180707.6377,0
180786.2428,0
180816.0759,0
181091.4542,0
181101.0878,0
181292.479,0
181364.347,0
181452.39299999998,0
181736.9701,0
181882.2357,0
182107.3259,0
182120.3779,0
182161.1314,0
182172.4818,0
182193.9953,0
182195.1531,0
182384.4301,0
182418.2169,0
182448.8704,0
182516.9091,0
183205.4621,0
183285.5315,0
183494.4422,0
183622.40159999998,0
183714.3709,0
183811.9578,0
183959.9736,0
183998.3845,0
184004.2886,0
184030.91950000002,0
184133.9319,0
184336.7744,0
185087.5502,0
185185.1478,0
185219.0823,0
185351.2186,0
185464.0689,0
185610.3344,0
185807.2417,0
185891.9086,0
185927.5902,0
186133.4448,0
186279.4673,0
186296.6282,0
186665.2414,0
186814.8777,0
186865.0231,0
186898.1422,0
186913.07234,0
186982.7322,0
187181.2775,0
187492.07,0
187498.3123,0
187506.30560000002,0
187529.37446666666,0
187615.505,0
187718.26189999998,0
187731.8063,0
187738.1221,0
187847.9367,0
187953.0629,0
188103.3426,0
188141.9757,0
188261.3702,0
188321.3987,0
188489.4906,0
188613.8479,0
189084.8934,0
189200.7424,0
189354.0862,0
189407.0937,0
189407.52120000002,0
189506.0229,0
189756.609,0
189826.2397,0
190081.2623,0
190127.8211,0
190192.2869,0
190284.2131,0
190775.876,0
190786.638,0
190998.2152,0
191067.3128,0
191115.9702,0
191257.3321,0
191333.7796,0
191391.2912,0
191466.1633,0
191527.4451,0
192418.41509999998,0
192731.8786,0
192735.25400000002,0
192826.0025,0
192922.8905,0
193033.3451,0
193113.8527,0
193391.2651,0
193773.68,0
193802.3176,0
194091.399,0
194528.3964,0
194533.73320000002,0
194632.6725,0
194687.53100000002,0
194857.5902,0
194983.9231,0
195151.3605,0
195178.5971,0
195244.0311,0
195386.9285,0
195528.7103,0
195615.0145,0
195659.463,0
195671.4324,0
195726.6411,0
195747.2121,0
195919.3944,0
195968.6803,0
195998.1457,0
196133.1113,0
196162.7559,0
196283.9619,0
196830.7798,0
197554.7371,0
197672.7659,0
197810.9859,0
197886.83909999998,0
197967.4966,0
197986.3761,0
198267.49719999998,0
198299.0979,0
198493.3049,0
198666.9185,0
199007.0993,0
199133.3555,0
199143.204,0
199301.1677,0
199506.0378,0
199604.9409,0
199630.8875,0
199676.202,0
199789.0433,0
199928.7846,0
200038.6922,0
200112.5442,0
200124.8908,0
200237.0929,0
200300.924575,0
200405.9966,0
200440.3764,0
200774.168,0
200833.1181,0
201215.2953,0
201467.3914,0
201477.5504,0
201742.9582,0
201800.4279,0
201944.0053,0
202063.6616,0
202144.4156,0
202363.7805,0
202559.855,0
202706.6573,0
202742.0556,0
202841.8912,0
203077.3193,0
203404.13559999998,0
203470.0639,0
203537.288,0
203710.76260000002,0
204004.1547,0
204106.1902,0
204266.1421,0
204279.27529999998,0
204382.2923,0
204467.65600000002,0
204530.1649,0
204633.6922,0
204657.27016666665,0
204662.4472,0
204909.2916,0
204999.8745,0
205094.8069,0
205413.2697,0
205624.51,0
205659.1058,0
205667.9243,0
206100.6358,0
206656.77610000002,0
206810.1563,0
206869.126,0
207007.9786,0
207092.0686,0
207192.664,0
207319.5547,0
207493.6113,0
207986.10629999998,0
208370.908,0
208522.175,0
208709.486,0
209284.5488,0
209478.8177,0
209973.7849,0
210208.6841,0
210356.7083,0
210663.7684,0
210933.45059999998,0
210976.6029,0
211107.8875,0
211256.7641,0
211386.4342,0
211568.4744,0
211646.6991,0
211819.9556,0
211971.0907,0
212461.3926,0
212568.484,0
212646.915,0
212722.3567,0
213249.5361,0
213292.2959,0
213412.753,0
213728.04646666668,0
213866.11680000002,0
213870.275,0
214028.3266,0
214349.3179,0
214410.0561,0
214538.6853,0
214639.8336,0
214785.2898,0
214903.9601,0
214983.8582,0
215082.5232,0
215487.6876,0
215968.86359999998,0
216078.2023,0
216213.8462,0
216517.6659,0
216545.5108,0
216797.1427,0
216936.79080000002,0
217033.14500000002,0
217134.6502,0
217902.48320000002,0
217955.5501,0
218280.41820000001,0
218283.9627,0
218323.50089999998,0
218543.9179,0
218767.9964,0
218837.7134,0
218899.2498,0
219198.7372,0
219407.7899,0
219580.37219999998,0
219601.4024,0
219920.1886,0
219988.0832,0
219988.43959999998,0
220095.3245,0
220460.1839,0
220766.3492,0
220934.3714,0
221106.1051,0
221353.6138,0
221605.1547,0
221717.893,0
221888.3705,0
221994.851,0
222062.1203,0
222068.9716,0
222186.74910000002,0
222279.1481,0
222396.1446,0
222697.2824,0
222844.5312,0
223031.881,0
223250.7429,0
223380.2926,0
223822.5852,0
224024.2682,0
224202.4933,0
224231.6921,0
224692.2336,0
224699.1747,0
224876.6083,0
224918.3144,0
225230.4498,0
225449.5769,0
225869.45510000002,0
226030.2713,0
226305.1949,0
226434.5307,0
226521.856,0
226744.11239999998,0
226836.701,0
227252.7547,0
227535.7319,0
227634.2848,0
227857.54700000002,0
229280.2847,0
229353.1374,0
229719.6315,0
229760.6167,0
229870.0792,0
230395.6839,0
230507.7041,0
230684.7489,0
230715.891,0
230856.2625,0
231207.1999,0
231268.5936,0
231433.2187,0
231661.7952,0
231665.8001,0
232097.7721,0
232253.3949,0
232354.8347,0
232372.6228,0
232470.8502,0
232488.2817,0
232546.2862,0
232973.3392,0
233057.8288,0
233950.9604,0
234042.5555,0
234229.37829999998,0
234313.211,0
234411.9705,0
234505.4367,0
234773.6104,0
234840.6713,0
235459.6032,0
235474.9479,0
235549.6727,0
235578.124,0
235594.0353,0
235619.1148,0
235818.1116,0
236305.4139,0
236775.3255,0
236830.4751,0
236894.00546666665,0
236937.144,0
237112.4312,0
237925.184,0
238267.0216,0
238691.4763,0
238865.3788,0
238916.9458,0
239230.7561,0
239519.5348,0
239552.0686,0
240012.0814,0
240132.1251,0
240277.0077,0
240283.2151,0
240325.5557,0
240745.26870000002,0
241029.217,0
241152.84,0
241767.9383,0
241812.7808,0
242040.58789999998,0
242512.4063,0
242565.9588,0
242581.8245,0
242781.1549,0
242819.2251,0
242833.0103,0
242957.6426,0
243138.94086,0
243223.7343,0
243280.0806,0
243296.4269,0
243414.3293,0
244236.4244,0
244612.5985,0
244801.0769,0
245003.073175,0
245104.4203,0
245180.51260000002,0
245330.1975,0
245431.6068,0
245653.3541,0
245682.6976,0
245825.5713,0
245958.2658,0
246145.3583,0
246515.31045,0
246739.2273,0
247052.4355,0
247245.47710000002,0
247386.2388,0
247407.0557,0
247492.07140000002,0
247723.3188,0
247981.2354,0
248151.4741,0
248199.1652,0
248371.4099,0
248414.5379,0
248512.60090000002,0
248515.9312,0
248555.6226,0
248595.1472,0
248977.0982,0
249130.8659,0
249140.18839999998,0
249228.1066,0
249459.6766,0
249547.6211,0
249697.2855,0
250011.6907,0
251006.0632,0
251016.6494,0
251086.7133,0
251123.3747,0
251238.801,0
251239.7383,0
251568.7554,0
251611.95179999998,0
251622.6627,0
251707.4797,0
251935.8063,0
251985.8519,0
252018.3487,0
252392.7525,0
252835.7405,0
252894.8632,0
252962.2809,0
253120.7658,0
253332.3795,0
253743.2286,0
253776.8433,0
254040.1528,0
254111.815,0
254140.1665,0
254368.3578,0
254822.4193,0
254867.6572,0
254892.326,0
255200.12099999998,0
255309.8615,0
255476.4788,0
255506.6629,0
255584.4872,0
255903.7559,0
255908.4888,0
255984.53445,0
256051.23930000002,0
256085.0904,0
256109.8488,0
256223.9711,0
256470.6554,0
256962.4441,0
257039.4413,0
257118.5941,0
257243.13973333334,0
257602.03519999998,0
257729.035,0
257749.452,0
258287.6617,0
258293.9297,0
258544.2704,0
258554.238,0
258592.4821,0
258634.0674,0
258823.0516,0
258860.1169,0
258967.9545,0
259102.8954,0
259166.4865,0
259249.7676,0
259285.1888,0
259401.5576,0
259513.6113,0
259883.0319,0
259917.8622,0
260016.4995,0
260046.7798,0
260137.5555,0
260257.8579,0
260663.7652,0
260736.9054,0
261276.0135,0
261294.807,0
261367.8541,0
261457.3196,0
261814.6524,0
261853.9446,0
262022.4423,0
262126.59649999999,0
262215.2202,0
262389.9481,0
262487.1045,0
262735.4715,0
263048.2005,0
263090.2841,0
263121.0977,0
263164.7403,0
263179.8855,0
263219.697,0
263406.9068,0
263707.9293,0
263721.7626,0
264039.7456,0
264044.2528,0
264194.0952,0
264309.6837,0
264581.5157,0
264660.57409999997,0
264698.5252,0
264859.7586,0
264988.6708,0
265066.2527,0
265230.0034,0
265366.7569,0
265409.8434,0
265450.9811,0
265510.2786,0
265534.711,0
265606.6396,0
265625.5594,0
265643.5834,0
265804.4045,0
266402.5875,0
266574.696,0
266665.8785,0
266792.5127,0
266794.8088,0
266948.1335,0
267054.8959,0
267057.1169,0
267116.5067,0
267264.3262,0
267361.8775,0
267595.8834,0
267598.71510000003,0
267814.1271,0
267816.0562,0
267835.7821,0
267991.0904,0
268069.6979,0
268085.9477,0
268210.4443,0
268496.5859,0
268526.3011,0
268535.2595,0
268620.39280000003,0
268637.0364,0
268696.2314,0
268737.1257,0
268828.2381,0
268901.6326,0
269007.2407,0
269070.9523,0
269183.001,0
269191.3387,0
269230.539,0
269371.2592,0
269766.07660000003,0
269791.4804,0
269932.1143,0
270189.6319,0
270234.5788,0
270337.49569999997,0
270373.47860000003,0
270416.5086,0
270523.9398,0
270711.2353,0
270876.5443,0
271021.6266,0
271028.2467,0
271041.5555,0
271063.1794,0
271077.6738,0
271167.4765,0
271488.4816,0
271511.6528,0
271533.4086,0
271717.61470000003,0
271744.688,0
272155.743,0
272222.378,0
272249.3471,0
272372.5631,0
272441.6096,0
272562.7283,0
272681.3507,0
272951.68200000003,0
273003.1198,0
273392.4217,0
273557.5258,0
273636.8978,0
273655.5989,0
273670.3958,0
273884.49820000003,0
274029.2299,0
274220.1296,0
274390.2402,0
274437.2206,0
274462.02139999997,0
274524.4983,0
274534.7462,0
274797.3391,0
274941.2741,0
275199.6059,0
275256.5193,0
275422.5547,0
275709.7197,0
275725.98,0
275884.5268,0
275933.47,0
276234.7791,0
276267.9395,0
276325.5417,0
276430.4482,0
276952.0432,0
276986.4089,0
277043.361,0
277269.3295,0
277310.9322,0
277555.964,0
277772.6528,0
277863.5979,0
277899.3469,0
278137.5989,0
278198.6284,0
278266.4698,0
278430.0976,0
278925.5726,0
278947.7009,0
278976.7927,0
279015.545,0
279088.1224,0
279090.5673,0
279294.9078,0
279488.5284,0
279762.4082,0
279944.2583,0
280219.1447,0
280420.93,0
280548.4195,0
280552.0972,0
280613.3025,0
280863.8808,0
280930.4818,0
280945.7542,0
281193.7803,0
281332.5166,0
281392.3018,0
281482.5383,0
281650.4075,0
281719.0005,0
281842.23459999997,0
281867.885,0
282098.5071,0
282155.8872,0
282594.6741,0
282624.9054,0
282672.1289,0
282823.8362,0
282872.2035,0
283090.8553,0
283233.9561,0
283479.5368,0
283850.8516,0
284225.6766,0
284257.9477,0
284332.329,0
284367.4727,0
284559.6025,0
284931.4722,0
285096.5873,0
285352.97,0
285681.8702,0
285927.9242,0
286048.9826,0
286103.0996,0
286142.2912,0
286171.8137,0
286411.507,0
286438.8404,0
286493.2979,0
286512.7613,0
286516.7417,0
286627.0703,0
286694.062,0
287144.58389999997,0
287174.8692,0
287184.1527,0
287429.256,0
287456.3631,0
287666.0501,0
287691.5047,0
287792.5762,0
287875.2953,0
288054.75690000004,0
288162.4164,0
288357.8244,0
288634.918,0
288701.2671,0
288806.5157,0
288810.5394,0
289214.4133,0
289292.3786,0
289513.8119,0
289676.2635,0
289883.4692,0
289929.5051,0
289936.0719,0
290275.2515,0
290305.8894,0
290637.08030000003,0
290821.6915,0
290868.3879,0
291382.3831,0
291707.454,0
291793.1229,0
291848.0105,0
291977.0356,0
292100.6026,0
292240.3351,0
292377.8584,0
292511.4611,0
292627.3556,0
292706.8532,0
293489.09739999997,0
293543.634,0
293842.113,0
293888.9228,0
293967.7186,0
294391.82790000003,0
294752.72239999997,0
295136.412,0
295240.6041,0
295686.2317,0
295746.782,0
295778.2246,0
296076.667,0
296447.5771,0
296524.42220000003,0
296665.1287,0
296830.4236,0
297208.9708,0
297475.0838,0
297516.7135,0
297803.7509,0
298181.1463,0
298300.0621,0
298437.7404,0
298550.413,0
298562.0473,0
298825.6003,0
298843.4231,0
298851.0425,0
298963.5689,0
299258.5847,0
299367.29079999996,0
299388.7226,0
299592.0332,0
299798.1804,0
299821.3405,0
300414.2827,0
300453.8433,0
300595.077,0
300838.7479,0
301069.351,0
301334.7115,0
301759.4891,0
301823.0227,0
302311.6017,0
302374.90989999997,0
302445.6896,0
302465.5801,0
302805.4278,0
303181.3369,0
303198.7092,0
303199.3547,0
303200.5232,0
303246.6632,0
303250.5611,0
303269.3756,0
303322.9081,0
303845.436,0
304195.1537,0
304372.3704,0
304549.2157,0
304798.3806,0
305316.34369999997,0
305581.4383,0
305904.2953,0
305914.4283,0
306129.108,0
306356.8288,0
306362.6745,0
306520.3126,0
306827.4052,0
306911.2129,0
307234.8175,0
307548.338,0
307793.9515,0
307896.9156666667,0
307980.5325,0
308935.3656,0
309063.8012,0
310025.689,0
310058.3297,0
310196.4044,0
310280.40119999996,0
311012.3429,0
311101.7267,0
311382.8023,0
311585.6768,0
311933.4901,0
312089.4745,0
312225.5449,0
312399.89509999997,0
312480.6751,0
312715.90390000003,0
312794.0107,0
312816.7966,0
313061.7062,0
313256.034575,0
313299.9815,0
313335.9572,0
313686.9456,0
313701.7049,0
313933.6081,0
314295.1635,0
314669.4524,0
314777.1998,0
314919.9287,0
315115.9498,0
315128.5402,0
315875.3049,0
316096.52509999997,0
316282.286,0
316343.4838,0
316417.6139,0
316480.6723,0
316621.2711,0
316768.6432,0
317129.3291,0
317198.3551,0
317279.41949999996,0
317836.8102,0
318085.7408,0
318171.6137,0
318373.7656,0
318438.1495,0
318559.5909,0
318594.29839999997,0
318604.7697,0
318656.7761,0
318773.8449,0
319146.918,0
319358.7085,0
319372.8847,0
319422.93799999997,0
319491.4768,0
319507.1784,0
319527.40839999996,0
319546.6639,0
319952.2561,0
319985.9932,0
320010.3254,0
320048.569,0
320065.9186,0
320211.7812,0
320308.1854,0
320742.0914,0
321109.2309,0
321437.8843,0
321730.7743,0
321896.0872,0
321978.0164,0
322748.8109,0
322995.7025,0
323719.3711,0
323800.8929,0
323974.55554,0
324245.2128,0
324559.3463,0
324948.961,0
325188.4279,0
325376.2965,0
325839.0588,0
325917.5064,0
326042.1842,0
326489.3767,0
326590.6498,0
326815.9747,0
326821.3434,0
327011.164,0
327289.8618,0
327443.1937,0
327540.6725,0
327571.5088,0
327642.4196,0
327676.59352,0
327922.8048,0
327942.59885,0
328162.2796,0
328277.23199999996,0
328454.54,0
328518.251,0
328534.2521,0
328575.5686,0
328616.122,0
328704.3919,0
328879.5699,0
328919.0849,0
329732.2104,0
329783.9486,0
330323.3529,0
330540.2465,0
331120.0628,0
331162.5254,0
331173.2091,0
331274.5506,0
331471.9607,0
331476.6331,0
331590.1706,0
331674.0281333333,0
331731.3183,0
331747.2136,0
331790.3186,0
331848.64139999996,0
331973.2819,0
332092.8111,0
332147.4364,0
332536.3282,0
332619.63049999997,0
332830.2269,0
333071.21728,0
333361.6561,0
333434.6633,0
333494.53260000004,0
334091.603,0
334102.8847,0
334168.322,0
334249.7072,0
334276.1638,0
334287.2154,0
334507.8506,0
334785.3444,0
334883.8296,0
335163.5652,0
335248.3317,0
335538.1426,0
335643.3531,0
335714.0202,0
335863.2012,0
336065.9198,0
336119.7282,0
336173.7408,0
336306.832,0
336569.8863,0
336941.6543,0
337184.9698,0
337848.5618,0
337932.0382,0
338025.0924,0
338155.2104,0
338157.488,0
338321.533,0
338351.0216,0
338446.4555,0
338618.8788,0
338636.2978,0
338689.3259,0
338767.2268,0
338914.3541,0
338929.1943,0
338943.6073,0
339377.2931,0
339380.0255,0
339784.3375,0
339988.22609999997,0
340192.025,0
340302.2655,0
340507.5662,0
340834.6035,0
341040.4784,0
341044.6448,0
341237.4903,0
341623.74916666665,0
341750.7256,0
341882.34010000003,0
342222.9563,0
342247.6677,0
342322.0296,0
342415.358,0
342700.4193,0
342851.5947,0
342922.0556,0
343590.58030000003,0
344048.5325,0
344136.9253,0
344211.33,0
344234.68319999997,0
344491.8092,0
344567.6345,0
345227.8507,0
345398.9942,0
345491.7557,0
345580.1278,0
345644.1454,0
345701.8231,0
345830.552,0
345837.3525,0
345970.9947,0
346003.0444,0
346059.7732,0
346077.0304,0
346249.2497,0
346450.6104,0
346466.5032,0
346746.7928,0
346792.7333,0
346855.6909,0
346918.8345,0
346951.493,0
347784.7247,0
348277.7575,0
348377.90963333333,0
348429.1214,0
348474.2635,0
348877.0771,0
349030.7735,0
349346.9609,0
349373.7594,0
349376.54985,0
349410.4772,0
349759.8804,0
349765.9932,0
349821.956,0
349848.8781,0
350164.5422,0
350526.4618,0
350725.2499,0
350782.7808,0
351038.0838,0
351258.5235,0
351285.3224,0
351664.1154,0
351917.10742,0
352029.9828,0
352162.4509,0
352229.4244,0
352338.4751,0
352345.3325,0
352442.48459999997,0
352492.6957,0
352961.5232,0
353243.1227,0
353423.5881,0
353462.8434,0
353545.5551,0
353578.2137,0
353755.1565,0
353801.2685,0
353926.6274,0
353993.3415,0
354065.2759,0
354078.7787,0
354417.7551,0
354549.3769,0
355074.814,0
355224.3184,0
355254.9251,0
355289.7702,0
355493.04469999997,0
355748.6137,0
355887.1704,0
355967.2862,0
356123.3567,0
356295.7175,0
356414.1581,0
356746.7744,0
356753.848,0
356992.4402,0
357374.57779999997,0
357426.4821,0
357547.4501,0
357684.2461,0
357813.0002,0
357825.2414,0
357885.483,0
357911.4031,0
358096.4327,0
358109.0415,0
358128.9291,0
358352.0595,0
358365.1432,0
358368.4476,0
358377.9341,0
358481.1869,0
358542.3315,0
358587.5887,0
358675.42579999997,0
359160.811,0
359409.1461,0
359614.33999999997,0
359616.8425,0
359764.7836,0
359819.2613,0
359999.2443,0
360159.3319,0
360160.3798,0
360363.02915,0
360419.2116,0
360432.4684,0
360627.0319,0
360732.3636,0
360762.615,0
360779.1334,0
360798.1993,0
361125.2275,0
361333.898,0
361336.0013,0
361433.6696,0
361495.1831,0
361583.0675,0
361956.8974,0
362076.997,0
362210.697,0
362312.5407,0
362318.3273,0
362390.8697,0
362409.0193,0
362745.3761,0
363013.0754,0
363068.39139999996,0
363096.521725,0
363329.8066,0
363351.5675,0
363456.8451,0
363513.1055,0
363518.8604,0
363629.0712,0
363633.3875,0
363831.5873,0
363961.8022,0
364112.3439,0
364382.9226,0
364463.3688,0
364496.6686,0
364597.773,0
364697.5675,0
364735.9047,0
364828.93319999997,0
364945.7777,0
364966.7504,0
365028.8078,0
365059.8389,0
365099.4191,0
365142.6065,0
365283.2525,0
365426.0653,0
365544.9689,0
365751.3207,0
365927.1841,0
366191.0128,0
366193.6152,0
366495.3956,0
366635.6216,0
366723.1084,0
366787.0653,0
367287.9369,0
367405.0004,0
367499.1978,0
367706.6791,0
367998.3858,0
368393.9817,0
368439.9226,0
368581.8806,0
368649.0074,0
368686.2875,0
369017.9444,0
369115.2902,0
369200.7998,0
369217.1105,0
369266.0213,0
369436.9235,0
369509.9268,0
369515.885,0
369629.97010000004,0
369785.9293,0
369806.1647,0
369838.4943,0
370129.7934,0
370409.0226,0
370677.4375,0
370739.8823,0
370752.0834,0
370869.0182,0
370898.66870000004,0
371040.2798,0
371141.8883,0
371176.5248,0
371333.4253,0
371420.3126,0
371440.9685,0
371732.12690000003,0
371776.0916,0
371802.993,0
371864.6496,0
371918.3079,0
372072.9948,0
372143.2047,0
372333.8209,0
372359.1788,0
372626.5524,0
372760.0339,0
372804.3678,0
373448.2824,0
373744.9326,0
373869.0498,0
373921.2586,0
373992.1181,0
374013.3951,0
374066.5751,0
374134.4366,0
374184.5065,0
374262.8586,0
374267.8716,0
374287.4209,0
374313.5291,0
374448.3397,0
374580.9929,0
374642.7012,0
374894.6003,0
375089.8394,0
375262.6323,0
375412.2763,0
375414.2082,0
375689.4928,0
375734.5343,0
375926.5976,0
375950.3263,0
376027.63659999997,0
376196.4702,0
376227.1674,0
376256.1315,0
376690.0844,0
376694.04709999997,0
376783.3687,0
377187.84979999997,0
377615.9889,0
377644.8626,0
377767.3587,0
377772.8545,0
378182.2424,0
378301.2012,0
378414.06,0
378752.8958,0
378938.2463,0
379172.1445,0
379174.1941,0
379247.9893,0
379305.8742,0
379502.397,0
379832.7214,0
379966.8413,0
380288.7918,0
380578.1789,0
380723.4475,0
380796.3165,0
380958.5134,0
380967.223,0
380992.104,0
380994.9766,0
381037.374,0
381351.9844,0
381656.7528,0
381672.0618,0
381856.2404,0
382664.3244,0
382691.0902,0
382693.6547,0
383149.0882,0
383518.489,0
383854.7386,0
383866.5337,0
383884.0075,0
383932.4446,0
383959.5588,0
384344.118,0
384437.6056,0
384695.3939,0
384805.2416,0
384935.68189999997,0
384948.7995,0
385077.4134,0
385959.6202,0
386509.8451,0
386717.3407,0
386781.401,0
386812.452,0
386947.08,0
386972.0134,0
387035.5912,0
387046.55090000003,0
387231.1314,0
387326.0107,0
387604.3491,0
387703.1515,0
387772.42240000004,0
387887.2102,0
388009.0656,0
388096.768,0
388114.88529999997,0
388185.6143,0
388191.5715,0
388204.6469,0
389212.3461,0
389603.1504,0
390115.6015,0
390410.06669999997,0
390515.1183,0
390559.3101,0
390617.92579999997,0
390644.3764,0
390728.3642,0
390879.3864,0
391231.4137,0
391303.2729,0
391915.7127,0
392092.9863,0
392187.5353,0
392295.3635,0
392575.78119999997,0
392920.9751,0
393215.2511,0
393300.4218,0
393481.9805,0
393482.3118,0
393484.1763,0
393627.7149,0
393681.1812,0
393757.38273333333,0
393952.28964,0
394127.5975,0
394335.4893,0
394378.2801,0
394859.0688,0
395334.4231,0
395344.52948,0
395403.2243,0
395869.522,0
395955.076,0
396072.7192,0
396391.04099999997,0
396421.1808,0
396481.1004,0
396544.7788,0
396738.5976,0
396794.4795,0
396846.402,0
396925.4255,0
396992.4856,0
397787.2201,0
397850.4728,0
397914.0058,0
397965.2242,0
398034.3464,0
398125.57,0
398140.4597,0
398174.6781,0
398334.2103,0
398710.1749,0
398746.97349999996,0
399232.85010000004,0
399314.475,0
399329.4419,0
399402.9667,0
399530.6479,0
399708.2979,0
400103.9749,0
400180.9916,0
400293.35109999997,0
400355.1989,0
400468.1492,0
400601.5106,0
401268.1094,0
401301.1457,0
401686.1481,0
401953.7633,0
402175.6201,0
402177.5635,0
402319.4852,0
402855.1206,0
403159.1066,0
403227.94163333334,0
403255.51159999997,0
403256.1804,0
403326.5309,0
403380.6191,0
403411.9495,0
403442.8006,0
403745.3683,0
404023.9274,0
404205.4901,0
404728.6476,0
405090.56680000003,0
405206.6817,0
405471.9753,0
405540.2913,0
405600.7483,0
405724.2153,0
406168.8901,0
406290.1652,0
406446.5429,0
406859.5976166667,0
407433.5526,0
407452.2649,0
407501.89886,0
408366.851725,0
408902.2434,0
408908.74064,0
408975.3788,0
409311.17362,0
409320.7941,0
409392.80353333335,0
409663.4353,0
409772.5118,0
409775.3126,0
409845.465,0
410133.9577,0
410310.1621,0
410533.7147,0
410593.7893,0
410703.098,0
410770.3495,0
411054.6614,0
411055.9343,0
411094.5854,0
411546.806,0
411730.0316,0
411870.2494,0
411907.360975,0
412087.9271,0
412386.8706,0
412389.85444,0
412402.6172,0
412736.7981,0
412982.32028,0
413566.5694,0
413585.3204,0
413709.8455,0
413757.2914,0
413930.88935,0
414063.8047,0
414152.0209,0
414241.8414,0
414289.5113,0
414581.8489,0
414649.2642,0
415366.1633,0
415535.11089999997,0
415664.2838,0
415993.823,0
416124.3814,0
416668.457775,0
416919.2115,0
417110.7287,0
417339.1256,0
417436.065,0
417472.5453,0
417528.731,0
417584.23459999997,0
417693.0394,0
417775.8837,0
417810.8444,0
417821.549,0
417861.5405,0
417995.4869,0
418103.9731,0
418404.76935,0
418490.7406,0
418720.0543,0
418788.2631,0
419361.7109,0
419482.075,0
419936.0421,0
420158.9105,0
420596.9028,0
420626.90358333336,0
420943.8473,0
421031.2132,0
421213.59778333333,0
421532.9722,0
421553.7808,0
421565.6987,0
421712.7421,0
422292.6189,0
422540.9193,0
422572.2180333333,0
422656.3104,0
423448.7917,0
423523.1814,0
423780.6175,0
424131.717,0
424224.70889999997,0
424364.93325,0
424388.9999,0
424396.8033,0
424488.8846,0
424843.9256,0
425012.077,0
425085.16980000003,0
425117.40009999997,0
425346.89029999997,0
425405.9903,0
425452.0085,0
425521.3343,0
425673.6581,0
426181.1714,0
426492.3933,0
426551.5027,0
426561.2595,0
426721.7559,0
426919.8578,0
427063.626,0
427416.4887,0
427488.8961,0
427897.4994,0
428180.6998,0
428204.2664,0
428277.9119,0
428390.9837,0
429033.2584,0
429038.0121,0
429374.8162,0
429546.283,0
429614.5478,0
429811.2496,0
429906.5506,0
430084.0923,0
430441.4814,0
430794.4469,0
430886.526,0
431029.1545,0
431052.08423333336,0
431153.06070000003,0
431339.9976,0
431410.4582,0
431492.2806,0
431521.6319,0
431655.957,0
431667.8569,0
431743.64029999997,0
431803.4019,0
431912.0615,0
431959.1476,0
432021.35728,0
432089.9416,0
432657.2275,0
432680.6909,0
432752.1439,0
432780.3486,0
432806.2767,0
432910.8956,0
433009.4343,0
433015.3314,0
433045.369,0
433104.8452,0
433245.7182,0
433372.76300000004,0
433447.6829,0
433474.20290000003,0
433682.7983,0
433772.1937,0
433840.2278,0
434087.9434,0
434104.2509,0
434217.3019,0
435166.4506,0
435340.4886,0
435385.1959,0
435448.4672,0
435488.1273,0
436032.3395,0
436358.2164,0
436379.5128,0
436543.1256,0
436552.1412,0
436704.455,0
436834.5981,0
436869.8404,0
437031.4409,0
437296.0371,0
437301.6222,0
437368.4174,0
437377.7201,0
437413.5048,0
437485.1116,0
437545.7042,0
437651.6192,0
437743.224,0
437837.8174,0
438346.402,0
438447.5185,0
438767.953,0
438787.7321,0
438908.0084,0
438965.6519,0
439389.1357,0
439475.6392,0
439713.9106,0
439730.4699,0
439745.8039,0
439879.4567,0
439957.2098,0
440071.7172,0
440129.316,0
440191.7484,0
440305.5381,0
440626.6338,0
440648.4351,0
441321.9568,0
441365.9825,0
441443.0815,0
441625.6241,0
441792.1141,0
442039.6281,0
442465.7441,0
442556.2476,0
442773.5815,0
442774.7742,0
442822.439,0
442904.4245,0
443153.8844,0
443302.9505,0
443478.0674,0
443615.4192,0
444013.4457,0
444112.1629,0
444181.0138,0
444366.3135,0
444582.9003,0
444601.4984,0
444657.0273,0
444897.7783,0
444986.2503,0
445146.8875,0
445314.6478,0
445329.6184,0
445391.1595,0
445427.18901666667,0
445511.2766,0
445593.6474,0
445644.1843,0
445734.8217,0
445838.6975,0
445839.0627,0
445884.96140000003,0
446064.0006,0
446305.2219,0
446426.045,0
446436.9235,0
446650.265,0
446663.453,0
447031.4955,0
447070.7267,0
447094.1164,0
447142.3791,0
447271.4807,0
447363.4624,0
447529.8817,0
447536.1477,0
447947.56,0
447958.6925,0
448002.0904,0
448537.3121,0
448576.4912,0
448710.5628,0
448748.3237,0
448785.02,0
448856.2914,0
448955.3318,0
448968.8231,0
449030.0561,0
449227.1515,0
449316.4813,0
449479.1628,0
449482.6575,0
449544.4759,0
449573.0678,0
449652.2669,0
449705.8174,0
450245.13659999997,0
450451.3837,0
450589.1345,0
450675.5947,0
450820.4135,0
451153.6921666667,0
451248.0834,0
451268.7365,0
451350.3794,0
451477.2902,0
451511.7622,0
451905.7062,0
451933.8977,0
452018.529,0
452274.8178,0
452491.766,0
452627.2889,0
453056.7244,0
453097.8196,0
453178.4437,0
453232.6936,0
453315.0538,0
453374.0235,0
453544.9057,0
453651.3235,0
453757.8479,0
453780.3808,0
453786.8054,0
453948.7438,0
454082.3718,0
454224.0216,0
454292.3931,0
454318.32409999997,0
454376.7712,0
454445.6456,0
454656.9209,0
454797.33999999997,0
454807.6235,0
454928.056,0
455122.3525,0
455184.9439,0
455354.9995,0
455364.6382,0
455482.6221,0
455523.373,0
455698.6196,0
456084.3419,0
456138.0031,0
456270.2814,0
456406.1683,0
456439.798,0
456764.4939,0
456898.2658,0
457003.1815,0
457010.1545,0
457121.1041,0
457648.6789,0
457694.3098,0
457715.9147,0
457810.2128,0
457885.485,0
457908.9342,0
457951.7857,0
458084.962,0
458114.3787,0
458240.1993,0
458263.3187,0
458394.8655,0
458804.0246,0
458874.1971,0
458923.3187,0
458962.95530000003,0
459159.5473,0
459305.333,0
459315.1107,0
459424.04339999997,0
459657.8646,0
459737.3865,0
460093.2687,0
460253.3739,0
460609.25549999997,0
460637.5613,0
460676.82889999996,0
460779.8663,0
461641.3029,0
461773.35730000003,0
462023.1322,0
462094.2943,0
462098.6971,0
462164.4597,0
462233.98,0
462294.1039,0
462342.5457,0
462538.9751,0
462587.23589999997,0
462948.72490000003,0
462967.9888,0
463031.2414,0
463159.2391,0
463341.9354,0
463392.5166,0
463394.2704,0
463445.5297,0
463476.8747,0
463747.3792,0
463909.8256,0
463956.6222,0
464078.7418,0
464148.553,0
464231.7712,0
464345.0771,0
464444.4432,0
464503.8701,0
464690.7362,0
464724.7251,0
464884.1618,0
465506.4363,0
465518.2956,0
465534.293,0
465601.1853,0
465651.778,0
465963.8704,0
466033.9923,0
466359.1529,0
467035.5914,0
467211.241,0
467214.1292,0
467214.61710000003,0
467479.3441,0
467614.7793,0
467725.4174,0
467744.0399,0
467883.5887,0
467981.8642,0
468045.5486,0
468233.2368,0
468259.1765,0
468304.7425,0
468448.4681,0
468460.4155,0
468553.69,0
468556.49,0
468839.5968,0
469434.26540000003,0
469840.9284,0
469905.4969,0
469990.1108,0
470199.2493,0
470258.4573,0
470363.5915,0
470398.4061,0
470468.49199999997,0
470771.12210000004,0
470897.4592,0
471062.3875,0
471174.8036,0
471662.0031,0
471735.26410000003,0
471745.05,0
472077.2814,0
473036.2646,0
474095.0692,0
474321.4774,0
474741.58,0
474867.103,0
475011.8007,0
475019.7917,0
475045.3189,0
475327.7032,0
475425.1702,0
475966.77520000003,0
475977.42590000003,0
475992.9061,0
476119.5003,0
476124.9034,0
476251.2901,0
476458.3479,0
476632.0925,0
476720.7018,0
476850.21880000003,0
477073.08869999996,0
477245.6704,0
477578.9856,0
477647.6322,0
477779.7197,0
477865.2116,0
477891.7767,0
477919.4707,0
478045.1445,0
478300.4716,0
479347.4916,0
479354.0934,0
479405.6014,0
479541.7008,0
479644.7387,0
479736.1596,0
479929.17949999997,0
480116.9771,0
480148.4304,0
480196.39,0
480228.0503,0
480404.1574,0
481226.8028,0
481243.8752,0
481406.6884,0
481495.27780000004,0
481554.69539999997,0
482343.7787,0
482479.3169,0
482504.6769,0
482522.8496,0
482667.79469999997,0
482888.5785,0
482971.8176,0
483005.4807,0
483043.6283,0
483159.8147,0
483182.9223,0
483238.9575,0
483258.9709,0
483628.4298,0
483765.9141,0
483975.3977,0
484218.9302,0
484970.8442,0
485078.7064,0
485128.402675,0
485489.6135,0
486286.202,0
486352.797,0
486465.7967,0
486703.9324,0
486945.5317,0
487264.4015,0
487382.2074,0
487500.85083999997,0
487527.6732,0
487674.811,0
488088.2636,0
488337.95175,0
488607.0432,0
488721.632,0
488744.3213,0
489034.8974,0
489039.5173,0
489070.8274,0
489610.9927,0
489661.1845,0
489726.737,0
489795.78732,0
489888.9933,0
490205.98470000003,0
490266.211,0
490557.7601,0
490866.0293,0
491184.027,0
491222.9885,0
491692.3827,0
491797.8628,0
492157.298,0
492216.2735,0
492260.1186,0
492424.809,0
492502.4262,0
492519.2366,0
492732.6102,0
493257.2012,0
493601.2849,0
493905.0021,0
494091.5656,0
494288.9506,0
494666.5962,0
494932.7701,0
495341.7914,0
495378.2112,0
495733.1456,0
495840.8246,0
495976.5866,0
496220.2586,0
496684.9853,0
497088.32660000003,0
497269.6019,0
497380.5946,0
497381.038,0
497402.5013,0
497588.8543,0
498357.434,0
498511.0884,0
498512.3588,0
498997.0932,0
499398.2076,0
499610.2939,0
500055.4114,0
500181.3365,0
500256.0384,0
500384.6731,0
500405.8079,0
500819.7843,0
500835.3737,0
501148.1693,0
501291.753,0
501904.2394,0
501967.71048,0
502327.1397,0
502624.6702,0
502715.94299999997,0
502982.0371,0
503126.4981,0
503201.7851,0
503202.9661,0
503325.0131,0
503431.6803,0
503471.3448,0
503481.6748,0
503777.813,0
504072.17220000003,0
504268.096,0
504516.445,0
504666.1198,0
504935.8827,0
505016.2765,0
505105.9220833333,0
505604.90520000004,0
505641.9484,0
505741.2909,0
506394.9733,0
506396.8494,0
506514.913,0
506643.8553,0
506705.3415,0
507188.2584,0
507245.6205,0
507320.6026,0
507612.6858,0
507744.1485,0
507945.9748,0
508157.7795,0
508190.4171,0
508211.5591,0
508752.6715,0
509278.1586,0
509565.5426,0
509877.1715,0
510168.1465,0
510280.4019,0
510436.77650000004,0
510533.6112,0
510644.7328,0
510704.2732,0
510889.1961,0
511003.0088,0
511030.7587,0
511056.3599,0
511124.6687,0
511129.517,0
511356.0111,0
511413.866,0
511551.6066,0
511784.7614,0
511817.9642,0
512000.60996666667,0
512137.799,0
512563.1307,0
512911.0701,0
512970.4942,0
513022.4736,0
513264.2819,0
513827.5608,0
513911.3517,0
513933.3601,0
514010.8156,0
514409.98589999997,0
514445.4298,0
514521.1909,0
514706.8837,0
514735.9632,0
514856.39029999997,0
515032.4717,0
515040.0713,0
515335.3586,0
515695.2883,0
515865.8615,0
516032.4391,0
516094.404,0
516605.9331,0
516626.8892,0
516739.8935,0
516750.5371,0
516810.2059,0
516919.3497,0
516924.2805,0
516991.5308,0
517124.941,0
517273.83640000003,0
517303.0968,0
517852.52520000003,0
518021.5267,0
518225.8708,0
518252.2305,0
518351.4434,0
518569.7652,0
518677.513,0
518726.05449999997,0
518863.9315,0
518876.496,0
519081.7576,0
519105.9083,0
519235.5973,0
519368.9858,0
520503.0663,0
520975.5521,0
521034.314,0
521320.48970000003,0
521377.1692,0
521472.4907,0
521591.6193,0
521737.8982,0
521766.2164,0
521808.1716,0
521848.7317,0
522273.0904,0
522332.4018,0
522395.1025,0
522421.9833,0
522465.4903,0
522881.0716,0
523092.3649,0
523096.94299999997,0
523175.8065,0
523198.62206666666,0
523358.6451,0
523437.9745,0
523742.3467,0
523794.4399,0
523886.7973,0
523969.4934,0
524051.6122,0
524069.0793,0
524338.2367,0
524347.8853,0
524372.5889,0
524819.39,0
524829.7677,0
524881.4753,0
525026.2787,0
525137.9118,0
525342.2651,0
525446.9283,0
525477.9691,0
525478.4925,0
525546.2747,0
525572.9429,0
525694.1371,0
525889.9504,0
525951.0327,0
526175.6543,0
526251.9741,0
526264.97645,0
526340.2481,0
526450.3054,0
526754.8386,0
526821.2891,0
526833.2373,0
527154.5526666667,0
527664.3721,0
527764.8644,0
527777.4061,0
527778.1911,0
527841.7226,0
527925.3711,0
528080.3586,0
528080.4267,0
528144.6681,0
528408.0213,0
528505.6145,0
528705.8298,0
528790.9518,0
528956.8507,0
528989.079,0
529116.286,0
529131.6526,0
529173.4336,0
529386.7259,0
529512.6808,0
529639.9614,0
529690.30862,0
529927.9053,0
530022.681,0
530049.6205,0
530091.151,0
530486.4664,0
530571.9564,0
530649.9317,0
530673.4929,0
530936.035,0
531035.9432,0
531137.6423,0
531215.6784,0
531231.5852,0
531430.9244,0
531577.4084333334,0
531587.4026,0
531851.829075,0
531877.2339,0
532063.0315,0
532158.4881,0
532318.0156,0
532339.3296,0
532346.6745,0
532478.2712,0
532715.9421,0
532893.2422,0
532988.569,0
533107.471,0
533163.6462,0
533339.8096,0
533369.091,0
533520.9425,0
533624.9054,0
533656.2098,0
533696.9167,0
533799.7016,0
533900.0505,0
533970.1313,0
534182.9275,0
534238.9849,0
534243.9407,0
534295.9397,0
534330.7672,0
534590.6472,0
534968.2387,0
535130.4711,0
535143.1442,0
535357.182,0
535509.463,0
535643.3668,0
535747.8935,0
536129.0912,0
536289.3599,0
536334.5314,0
536444.6891,0
536692.6551,0
536837.6751,0
537236.5992,0
537527.8158,0
537571.3998,0
537572.3821,0
537605.9742,0
537822.0856,0
537852.5811,0
537919.9787,0
538139.1564,0
538631.6676,0
538649.3579,0
538650.5683,0
538724.4183,0
538777.1427,0
538877.3694,0
539146.3425,0
539275.5324,0
539597.6051,0
539734.8008,0
539782.7075,0
539803.4913,0
540067.0826,0
540292.9575,0
540296.3482,0
540300.3338,0
540331.9224,0
540387.98,0
540651.8915,0
540988.689,0
541245.9527,0
541514.8846,0
541525.2758,0
541575.9464,0
541590.8908,0
541850.7219,0
542113.2308,0
542261.675,0
542538.6118,0
543101.5896,0
543331.5308,0
543496.7159,0
543571.3711999999,0
543603.5794,0
543616.2836,0
543954.973,0
543969.3227,0
544374.8423,0
544478.2005,0
544485.7141,0
544715.8694,0
544843.1333,0
544876.3171,0
544913.9457,0
545003.9535000001,0
545125.1329,0
545252.7874,0
545416.4112,0
545684.3366,0
545693.9505,0
546209.0287,0
546224.5268999999,0
546523.2939,0
546705.63,0
546937.0729,0
547243.6808,0
547263.4604,0
547630.4716,0
547650.1088,0
547789.4843,0
547895.1672,0
547989.1753,0
548188.9801,0
548220.3604,0
548417.1640999999,0
548533.3728,0
548773.6589,0
548907.4646,0
548988.2212,0
549091.5462,0
549190.7432,0
549214.274,0
549302.3832,0
549377.9752,0
549507.9662,0
549529.9688,0
549571.875,0
549573.7723,0
549631.802,0
549731.0513,0
549787.6163999999,0
549813.598,0
550098.656,0
550135.3951,0
550358.4936,0
550385.3005,0
550524.6051,0
550566.0597,0
550740.1431,0
550793.6254,0
550969.1824,0
551165.9720000001,0
551250.8781,0
551281.2296,0
551471.3071,0
551499.4874,0
551505.8267,0
551577.625,0
551902.3098,0
552245.9068,0
552385.8461,0
553145.1014,0
553159.6659,0
553177.9134,0
553206.1176,0
553306.2784,0
553328.1498,0
553348.9633,0
553479.4228000001,0
553503.97405,0
553545.1204,0
553563.2718,0
553588.199,0
553723.6682,0
553900.4774,0
554047.0634,0
554154.2154,0
554346.8494,0
554351.2258,0
554414.8621,0
554526.8854,0
554645.0517,0
554719.5069,0
554781.2956,0
555260.9382,0
555806.0985,0
556082.6186,0
556124.4151,0
556126.9447,0
556324.6476,0
556597.5523,0
556601.2671,0
556767.6338,0
557231.0289,0
557362.0471,0
557692.1858,0
558491.6628,0
558615.7628,0
558828.3259,0
559284.0896000001,0
559323.2935,0
559393.229,0
559748.3589999999,0
560166.0356000001,0
560249.3177,0
560375.8318,0
560379.5813,0
560467.024,0
560472.87644,0
560625.4476,0
561065.1966,0
561084.2461,0
561371.4447,0
561645.6342,0
561674.3637,0
561710.3561,0
561729.73018,0
561758.7225,0
561994.3464,0
562260.9541666667,0
562387.0406,0
562584.3145,0
562688.9244,0
562901.1089,0
563400.6748,0
563466.4476,0
564187.9945,0
564294.6025,0
564666.7119,0
564674.4498000001,0
564785.7804,0
564807.6068,0
564855.24,0
564948.0558,0
565339.6306,0
565439.4463666667,0
565450.5888,0
565632.8898,0
565803.1873,0
565822.3584,0
565839.7226,0
565876.3407000001,0
566102.7817,0
566128.167,0
566418.4802999999,0
566863.7651,0
567393.2042,0
567636.2118,0
567793.17,0
567947.2516,0
568016.7592,0
568284.3033,0
568672.0271000001,0
569005.0322,0
569480.9182,0
569521.4031,0
569769.2518,0
569776.3482,0
569842.8211000001,0
569880.692,0
569983.7049,0
569995.0289,0
570360.3361,0
570416.1478,0
570426.2334,0
570751.8273,0
570848.1394,0
571402.5049,0
571499.7016,0
571692.7242833333,0
571763.7522,0
571920.1377,0
572099.0191,0
572698.78938,0
572762.9921,0
572768.4492,0
573377.5381,0
573577.822,0
573697.78295,0
573819.6705,0
574032.521,0
574156.6666,0
574635.2845,0
575058.4271,0
575125.2032999999,0
576271.5865,0
576272.8477,0
576346.3636,0
576749.9416,0
577162.07,0
577252.347,0
577263.3999,0
577264.9188,0
577491.0353999999,0
577616.7188,0
577963.5998,0
578116.7801,0
578479.1624,0
578588.5889,0
578626.0089,0
578748.0551,0
578832.2111,0
579238.33556,0
579311.6093,0
579322.5899,0
579610.16,0
579624.1978,0
579893.3517333333,0
579914.0579,0
579957.8581,0
580565.8032,0
580608.3075,0
580993.1757,0
581164.8976,0
581190.4006,0
581207.8632,0
581248.8461,0
581800.5783,0
581978.9304,0
583019.2695,0
583078.3279,0
583105.7622,0
583242.5445,0
583318.0484,0
583767.6107833333,0
584065.2949,0
584201.9965333333,0
584275.8944,0
584402.0457,0
584442.72224,0
584442.7702,0
584511.7519,0
584624.0843,0
584798.8948,0
584914.4043,0
585064.9022,0
585519.1324,0
585650.1759,0
585771.6443,0
586028.1503,0
586535.9557,0
586657.2124,0
586966.4262,0
587000.0286,0
587038.8856,0
587154.8505,0
587336.3788,0
587473.2068,0
587741.6248,0
587851.389,0
588061.6284,0
588521.9129,0
588620.4317,0
588953.076,0
589269.1705,0
589496.3945,0
589787.2865,0
590250.6966333333,0
590417.6967,0
590698.4457,0
590995.377,0
591380.657,0
591453.965,0
591557.9177999999,0
591562.8531,0
591622.6277,0
591691.1567,0
591728.5582,0
591944.4054,0
592045.7574,0
592048.8956,0
592131.8907999999,0
592255.5791,0
592282.6925,0
592811.0133,0
592837.2611,0
592989.3704,0
593033.2751,0
593100.7453,0
593327.8501,0
593370.1228,0
593899.296,0
593997.4454,0
594430.2848,0
594437.3889,0
594486.032,0
594557.2608,0
594633.1552,0
594764.653,0
595059.8289,0
595275.2574,0
595308.6609,0
595532.3587,0
595608.0189,0
595669.9454,0
596076.7150666667,0
596182.7135,0
596532.508,0
596671.0054,0
596808.9033,0
596964.653,0
597010.3745,0
597022.4965,0
597411.3236,0
597463.8563,0
597506.8975,0
597544.2998,0
597559.9685,0
597608.862,0
597641.3079,0
597733.3785,0
597993.3462,0
598034.159,0
598338.7618,0
598747.247,0
599097.925,0
599370.5146999999,0
599448.7311,0
599508.2568,0
599876.2691,0
600121.3943,0
600542.0577,0
600640.0684,0
601018.8284,0
601104.8937,0
601150.008,0
601448.05,0
601567.6319,0
601879.8719,0
601880.7063,0
602124.1697,0
602547.5103,0
602927.1299,0
603046.8644,0
603052.9732,0
603205.5215,0
603273.96895,0
603301.2541,0
603317.8709,0
603434.4248,0
603498.8788,0
603542.4414666666,0
603560.6603,0
603593.1889,0
603641.7966,0
603889.1991,0
603898.4377,0
604019.3718,0
604299.8325,0
604346.5930999999,0
604622.8131,0
604776.0962,0
605133.4174,0
605182.2687,0
605273.2818,0
605273.8241,0
605335.0829,0
605487.6677999999,0
605748.2303,0
605756.079,0
605825.1823,0
605923.2269,0
606054.5208,0
606110.6592,0
606119.3725,0
606156.3687,0
606347.4284,0
606461.0478000001,0
606613.2042,0
607118.0874,0
607226.9209,0
607387.1289,0
607622.937,0
607934.7798,0
608111.4077,0
608692.7943,0
608708.6562,0
608994.3425,0
609157.5535,0
609239.1802000001,0
609593.4775,0
609983.4529,0
610037.7926,0
610486.4018,0
610520.4422,0
610600.92,0
611153.4219,0
611222.5204,0
611276.2896,0
611300.6968,0
611567.0722,0
611576.8402,0
611769.8058,0
611865.0495,0
612011.7412,0
612019.4081,0
612137.8806,0
612194.1849,0
612261.2936,0
612387.5565,0
612404.9212,0
612901.5046,0
613105.7237,0
613109.0477,0
613156.5771,0
613403.6305,0
613531.5611,0
613728.3145,0
613807.3265,0
613924.8154,0
614054.1558,0
614078.262,0
614115.2902,0
614280.4456,0
614387.4719,0
614967.1294,0
614998.1738,0
615158.2439,0
615193.1089,0
615342.8328,0
615701.2187333333,0
615701.3819,0
615855.2993,0
615904.0761,0
616134.5405,0
616388.2212,0
616470.8279,0
616721.9232,0
616744.5976,0
616942.6714,0
617042.1176,0
617487.8332,0
617554.3488,0
617731.0777,0
617747.6251,0
617881.2665,0
618000.598,0
618133.1883,0
618169.0609,0
618994.4656,0
619040.5937,0
619069.9808,0
619140.1559833334,0
619141.9951,0
619143.196,0
619307.0024,0
619408.5625,0
619522.9585,0
619748.8849,0
619903.3056,0
619940.3567,0
620069.9559,0
620083.7839,0
620162.1212,0
620196.6059,0
620245.6551,0
620372.6129,0
620697.1024,0
620854.8069,0
620858.7062,0
621127.1214000001,0
621150.7884,0
621236.5243,0
621292.7956,0
621472.2848,0
621596.0869,0
622133.99,0
622179.7859,0
622314.2599,0
622430.7,0
622453.7432,0
622513.16,0
622535.9456,0
622681.3861,0
622692.45,0
622891.3609,0
622969.2053,0
622983.9066,0
623224.6035,0
623254.46,0
623440.4732,0
623696.3947,0
623707.6752,0
623767.9327,0
623861.615,0
623987.9617,0
624001.6186,0
624059.069,0
624316.0937,0
624776.5625,0
624815.2899,0
624916.9504,0
625110.0611,0
625170.6389,0
625338.6355,0
625420.8058,0
625561.0006,0
625732.7577,0
625859.4526,0
625972.3082,0
626166.453,0
626396.1599,0
626407.3555,0
626432.3618,0
626532.1238,0
626588.6707,0
626908.2236,0
627175.2535,0
627287.2149,0
627421.7493,0
627515.6327,0
627524.1212,0
627694.3477,0
627959.6167,0
627980.0427,0
628114.2256,0
628249.2043,0
628325.8106,0
628346.4179,0
628346.618,0
628401.2319,0
628425.9822,0
628560.2163,0
628583.9639,0
628675.1386,0
628838.0213,0
628849.3087,0
629018.2453666667,0
629032.5405,0
629178.4003,0
629273.2153,0
629376.1549,0
629395.2607,0
629692.8626999999,0
629837.1319,0
630163.2055,0
630185.5347,0
630185.6807,0
630433.4579,0
630517.4654,0
630611.3132,0
630854.3886,0
631304.5387,0
631340.943,0
631541.0866,0
631606.9305,0
631607.509,0
631663.8975,0
631975.7055,0
632074.3782,0
632091.9297,0
632098.7642,0
632115.4516,0
632394.0351,0
632464.1471,0
632488.3546,0
632602.9145,0
632673.8501,0
632746.589,0
632756.1672,0
632826.3678,0
632847.0058,0
633159.6368,0
633276.3011,0
633470.7526,0
633600.9084,0
633938.2499,0
633950.6747,0
633996.1029,0
634086.0404,0
634121.9256,0
634439.2026,0
634489.894,0
634960.6433,0
635036.7445,0
635678.2197,0
635824.3772,0
635874.515,0
635938.1057,0
636029.3826,0
636064.0014,0
636077.6923,0
636090.608,0
636587.6437,0
636604.8341,0
636730.2979,0
636906.1938,0
637076.3382,0
637084.4323,0
637191.1372,0
637199.5514,0
637225.8151,0
637260.2586000001,0
637332.6901,0
637550.8367,0
637564.4416,0
637679.3765,0
637935.6966,0
638171.5381,0
638374.7807,0
638570.1836,0
638608.9673,0
638677.2446,0
638733.5924,0
638991.0697,0
639083.0643,0
639409.9032000001,0
639948.6683,0
640342.9974,0
640403.2307,0
640615.9346,0
640856.9579,0
640906.0863,0
641178.7245,0
641456.8472,0
641675.9934,0
641909.7398,0
642049.7836,0
642108.3863,0
642517.8663,0
642678.868,0
643011.3604,0
643054.4723,0
643750.1027,0
643758.7101,0
643789.8397,0
644133.8200000001,0
644497.8655,0
645307.455,0
645348.6444,0
645449.0985,0
645488.1156,0
645800.7593,0
646779.8335,0
646899.2492,0
647166.6977,0
647576.8326,0
647768.1943,0
648383.7978000001,0
648715.5533,0
648732.7737,0
648741.3544,0
648834.6441,0
648921.0455,0
648927.4098,0
649006.425,0
649099.2369,0
649585.1723,0
649798.1146,0
649798.5506,0
649813.5161,0
649822.26558,0
649857.0068,0
649857.4585,0
649890.453,0
649926.9299,0
650092.9928,0
650133.7473,0
650194.1498,0
650305.7702,0
650509.1306,0
650739.4635000001,0
650775.967,0
651061.2876,0
651512.7842,0
651741.1786,0
651923.9032000001,0
651950.4575,0
651984.5947,0
652142.7215,0
652176.7084,0
652557.3711999999,0
652599.4643,0
653177.3254,0
653240.8242,0
653256.6101,0
653308.256,0
653429.5111,0
653459.1803,0
653526.2577,0
654038.0529,0
654161.5678,0
654564.6627,0
654663.3292,0
654700.7367,0
654702.1885,0
654889.4728,0
654975.2978000001,0
654994.951,0
655316.8763,0
655438.2047,0
655491.0357,0
655531.6783,0
655734.8204,0
655839.4382,0
655859.0602,0
655942.3692,0
656010.8515999999,0
656384.3922,0
656423.4581,0
656905.0900333333,0
657001.6804166667,0
657030.925,0
657048.071,0
657213.8772,0
657242.7453,0
657452.1706,0
657648.8466,0
658020.5621,0
658078.1933,0
659369.6792,0
659598.9047,0
659698.1785,0
660010.7998,0
660057.3308,0
660318.3568,0
660503.6128,0
660991.9674666667,0
661014.2943,0
661191.0661,0
661235.2755,0
661578.3854,0
661652.5355,0
661839.577,0
662272.1655,0
662501.6448,0
662704.6191,0
662786.5588,0
662792.3784,0
662836.0328,0
663201.70995,0
663306.8744,0
663372.136,0
663623.4587,0
663723.3914,0
664240.474,0
664508.5673,0
664845.8948,0
665106.0455,0
665112.8938,0
665435.2693,0
665771.0892,0
665791.1464,0
665816.4142,0
666054.0417,0
666117.587,0
666177.8263,0
666253.6266,0
666940.5,0
666973.9539,0
667036.5385,0
667588.8611,0
667678.4384,0
668599.107,0
668621.3866,0
668676.3844,0
668821.7023,0
668896.6665,0
669230.416,0
669348.5125,0
669368.4789,0
669738.0388,0
670005.3195,0
670327.5556,0
671164.3272166667,0
671175.5165,0
671595.4204,0
671619.4587,0
671884.8683,0
671891.5496,0
671959.4916,0
672308.0105,0
672621.8795,0
672803.82785,0
673033.7417,0
673869.172,0
674634.2295,0
674919.0401,0
675132.6923,0
675321.9591,0
675568.3552,0
675585.561,0
675611.287325,0
675665.4266,0
675955.6523,0
676009.61,0
676040.9321,0
676352.5766,0
676379.4577,0
676485.3474,0
676519.3217,0
676612.9034,0
676838.4913,0
676985.3729,0
677347.1699,0
677495.6765,0
677946.5568,0
677960.1924,0
678062.398,0
678226.0482,0
678453.6078,0
678519.2352,0
678952.5538999999,0
678979.6421,0
679224.6394,0
679292.7993,0
679484.8208,0
679509.7613833334,0
679692.23905,0
680871.7072,0
680973.9671,0
681242.66,0
681373.8889,0
681395.3038,0
681524.6444,0
681660.9099,0
681838.2458,0
681913.993,0
681972.6449,0
682114.3863,0
682437.4343,0
682444.1406,0
682479.2603,0
682481.1256,0
682483.1264,0
682512.8724,0
682719.2099,0
682789.6064,0
682858.9933,0
682973.1585,0
683386.1064,0
684026.9902,0
684198.5384,0
684306.854,0
684752.4025,0
684908.1298,0
685067.8919,0
685324.3165,0
685598.0711000001,0
685752.3449,0
685753.5967999999,0
685840.1449,0
686194.7649,0
686453.5927,0
686485.7269,0
686610.2661,0
686693.0029,0
687161.3187,0
687187.6008,0
687558.8461,0
687589.6607,0
687645.6845,0
687985.827,0
688133.5887,0
688218.8665,0
688272.1332,0
688344.365,0
688647.5705,0
688655.7958,0
688714.8094,0
688771.0436,0
688822.7639,0
688888.555325,0
688893.7605,0
688936.904,0
689090.192,0
689113.299,0
689484.12,0
689621.9128,0
689855.8842,0
689954.8593,0
690120.4015,0
690273.4088,0
690539.647,0
690678.1778,0
690746.4035,0
690778.7638,0
691103.792,0
692053.0423,0
692092.4194,0
692142.0448,0
692300.5641,0
692320.85,0
692362.6089999999,0
692436.0929,0
692494.6608,0
692568.6236,0
692586.056,0
692602.8847,0
692904.0948,0
692924.3042,0
692981.7701,0
692986.6582,0
693515.8604,0
693638.9852,0
693767.298,0
694173.437,0
694361.9781,0
694484.6486,0
694577.1575,0
694588.2177,0
694597.8152,0
694865.2235,0
695006.9133,0
695278.1822833334,0
695416.2618,0
695474.5188,0
695482.1448,0
695608.5578,0
695631.2661,0
695737.4422,0
695797.5284,0
695858.9407,0
696043.3035,0
696157.7131,0
696438.4961333333,0
696647.979,0
696861.1246,0
697018.5943,0
697445.0822,0
697662.6981,0
697885.1339,0
698249.4151,0
698251.2187,0
698300.5182,0
698368.2254,0
698561.2185,0
698631.7253,0
698656.9676,0
698807.3879,0
698817.6564,0
698851.6867,0
698931.8056,0
699003.5236,0
699079.076,0
699221.4283,0
699236.4304,0
699332.0808,0
699541.0185,0
699790.025,0
699887.6954,0
699953.5268999999,0
699989.6668,0
700166.0339,0
700218.5455,0
700624.5117,0
701269.8561,0
701346.6152,0
701499.3076,0
701514.6574,0
701556.0342999999,0
701618.4423,0
701759.9292,0
701779.7785,0
701961.4744,0
702074.5848,0
702189.152,0
702280.9741,0
702853.8983,0
703003.767,0
703051.4757,0
703071.4142,0
703132.5237,0
703364.1942,0
703555.8034,0
703563.9452,0
703685.1347,0
703740.7822,0
703784.6086,0
703823.506,0
703860.6355,0
704056.7056,0
704191.2424999999,0
704211.3195,0
704622.0926,0
704682.6388,0
704772.6084,0
704976.1342,0
705016.2469,0
705191.2855,0
705260.8399,0
705666.3835,0
705908.4463,0
706168.068,0
706287.1891,0
706476.7372,0
706503.8677000001,0
706660.5597,0
706791.5715,0
706888.7111,0
706910.797,0
707069.0039,0
707155.7458,0
707937.6851,0
708488.4477,0
708631.8605,0
708665.6131,0
708667.1733,0
708809.5673,0
708827.0832,0
709185.8203,0
709258.6702,0
709378.8378,0
709417.1446,0
709464.7504,0
709831.6084,0
710135.5643,0
710149.7649,0
710202.2591,0
710334.0985,0
710385.8931,0
710565.8426,0
710597.9141,0
710812.4689,0
710917.9081,0
710923.777,0
711155.5976,0
711334.3865,0
711421.6277,0
711729.956,0
711867.8328,0
711934.6225,0
712169.1913,0
712174.4759,0
712293.4461000001,0
712362.8998,0
712380.4279,0
712443.9787,0
712534.5052,0
712787.5357,0
712835.8141,0
712846.8765,0
712955.1565,0
713035.5879,0
713193.2119,0
713213.8512,0
713348.5446,0
713387.1117,0
713553.769,0
713554.4854,0
713623.0454,0
713738.9016,0
713857.1697,0
714260.577,0
714349.1279,0
714427.6932,0
714472.7482,0
714488.0832,0
714635.0891,0
714638.4771,0
714927.0049,0
714965.8517,0
715124.3581,0
715660.9247,0
715910.166,0
716006.6727,0
716062.0973,0
716159.9168,0
716254.1299,0
716510.7422,0
716701.3973,0
716912.4234,0
716926.7284,0
717239.308,0
717350.5631,0
717369.5347,0
717459.5225,0
717506.75,0
717588.576,0
717822.7294,0
717970.5956,0
718041.5265,0
718097.5433,0
718422.5818,0
718458.5667,0
718806.4275,0
718862.692,0
718910.2639,0
719288.6577,0
719381.8129,0
719494.3278,0
719805.1047,0
720039.3197999999,0
720102.8803,0
720174.6382,0
720231.0882,0
720518.948,0
720525.5846,0
720613.0865,0
721372.8031,0
721513.8584,0
721811.9159,0
721873.9092,0
722098.153,0
722314.3727,0
722339.9890000001,0
722453.2605,0
722487.2032,0
722544.6224,0
722641.4227,0
722877.7508,0
723038.3808,0
723101.3251,0
723215.7098000001,0
723351.7798,0
723371.1712,0
723764.0249,0
723792.6873,0
723932.5234,0
724101.7643,0
724168.8376,0
724339.6326,0
724362.6779,0
724489.8662,0
724575.8292,0
724753.6221,0
725832.8676,0
726030.1531,0
726572.7892,0
726657.6533,0
726764.128,0
726822.0932,0
726866.4137,0
726906.8008,0
727129.5785000001,0
727199.7497,0
727408.3475,0
727426.9643,0
727733.2487,0
727738.9886,0
727894.7396,0
727900.5538,0
727911.5294,0
728110.1018,0
728156.79,0
728275.907,0
728509.3658,0
728578.2978000001,0
728663.1193,0
728981.2825,0
729232.8177,0
729357.8621,0
729544.3491,0
730019.1568,0
730085.3796,0
730142.4864,0
730391.5509,0
731144.601,0
731228.4542,0
731245.151125,0
731311.5054,0
731641.0558,0
731686.4094,0
731731.1984999999,0
731757.7123,0
731958.1656,0
732095.213,0
732140.7905,0
732527.2461,0
732689.4658,0
732777.0463,0
732825.351,0
732857.2963666667,0
733215.2947,0
733245.5731,0
733512.461,0
733514.0299,0
733633.4265,0
733725.3836000001,0
734476.5159,0
734675.2052,0
735104.726,0
735358.2524,0
735391.7924,0
735425.0301,0
735613.5015,0
735770.3281,0
735940.4841,0
735948.7751,0
736018.4657000001,0
736455.5919,0
736537.5678,0
737003.2017,0
737251.7562,0
737259.2203,0
737346.7466,0
737483.6933,0
737915.7489,0
738944.6737,0
739019.0764,0
739180.1384,0
739220.9227,0
739401.7128,0
739473.0821,0
739665.4123,0
739795.3876,0
739881.6472,0
739897.4374,0
739905.5028,0
740259.5838,0
740282.1821,0
740362.6043,0
740823.778,0
740988.5633,0
741013.6501,0
741321.3429,0
741371.4845,0
741460.7033,0
741501.7935,0
742256.9417,0
742280.5489,0
742659.9213,0
743052.6466,0
743150.3852,0
743444.1484,0
743703.6848,0
743910.6123,0
744687.0276,0
744748.8688,0
744762.5307,0
744796.5308,0
745363.0789,0
745488.7291,0
745872.1773,0
745872.263,0
746241.911,0
746297.6841,0
746347.6689,0
746709.8569,0
746888.9539,0
747211.966,0
747316.6876000001,0
747391.3874,0
747665.5598,0
747763.4089,0
748109.6815,0
748250.2378,0
748294.6044000001,0
748328.6846,0
748379.9361,0
748397.7649000001,0
748402.2536,0
748644.2314,0
748652.5536,0
748789.4466,0
748868.3938,0
749119.4469,0
749312.0565,0
749319.6901,0
749401.0964,0
749437.9389,0
749439.5151,0
749554.5883,0
749854.9962,0
750227.3422,0
750577.3567,0
750609.0958,0
751307.6723,0
751415.5258,0
751520.8748,0
751899.2738,0
752105.9172,0
752608.4503,0
752651.0231999999,0
752754.9452,0
752998.4714,0
753088.5125,0
753099.5418,0
753286.7068,0
753435.7848,0
753556.1867,0
753895.5039,0
754117.5078,0
754186.6365,0
754319.9881,0
754488.0109,0
754488.2372,0
754656.0986,0
754761.8946,0
754768.3186,0
754796.5407166666,0
754911.5726,0
754924.7696,0
755108.5175,0
755276.678,0
755322.8469,0
755346.5243,0
755399.5956166667,0
755498.8348,0
755561.4215,0
755681.7352,0
755979.7751,0
755994.063,0
756248.0936,0
756473.2997,0
757574.5299,0
758017.4267,0
758032.5366,0
758571.3077,0
758658.4756,0
758991.9071,0
759062.5489,0
759292.944,0
759343.8353,0
760093.6875,0
760129.715,0
760191.9805,0
760436.0692,0
760710.7972,0
761042.2846666666,0
761183.7841,0
761287.82948,0
761302.1788999999,0
761538.2694,0
761636.0729,0
761707.809,0
761852.2293,0
762095.5119,0
762488.49804,0
762529.9831,0
762558.4452,0
762597.162,0
762676.9298,0
763032.9294,0
763201.4639,0
763415.2078,0
763573.524,0
763675.4055999999,0
764262.7321,0
764611.3105,0
764750.7719,0
764893.2835,0
765203.9278,0
765209.2673,0
765308.8176,0
765665.1746,0
765719.216,0
766209.1481,0
766294.2864,0
766530.6077,0
766966.6224,0
767053.0726,0
767270.9374,0
767277.9721,0
767304.1893,0
767316.6368,0
767542.3997,0
767848.1777,0
768021.7324,0
768072.7888166667,0
768243.1173,0
768755.9541,0
769292.5384,0
769301.3165,0
769341.1778,0
769404.8900666666,0
769523.2192,0
769612.4649333333,0
769868.18888,0
769931.3434,0
769978.8809,0
770319.075625,0
770385.0461,0
770458.4943,0
770537.2455,0
770895.862,0
771151.308,0
771590.4571,0
771599.1601,0
771617.6346,0
771703.4026,0
771750.8926,0
771798.1615,0
772064.5647,0
772405.0263,0
772438.623,0
772504.5313,0
772611.819,0
772629.2969,0
772671.32,0
772938.6089,0
772960.9378,0
773008.7791,0
773124.6336000001,0
773257.6798,0
773330.0998,0
773387.8228,0
773576.9062,0
773676.3427,0
773705.8758,0
773871.1447,0
774039.2653,0
774405.5817,0
774531.4163,0
774793.3265,0
774826.6889,0
774862.792,0
774955.8614,0
775300.5249,0
775405.8296,0
775537.4071,0
775863.0961,0
775877.2545,0
775985.0681,0
776106.8447,0
776165.5368,0
776328.825,0
776522.9111666667,0
776596.3872,0
776772.1546,0
777007.3903,0
777124.9257,0
-----Simulation END-----
