-----Simulation 0-----
172879.9687,0
172954.9358,0
172960.6193,0
172985.8911,0
173388.6131,0
173619.993,0
173741.4099,0
173783.31949999998,0
173886.668,0
174019.7086,0
174142.71980000002,0
174418.452,0
174428.1178,0
174786.804,0
174824.6449,0
174887.2726,0
174991.1978,0
175365.1929,0
175427.5374,0
175493.9618,0
175534.21120000002,0
175688.1373,0
175749.9919,0
175779.0362,0
175812.9037,0
175911.8655,0
176111.2474,0
176248.7293,0
176279.7206,0
176289.7899,0
176505.90230000002,0
176574.0491,0
176638.0915,0
176932.5971,0
176944.5043,0
177155.37339999998,0
177221.9265,0
177576.1084,0
177787.9304,0
177821.5888,0
178031.9175,0
178142.8108,0
178266.8645,0
178421.9473,0
178467.28639999998,0
178561.6115,0
178568.3075,0
178602.9724,0
178926.3989,0
178973.3657,0
179235.9081,0
179514.9123,0
179551.4883,0
179607.96360000002,0
179766.2384,0
179915.4278,0
180170.2061,0
180181.0086,0
180265.4902,0
180424.3224,0
180428.3621,0
180488.5786,0
180619.8743,0
180736.41330000001,0
180801.2447,0
181129.1332,0
181301.97580000001,0
181373.72149999999,0
181402.48739999998,0
181546.8785,0
181757.0115,0
181764.2801,0
181789.7511,0
181911.6586,0
182044.0403,0
182119.1801,0
182147.3433,0
182282.739,0
182419.0901,0
182541.3859,0
182711.4997,0
182717.5808,0
182757.2935,0
182796.9409,0
183031.7637,0
183061.7124,0
183101.3714,0
183122.5716,0
183478.0415,0
183633.7275,0
183678.4535,0
183886.7769,0
183928.29989999998,0
183953.1333,0
184033.4555,0
184068.4514,0
184111.999,0
184134.0324,0
184135.9997,0
184247.35820000002,0
184310.0936,0
184319.13,0
184515.8618,0
184540.1243,0
184658.8316,0
184753.1649,0
184870.1231,0
184932.0952,0
185104.6947,0
185106.4118,0
185189.8699,0
185436.6148,0
185647.3596,0
185776.2581,0
185821.266,0
186034.7214,0
186088.76929999999,0
186308.1908,0
186460.0741,0
186632.408,0
186678.4078,0
186681.0702,0
186872.0673,0
186965.0511,0
186999.7439,0
187059.9791,0
187099.771,0
187187.3491,0
187376.429,0
187565.83120000002,0
187747.3076,0
188054.0843,0
188066.5262,0
188230.8094,0
188470.9829,0
189193.3371,0
189432.4845,0
189894.8704,0
190042.4896,0
190067.6689,0
190262.8541,0
190317.3469,0
190434.2989,0
190659.3431,0
190822.4087,0
190922.9443,0
190924.0391,0
191190.1398,0
191345.08860000002,0
191439.68660000002,0
191573.20130000002,0
191586.9528,0
191597.5917,0
191822.8049,0
191950.0522,0
192039.33980000002,0
192324.0406,0
192346.4331,0
192683.4456,0
193639.1284,0
193656.4639,0
193761.1612,0
193970.6304,0
194145.1237,0
194457.8988,0
194497.8752,0
194520.2286,0
194735.4108,0
194778.2375,0
194810.1963,0
194880.3352,0
194975.2122,0
194979.8907,0
195012.7088,0
195102.0186,0
195206.39179999998,0
195250.728,0
195453.5349,0
195552.1413,0
195604.8765,0
195671.4781,0
195845.8213,0
195999.7995,0
196037.5161,0
196077.1334,0
196426.5166,0
196487.8684,0
196662.8348,0
196700.8983,0
196761.9941,0
196848.206,0
197088.9204,0
197153.9831,0
197174.1573,0
197213.3086,0
197213.64370000002,0
197458.1853,0
197488.4311,0
197627.7647,0
197651.9266,0
197755.2741,0
197854.80959999998,0
197968.3156,0
197975.7146,0
198133.9784,0
198296.6489,0
198429.0177,0
198715.5332,0
199029.8433,0
199127.03590000002,0
199215.6231,0
199225.39059999998,0
199498.5023,0
199897.2779,0
200334.26189999998,0
200387.3184,0
200833.1637,0
201201.7401,0
201230.4276,0
201335.423,0
201479.6873,0
201581.2352,0
201757.18589999998,0
201816.4582,0
201963.2199,0
202011.19449999998,0
202011.7666,0
202373.1291,0
202791.0642,0
202800.38390000002,0
202893.7147,0
202934.1562,0
203013.8295,0
203056.318,0
203547.0953,0
203612.5703,0
203626.372,0
203642.1392,0
203751.4829,0
203766.1669,0
203872.4644,0
203878.78,0
204088.0286,0
204104.0377,0
204550.8201,0
204742.3941,0
204773.67440000002,0
204980.7703,0
205241.8098,0
205343.14919999999,0
205539.6274,0
205889.83545,0
205891.8391,0
206517.3031,0
206567.5893,0
206600.4073,0
206722.30469999998,0
207193.6115,0
207281.13809999998,0
207321.1626,0
207366.94400000002,0
207381.2096,0
207683.1835,0
208124.8981,0
208575.4158,0
208681.3929,0
208810.6705,0
209072.7965,0
209119.5331,0
209161.6403,0
209219.7884,0
209647.35570000001,0
209799.0777,0
209898.5914,0
209921.4558,0
210099.4988,0
210258.55670000002,0
210856.2922,0
210857.5851,0
210997.526,0
211061.5336,0
211283.11729999998,0
211471.7552,0
211674.50209999998,0
211870.6188,0
212188.0384,0
212371.4402,0
212409.8286,0
212617.7357,0
212887.0002,0
213246.2772,0
213352.5652,0
213408.4266,0
213434.9206,0
213564.5719,0
213714.8391,0
213808.7352,0
214044.88541666666,0
214194.2981,0
214233.354,0
214476.8862,0
214910.8536,0
214929.5908,0
214959.85749999998,0
215157.1263,0
216006.5995,0
216102.8893,0
216333.6752,0
216545.8199,0
216673.6742,0
217368.8636,0
217465.11359999998,0
217649.67680000002,0
217853.74300000002,0
218190.1088,0
218195.8719,0
218351.5794,0
218385.1079,0
218554.571,0
218780.4695,0
218872.01380000002,0
219155.5777,0
219328.6126,0
219405.3008,0
219709.7303,0
220542.5048,0
220785.7991,0
220910.3727,0
221586.7434,0
221766.762,0
221916.084,0
222068.45059999998,0
222155.71,0
222285.6696,0
222725.0165,0
222863.25160000002,0
222872.15730000002,0
222946.1681,0
223060.0072,0
223066.9911,0
223157.051,0
223175.4259,0
223204.4002,0
223552.5736,0
223806.9772,0
223894.0342,0
223903.0448,0
224013.7298,0
224170.6528,0
224196.8706,0
224336.4043,0
224349.18183333334,0
224443.9545,0
224599.0937,0
224686.3074,0
224777.1245,0
224930.995,0
225224.183,0
225708.57636666668,0
225747.9615,0
225952.83000000002,0
226224.4232,0
226317.4723,0
226550.29869999998,0
226608.97460000002,0
226748.1047,0
226877.524,0
226935.86800000002,0
227109.598,0
227309.0194,0
227518.466,0
228142.6468,0
228459.43050000002,0
228799.5092,0
228869.4095,0
228886.37579999998,0
229149.4896,0
229418.3882,0
229597.1345,0
229951.4318,0
230105.0667,0
230788.77539999998,0
230846.7019,0
230897.536,0
230930.2951,0
230977.2864,0
230991.2821,0
231005.8807,0
231051.952,0
231057.19640000002,0
231310.42814,0
232904.8845,0
233540.3025,0
233653.4744,0
233868.65205,0
234345.3105,0
234555.66009999998,0
234808.1962,0
234900.44914,0
235248.8409,0
235274.1017,0
235372.6457,0
235845.4303,0
236002.5686,0
236406.2189,0
236477.1506,0
236630.4162,0
236998.3237,0
237035.5308,0
237160.6973,0
238169.25770000002,0
238265.9216,0
238412.0302,0
238531.2635,0
238786.4128,0
238997.8041,0
239101.8314,0
239119.79200000002,0
239559.37290000002,0
240186.6677,0
240519.2388,0
240695.3941,0
240747.276,0
240965.6617,0
241107.1044,0
241751.2162,0
242085.7697,0
242155.6906,0
242622.1343,0
242897.19062,0
242930.0745,0
243087.434,0
243118.5799,0
243172.5594,0
243333.1145,0
243517.991825,0
243730.6384,0
243886.5078,0
243959.59649999999,0
244232.6533,0
244383.3376,0
244387.9887,0
244699.9654,0
244770.6288,0
244869.1746,0
245267.6398,0
245294.138,0
245375.6559,0
245583.6529,0
245969.0034,0
245996.0538,0
246044.2285,0
246088.32390000002,0
246132.5425,0
246212.5252,0
246647.60139999999,0
246680.8238,0
246921.2648,0
247034.9745,0
247265.8485,0
247380.7911,0
247425.5911,0
247558.5472,0
247569.6224,0
247895.5784,0
247954.7304,0
248153.4161,0
248171.929775,0
248569.3242,0
248705.3568,0
249100.7756,0
249305.0546,0
249480.34646666667,0
249522.1739,0
249677.7913,0
249686.1431,0
249689.3424,0
249946.8702,0
249999.3687,0
250095.3461,0
250141.5207,0
250319.3162,0
250556.1255,0
250623.1291,0
250694.26750000002,0
250801.9988,0
251159.4404,0
251422.4961,0
251453.0791,0
251691.9225,0
251722.46742,0
251756.1509,0
251897.8243,0
252075.2828,0
252107.8117,0
252285.05858333333,0
252600.3161,0
252660.9936,0
253404.8828,0
253499.6657,0
253560.2002,0
254001.1967,0
254051.0379,0
254075.89076666668,0
254194.8576,0
254374.4494,0
254444.7508,0
254598.5226,0
254744.6975,0
254855.4637,0
255047.1032,0
255063.1121,0
255104.4444,0
255168.6679,0
255176.5576,0
255238.3555,0
255950.859,0
255983.9602,0
256143.2155,0
256200.6187,0
256515.5608,0
256651.70130000002,0
256729.07140000002,0
256777.7768,0
257050.1933,0
257188.7876,0
257197.985,0
257340.9289,0
257377.3133,0
257464.4645,0
257816.8703,0
257959.2808,0
258130.3787,0
258359.4387,0
258636.0325,0
258948.0891,0
259152.03830000001,0
259190.88319999998,0
259196.4449,0
259439.2992,0
259517.6557,0
259530.3278,0
259803.03,0
259820.3913,0
260061.9689,0
260144.9326,0
260264.1938,0
260373.82510000002,0
260421.7332,0
260747.73859999998,0
260814.9788,0
260872.6029,0
260895.1007,0
260931.99143333334,0
261023.259,0
261067.0364,0
261271.2981,0
261406.42285,0
261627.2131,0
261672.323,0
261812.9324,0
261828.8601,0
261834.44819999998,0
261840.38390000002,0
261882.6042,0
262006.0094,0
262088.5568,0
262160.6817,0
262178.33640000003,0
262287.7753,0
262409.0306,0
262429.8863,0
262491.1412,0
262655.9703,0
262743.3096,0
262905.3097,0
263000.2502,0
263236.4854,0
263578.2609,0
263666.021,0
263666.92590000003,0
263868.8671,0
263944.7936,0
264377.516,0
264384.0527,0
264719.2589,0
264781.7407,0
264810.1866,0
264872.2532,0
265033.8873,0
265039.8843,0
265064.9686,0
265086.68813333334,0
265096.1829,0
265510.5622,0
265545.9183,0
265697.87690000003,0
265825.6806,0
265875.19285,0
266063.0242,0
266160.11340000003,0
266179.0352,0
266247.8358,0
266260.9823,0
266265.76818333333,0
266434.7535,0
266447.0789,0
266612.8525,0
266654.9684,0
266665.3164,0
266720.4221,0
266868.665,0
267597.9487,0
267806.8368,0
267935.1229,0
268125.3565,0
268129.5628,0
268247.0871,0
268264.4184,0
268265.9964,0
268445.4061,0
268458.8889,0
268489.1854,0
268510.5628,0
269015.0363,0
269024.7595,0
269217.1274,0
269465.7827,0
269647.7931,0
269860.6349,0
269926.9291,0
270056.985,0
270135.7604,0
270144.3109,0
270170.3164,0
270287.0871,0
270334.4529,0
270575.3502,0
270702.3598,0
270718.015,0
271004.7366,0
271197.8288,0
271273.5482,0
271434.832,0
271610.33770000003,0
271636.6375,0
271775.9279,0
271790.9351,0
271888.0821,0
272074.9567,0
272077.1334,0
272231.8009,0
272297.8601,0
272483.6473,0
272614.9019,0
272632.3811,0
272634.0775,0
272640.3713,0
272641.87069999997,0
272707.6862,0
272729.9072,0
272961.8993,0
273086.92084,0
273174.3871,0
273204.024,0
273497.059,0
273713.668,0
273754.5944666667,0
273919.2579,0
273965.4835,0
274248.0376,0
274650.2454,0
274664.51323333336,0
274826.8184,0
275014.124,0
275500.32409999997,0
275628.4277,0
275753.5866,0
275811.9048,0
275874.0612,0
275973.283,0
276643.3688,0
276701.6851,0
276936.6831,0
277008.0692,0
277072.8088,0
277152.2367,0
277227.074,0
277298.5953,0
277435.3395,0
277649.7033,0
277705.9451333333,0
277779.7067,0
277860.1169,0
278017.9987,0
278247.3924,0
278346.6392,0
278846.9333,0
278941.5168,0
279012.8835,0
279119.1774,0
279328.36710000003,0
279475.8974,0
279710.4311,0
279715.5442,0
279746.6611,0
279835.3737,0
279839.085,0
279901.1507,0
280165.4585,0
280247.1742,0
280264.6298,0
280552.5081,0
280747.573,0
280988.9811,0
281191.8746,0
281367.186,0
281471.3342,0
281624.7054,0
281693.6425,0
281725.4805,0
282064.4706,0
282123.5126,0
282289.1095,0
282369.717,0
282602.7878,0
282715.6976,0
282799.8353,0
282842.3624,0
283722.1362,0
284099.1303,0
284228.0462,0
284237.5222,0
284411.6547,0
284534.2324,0
284699.6266,0
284963.0718,0
285003.128,0
285093.2388,0
285355.9458,0
285646.9519,0
285714.1763,0
286384.9901,0
286397.2346,0
286448.4225,0
286471.8077,0
286522.1037,0
286641.0719,0
286657.6664,0
287078.4647,0
287096.8336,0
287107.5157,0
287322.7207,0
287404.6638,0
287527.5856,0
287570.8195,0
287727.09990000003,0
288140.1402,0
288192.5334,0
288312.1093,0
288462.3691,0
288486.5865,0
288555.8959,0
288573.0722,0
288616.4182,0
288832.17949999997,0
288938.7458,0
288958.6481,0
288977.6958,0
289055.8044,0
289252.98838,0
289262.5995,0
289427.1619,0
289569.8845,0
289591.7682,0
289750.2639,0
289952.0684,0
290111.1197,0
290229.221,0
290902.058,0
291362.7451,0
291377.0738,0
291379.7217,0
291498.3366,0
291557.4953,0
291903.3113,0
291925.7428,0
291984.8942,0
292008.3502,0
292124.3734,0
292193.0524,0
292290.321,0
292417.3782,0
292579.1842,0
292833.2541,0
292861.979,0
292900.5268,0
292935.7891,0
293134.11,0
293256.0269,0
293345.7862,0
293424.977,0
293526.9261,0
293932.3997,0
294013.79339999997,0
294015.80460000003,0
294697.4736,0
295097.2577,0
295601.2233,0
295874.5191,0
295943.5459,0
296095.2462,0
296272.27650000004,0
296273.8103,0
296624.854,0
297022.2563,0
297156.3121,0
297239.4144,0
297454.0994,0
297620.2918,0
297669.6804,0
297803.3361,0
297819.5961,0
298108.6864,0
298364.6104,0
298465.0565,0
298490.4246,0
298550.6101333333,0
298620.0737,0
298800.949,0
299032.86089999997,0
299610.9533,0
300118.7146,0
300536.4158,0
300558.15630000003,0
300950.2899,0
300961.2827,0
300978.0968,0
300978.9678,0
301092.4374,0
301112.4744,0
301248.5826,0
301529.5835,0
301726.0438,0
301802.2922,0
301954.7988,0
302280.9812,0
302383.7447,0
302687.0694,0
302790.7295,0
302936.6878,0
302979.70263333333,0
302987.8934,0
303105.8821,0
303312.1883,0
303517.14269999997,0
303605.5004,0
304097.1112,0
304195.564,0
304263.9397,0
304873.4736,0
304921.2586,0
304951.5902,0
305384.9115,0
305672.0342,0
305778.6027,0
306072.4322,0
306154.0437,0
306263.9378,0
306548.0342,0
306796.07923333335,0
306807.198075,0
306913.6521,0
307116.5522,0
307441.4885,0
307549.4105,0
307550.3942,0
307776.8656,0
307940.8103,0
308216.2855,0
308233.2178,0
308322.7725,0
308384.5662,0
308812.7489,0
308923.2919,0
308938.289,0
308999.7402,0
309101.4459,0
309624.0941,0
309753.1279,0
309800.0565,0
310261.1304,0
310428.3110666667,0
310455.2816,0
310596.3683,0
310817.095,0
310988.2226,0
311036.8002,0
311099.9836,0
311262.7515,0
311816.2433,0
312138.6373,0
312423.4397,0
312434.1648,0
312542.247325,0
312569.3743,0
313039.531,0
313172.9372,0
313257.1487,0
313274.7062,0
313404.3254,0
313508.8652,0
313892.3674,0
313912.9886,0
313955.1088,0
314594.8002,0
314652.3828,0
315056.1972,0
315159.0468,0
315497.4093,0
315734.5965,0
315818.6485,0
315869.9675,0
316161.2787,0
316170.8656,0
316313.8269,0
316347.9281,0
317363.205,0
317367.64712,0
317519.5726,0
317543.78628,0
317680.8232,0
318034.576,0
318170.6547,0
318395.1463,0
318423.594,0
318698.1973,0
318952.5712,0
319145.1155,0
319255.4567,0
320070.9838,0
320436.3946,0
320836.3471,0
321579.3244,0
321805.8217,0
321848.6606,0
321864.77170000004,0
322662.7434,0
322663.59514,0
322778.83604,0
322891.6681,0
322956.341,0
323115.3554,0
323199.5274,0
323964.2088,0
324397.99569999997,0
324463.8668,0
324638.9541833333,0
324654.9626,0
324814.5313,0
324829.1425,0
324898.7442,0
324935.3085,0
325054.4259,0
325125.4168,0
325311.7394,0
325436.2935,0
325594.7395,0
325733.21,0
325877.8546,0
326192.119,0
326515.781,0
327298.546,0
327557.7581,0
327695.5185,0
327714.8349,0
327955.3623,0
328420.4582,0
328582.5095,0
328735.743575,0
328892.4397,0
328968.0684,0
329594.4144,0
329686.3937,0
329754.1276,0
329763.9298,0
329911.7635,0
329934.2057,0
330048.7094,0
330083.9637,0
330496.255,0
330621.2832,0
330801.4776,0
331087.3706,0
331120.6744,0
331691.7554,0
332120.6689,0
332174.8507,0
332450.6392,0
332451.4129,0
332567.6931,0
332705.0935,0
332775.4466,0
332948.3159,0
332955.0274,0
333096.1512,0
333100.46270000003,0
333116.3625,0
333526.6473,0
333574.4683,0
333682.6062,0
333694.2334,0
333979.0537,0
334151.942,0
334562.426,0
335316.1762,0
335930.551,0
336074.9549,0
336076.5733,0
336411.2269,0
336563.5107,0
336702.2736,0
336935.8581,0
337018.4659,0
337061.005,0
337322.7487,0
337399.0554,0
338043.5154,0
338118.2137,0
338306.2808,0
338473.642,0
338521.5261,0
338688.5409,0
338726.756,0
338884.5486,0
339188.1695,0
339364.4109,0
339459.1076,0
339714.4054,0
339897.938,0
339988.78876666666,0
339999.1474,0
340033.7574,0
340267.9743,0
340332.4059,0
340688.8129,0
341105.0332,0
341541.4844,0
341657.2667,0
341728.1908,0
341785.3247,0
341803.3119,0
342034.0976,0
342593.8893,0
342891.3852,0
342917.8415,0
343164.3058,0
343165.8744,0
343199.8569,0
343251.8536,0
343321.78119999997,0
343339.1427,0
343396.3011,0
343461.8194,0
343532.7915,0
344183.5164,0
344191.7589,0
344218.2793,0
344365.4762,0
344514.4829,0
344529.61089999997,0
344555.8931,0
344601.1983,0
344621.6398,0
344621.6972,0
344734.7537,0
344863.1399,0
344865.29610000004,0
344896.9703,0
344905.793,0
345067.74809999997,0
345085.0547,0
345164.9616,0
345192.7713,0
345261.8864,0
345383.6063,0
345388.9267,0
345560.0848,0
345584.7367,0
345585.8897,0
345932.8238,0
346334.21,0
346449.41838,0
346548.7113,0
346659.7958,0
346947.8983,0
347100.3922,0
347160.9602,0
347272.8806,0
347522.088,0
347568.5788,0
347794.7793,0
347920.3113,0
347934.6485,0
348118.0809,0
348171.4991,0
348301.0532,0
348378.68464,0
348496.0686,0
348516.0722,0
348704.6402,0
348930.9497,0
348986.9167,0
349077.2099,0
349148.4672,0
349158.8776,0
349265.5223,0
349298.1671,0
349472.7713,0
349497.9934,0
349528.3085,0
349855.6144,0
350079.3283,0
350194.4987,0
350431.5547,0
350434.3934,0
350579.1612,0
350631.2356,0
350850.3403,0
350983.368,0
351004.6427,0
351049.81429999997,0
351099.4543,0
351482.273275,0
351486.4591,0
351773.2931,0
351899.19180000003,0
351963.8806,0
352069.6736,0
352218.2749,0
352774.3871,0
352863.5142,0
352928.32660000003,0
353035.6581,0
353297.29819999996,0
353436.6075,0
353548.8442,0
353573.2128,0
353707.8724,0
353747.329,0
354068.902,0
354593.65346,0
354607.3176,0
354691.7777,0
354726.5357,0
354730.7122,0
354984.6721,0
355069.7352,0
355124.4543,0
355240.4607,0
355424.8651,0
355479.403,0
355601.8557,0
355733.3627,0
356204.5174,0
356325.9719,0
356599.7046,0
356708.6317,0
356711.2287,0
356998.2936,0
357114.9827,0
357154.861475,0
357259.7066,0
357300.9208,0
357426.5006,0
357488.90009999997,0
357503.7223,0
357519.3088,0
357694.18570000003,0
357724.1878,0
357745.6182,0
357798.9403,0
357906.3931,0
358060.5779,0
358130.5402,0
358462.825,0
359127.9228,0
359139.8963,0
359168.3953,0
359838.7805,0
359899.738,0
359938.7879,0
360119.952,0
360256.8465,0
360552.79,0
360629.5661,0
360826.064,0
360944.6866,0
361408.6119,0
361454.947,0
361730.5637,0
361760.9005,0
361766.6254,0
361781.6182,0
361910.8667,0
362084.0563,0
362366.26529999997,0
362495.4469,0
362873.521475,0
363105.1703,0
363119.0804,0
363170.3577,0
363408.3342,0
363434.7311,0
363530.9174,0
363598.3423,0
363804.2639,0
363805.9618,0
363854.9729,0
364013.9416,0
364202.5969,0
364220.1565,0
364294.256,0
364339.9166,0
364458.0409,0
364493.2013,0
364524.7411,0
364602.4519,0
364630.6091,0
364643.2946,0
364888.1906,0
365338.2154,0
365491.92449999996,0
365562.2509,0
365683.5264,0
365706.5188,0
365773.1287,0
365923.4694,0
366061.6375,0
366576.6966,0
366610.4218,0
366765.0692,0
367002.1324,0
367085.7029,0
367200.8169,0
367366.7669,0
367504.3324,0
367550.8709,0
367629.7888,0
367647.8554666667,0
367877.4224,0
367893.5821,0
367932.192,0
367997.1004,0
368166.832,0
368244.2338,0
368366.4531,0
368916.4125,0
368935.3285,0
369281.1472,0
369316.2418,0
369353.2719,0
369470.3054,0
369529.1206,0
369538.0907,0
369617.18319999997,0
369807.2032,0
369822.0674,0
369864.4035,0
369922.6849,0
369932.0577,0
370132.9486,0
370133.1181,0
370158.373,0
370217.9685,0
370382.5368,0
370429.7048,0
370501.14029999997,0
370677.60360000003,0
370694.3591,0
370713.5028,0
370726.4191,0
370798.1005,0
370876.9077,0
370884.389,0
371021.9276,0
371672.8904,0
371794.7763,0
372098.5538,0
372127.25690000004,0
372354.5825,0
372545.1567,0
372652.4166,0
373017.1959,0
373289.9085,0
373414.3113,0
373494.8246,0
373522.2392,0
373559.1365,0
373574.2623,0
373778.9331,0
374117.7296,0
374162.8604,0
374250.7802,0
374511.4607,0
374646.3064,0
374897.6905,0
375079.8555,0
375493.4583,0
375595.5819,0
376583.194,0
376594.3379,0
376685.7075,0
376859.7599,0
377038.282,0
377050.8841,0
377054.8158,0
378418.5245,0
378652.1455,0
378717.85730000003,0
379039.9555,0
379098.78500000003,0
379665.1801,0
379738.6105333333,0
379894.0858,0
379963.2378,0
379998.4997,0
380394.2757,0
380489.1984,0
380550.6536,0
380663.1123,0
380674.50800000003,0
380699.4205,0
381447.8461,0
381533.1651,0
381715.2969,0
381941.22955,0
381946.6312,0
382234.9729,0
382336.0393,0
382442.7133,0
382619.8716,0
382644.0409,0
382761.6765,0
382820.5579,400.7760333333281
382895.8571,0
383154.62,0
383270.9217,0
383335.9324,0
383387.7435,0
383440.6754,0
383497.19920000003,0
383622.2939,0
383808.8458,0
383830.6867,0
384062.5285,0
384359.4119,0
384485.6193,0
385385.1173,0
385513.8359,0
385575.71880000003,0
386222.5675,0
386236.2657,0
386304.1866,0
386586.9504,0
386625.72640000004,0
387535.7339,0
387824.1884,0
388033.5612,0
388066.6381,0
388076.8015,0
388125.5647,0
388386.9753,0
388456.2714,0
388752.6558,0
389273.1911,0
389498.5126,0
389548.2965,0
389611.0796,0
389930.5361,0
390035.3726,0
390045.96880000003,0
390124.30700000003,0
390471.27272,0
390687.4758,0
391037.91000000003,0
391393.21369999996,0
391577.0672,0
391811.78,0
391853.0573,0
391999.2529,0
392263.2083,0
392267.9067,0
392350.172,0
392446.7321,0
392731.5918,0
392879.053,0
393057.9317,0
393076.8403,0
393149.304,0
393173.1301,0
393247.2913,0
393339.0348,0
393361.6932,0
393669.0008,0
393979.6407,0
394209.8344,0
395063.8199,0
395126.9349,0
395180.7935,0
395240.0268,0
395435.5388,0
395551.70889999997,0
395712.6487,0
395865.7953,0
395879.3293,0
395895.54610000004,0
395929.0566,0
396212.6012,0
396540.3333333333,0
396709.6727,0
396826.7326,0
396933.27520000003,0
397179.23089999997,0
397643.3823,0
397731.3389,0
397734.8981,0
397744.8933,0
397799.3665,0
398066.5417,0
398159.5375,0
398197.2863,0
399088.5653,0
399107.8017,0
399123.9843,0
399157.1786,0
399627.7479,0
399676.41000000003,0
399748.7171,0
399757.4803,0
399987.5706,0
400173.952,0
400201.7313,0
400214.3089,0
400600.9248,0
400602.5032,0
400824.8485,0
401124.82550000004,0
401128.1026,0
401179.4715,0
401203.1012,0
401507.428,0
401577.3116,0
401720.57,0
402048.7101,0
402200.9716,0
402284.86199999996,0
402399.3006,0
402617.0671,0
402802.7366,0
403091.0706,0
403740.053,0
403760.7545,0
403793.21900000004,0
403986.7504,0
403996.154,0
404094.4125,0
404150.6237,0
404162.2338,0
404493.6159,0
404558.5297,0
404791.6095,0
404901.3504,0
405064.5287,0
405067.4929,0
405182.2768,0
405455.5895,0
405755.4083,0
406164.54339999997,0
406373.49435,0
406775.6606,0
406835.48829999997,0
406875.59990000003,0
406886.1355,0
406892.4648,0
406954.8322,0
407008.0082,0
407191.6037,0
407698.1176,0
407902.4909,0
407930.5189,0
408061.6412333333,0
408083.7723,0
408687.4498,0
408703.0311,0
409285.613,0
409639.2365,0
409738.2151,0
410387.2216,0
410796.3823,0
410813.8349,0
410977.9502,0
411100.3125,0
411932.527,0
412002.965,0
412455.16,0
412601.545,0
412669.2735,0
412778.0268,0
412905.1821,0
413212.8971,0
413358.09380000003,0
413491.2468,0
413631.2341,0
413830.58640000003,0
413899.0954,0
414063.172,0
414078.248975,0
414097.2276,0
414321.9135,0
414508.304,0
414651.5992,0
414717.85984,0
414940.0444,0
415249.30700000003,0
415315.8923,0
415457.96493333334,0
415611.2923,0
415764.596,0
416118.6815,0
416220.156,0
416228.1983,0
416448.7763,0
416516.4747,0
416853.0264,0
416853.1676,0
416905.6523,0
417363.5635,0
417488.9634,0
417619.8384,0
417835.3497,0
417873.1577,0
417992.7194,0
418168.9216,0
418391.9884,0
418679.6235,0
418708.2623,0
418741.0823,0
418937.0199,0
419061.0512,0
419324.49444,0
419334.2794,0
419385.4805,0
419537.2583,0
419893.8603,0
420064.3442,0
420139.9225,0
420185.5042,0
420320.9733,0
420508.26410000003,0
420738.3972,0
420854.348,0
421248.1153,0
421574.9283,0
421633.8091,0
421980.5711,0
422007.6721,0
422051.5987,0
422058.2982,0
422217.9695333333,0
422250.9721,0
422462.4201,0
422503.2483,0
422541.7209,0
422976.5496,0
423008.4563,0
423057.6316,0
423359.2732,0
423450.0807,0
423712.7381,0
423742.4348,0
423926.77390000003,0
424031.6564,0
424372.7388,0
424453.5823,0
424714.2936,0
424779.601,0
425063.6443,0
425064.3182,0
425105.878,0
425278.51,0
425377.5603,0
425387.4536,0
425397.3253,0
425407.3492,0
425589.7173,0
425618.2371,0
425640.1703,0
425781.1528,0
425906.7696,0
425968.4728,0
426065.7933,0
426079.5919,0
426091.777,0
426442.0337,0
426465.7038,0
426577.8733,0
426622.6283,0
426625.9008,0
426632.1543,0
426737.0499,0
426800.1164,0
426803.3641,0
427149.7979,0
427747.3667,0
427908.1151,0
427988.7077,0
428175.9016,0
428281.6821,0
428710.3699,0
428801.23145,0
429030.9852,0
429449.5443,0
429886.7315,0
430036.9576,0
430105.0732,0
430156.8801,0
430347.7749,0
430449.33640000003,0
430454.6791,0
430748.1238,0
430790.8859,0
430860.2,0
431003.6536,0
431144.6364,0
431518.3073,0
431535.5155,0
431632.6217,0
431653.1906,0
431741.9604,0
431813.2995,0
431827.859,0
431967.5431,0
432007.1883,0
432050.002,0
432441.8759,0
432547.3672,0
432592.7333,0
432608.4899,0
432899.9625,0
432990.4423,0
433035.6083,0
433144.2525,0
433145.792,0
433418.927,0
433605.1363,0
433932.3761,0
434037.4706,0
434151.8611,0
434184.5719,0
434273.5419,0
434461.1925,0
434584.1165,0
434652.5789,0
434857.3726,0
435298.8255,0
435630.6463,0
435714.1334,0
435832.455,0
436264.7539,0
436304.11950000003,0
436528.7081,0
436554.0892,0
436572.913,0
436605.6486,0
437001.9114,0
437093.2465,0
437324.482,0
437763.8136,0
437818.5758,0
437965.5731,0
438055.9577,0
438221.5082,0
438229.7872,0
438466.0262,0
438496.6984,0
438541.2491,0
438602.1767,0
438665.79240000003,0
438764.9016,0
439009.2771,0
439172.2013,0
439213.1027,0
439254.3914,0
439399.2274,0
439536.885,0
439545.6399,0
439589.5507,0
439621.7149,0
439624.5801,0
439725.9447,0
439874.4809,0
440122.6167,0
440147.1693,0
440606.1442,0
440735.9146,0
440736.1151,0
440737.3073,0
440981.8388,0
441014.8726,0
441188.9972,0
441294.2952,0
441378.1365,0
441542.9404,0
441654.1199,0
441661.8846,0
441728.2968,0
441774.1292,0
442384.1161,0
442439.49635000003,0
442445.0839,0
442788.8276,0
442858.0745,0
442945.7784,0
443261.2184,0
443348.4927,0
443418.6797,0
443426.2775,0
443796.6559,0
443812.8464,0
444267.8738,0
444639.0446,0
444738.83629999997,0
444803.1867,0
444848.5884,0
444926.0856,0
444946.8759,0
445157.2968,0
445224.1198,0
445392.8709,0
445619.033,0
445642.5981,0
445960.1392,0
445985.0895,0
446051.2461,0
446132.3478,0
446160.1834,0
446178.4875,0
446192.6244,0
446199.6377,0
446203.2253,0
446218.956,0
446304.1853,0
446323.9745,0
446609.5573,0
446800.3044,0
446828.38670000003,0
446937.8177,0
447045.635,0
447249.8613,0
447273.1995,0
447312.3823,0
447354.2262,0
447392.7746,0
447416.107,0
447589.6908,0
447815.972,0
447983.7424,0
448062.3076,0
448381.7813,0
448473.3733,0
449027.6212,0
449500.7217,0
449523.1046,0
449606.9821,0
449630.46510000003,0
449855.6531,0
450246.9229,0
450588.9224,0
450639.5186,0
450860.6831,0
451001.3349,0
451059.8331,0
451125.7542,0
451515.7408,0
451802.5323,0
451820.06680000003,0
452141.8599,0
452145.6635,0
452162.4479,0
452282.3995,0
452452.8085,0
452669.5858,0
452809.9926,0
452935.0682,0
452947.6409,0
453070.6153,0
453214.1055,0
453339.4078,0
453487.4105,0
453522.9596,0
453640.9611,0
453827.00800000003,0
454026.0544,0
454091.618,0
454680.0811,0
454847.9726,0
455203.1546,0
455450.89139999996,0
455464.426275,0
455566.1659,0
455623.474,0
455647.9212,0
455953.1556,0
455955.3721,0
456032.9376,0
456043.3406,0
456077.1866,0
456208.7378,0
456341.7448,0
456435.4164,0
456474.0858,0
456686.5371,0
456802.5433,0
456920.8149,0
456966.4843,0
457030.794,0
457065.0702,0
457100.2236,0
457160.2439,0
457267.2386,0
457272.9852,0
457380.326,0
457414.9497,0
457559.3203,0
457722.1159,0
458133.5246,0
458414.5193,0
458436.7697,0
458449.4269,0
458497.8822,0
458530.7748,0
458929.6049,0
459049.5033,0
459062.3044,0
459173.6392,0
459184.6512,0
459309.5767,0
459327.7909,0
459403.8004,0
459856.667,0
460228.8926,0
460254.9413,0
460581.4783,0
460730.9622,0
460856.1558,0
461036.4888,0
461060.8944,0
461255.0234,0
461285.0551,0
461667.0292,0
462137.1506,0
462206.9162,0
462257.0972,0
462466.8081,0
462561.033,0
462698.8463,0
462720.9537,0
462845.8007,0
462910.0562,0
462967.61939999997,0
463041.0722,0
463321.7503,0
463352.491,0
463368.5575,0
463448.0987,0
463508.4595,0
463699.1056,0
463840.00800000003,0
464291.9227,0
464337.3075,0
464994.7422,0
465144.648,0
465216.4569,0
465291.4371,0
465309.4114,0
465529.1046,0
465603.5469,0
466041.60120000003,0
466059.3299,0
466869.2688,0
466874.1349,0
466943.89280000003,0
467052.8888,0
467422.176,0
467515.9243,0
467781.3807,0
468049.3108,0
468058.6836,0
468475.1669,0
468504.2535,0
468512.1188,0
468581.7415,0
468678.8662,0
468802.8455,0
468822.3851,0
469322.4104,0
469421.6449,0
469602.9083,0
469788.2087,0
469845.3601,0
470037.0359,0
470071.9718,0
470130.247,0
471130.8708,0
471155.8311,0
471437.4082,0
471549.6083,0
471746.6886,0
472565.8035,0
472586.44299999997,0
472688.1216,0
472734.8042,0
472752.3706,0
473010.4946,0
473142.7237,0
473159.6727,0
473333.1196,0
473611.7349,0
473827.837,0
473841.5605,0
473858.3098,0
473893.979,0
473908.7636,0
473969.2741,0
474017.75179999997,0
474283.7912,0
474392.8097,0
474463.4811,0
474482.0663,0
474584.7728,0
474682.477,0
474752.8529,0
475172.6497,0
475308.5328,0
475391.8818,0
475516.5563,0
475755.5843,0
475825.8834,0
476060.9101,0
476087.6119,0
476294.0259,0
476404.3071,0
476606.5205,0
476777.1304,0
476804.5173,0
476932.4973,0
476968.3753,0
477027.0903,0
477099.4341,0
477428.57779999997,0
477508.0818,0
477516.1298,0
477562.9728,0
477635.1253,0
477709.1547,0
477719.0735,0
477911.4916,0
478165.1084,0
479820.09722,0
479890.0817,0
479938.9679,0
481136.5681,0
481353.7198,0
481649.0901,0
481989.8977,0
482046.4573,0
482185.1018,0
482187.5128,0
482304.4016,0
482485.2169,0
482663.07,0
482773.069,0
482787.1449,0
482851.2322,0
482939.9791,0
483097.9145,0
483288.0246,0
483650.4676,0
483662.9942,0
483680.4243,68.23029999999562
483804.6813,0
483851.31,0
483907.1327,0
484150.4926,0
484307.41209999996,0
485947.80528333335,0
485980.345,0
486651.54099999997,0
487333.9955,0
487622.6205,0
487722.0269,0
487860.9817,0
488510.1495,0
488618.3944,0
488800.6054,0
489190.8542,0
489487.1651,0
489813.8926,0
489992.7371,0
490090.7529,0
490118.9326,0
490319.8585,0
490378.6727,0
490593.88659999997,0
490595.2192,0
490644.3314,0
490750.7687,0
490804.2687,0
490882.12549999997,0
491048.1212,0
491427.8533,0
491556.3376,0
492533.7545,0
492859.57779999997,0
492961.9351,0
493005.52749999997,0
493400.2038,0
493997.02390000003,0
494001.3961,0
494194.2233,0
494428.5854,0
494478.8211,0
494781.15009999997,0
495328.4076,0
495701.0011,0
495856.2708,0
496395.646,0
496799.4,0
497246.0488,0
497490.9483,0
497518.4977,0
497637.6584,0
497820.72,0
498124.5075,0
498255.7698,0
498355.69,0
498468.3514,0
498552.3127,0
498708.36,0
498766.4964,0
499040.1116,0
499626.7004,0
499659.0123,0
499870.2195,0
499943.9133,0
500175.8309,0
500508.1262,0
500535.52009999997,0
500713.03969999996,0
500753.5875,0
501333.1424,0
501787.1042,0
501835.279,0
502422.9664,0
502441.4741,0
502454.5442,0
502668.82876666664,0
502912.025,0
503370.37,0
503879.8292,0
504019.0092,0
504027.9966,0
504030.8942,0
504132.8481,0
504169.2799,0
504315.9186,0
504516.4443,0
504590.2467,0
504675.76190000004,0
504788.4007,0
504802.4903,0
505140.9242,0
505385.1416,0
505656.9542,0
505858.9681,0
505947.5362,0
505953.592,0
505964.2433,0
506135.65859999997,0
506232.5336,0
506389.7936,0
506611.4069,0
506995.6739,0
507017.669,0
507139.00238,0
507277.4177,0
507292.8958,0
507309.9328,0
507406.1231,0
507507.5424,0
507635.3495,0
507865.4304,0
507992.1543,0
508417.76602,0
508471.0821,0
508500.3967,0
508753.6465,0
508967.0133,0
509339.8883,0
509452.8359,0
509909.5567,0
509910.949,0
509995.8326,0
510219.4106,0
510796.2891,0
510874.3539,0
510957.2878,0
511899.815,0
512087.4822,0
512557.9032,0
512729.0837,0
512956.3377,0
513082.4669,0
513104.0076,0
513140.0242,0
513266.4315,0
513469.2559,0
513789.6708,0
514152.7321,0
514351.2833,0
514457.8194,0
514490.1091,0
514531.8065,0
515093.91229999997,0
515146.9527,0
515250.4519,0
515401.2205,0
515525.4498,0
515560.4812,0
515955.7686,0
515977.9619,0
516084.5272,0
516274.8307,0
516309.7176,0
516365.5657,0
516419.77,0
516499.1912,0
516686.63300000003,0
516737.6026,0
516924.6517,0
517706.071,0
518080.5348,0
518173.2985,0
518484.1034,0
518533.6567,0
518652.6541,0
518776.9317,0
519116.9403,0
519175.0426,0
519180.4053,0
519281.152,0
519488.1914,0
519948.4581,0
519969.11710000003,0
520133.7732,0
520748.944,0
520807.43319999997,0
520978.028,0
521030.9283,0
521031.7798,0
521036.5037,0
521162.5245,0
521204.16579999996,0
521418.6889,0
521503.21270000003,0
521841.9649,0
521843.73470000003,0
521976.1052,0
522021.3558,0
522026.642,0
522118.6135,0
522202.3565,0
522380.2382,0
522666.16240000003,0
522890.5753,0
522915.6774,0
523040.3974,0
523053.259,0
523056.9948,0
523095.0966,0
523279.4072,0
523296.7511,0
523450.15862,0
523762.5735,0
523797.4101,0
523860.7232,0
524165.4281,0
524262.6192,0
524290.9259,0
524309.1422,0
524340.3946,0
524522.0368,0
524587.2318,0
524762.4404,0
524773.8924,0
524814.0691,0
524956.8108,0
525000.8742,0
525072.9486,0
525156.5996,0
525190.15295,0
525217.1957,0
525259.5283,0
525359.4334,0
525590.2316,0
525646.4025,0
525676.7279,0
525723.6894,0
525915.7441,0
525937.5655,0
526107.0641,0
526552.862,0
526869.4209,0
527007.3614,0
527172.2566,0
527254.3655,0
527270.6644,0
527496.8229,0
527575.6392,0
527626.3215,0
527974.1161,0
528102.3637,0
528135.4634,0
528194.108,0
528236.2468,0
528390.0211,0
528623.4,0
528706.9609,0
528776.7117,0
528874.6273,0
528876.7816,0
529633.9691,0
529735.6002,0
529745.423,0
529989.6922,0
529993.9932,0
530012.8667,0
530314.868,0
530645.2357,0
530709.1459,0
530869.5538999999,0
530955.5908,0
531043.0062,0
531076.4428,0
531294.8337,0
531537.1443,0
531616.5801,0
531637.822,0
531719.1553,0
531720.0034,0
531952.8047,0
531989.1299,0
532106.3073,0
532191.103,0
532461.4758,0
532538.0504,0
532613.8179,0
532781.8439,0
532923.4566,0
533028.0047,0
533063.1725,0
533180.9662,0
533235.5333,0
533388.0917,0
533528.3887,0
533700.8821,0
533812.3249,0
533981.8375,0
534767.0442,0
534805.1986,0
534838.0779,0
535077.6051,0
535200.5244,0
535248.1383,0
535576.2261,0
535635.7512,0
535719.2275,0
536367.999,0
536473.2387,0
536653.0974,0
536661.3309,0
536690.9288999999,0
536839.7164,0
536898.2054,0
537021.2115,0
537103.6168,0
537159.5427,0
537181.1858,0
537380.1599,0
537455.0472,0
537534.654,0
537577.9529,0
537611.792,0
538195.749,0
538269.1816666666,0
538430.087,0
538463.6154,0
538530.1611,0
538603.287,0
539003.069125,0
539061.9878,0
539071.6815,0
539148.2554,0
539168.8758,0
539715.478,0
539829.7634,0
539897.5153,0
539950.7921,0
540070.1731,0
540149.70888,0
540215.6288,0
540245.7988,0
540351.1508,0
540609.0061,0
540990.7053,0
540992.3362,0
541015.9534,0
541130.6405333333,0
541180.9245,0
541220.135,0
541304.7894,0
541328.374,0
541399.1392,0
541412.979,0
541673.4833,0
541681.5463,0
541685.8042,0
541761.9089,0
541917.5628,0
542036.0978,0
542100.3640000001,0
542232.8864,0
542326.2758,0
542558.2613,0
542739.4689,0
542792.9928,0
542937.6451,0
543333.9849,0
543345.3126000001,0
543440.5982,0
543449.7735,0
543469.4106000001,0
543692.9194,0
543713.1305,0
543749.0834,0
543765.3895,0
543874.4741,0
544107.4348,0
544232.3181,0
544331.5561,0
544545.9731000001,0
544572.3194,0
544704.7752,0
544816.0394,0
544824.814,0
545008.3821,0
545554.3741,0
545603.424,0
545610.0656,0
545637.0609,0
545777.8424,0
545842.064,0
545866.4211,0
545984.5345000001,0
546090.353,0
546180.3189,0
546526.421,0
547100.4074,0
547127.4964000001,0
547384.8809,0
547602.4754,0
547724.9971,0
547910.5215,0
548057.8938,0
548199.4748,0
548238.8339,0
548396.0116,0
548525.6448,0
548547.8292,0
548791.5595,0
548915.8631,0
549612.5692,0
549625.5023,0
549625.5643,0
549671.8237,0
549759.1761,0
549979.8708,0
550225.1171,0
550267.9728,0
550386.9813,0
550621.3454,0
550732.4752333333,0
550735.3936,0
550810.7043,0
550874.034,0
550968.3413,0
550988.5455,0
551171.4742,0
551651.4065,0
551889.1063,0
552082.2798,0
552104.9388,0
552232.7958,0
552332.2116,0
552779.3419,0
553167.3416,0
553261.2135000001,0
553284.8988,0
553463.0378,0
553619.4144,0
553719.485,0
553745.2390000001,0
554009.4371,0
554192.7409,0
554353.4713,0
554865.7136,0
554877.9527,0
554889.2482,0
555139.6582,0
555205.3671,0
555227.4725,0
555530.8611,0
555691.1712,0
556401.577,0
556787.202,0
556895.7726,0
556922.6197,0
556964.4738,0
557052.6187,0
557112.9103,0
557190.0916,0
557209.8798,0
557426.531,0
557433.7925,0
557461.1201,0
557544.1205,0
557736.841,0
558074.4567,0
558227.123,0
558339.8125,0
558618.9301,0
558641.6298,0
559066.309,0
559288.1533,0
559709.0257,0
559883.8797,0
560092.6625166667,0
560231.7619,0
560322.1467,0
560368.0226,0
560497.2917,0
560587.1841,0
560798.8955,0
561141.3297,0
561315.4535000001,0
561398.987,0
561680.6082,0
561767.3551,0
561861.8299,0
562238.6132,0
562253.0589,0
562818.1333,0
563053.1627,0
563257.8376,0
563285.0281,0
563287.0732,8932.631599999964
563339.5488,0
563405.0393,0
563530.5038000001,0
563712.1614,0
563940.8872,0
564204.4634,0
564315.7498,0
564451.5602,0
564599.4484,0
564836.7983,0
564854.2186,0
564918.2911,0
564929.6015,0
565045.702925,0
565295.1512,0
566083.5125,0
566156.1917,0
566213.9726,0
566521.9177,0
566589.0787,0
567235.7567,0
567699.0369,0
567895.4767,0
567976.0308000001,0
568007.004,0
568659.9286,0
568852.9353,0
568905.2112,0
569070.118,0
569407.8151,0
569446.6006,0
569521.2599,0
569587.6509,0
569739.8419166667,0
570029.9645,0
570756.1179,0
570979.0678,0
571242.158,0
571530.562,0
571577.6792,0
571731.9369,0
572186.7461,0
572630.0355,0
572734.2282,0
572766.7264,0
573297.6131,0
573309.9383,0
573441.5737,0
573537.2339,0
573685.1548,0
573691.7727,0
573797.9271333333,0
573835.8638,0
573994.9702,0
574239.07545,0
574508.5672,0
574745.3146,0
574961.7545,0
575039.7392,0
575118.5828,0
575135.4513,0
575285.4787,0
575420.2086666666,0
575622.7572999999,0
575751.9615,0
575760.6533,0
575776.1922,0
576028.8925,0
576226.9473,0
576366.9589,0
577148.2455,0
577238.9436,0
577748.2634,0
578048.0299,0
578269.204,0
578436.2804,0
578559.77984,0
579011.7692,0
579233.8358,0
579586.7171,0
579834.5266,0
580052.5660999999,0
580478.6493,0
580480.2926,0
580814.9882,0
580860.4222,0
580959.4034,0
581220.5165,0
582158.767525,0
582201.9818,0
582219.2936,0
582478.4009,0
582488.1848,0
582580.0788,0
582635.3808,0
582986.7161,0
583100.0232,0
583161.0429,0
583214.1761,0
583433.031,0
583441.8967,0
583500.0918666667,0
583667.1769,0
583758.4223,0
583783.1356,0
584249.9756,0
584304.5879,0
584488.86904,0
584509.4876,0
584803.0667,0
584838.996125,0
585080.3026,0
585283.5742,0
585616.64,0
585709.4474,0
585790.8318,0
585887.8335,0
585924.7873,0
586158.7821,0
586475.3632,0
586583.7755,0
586722.8291,0
586732.2433,0
586939.0082,0
586993.3462,0
587040.6555,0
587235.1053333334,0
587364.9354,0
587590.8528,0
587605.8038,0
587972.4033,0
588084.3409,0
588292.4913999999,0
588452.0774,0
588489.941,0
588768.0274,0
588986.9487,0
589379.7742,0
589672.1327,0
589673.97038,0
589688.5924,0
589778.835,0
589811.8371,0
589919.4311,0
589921.6631,0
590247.31026,0
590409.4348,0
590454.62438,0
590511.3877,0
590669.5235333333,0
591148.422,0
591228.8079,0
591476.9477,0
591479.4466,0
591486.8941,0
591607.8191,0
591637.5179,0
591712.0758,0
591783.9556,0
591989.0531,0
592039.292,0
592043.4352,0
592097.9816,0
592291.4661,0
592366.4859,0
592453.4855,0
592493.1357,0
592558.3716,0
592732.7038,0
592969.083,0
593018.6533,0
593147.3702,0
593325.9505,0
593335.7201,0
593361.0635,0
593405.6383,0
593642.7768,0
594144.8863,0
594440.0737000001,0
594515.2986,0
594604.1186,0
594669.8200333334,0
594750.2475,0
594968.0795,0
594972.5668,0
595159.8055,0
595174.5788,0
595175.9884,0
595326.8614,0
595441.1885,0
595543.6085,0
595549.2889333334,0
595670.5627,0
595808.6991,0
596041.2012,0
596388.6064,0
596510.7817,0
596582.706,0
596630.2457,0
596686.7711,0
596738.634,0
596978.1277,0
597203.3956333334,0
597340.6282,0
597350.952,0
597873.66,0
598183.8176,0
598312.6031,0
598323.5007,0
598439.007,0
598657.6244,0
598707.4444,0
598726.0309,0
598837.7673,0
599094.6471,0
599168.9176,0
599306.7665,0
599449.0507,0
599797.4599,0
599921.8924,0
599926.3135,0
600204.3441,0
600264.9837,0
600289.6928,0
600309.6071,0
600429.9059,0
600433.8477,0
600481.635,0
600539.4565,0
600554.4509,0
600712.4133,0
600849.9975,0
600855.1892,0
601397.9511,0
601487.9848,0
601573.4923,0
601591.4067,0
601603.2126,0
601919.7171,0
602085.4075,0
602252.4993,0
602314.5247,0
602326.1077,0
602381.6049,0
602432.6478,0
602489.2529,0
602594.7448,0
602910.0501,0
602924.0364,0
603064.906,0
603177.9623,0
603268.1516,0
603289.1558,0
604031.7046,0
604063.0719,0
604066.5672,0
604176.2237,0
604216.7906,0
604520.654,0
604722.9542,0
605173.9558,0
605425.998,0
605513.987,0
605569.5081166667,0
606056.4777,0
606121.0817,0
606607.0438,0
606812.7264,0
606845.8662,0
606888.4785,0
606940.3737,0
606992.457,0
607167.2811,0
607235.7986,0
607280.351,0
607384.263,0
607551.2128,0
607675.6386,0
607839.3353,0
607885.635,0
608024.40666,0
608058.549,0
608079.415,0
608374.2048,0
608389.088,0
608579.8026,0
608947.652,0
608996.0053,0
609046.6849,0
609141.3382,0
609157.5768,0
609584.2136,0
609648.4367,0
609653.2153,0
609664.6147,0
609753.4443,0
609829.2253,0
609847.5214,0
609967.938,0
610021.8657,0
610076.4624,0
610129.3458,0
610132.608675,0
610149.3652,0
610489.2946,0
610540.5734999999,0
610679.2515,0
610796.3558,0
610810.3873000001,0
611120.3417,0
611264.9834,0
611312.7607,0
611324.9044,0
611433.9906,0
611455.1599,0
611472.7508,0
611538.0903,0
611612.4591,0
611671.8484,0
611928.8826,0
612053.0876,0
612116.4849,0
612440.4552,0
612456.2644,0
612458.0425,0
612539.7142,0
612562.3858,0
612562.4389,0
613203.2755,0
613276.4094,0
613291.3549,0
613338.7601000001,0
613463.5906,0
613504.7018,0
613705.8721,0
613887.2522,0
613933.7315,0
613938.6861,0
613942.7048,0
614019.4698,0
614026.9148,0
614068.5317,0
614362.5748000001,0
614510.3467,0
614540.4529,0
614771.1343,0
614836.9264,0
614938.1701,0
615227.6968,0
615495.0325,0
615789.6667,0
615828.2696,0
615898.6624,0
615980.4707,0
616073.9231,0
616470.1086,0
616474.3399,0
616593.4242,0
616822.7514,0
616996.9506,0
617072.1166,0
617168.6507,0
617255.0361,0
617391.736,0
617431.8778,0
617444.2228,0
617687.3703,0
617722.0784,0
617873.388,0
618072.2549,0
618215.5137,0
618500.8209,0
618627.0505,0
618664.0177,0
618875.3193,0
618929.1872,0
619009.7672,0
619130.4642,0
619354.7248,0
619433.5789,0
619635.4924,0
619659.8015000001,0
619804.9868,0
619863.1724,0
620040.3191,0
620210.5031,0
620582.4599,0
620757.0083,0
620847.0037,0
620889.5038,0
621063.642,0
621107.2701,0
621304.3013,0
621695.9165,0
621774.7037,0
621811.5173,0
621870.6251,0
621975.2627,0
621996.7454,0
622178.5869,0
622217.6549,0
622407.9567,0
622831.0572,0
622844.1053,0
622961.9047,0
623013.7888,0
623166.0009,0
623481.4153,0
623568.0462,0
623906.9886,0
623924.0507,0
624046.6142,0
624069.6565,0
624077.4259,0
624224.7273,0
624259.8115,0
624606.2113,0
624648.5691,0
625038.0062,0
625141.8309,0
625211.8674,0
625214.1891,0
625451.4489,0
625552.4929,0
625560.4589,0
625708.036,0
626482.6566,0
626483.5004,0
626514.8842,0
626726.9342,0
626884.9826,0
626904.3178,0
626929.4975,0
626954.4939,0
626977.8521,0
627201.2815,0
627217.6598,0
627252.8679,0
627343.2369,0
627474.1094,0
627597.3237,0
627611.8282999999,0
628218.1214000001,0
628305.5773,0
628409.2573,0
628493.3351,0
628631.8237,0
628655.7389,0
628712.9147,0
629095.3174,0
629356.4796,0
629585.802,0
629623.5923,0
629899.3953,0
630140.4541,0
630402.0791,0
630431.9452,0
630437.5488,0
630684.7238,0
630794.7297,0
630977.6772,0
630982.0771999999,0
631231.683,0
631372.0949,0
631501.7537,0
631502.9429,0
631565.5023,0
631615.5489,0
631956.4624,0
632094.6842,0
632145.5946,0
632180.1228,0
632290.4698,0
632396.9564,0
632785.2166,0
632797.409,0
633359.4758,0
633488.4672,0
633526.7645,0
633607.6608,0
633719.8683,0
633761.4857,0
633803.6332,0
633814.7718,0
633826.7124666667,0
633877.4021,0
633918.6793,0
633966.7096,0
634107.8271999999,0
634129.6729,0
634209.2567,0
634623.6032,0
634711.4836,0
634745.9451,0
634788.92,0
635034.7949,0
635080.7211,0
635103.1117,0
635394.6398,0
635574.5232,0
635943.5637,0
635967.74528,0
636103.2686,0
636411.4433,0
636413.0221,0
636567.2572,0
636637.0486,0
636716.2545,0
636843.6224,0
636895.1886,0
636906.4685,0
637118.6658,0
637124.6188,0
637164.6388,0
637284.171,0
637297.9942,0
637596.889,0
638005.0438,0
638119.4565,0
638429.0031,0
638603.7223,0
638635.9213,0
638910.5111,0
638917.1551,0
638920.8339,0
638987.8240333333,0
639066.8461,0
639349.1984999999,0
639385.9037,0
639563.4521999999,0
639625.7556,0
639910.4151,0
640555.0765,0
640621.8402,0
641238.3978,0
641351.4338,0
641452.4627,0
641809.9902,0
641835.7589,0
641891.9403,0
641957.9574,0
642040.7828,0
642492.4791,0
642734.6886,0
642856.5212,0
643037.1245,0
643500.59808,0
643652.4144,0
643654.5379,0
643743.9939,0
643782.7527,0
644062.9474,0
644083.6046,0
644229.2005,0
644383.0741,0
644734.638,0
644740.0429,0
645092.8305,0
645108.9481,0
645220.6117,0
645373.993,0
645610.1281,0
645757.3511,0
645843.8960166667,0
646267.3845,0
646346.7359,0
646460.4893,0
646642.2941,0
647061.8782,0
647096.70046,0
647216.4839999999,0
647224.7081,0
647327.8621,0
647477.5962,0
647665.7135,0
648020.2874,0
648297.265,0
648594.1877,0
648663.3723,0
648721.1644,0
649036.4163,0
649198.4429,0
649395.4953,0
649450.0428,0
649882.0881,0
649967.8395,0
650030.2088,0
650163.2236,0
650175.799,0
650487.2732,0
650539.5331,0
650779.2708,0
650937.7823,0
650995.5718,0
651017.0496,0
651107.5562,0
651188.6763,0
651417.8231,0
651510.208,0
651854.1095,0
652058.8869,0
652200.6386,0
652727.306,0
653003.38372,0
653047.9667,0
653380.7097,0
653434.5048,0
654131.4251999999,0
654135.1514,0
654299.5672,0
654306.5003,0
654337.8843,0
654510.724,0
654526.9053,0
654914.3745,0
654928.5533,0
655198.3578,0
655213.2351,0
655216.7689,0
655360.6548,0
655668.3515,0
655674.2406,0
655688.9917,0
655761.8986,0
656624.9238,0
656890.7029,0
656914.2929,0
657100.1062,0
657245.3117,0
657508.2958,0
658062.5272,0
659100.7657,0
659114.4872,0
659199.3512,0
659607.5331,0
659763.1567,0
659951.0430000001,0
660098.917,0
660280.5122,0
660346.4001,0
660353.0714,0
660353.899,0
660458.3091,0
660555.0349,0
661022.7692,0
661448.9946,0
661935.8981,0
662621.353,0
662999.9677166666,0
663157.8456,0
663180.4345,0
663217.9982,0
663632.8604,0
663709.9882,0
663816.0902,0
663843.9706,0
663847.5828,0
663948.9569,0
664089.0593,0
664121.4704,0
664172.254,0
664240.749,0
664453.8911,0
664616.9103999999,0
664839.8368,0
664869.8283,0
665329.5296,0
665342.8406,0
665418.912,0
665821.3365,0
665936.2131,0
666057.7897,0
666223.8884,0
666485.164,0
667230.8758,0
667394.302,0
667603.5595,0
668028.87248,0
668905.2955,0
668980.1318,0
669272.917,0
669331.0718,0
669447.6788999999,0
669508.3999,0
669594.3448,0
669817.1896,0
670246.7092,0
670303.9459,0
670493.9403,0
670820.8523,0
670906.6994,0
670945.0291666667,0
671558.6665,0
671588.9489,0
672052.6528,0
672583.2091,0
672604.9637,0
673301.5802,0
673433.8385,0
673493.3589999999,0
673712.4977,0
673895.1192,0
674259.498,0
674604.7991666667,0
674673.5911,0
674829.9577,0
675212.93462,0
675320.4813,0
675732.6737,0
675773.5853333334,0
676151.1015,0
676176.3627,0
676268.5049,0
676318.13825,0
676371.7743,0
676480.0161,0
676531.2397,0
676608.0063,0
677336.9392,0
677443.15095,0
677449.0183,0
677553.7318,0
677691.9742,0
677701.7464,0
677893.7104,0
678168.1824,0
678347.1297,0
678462.0906,0
678533.0778,0
678977.7072,0
679011.2316333334,0
679247.7668,0
679401.3745,0
679519.887,0
679694.8715,0
679993.8506,0
680025.8721,0
680329.1761,0
680365.1732,0
680472.7444,0
680681.8881,0
681665.1377,0
681960.8729,0
682171.87975,0
682642.3129,0
682680.7747,0
682842.6492,0
682847.0118,0
683017.1501,0
683339.6768,0
683901.436,0
684290.6053,0
684364.5678,0
684458.4651,0
684860.1794,0
685262.5394,0
685340.9561,0
685479.4187,0
685524.402,0
685540.8568,0
685541.0635333334,0
685786.6728000001,0
685918.0109,0
686221.0555,0
686266.48,0
686423.6935,0
686504.3827,0
686529.592,0
686568.6784,0
686803.995,0
686857.4086,0
686939.2584,0
687129.3924,0
687428.0934,0
687441.4563,0
687628.8701,0
687925.5816,0
688032.881,0
688090.6279,0
688190.5032,0
688238.2133,0
688396.3412,0
688409.9264,0
688567.5959,0
688719.4743,0
688948.2883,0
689000.5185,0
689010.182,0
689041.3043,0
689122.9388,0
689139.8328666667,0
689284.5576,0
689294.2979,0
689332.2967,0
689353.3172,0
689571.5859,0
689876.9509,0
689894.4999,0
690063.6585,0
690140.1589,0
690211.2645,0
690275.7498,0
690395.834,0
690575.6564,0
690673.435725,0
690790.7104,0
690880.8595,0
691103.1905,0
691126.9172,0
691210.5916,0
691537.6708,0
691549.5531,0
691603.1423,0
691630.0679,0
692120.9111,0
692146.741,0
692154.6205,0
692418.3127,0
692733.0297,0
692764.8371,0
693042.5081,0
693064.4386,0
693102.7506,0
693272.5456,0
693326.7535,0
693394.7964999999,0
693412.7818,0
693449.66,0
693556.5484,0
693585.3841,0
693751.3796,0
694235.4285,0
694532.3966,0
694654.3934,0
694786.9296,0
694935.852,0
695117.5408,0
695447.397,0
695965.3175,0
696258.5524,0
696276.3246,0
696373.4043,0
696468.1774,0
696592.1715,0
696636.4847,0
696679.6864,0
696695.626,0
696708.0547,0
696850.4427,0
696874.6993,0
696935.0567,0
697001.0101,0
697337.5062,0
697377.1447,0
697466.8137,0
697548.5679,0
697624.9642,0
697731.1538,0
698021.3079,0
698031.2549,0
698078.4061,0
698149.1019,0
698206.0866,0
698520.7723,0
698528.3443,0
698578.0655,0
698660.4412,0
698976.29554,0
699134.6665,0
699167.8695,0
699335.1245,0
699337.1095,0
699380.1869,0
699456.3709,0
699583.9254,0
700033.4083,0
700360.7508,0
700624.3225,0
700741.2894,0
700846.7533,0
700862.9573,0
700924.7954,0
701412.9582,0
701666.7918,0
701854.724,0
701911.4005,0
701937.1514,0
702219.3151,0
702379.0435,0
702420.3859999999,0
702612.4515,0
702748.5485,0
702767.0588,0
702802.7528,0
702835.0965,0
702845.3798,0
702873.2349,0
702931.2824,0
703683.2177,0
704054.0804,0
704247.4229,0
704254.8208,0
704441.6333,0
704576.9128,0
704792.8234999999,0
704896.4447,0
704925.4091,0
705107.1096,0
705575.5091,0
705662.9515,0
705955.9453,0
706425.7094,0
706518.6463,0
706571.5983,0
706743.456,0
706791.3048,0
706856.8817,0
707067.6893,0
707104.5514,0
707286.878,0
707514.1506,0
707561.4269,0
707642.2557,0
707739.8587,0
707807.082,0
708126.5687,0
708237.5154,0
708282.5103,0
708453.6097,0
708476.1774,0
708666.9497,0
708830.6357,0
708983.981,0
709354.5782,0
709404.68,0
709605.3347,0
709937.2007,0
710097.6626,0
710520.5399,0
710561.0349,0
710653.2180999999,0
710662.1956,0
710730.2165,0
710866.3491,0
710906.4946,0
710943.8048,0
711115.2547,0
711180.7637,0
711181.4996,0
711256.8649,0
711377.7273,0
711578.1567,0
711593.7367,0
711618.0069,0
711854.0366,0
711906.1285999999,0
711973.4081,0
712188.2384,0
712653.5323,0
712864.781,0
713034.7015,0
713110.679,0
713149.1554,0
713177.6793,0
713318.6735,0
713896.5905,0
714196.0882,0
714211.7517,0
714238.5807,0
714317.2512,0
714386.764,0
714402.6745,0
714422.8822,0
714509.5266,0
714515.6364,0
714545.1148,0
714846.722,0
715038.5711000001,0
715326.4965,0
715535.4622,0
716304.5459,0
716391.4405,0
716430.2007,0
716595.0198,0
716691.01,0
716953.7411,0
717329.5198,0
717525.3422,0
717533.9835,0
717606.3794,0
717765.0324,0
717904.3817,0
718044.7781,0
718144.5902,0
718166.8306,0
718488.2139,0
718519.2198,0
718594.9235,0
718916.6255,0
719032.5395,0
719541.001,0
719617.3951,0
719698.8247,0
719703.4051,0
719718.3341,0
719838.1906,0
719934.1449,0
720057.8427,0
720134.435,0
720529.9608,0
720641.6508,0
720691.0387,0
720770.6113,0
720846.7434,0
720900.569,0
721426.7889,0
721619.1578,0
721742.5521,0
721833.6159,0
722144.7845000001,0
722245.7922,0
722402.1877,0
722466.3946,0
722479.6019,0
722621.2921,0
722792.7896,0
722923.5309,0
722939.3798,0
723019.8112,0
723214.8102,0
723433.2219333333,0
723462.8444000001,0
723491.7813,0
723856.1565,0
723892.6082,0
724050.1884,0
724700.212,0
724738.5939,0
724806.5363,0
724969.4617,0
726370.0916,0
726456.0018,0
726577.8160999999,0
726608.0039,0
726872.5501,0
726924.6103000001,0
727351.301,0
727419.7993,0
727505.7951,0
727631.4595,0
727976.1258,0
728198.3451,0
728929.6378,0
728974.3882,0
729185.4331,0
729289.5886166666,0
729340.5192,0
729422.293,0
729484.2473,0
729503.5852,0
729504.2247,0
729767.0169,0
729893.5115,0
729906.8758,0
730168.448,0
730738.1572,0
730868.9779,0
731152.7937,0
731225.6161,0
731232.5775,0
731341.257,0
731453.0103,0
731681.4323,0
731714.9002,0
731794.9214,0
732241.412,0
732665.6251000001,0
733417.6354,0
733421.1696,0
733856.8981,0
734102.2308,0
734107.9237,0
734326.5361,0
734479.0662,0
734532.0642,0
734533.0108,0
734648.466,0
734777.1346,0
734808.8046,0
734834.8699,0
734884.7397,0
735129.0216,0
735208.2869,0
735303.3640000001,0
735391.7394,0
735550.5239,0
735551.8975,0
735827.2119,0
735977.4592,0
736113.2774166666,0
736304.0596,0
736314.5316,0
736681.6435,0
736807.3664,0
736940.563,0
737662.4918,0
737686.3975,0
737806.3635,0
737884.5798,0
737942.9726,0
738291.7431,0
738425.2884,0
738437.6318,0
738582.2987,0
738656.1259,0
738728.0466,0
738832.3445,0
738857.7044,0
738933.2421,0
738953.6066,0
739004.1399,0
739112.3939,0
739227.6911,0
739425.9692,0
739487.8262,0
739536.5308,0
739771.5981,0
739775.1909,0
740005.9719,0
740789.2941,0
740915.1641,0
741605.7851,0
741611.6556,0
741987.3036,0
742083.8724,0
742727.6315,0
743056.6054,0
743487.3528,0
744084.2581,0
744229.9893,0
744358.9776,0
745097.3221,0
745266.64075,0
745499.769,0
745538.8148,0
745659.7619,0
745826.3013,0
745866.0523,0
746169.8352,0
746179.8171,0
746237.4574,0
746617.9348,0
746643.3655,0
746731.6864,0
747084.9278,0
747367.9528,0
747442.9748,0
747510.542,0
747794.8836000001,0
747903.0594,0
747974.1885,0
748086.6355,0
748143.2056,0
748246.7775,0
748287.3335,0
748607.1698,0
748774.67,0
748831.6825,0
748835.2192,0
748908.9018999999,0
749156.4283,0
749466.6079,0
749857.6584,0
749887.8745,0
750041.769,0
750497.9783,0
750708.3359,0
750897.9348,0
751026.8992,0
751897.6738,0
751915.0714,0
751961.8781,0
752517.4245,0
753052.435,0
753153.8068,0
753359.4909,0
753689.0359,0
753781.1655,0
753903.1038,0
754138.3043,0
754218.4011,0
754389.2036,0
754581.1449,0
754723.5082,0
755032.4118,0
755458.764,0
755712.5797,0
755832.5013,0
756076.8345,0
756132.2832,0
756262.9883,0
756394.2471,0
756463.6921,0
756798.1156,0
756808.0544,0
757009.5331,0
757105.3827,0
757349.6815,0
757762.6463,0
757933.5268999999,0
758042.6327,0
758211.8504,0
758249.2768999999,0
758298.2119,0
758645.3351,0
758819.8752,0
759076.2165,0
759255.4335,0
759612.5904,0
759727.256,0
759769.0124666666,0
760107.0958,0
760190.6284,0
760387.7298,0
760873.2116,0
761058.5197,0
761167.7158,0
761223.3367,0
761492.699,0
761860.2726,0
761913.2221,0
761919.7465,0
761925.7308,0
762011.8574,0
762262.8462,0
762354.8038,0
762514.1903,0
762626.0803,0
762789.3851,0
762859.891,0
762902.8964,0
763211.0821,0
763230.6022,0
763328.1148,0
763357.532,0
763663.2133,0
763779.457,0
764573.4952,0
764734.0914,0
764800.9074,0
764934.1507,0
764972.9822,0
765029.9774,0
765062.2438,0
765259.8731,0
765312.9944666667,0
765377.3253,0
765983.7968,0
766199.1711,0
766211.4125,0
766234.2942,0
766341.0727,0
766604.3579333334,0
766728.3058,0
766772.5267,0
766807.8051,0
767315.5298,0
767479.2679,0
767709.2753,0
767816.6822,0
767920.1256,0
768051.0038,0
768261.2716,0
768524.9919,0
768544.7245,0
768730.5439,0
768769.2299,0
768929.9707,0
769144.8537,0
769185.358,0
769205.9695,0
769503.6016,0
769707.9669,0
769724.0336,0
769736.9335,0
769749.4278,0
769821.2301,0
769826.6779333333,0
769869.8563,0
769919.8581,0
770037.2157333334,0
771258.452,0
771631.7661,0
771680.8867,0
772036.61,0
772303.8826,0
772406.0739,0
772664.3054,0
772675.6657,0
772764.4832,0
772789.5617,0
772898.029,0
772951.6201,0
772959.3656,0
772983.7787,0
773444.0865,0
773554.2309,0
773599.5019,0
773613.638,0
773807.3891,0
773825.2838,0
773844.268,0
773934.9444,0
773970.7124,0
774214.4769,0
774348.4509,0
774417.8299,0
774456.7937,0
774522.6163999999,0
774765.0212,0
774965.7469,0
775067.7478,0
775108.343,0
775221.4759,0
775401.8542,0
775725.2416,0
775891.2437,0
776036.6829,0
776088.7288,0
776089.4758,0
776124.077,0
776256.8379,0
776436.9475166666,0
777202.3528,0
777284.5815,0
777407.9829,0
777498.2866,0
-----Simulation END-----
