-----Simulation 0-----
172859.2806,0
173000.4989,0
173087.3971,0
173343.96899999998,0
173390.6155,0
173438.6876,0
173830.4968,0
174251.6354,0
174325.005,0
174408.9882,0
174549.99606666667,0
174560.2892,0
174744.6206,0
174748.2125,0
175158.2385,0
175168.2067,0
175649.1355,0
175879.9139,0
175898.7632,0
175900.9565,0
175986.9181,0
176190.1528,0
176352.4801,0
176352.77289999998,0
176379.7616,0
176410.4985,0
176551.91580000002,0
176580.83909999998,0
176594.522,0
176772.259,0
176780.2555,0
177038.789,0
177064.4506,0
177115.4144,0
177515.3566,0
177673.1361,0
177836.6469,0
177884.20130000002,0
178008.0472,0
178089.7044,0
178101.5805,0
178102.5772,0
178126.7433,0
178167.9624,0
178207.46779999998,0
178255.74,0
178400.9313,0
178413.0109,0
178486.4198,0
178533.4742,0
178757.10129999998,0
178765.1783,0
178798.49839999998,0
178813.09350000002,0
178904.6291,0
179519.7576,0
179644.3179,0
179739.8152,0
179827.7503,0
180069.8274,0
180166.281,0
180176.0552,0
180419.5982,0
180597.8461,0
180600.9485,0
180617.7998,0
180900.0633,0
181005.3938,0
181136.9808,0
181193.7256,0
181203.7861,0
181272.0362,0
181367.4638,0
181416.1831,0
181621.3726,0
181691.7415,0
182003.3774,0
182133.4338,0
182183.53753333332,0
182419.8989,0
182516.5262,0
182549.297,0
182613.6524,0
182731.16629999998,0
182760.4895,0
183150.3831,0
183214.8895,0
183247.2676,0
183291.6592,0
183797.2173,0
183947.3039,0
183989.1232,0
184075.92979999998,0
184150.678175,0
184192.2184,0
184261.778,0
184280.1562,0
184817.71480000002,0
184886.3413,0
185133.22,0
185166.9805,0
185379.1727,0
185498.5859,0
185573.7328,0
185648.10950000002,0
185732.2317,0
185741.4939,0
185742.0579,0
185886.4855,0
185917.1515,0
185962.7727,0
185962.8749,0
186162.1734,0
186166.3895,0
186325.6754,0
186654.0979,0
186743.9132,0
186965.4655,0
187194.1435,0
187230.4296,0
187251.2252,0
187267.8984,0
187278.3592,0
187304.5488,0
187308.3331,0
187349.8639,0
187380.91710000002,0
187982.1011,0
187984.851,0
188135.1705,0
188281.95130000002,0
188441.5909,0
188489.98249999998,0
188656.39049999998,0
189390.2151,0
189637.71899999998,0
189696.9397,855.4231999999902
189945.84649999999,0
190006.3862,0
190174.485,435.6793999999936
190209.2537,0
190252.4875,0
190316.0204,0
190366.1798,820.7940000000235
190596.6793,552.5325999999768
190826.0367,0
191000.4334,0
191309.4236,0
191373.0058,679.668800000014
191423.7116,0
191455.7239,413.21220000000903
191643.9328,0
191939.0459,0
192071.4005,261.5536999999895
192180.3369,0
192185.4196,1148.6939999999886
192215.1264,1013.6487000000197
192233.5847,1022.2670999999973
192315.5924,0
192380.3397,358.3068000000203
192645.7495,0
192711.5144,494.7059999999765
193019.53230000002,0
193260.8701,0
193681.8573,509.44680000000517
193787.3845,507.60559999998077
193845.3233,0
194101.7551,0
194111.3289,625.5194999999949
194360.3562,969.7400000000198
194511.6818,1081.0387000000046
194536.3382,188.28049999999348
194832.2383,0
194899.7559,0
194904.8935,1172.645599999989
195107.4692,960.7407999999996
195128.1359,0
195246.859,683.136599999998
195272.8937,995.9579999999842
195649.7765,768.8631000000169
195927.1464,0
195966.3666,1374.5177000000258
196375.0058,1423.3879000000015
196440.1426,1926.6097000000009
196496.4581,0
196594.9328,397.43410000001313
196623.2335,2063.333400000003
196893.4991,435.1377999999968
196984.7753,568.3689000000013
197140.3771,1240.252999999997
197149.1496,0
197163.6324,1400.7657999999938
197179.148,2361.4528999999748
197271.1195,0
197539.517,0
197621.6922,1241.289300000004
197840.1591,3569.0192999999854
197960.1944,1310.791200000007
198470.9813,1247.497000000003
198613.7946,0
199052.0932,2562.217499999999
199060.4739,0
199086.4535,1725.8428999999887
199130.47149999999,0
199299.8271,0
199318.0984,2263.7403999999806
199319.9639,1727.180400000012
199496.1463,1808.3647000000055
199693.1077,0
199704.4114,2171.2883000000147
199792.4039,1673.4676000000036
199976.4934,1665.1254999999946
200081.605,0
200084.791,1565.2301999999909
200133.8901,1910.9989999999816
200321.3162,0
200374.8257,0
200383.9406,2497.742900000012
200484.8588,0
201015.0262,0
201196.8219,2349.8632999999973
201376.0042,2084.2456999999995
201526.0583,1885.7099999999919
201949.8214,1863.479399999982
202539.3782,0
202664.39179999998,0
202691.5858,2038.9591000000073
202842.801,1877.1117000000086
202933.3322,2356.563599999994
202948.6144,0
203144.0345,1844.4032000000007
203338.4997,1840.1431999999913
203952.6469,1996.8099999999977
204001.0696,1953.7694999999949
204142.3383,0
204202.5836,2068.074500000017
204335.5575,0
204431.3589,2222.8196999999927
204971.9851,1975.897799999977
204999.6972,1915.7919999999867
205023.3093,1883.0284999999858
205198.8431,1483.7382999999973
205254.8313,2256.4166999999725
205464.1334,2507.766899999988
205500.007,1936.28330000001
205521.0437,0
205700.3439,2682.7531000000017
206095.6348,2482.1224999999977
206226.8847,1687.1232000000018
206382.832,1923.783999999985
206566.1696,2584.657099999982
206689.7727,0
206773.8279,0
206912.6137,1961.4222999999765
207032.2301,622.2802333333238
207291.4751,2093.169600000023
207379.7477,1495.6212999999989
207729.3777,5478.813500000018
207775.4014,2185.3549000000057
207818.8359,2860.678500000009
208121.1355,726.3377000000037
208323.7194,2109.017300000007
208454.1449,853.9270000000251
208502.77531666667,0
208773.7563,1988.5380000000005
208916.5247,1427.4982000000018
209163.7378,2258.017900000006
209223.4558,559.5195999999996
209302.8252,418.81849999999395
209436.2198,111.87750000000233
209666.343,4952.3511
209690.8201,2197.909800000023
209741.2772,167.1816000000108
209929.2633,0
210062.9214,2052.6909999999916
210210.2149,2194.8294999999925
210573.2763,88.33770000000368
210674.624,315.21744999999646
210674.8608,2770.2819000000018
210826.4433,491.75030000001425
211440.7403,350.97340000001714
211573.9401,326.9518000000098
211639.4443,940.2202000000107
211991.7623,0
212331.6162,0
212387.4707,0
212461.7438,2075.3864999999932
212575.4263,0
212575.844,688.5377000000153
212745.0623,356.40399999998044
212817.4092,325.14079999999376
212991.7653,181.07320000001346
213190.0857,281.97159999998985
213204.8534,0
213477.9188,470.02250000002095
213669.8429,426.7015999999712
213680.6447,115.06719999999041
213791.4164,259.70650000000023
213872.1692,2973.5157999999938
213941.3663,2167.584600000002
214137.7629,942.6266999999934
214334.2761,1937.6916999999958
214357.5675,345.6511000000173
214363.6048,0
214468.0816,0
214509.4401,0
214645.1156,2262.119799999986
214704.7746,284.00049999999464
214796.9275,4205.838400000008
214806.5738,1127.5714000000153
214808.4092,1893.0309000000125
215084.8684,139.1973500000022
215099.108,0
215391.0311,0
215468.2815,972.8569000000134
215613.0536,112.45279999999912
215825.8551,1947.8605999999854
215909.1314,2177.0395000000135
216128.7832,168.9196000000229
216453.5567,252.72409999999218
216557.682,1998.6399999999849
216725.8909,0
217124.5266,2576.5930000000226
217224.8062,0
217652.3398,0
218397.42964,0
218434.9761,0
218444.5093,3812.2790000000095
218797.9813,0
218817.2662,268.6757000000216
219102.7417,0
219113.6971,0
219251.0278,0
219279.4826,0
219440.9807,138.18989999996847
219459.0026,0
219489.9679,474.23499999998603
219520.9798,0
219705.867,0
220141.9432,2165.623500000016
220145.0387,0
220159.8977,3806.2661999999837
220266.3719,0
220441.4693,0
220470.4677,0
220644.1358,0
220654.1722,0
220766.39669999998,0
221281.8094,0
221344.4646,0
221505.6422,0
221753.601,795.1751999999979
221772.7888,0
222159.6298,165.61149999999907
222409.3971,0
222759.9457,0
222834.46409999998,0
223063.6703,0
223259.0952,0
223470.81290000002,0
223611.3371,0
223683.73810000002,0
223707.1495,361.1396999999997
223827.6074,0
225250.7172,0
225381.9164,0
225441.58299999998,0
225508.5893,163.93549999999232
225828.9216,0
225933.7456,0
225933.9042,0
226154.1052,0
226638.1594,0
226727.3713,0
226741.0358,0
226757.3158,2568.188200000004
226758.6577,0
227252.78590000002,0
227858.2253,0
227964.8223,0
227992.5282,0
228310.64549999998,0
228595.0858,0
228685.8853,0
228686.4357,0
228704.9671,0
228899.17680000002,0
228982.1111,0
229400.4125,0
229407.9746,0
229628.8172,0
229789.143,0
229919.2602,0
230067.7281,0
230110.3042,0
230197.08490000002,0
230201.678,0
230318.7091,0
230661.06829999998,0
230664.9369,0
230873.4275,0
231039.506,0
231111.20043333335,0
231142.1765,0
231590.2195,0
231590.9694,0
231860.6172,305.7271999999939
231893.3236,0
231934.8435,0
232114.3597,0
232130.2231,0
232490.4908,0
232625.2742,200.79780000000028
232807.9462,0
232845.412,0
233468.7359,0
233735.6461,0
233847.9699,0
234152.73369999998,0
234457.4588,0
234851.9541,0
235040.8976,0
235076.9757,0
235404.1283,0
235507.4491,0
235978.9024,0
235989.7074,0
236113.879,0
236161.7911,0
236472.9379,0
236633.70683333333,0
236645.5914,0
237188.4573,0
237489.5363,0
237690.551,0
237980.5716,0
238048.4013,0
238115.289,5.282199999986915
238144.4848,0
238318.5566,0
238361.1779,0
238384.90529999998,0
238627.0628,0
238769.756,2157.2440333333216
239003.07760000002,0
239201.4762,0
239435.5327,0
239579.8994,0
239790.8261,0
239913.8081,0
240058.9071,0
240228.8127,0
240712.36609999998,0
240768.3851,0
240774.2184,0
240816.8221,0
240835.32288333334,0
240910.0263,0
241092.5887,0
241299.8389,0
241344.4655,0
241388.2684,0
241644.1493,0
241808.9822,0
241960.3761,0
242079.7644,0
242409.4558,0
242581.5255,0
242614.8371,0
242843.6659,0
243018.6831,0
243720.8608,0
243812.91013333332,0
243851.5654,0
243874.3162,0
244007.21480000002,0
244218.702,0
244381.23070000001,0
244446.3909,0
244486.15730000002,0
244493.3785,0
244710.6019,0
244783.7409,0
244818.4639,0
244917.9919,0
244995.4187,0
245199.8729,0
245450.8345,0
245508.1606,0
245547.8375,0
245559.8229,0
245715.1395,0
245793.1848,0
246171.71360000002,0
246280.0005,0
246516.6829,0
246585.7879,0
246700.0581,0
246715.9698,0
247069.317,0
247163.46659999999,0
247181.8245,0
247780.8109,0
247797.0869,0
247830.9499,0
247885.13880000002,0
248052.7557,0
248105.04570000002,0
248137.7641,0
248197.1923,0
248470.8551,0
248533.3127,0
248585.6591,0
248730.5766,0
248888.2353,0
249649.4593,0
249877.7741,0
249957.561,0
249990.1256,0
250043.1868,0
250194.9742,0
250505.1042,0
250543.1401,0
250684.764,0
250903.8394,0
251040.1645,0
251045.1677,0
251174.7639,0
251360.3677,0
251404.84840000002,0
251534.1958,0
251701.9006,0
251717.0103,0
251832.4027,0
251849.0099,0
252188.6261,0
252333.9525,0
252382.7033,0
252409.0191,0
252430.8551,0
252498.8693,0
253288.9695,0
253349.0552,0
253398.36190000002,0
253409.1187,0
253619.4304,0
253620.3423,0
253767.8625,0
253841.7525,0
254001.3788,0
254180.2725,0
254553.7552,0
255197.9847,0
255221.9498,0
255228.2809,0
255273.657,0
255428.5412,0
255505.4056,0
255569.0569,0
255669.6715,0
255767.2924,0
255871.84,0
256068.4757,0
256337.34,0
256403.9216,0
256487.2367,0
256598.4509,0
256632.3448,0
256675.5882,0
256693.1907,0
256746.3892,0
256792.5199,0
256953.6411,0
256962.62126666665,0
256977.6659,0
257029.2955,0
257153.1139,0
257326.2173,0
257374.7014,0
257389.96110000001,0
257451.7095,0
257469.6647,0
257589.5765,0
257681.7576,0
257917.17859999998,0
257942.4296,0
257963.0017,0
258074.9868,0
258201.7652,0
258319.5403,0
258363.3062,0
258413.34578,0
258512.8209,0
258520.4436,0
258592.3057,0
258709.2359,0
258711.3064,0
258963.9741,0
259079.58980000002,0
259080.7172,0
259097.6917,0
259101.3676,0
259266.1574,0
259324.8765,0
259409.776,0
259775.5412,0
259780.67859999998,0
259882.9478,0
260098.7918,0
260145.8579,0
260182.9068,0
260641.4639,0
260740.1552,0
261119.6544,0
261123.1214,0
261249.5364,0
261250.15885,0
261257.1578,0
261430.646,0
261444.3565,0
261475.3898,0
261490.7469,0
261521.8825,0
261570.2244,0
261741.8436,0
261847.5611,0
261894.9922,0
261972.2899,0
261996.8603,0
262009.39263333334,0
262378.034,0
262636.0857,0
262650.6703,0
263264.5715,0
263318.1723,0
263358.4667,0
263377.8167,0
263423.251,0
263461.94180000003,0
263567.4909,0
263636.2132,0
263867.2788,908.9327999999514
264110.4632,0
264220.8947,0
264299.3375,0
264374.8739,0
264659.7943,0
264782.50179999997,0
264897.8936,0
264977.4764,0
265319.9004,0
265365.5446,0
265407.0678,0
265473.7328,0
265556.4852,0
265690.4954,0
265823.264,0
265879.2436,0
266044.0664,0
266118.3779,0
266306.8002,0
266520.4043,0
266647.46506,0
266912.1188,0
266922.4097,0
267393.8162,0
267413.5907,1154.4317000000156
267447.1929,0
267482.7242,0
267595.9848,0
267742.0705,0
267826.5499,0
268271.2073,2944.064000000013
268493.6818,1900.9915000000037
268644.9928,0
268667.4248,0
268748.6895,0
268920.0677,0
268967.1258,0
269056.1159,0
269130.30449999997,0
269335.0521,2711.854399999953
269379.378,364.9310000000405
269398.7241,0
269642.9729,0
269677.1422,0
269943.5051,0
269943.9409,0
270152.8516,0
270284.3065,0
270399.1508,0
270463.4998,0
270889.3568,0
271261.8948,0
271320.4839,0
271394.1354,0
271458.2792,1565.877199999988
271503.7689,48.9039000000339
271643.27760000003,0
272351.5203,0
272383.0482,0
272429.131,0
272707.1047,0
272763.8801,168.13880000001518
272777.2263,2876.52509999997
273051.0465,0
273158.666,0
273216.9666,0
273271.4174,0
273407.1621,0
273688.126,0
273882.9656,1669.410199999984
274035.399,0
274111.5913,6426.913199999952
274331.0873,0
274439.2494,0
274443.9768,6526.77429999999
274511.7662,0
274713.30700000003,0
275269.478,0
275551.1666,0
275565.7596,0
275734.35738,0
276048.7988,0
276204.3392,0
276299.5291,0
276460.8881,0
277029.216,5562.24840000004
277142.7564,7363.131800000032
277338.1812,0
277832.8077,1007.9751999999862
277900.847,0
277966.3235,0
278000.0695,0
278283.5695,0
278325.1827,0
278423.8847,0
278554.3061,0
278639.7878,0
278648.1438,0
278921.83019999997,0
278961.6587,0
278991.0836,2595.660600000003
279010.5863,0
279152.9243,0
279460.2932,0
279997.0854,3387.013099999982
280146.7741,0
280414.1089,0
280454.0746,0
280869.6271,0
280945.022,0
281005.8304,908.2767999999924
281314.6554,0
281315.1597,0
281687.1554,8456.834299999988
281993.7104,0
282185.144,0
282340.8414,0
282514.25800000003,0
282733.27509999997,0
282738.0516,0
282779.486,8295.470799999952
282846.8529,4134.452400000009
283291.5788,0
283543.5021,2062.6749999999884
283594.833,0
283937.7029,6742.63069999998
284065.0566,9618.86950000003
284071.7696,0
284847.81680000003,0
284905.2109,0
284985.354,0
285082.5075,0
285170.9845,3121.674800000037
285213.9008,0
285383.9121,8371.193100000033
285592.9738,6762.548299999966
285608.0811,0
285671.2326,0
285683.3277,0
285982.3326,2950.22490000003
286073.1351,0
286085.6596,0
286098.3213,84.16250000003492
286154.2708,0
286317.4966,0
286367.0945,0
286522.2682,0
287209.7584,0
287210.1374,0
287347.5189,0
287354.6894,0
287455.6252,0
287489.2754,0
287739.4236,0
287989.6775,0
288294.8319,6569.757800000021
288414.8015,0
288521.9957,9079.781699999992
288712.6921,0
288771.9608,0
288876.8427,2457.2730999999912
289045.0102,0
289139.3453,0
289219.9425,0
289585.6182,3968.2183000000077
290097.6648,0
290127.5343,14013.029299999995
290262.2159,0
290315.5644,770.3023999999859
290319.7598,0
290455.1724,0
290469.3827,0
290515.6519,0
290625.8171,126.28819999995176
290751.1348,947.6620000000112
290820.0342,0
290841.70149999997,0
290904.4523,3105.0301999999792
290937.1899,13464.009100000025
290972.018,0
291077.4044,0
291151.8467,0
291264.8804,0
291511.5875,490.74830000003567
291694.0666,0
291984.6815,14364.617900000012
292005.9294,281.985100000049
292021.2981,0
292127.168,0
292152.6809,2462.5585999999894
292231.8313,1622.1113000000478
292273.7304,0
292556.3983,6701.259299999976
292626.0805,4046.407999999996
292678.0674,0
292839.7432,11277.921300000045
293172.0919,1314.5250000000233
293422.8348,0
293662.6943,9685.743299999973
293938.4338,6746.833600000013
294438.5494,0
294481.3916,0
294606.9907,0
294615.15088,0
294699.6376,0
294742.3697,0
295066.7307,0
295141.7332,0
295143.0882,0
295299.8605,8212.873900000006
295341.9977,0
295487.2686,0
296222.232,0
296980.9195,0
297011.0048,0
297453.14890000003,0
297590.486,0
298031.04845,0
298081.8389,0
298150.3659,5654.221799999941
298398.4366,4086.278900000034
298455.1071,0
298496.3045,8983.803600000043
298759.2006,4301.6402000000235
298848.6696,983.2425000000512
299161.4409,0
299192.2298,0
299442.8512,6851.97709999996
299465.2497,0
299572.49076666665,0
299852.5272,18550.7267
299853.7341666667,0
299876.907,4406.400000000023
299898.78,2616.8134000000427
300003.4705,4983.866099999985
300218.6505,3560.123499999987
300480.9557,0
300611.7159,7513.691099999996
300994.2814,9824.02979999996
301133.5196,5316.633600000001
301142.8731,12448.4816
301321.25800000003,0
301322.5366,2560.410499999998
301333.179,11780.619999999995
301735.6225,0
301979.1712,6014.723499999964
302246.561,0
302509.2281,0
302605.4924,0
302633.8017,0
302886.4495,697.7065999999759
303000.9099,0
303087.9216,1030.3214000000153
303569.0748,0
303700.6988,0
304279.527,0
304530.9778,9740.323199999984
304559.45290000003,0
304676.7213,0
304773.517,0
304795.57420000003,0
304845.7608,0
305186.2433,3272.447999999975
305237.4716,0
305280.6193,886.5121000000509
305458.2311,0
306204.7675,0
306445.1339,0
306445.9806,0
306482.3016,14707.088500000013
306542.9732,3217.5407000000123
306807.4717,0
306827.6619,0
306854.7054,0
306923.2645,0
306948.8905,1087.0869999999413
307041.412,0
307318.5379,7760.049999999988
307323.7214,93.22789999999804
307400.0127,0
307689.9796,2092.8965000000317
307696.1251,1153.0982000000076
307853.9918,6498.941400000011
307929.0946,0
308202.37930000003,0
308384.5157,2207.892999999982
308532.5519,9150.335900000005
308624.8872,0
308847.7614,16109.311000000045
309104.471,3945.4437000000034
309193.2585,766.9408999999869
309247.1598,0
309310.0594,22079.14850000001
309375.2173,4247.2491000000155
309477.7629,8172.033699999971
309799.2991,0
310032.7787,17585.522400000016
310140.0746,7.835699999995995
310195.0216,2929.4073999999673
310247.24706666666,0
310278.8283,1127.2861999999732
310288.4903,0
310431.5364,180.21149999997579
310469.4974,634.868599999987
310504.2254,6406.161499999987
310535.7956,0
310944.9075,8906.822999999975
310984.4064,0
311065.0403,0
311165.4904,0
311252.2502,13785.145799999998
311373.0767,14111.34249999997
311686.8882,840.3014199999743
311696.0693,20509.83799999999
311741.9555,0
311748.7225,307.77369999996154
311769.7206,0
311957.6269,977.3465999999898
313033.0086,5464.205299999972
313115.4352,0
313307.7715,13457.851800000004
313579.1206,2695.4366000000155
313722.2153,12736.238199999963
313878.3932,3432.370500000019
314027.8922,5832.017899999977
314037.5395,0
314238.74,0
314500.0122,651.4990000000107
314816.5077,0
314965.7294,1278.3521000000183
315081.8627,10565.190699999977
315267.2256,5861.539899999974
315303.8952,12092.662700000044
315412.576,15922.267400000012
315590.4085,739.765699999989
315673.714,849.016399999964
315759.285,19482.68379999994
315813.9925,7492.710399999982
316558.8758,0
316563.7066,0
316647.0177,12603.949400000041
316833.1873,4677.2957999999635
316871.9658,2209.58130000002
316934.2737,0
316968.0754,5745.743499999982
316988.914,85.13289999996778
317034.0708,16977.128299999982
317628.6371,1184.4079999999958
317781.7958,0
317829.6194,8115.6397
317885.7046,0
318107.2928,0
318417.1449,550.7375999999931
318705.0255,0
318830.347,372.4131000000052
318862.6381,0
319038.8771,5400.868699999992
319240.8777,0
319279.42151666665,0
319469.7877,0
319881.0753,4297.007600000012
320175.1805,0
320223.9279,8947.476900000009
320504.7302,634.3626999999979
320691.9155,0
320754.7997,0
320765.71400000004,0
320768.7581,0
320875.7406,14201.91730000003
321199.6108,9462.943100000033
321699.269,783.2364999999991
322010.56,0
322053.8203,0
322090.5475,0
322099.6073,10914.610399999947
322144.8354,0
322157.4765,5665.583899999969
322477.8098,0
322570.7507,0
322604.5634,0
322783.3303,184.18959999998333
322784.0059,14513.691099999996
322968.7653,275.1468000000459
323264.0518,0
323462.9971,0
323690.2058,0
323830.0266,5889.760699999984
323882.0449833333,0
323942.80689999997,0
323996.9206,0
324062.6205,0
324512.8661,2775.947999999975
324649.4013,0
324791.7,0
324811.49,15058.320999999996
324824.8733,7670.5466000000015
324883.1022,0
325132.6167,4260.808100000024
325320.6742,17350.84049999999
325605.2546,0
325744.4442,0
325780.8082,7014.645500000042
325880.98455,0
326080.4258,10362.799000000057
326254.231,0
326500.4403,0
326668.2376333333,0
326692.2031,0
326741.4299,18730.8566
326873.6297,0
326932.364,0
327092.7416,0
327179.1211,15654.123000000021
327356.2199,8711.2598
327495.4587,0
327528.5984,0
327572.4964,0
327950.00325,0
328192.6759,19017.568099999975
328739.9752,0
328924.39040000003,0
329281.4581,0
329321.4452,0
329329.36,0
329401.9686,0
329479.06059999997,0
329545.397,1895.9792000000016
329614.5464,0
329615.8998,6313.347899999993
329643.8473,0
329692.3127,0
329696.5722,4845.935899999982
330198.0099,6628.86440000002
330210.4174,0
330351.5273,0
330467.0597,0
330563.0566,0
330585.3765,4980.214000000036
330617.0588,0
330665.8064,0
330884.1674,7791.47649999999
331072.9286,4186.284400000004
331191.1033,7111.363200000022
331516.637,9976.312199999986
331535.4421,691.4169249999686
331696.2521,0
331876.5123,0
331911.4822,841.4361000000499
331971.49450000003,0
332035.9658,19263.667400000035
332105.2399,0
332108.3466,2547.0994000000064
332237.2831,26328.146699999983
332844.4228,0
332909.9493,2426.0124999999534
332914.1791,0
332928.8431,0
332937.3331,0
332943.8949,0
333367.9246,4738.87360000005
333400.1266,4943.9598000000115
333615.0049,0
333716.9498,10056.38990000001
334222.5093,540.3563999999897
334350.9783,0
334432.15020000003,0
334528.1142,0
334676.2576,0
334970.868,4192.135800000047
335091.6083,988.5868000000482
335159.0695,683.9294999999693
335194.5758,8057.834900000016
335550.3826,1320.3355999999912
335749.777,0
336112.0414,23637.274399999995
336427.6954,0
336428.3101,0
336475.091225,0
336558.3849,5692.837600000028
337163.2806,0
337167.2378,2520.2404000000097
337325.9186,11270.669899999979
337431.9572,3460.1699999999837
337451.9604,12796.189633333299
337634.3876,5651.645500000042
337718.6791,0
337785.8031,0
337792.5595,0
337797.1129,4842.960800000001
337802.0584,0
338074.9329,2548.644200000039
338085.9713,4654.69789999997
338133.2537,0
338342.1453,0
338536.9368,0
338755.6785,0
338787.27509999997,0
338873.496,0
338972.4439,0
339019.8938,0
339590.3054,0
339595.5994,0
339634.3358,178.41889999998966
339912.8332,0
340021.8006,10215.243799999997
340199.3021,5689.858399999968
340479.2421,5855.232399999979
340591.3711,0
340628.9962,29176.4228
340676.1449,0
340711.4926,0
340753.0401,0
340828.7398,0
341034.6683,0
341067.2243,2726.649399999995
341109.8748,0
341154.9376,0
341372.0125,2093.6611000000266
341466.998,0
341545.836,0
341562.919,0
341786.8944,0
341937.4878,8853.296199999982
342161.441,6428.4136999999755
342240.1251,0
342340.4717,4745.116700000013
342385.6299,2966.273600000015
342509.7827,0
342578.517,0
342637.8884,0
342639.3406,0
342820.0029,0
342863.210275,0
343333.6278,0
343547.9864,0
343658.4559,0
344110.089,0
344161.8674,0
344191.6079,0
344337.476,0
344394.1782,0
344417.3485,0
344421.6956,5279.859499999962
344528.9256,0
344568.4671,0
344621.4183,0
344640.0177,16486.065899999987
344718.1605,0
344806.8851,0
344900.4448,0
344945.9929,0
345050.3979,13778.302999999956
345105.7935,0
345210.1343,0
345294.1337,0
345451.2061,0
345520.0562,0
345671.2408,92.5564000000013
345724.359,0
345893.8627,584.7172000000137
345959.10124,0
345977.6449,700.2470000000321
346035.036,0
346074.0003,7687.261500000022
346276.9827,0
346485.6188,4605.493599999987
346615.5799,0
346656.8925,766.3857000000426
347082.167,189.2373999999836
347128.5165,4307.564400000032
347222.1566,9398.896999999997
347263.5708,0
347295.1972,0
347307.2021,6707.311400000006
347336.4253,0
347541.5174,0
347564.3233,8.713199999998324
347590.3946,965.5054000000237
347606.2157,16057.137500000012
347813.3031,7661.41240000003
348030.3741,0
349039.6471,0
349052.7965,0
349223.0746,3666.2944000000134
349414.2495,8442.44769999996
349474.2302,13486.951424999977
349710.5053,9483.038700000034
349764.9277,13125.657100000011
349900.2363,1660.1191999999573
350071.8833,0
350077.4115,0
350221.7809,0
350319.2437,3911.9981999999727
350378.7471,1065.2084000000032
350690.49820000003,0
351005.8264,0
351017.7948,8253.869099999953
351023.0681,0
351319.403,0
351432.5687,5622.401899999997
351447.5142,0
351532.4564,9040.768700000015
352168.8784,259.25229999999283
352233.8324,0
352337.9027,4471.78409999999
352362.6913,8498.631099999999
352496.0414,8639.583299999998
352577.0679,1046.6799000000465
352726.8606,0
352780.6384,1156.4572000000044
353095.5425,0
353413.3307,0
353470.6362,0
353556.4611,2819.6667000000016
353878.3855,0
354326.4529,13055.246299999999
354502.0311,0
354566.5227,0
354584.3138,0
354839.7511,20217.70889999997
354893.7708,0
354930.8964,0
354990.468,0
355024.3397,6428.97510000004
355112.2323,0
355165.49,13377.315100000007
355330.76159999997,0
355412.0894,1201.288899999985
355762.7195,777.6615999999922
355848.3478,3040.8328999999794
355954.18443333334,0
356016.3532,0
356023.3934,2304.1000999999815
356097.8949,667.3622000000323
356112.1426,7128.07209999999
356195.8222,3605.534500000009
356230.5543,7738.09110000002
356236.4547,649.2715999999782
356380.4169,0
356699.908,9507.859999999986
356980.7339,5771.394099999976
357006.6764,0
357040.8383,1739.2263000000385
357182.652,8797.2831
357220.2936,0
357285.4038,1157.992799999949
357987.3217,0
358175.1453,0
358201.8293,0
358305.5784,3605.318633333314
358435.1329,1523.5299000000232
358702.3054,1802.294600000023
358729.5632,6704.700499999977
358984.9219,19380.6446
359026.3653,10639.450699999987
359171.82889999996,0
359286.3573,3798.204999999958
359431.0056,14207.296199999982
359612.3214,7382.038700000034
359612.8887,12402.344500000007
359765.0809,6818.861399999994
359772.89269999997,0
360065.9218,0
360362.9512,2362.5310000000172
360432.8112,0
360516.0614,0
360545.3625,892.0084999999963
360906.279,2401.4753999999957
361044.4035,11596.286399999983
361257.8361,1107.1953000000212
361306.3665,1495.702900000033
361613.8884,0
361847.2133,4585.050800000026
361946.4424,11347.983500000031
362035.0528,14818.363899999997
362237.5465,3833.0567000000156
362378.1152,1854.6167000000132
362708.7402,862.7301999999909
362745.9099,2037.0780000000377
362963.4256,8005.937800000014
363523.3282,1902.4653999999864
363610.9885,1663.422099999967
363744.4989,12557.537000000011
363941.9401,684.4643999999971
363947.5539,6478.902599999972
363981.8447,9505.742300000042
364585.6114,11926.132500000007
364837.1412,0
364838.2482,6835.7740999999805
365255.6935,10186.4044
365283.9592,14252.993099999963
365365.2571,11975.748699999996
365378.4564,8329.13890000002
365982.0759,0
366016.2875,6463.374499999976
366027.8222,0
366360.4916,0
366388.6446,3119.0165999999736
366400.3834,0
366496.4844,11114.237699999998
366721.1252,0
366961.6505,10907.744199999957
367091.5882,3197.5831999999937
367386.5773,2878.7458000000333
368332.9837,3984.3927999999723
368387.1584,3596.9604999999865
368517.7599,9908.146300000022
368654.2711,20473.109999999986
368785.8865,7593.4067000000505
368908.4742,4950.581799999985
368981.0191,6715.927499999991
368990.0325,0
369240.8676,12088.703299999994
369395.5299,7019.30780000001
369735.6048,9048.993299999973
369789.6635,4203.285100000037
370040.1942,0
370076.1125,14212.278699999966
370114.9686,8777.468500000017
370239.622,11463.388299999991
370694.2528,5779.755600000033
370869.9874,11009.361600000004
370896.8733,6400.612199999974
372098.8237,13554.689500000037
372099.0232,15441.630633333349
372257.1439,3990.202099999995
372262.1298,7019.345900000015
372275.5228,13153.396599999978
372343.027,8406.589600000007
372680.8351,4929.788000000059
372711.5647,24462.873299999977
372899.9748,7065.3049000000465
372920.2913,12932.016699999978
373125.5933,9401.842000000004
373669.2963,17996.2157
373694.9142,8578.794999999984
374073.204,3768.4898000000394
374658.393,0
375094.3465,3326.2402
375279.9878,17840.06109999999
375460.6725,9263.928399999975
375747.6536,3775.315100000007
376041.6837,19092.74079999997
376058.2936,13405.28469999996
376288.1213,12199.799799999979
376303.4456,10423.891899999988
376496.8933,11520.7598
376575.712,5044.342400000023
376588.1969,25318.40559999994
376727.0814,3235.772500000021
377074.2271,5570.354700000025
377358.5654,12074.72490000003
377485.1288,0
377821.5052,13485.845700000005
377901.0241,4754.375100000005
378242.7708,0
378459.8337,26686.18300000002
378595.3364,12591.146499999973
378729.9887,14231.327899999975
378935.1131,0
379005.94758333336,0
379016.3575,3669.9821999999695
379504.5903,0
379522.4031,12140.285499999998
379582.7712,4643.106200000038
379795.8206,7511.156099999964
379840.5025,22637.475600000005
379902.8674,5671.671399999992
379985.2779,0
380314.8164,0
380401.5157,18751.17089999997
380498.2282,8051.631900000037
380688.988,22207.576
381012.6582,5272.828299999994
381299.3874,14430.771999999997
381452.0359,4703.18497500004
381469.8476,15782.054799999984
381546.8332,10085.401699999988
382048.4669,12002.621199999994
382152.5779,1969.3140999999596
382203.0478,8878.010100000014
382206.5531,22848.582900000038
382642.5141,9885.845399999991
382785.2021,0
383019.2145,17703.4314
383082.1799,4634.809799999988
383286.4887,3034.2332999999635
383573.7705,6333.077899999975
383583.5806,4201.713400000008
383584.5579,14913.190799999982
383607.122,2448.126199999999
383659.4179,5021.345399999991
383985.9546,7414.159700000018
384278.3249,27466.425999999978
384436.5704,3825.569850000029
384455.3759,1551.8611999999848
384541.4778,15581.439699999988
384759.6194,2886.2967000000062
385090.4033,17159.10440000001
385473.5897,3096.693399999989
385507.3142,13110.146999999997
385548.763,12557.053899999999
385819.3056,4553.652966666676
385876.3026,9258.248800000001
385880.3155,0
385968.4404,9386.247300000046
386226.964,20939.223999999987
386236.724,1811.38400000002
386405.6788,3942.4830499999807
386515.5286,5377.227933333372
386692.6873,6908.429599999974
386819.3754,0
386962.8405,5075.734400000016
387073.0945,1200.0263000000268
387295.142,11944.380400000024
387347.5002,0
387363.9179,3879.1500000000233
387390.5252,4051.4623999999603
387413.6567,3003.5314999999828
387920.1084,18250.61050000001
388005.8982,0
388051.7889,5875.961299999966
388522.5139,7226.731499999994
388641.293,23264.77309999999
388751.3548,4114.073599999945
388895.1566,13461.768299999996
388925.3371,7613.661699999997
388986.6925,0
389276.16359999997,0
389351.7121,4026.6023000000278
389928.4121,0
390032.4547,0
390300.8368,11775.269499999995
390379.2011,17116.737100000028
390380.245,16699.756966666668
390710.5197,1673.10480000003
390829.4636,0
390908.5676,5586.208099999989
390958.8844,26099.111799999955
390977.0282,15522.91769999999
391042.0265,2591.242099999974
391188.1539,7307.835299999977
391209.1963,0
391376.7608,10601.075099999958
391416.1947,23020.835199999972
391635.3196,20619.243099999963
391738.8205,18044.763399999996
391740.9229,2886.6759999999776
391855.6776,3557.119100000011
391965.1666,0
392138.3916,5200.36659999995
392158.9268,0
392205.5409,18322.616900000023
392511.3172,17743.88949999999
392555.5678,6671.502200000046
392568.3497,2921.297900000005
392878.3824,0
392881.75,3665.54369999998
392911.0017,4143.889400000044
393335.363,5977.738400000031
393361.3937,20724.386300000013
393371.1088,2528.828666666639
393437.4266,35465.4118
393467.3307,3621.636599999969
393492.2058,912.5325999999768
393851.5244,11126.778799999971
393857.7881,998.7382000000216
394116.0089,21137.377199999988
394191.631,8247.618900000001
394300.1153,3438.017200000002
394359.2527,4521.989300000016
394496.3127,4098.515100000019
395270.3717,2939.401700000046
395336.3328,388.9176999999909
395564.1376,13127.587300000014
395583.3527,0
395722.6015,4037.1134999999776
395796.7164,5791.196100000001
396168.3029,0
396424.503,18299.03470000002
396720.4851,10024.200499999977
396838.7914,1792.1082999999635
396950.6475,10283.564200000023
396960.9926,13802.329900000012
396980.2894,11140.840399999986
397073.6343,847.3945999999996
397262.2689,685.2538000000059
397585.4765,2614.8436999999685
397675.2121,0
397686.2244,13210.674600000028
397707.7528,0
397804.3136,0
397964.0088,0
398387.7134,0
398410.5002,0
398464.8539,1731.763799999957
398480.1339,3714.66240000003
399037.2316,0
399046.893,1366.1403999999748
399067.6667,1866.533999999985
399205.1561,3890.869100000011
399445.4147,0
399531.8413,0
399845.4471,0
399847.1765,2153.6783000000287
400319.3983,7410.289800000028
400547.243,3276.907899999991
400622.6617,13975.985799999966
400805.1754,20065.5637
400891.3059,10658.402399999963
401037.7974,10796.089600000007
401208.6151,2271.644900000014
401230.5302,1725.3234999999986
401371.267,5429.2740999999805
401380.0578,17567.63870000001
401493.371,8321.111999999965
401556.6298,8209.456400000025
401664.4333,6299.777799999982
401791.453,9132.274399999995
401795.2217,2565.0322999999626
401900.7726,3005.887400000007
402055.4218,5553.473400000017
402065.9261,2987.0260000000126
402304.037,0
402375.9888,1009.2317000000039
402748.4271,10771.595699999947
402955.3619,1748.0049
403058.4673,3779.534400000004
403141.8819,10242.75569999998
403338.3189,3017.1247999999905
403572.8203,0
404101.82,1899.6951000000117
404327.3637,0
404497.5161,7744.309600000037
404593.3734,13845.056199999992
404680.4552,5434.416616666713
404757.9993,0
405055.199,1120.1641000000527
405215.1488,12348.934700000042
405233.1315,6132.6896000000415
405794.2568,8792.427399999986
405868.4561,1986.9256000000169
406034.3488,6103.012199999997
406146.3875,2177.421000000031
406164.5778,9912.0478
406240.122,10385.186999999976
406386.6475,2556.7198000000208
407188.4529,0
407271.9011,16448.17830000003
407471.3094,4936.690600000031
407873.6696,5169.118360000022
407951.1472,29136.52780000004
408138.3083,2543.540699999954
408240.4459,1010.4544999999925
408538.9941,533.1356999999844
408710.8844,1532.9822999999742
409023.8738,4872.970499999996
409117.8252,2835.4677000000374
409168.3225,6510.415099999984
409243.2513,9384.089800000016
409384.4997,2213.013500000001
409793.2306,2348.9727999999886
410030.5281,12006.66220000002
410097.1212,938.6785999999847
410121.5059,646.1055000000051
410226.8394,745.3907999999938
410550.1743,2649.2228999999934
410578.3357,1211.0720999999903
410754.279,30438.54099999997
410977.33,11474.048500000034
411080.6839,7116.6565999999875
411086.9591,26726.344299999997
411375.4089,1943.7096999999485
411398.4688,0
411548.4879,12108.827899999975
411873.2497,9294.815499999968
412144.0984,8404.859400000016
412175.5895,13473.348300000012
412365.2362,0
412939.3298,1593.5881999999983
412946.2748,1988.7441000000108
413049.106,13283.170299999998
413506.3306,3571.9567999999854
413533.3292,3744.037699999986
413552.9545,5078.502800000017
413635.00549999997,0
414091.2083,0
414210.1023,7800.5313000000315
414613.0408,6729.2914000000455
414649.6287,0
414672.76,0
414783.9328,0
414971.2114,19014.04449999996
414987.3328,622.7871999999625
415022.2257,0
416131.9546,0
416133.4955,28071.513600000006
416171.72849999997,0
416196.86,31764.180300000007
416257.7876,10295.990399999951
416378.1576,0
416469.0881,0
416515.1331,9937.519299999985
416621.7052,14311.38300000003
416715.698,0
417707.6334,0
417795.7557,7977.75059999997
417886.6212,1736.208500000008
418049.856,442.4764000000432
418087.4584,30858.477000000014
418272.3124,238.95179999998072
418296.21880000003,0
419620.1921,56.021899999992456
419790.17,1870.17849999998
419968.6091,9401.228899999987
420074.903,7457.428199999966
420142.1357,7216.950299999968
420297.1449,3414.157899999991
420353.0631,20092.61360000004
420501.9462,0
420557.0677,31450.24060000002
420798.252,0
420989.0171,769.3369999999995
421278.9912,3139.264199999976
421378.2881,1586.260100000014
421648.228,0
422163.8935,0
422419.1277,1596.676700000011
422434.113,20342.15970000002
422949.9262,24246.40279999998
423093.4409,1810.6314999999595
423156.9966,33787.67790000001
423264.0045,0
423376.9535,6918.020100000023
423732.8741,1797.4490000000224
423770.2874,10610.91969999997
423896.3879,23844.572999999975
424250.6191,0
424281.9871,0
424499.2871,14225.496199999994
424528.4776,0
424704.6692,9111.272300000011
424904.9257,8608.953200000047
425038.5772,4483.468700000027
425332.7233,0
425449.4692,0
425784.2772,0
425911.6878,0
426418.5376,10433.868799999997
426552.9738,0
426644.0326,13392.499099999957
426973.4824,3251.9319999999716
427040.6399,3062.306500000006
427117.8805,27471.80740000005
427257.3035,9518.466799999995
427442.3822,0
427546.2162,3581.2161000000197
427674.2664,9020.512600000016
428028.8812,4843.840399999986
428124.3784,0
428162.8231,23828.2586
428633.208,0
428652.9355,8684.008700000006
428677.5263,9744.99900000001
428991.4525,22767.299700000032
429352.3946,0
429970.5349,7091.283800000034
429975.4386,21284.70869999996
430014.9238,18761.888099999982
430099.3461,4892.455400000035
430355.4666,8272.449800000002
430492.1012,4542.809399999969
430866.1729,0
430896.4291,8226.257500000007
431005.0403,13635.16929999995
431102.0443,0
431145.0388,0
431182.3231,7156.160099999979
431345.6709,0
431683.7311,11268.83189999999
431706.5168,4847.946100000001
431726.048,11786.2206
431869.6723,6295.785700000008
431897.0661,18921.27059999999
432081.712,29564.2868
432201.5388,5938.334499999997
432268.4438,5101.046499999997
432426.434,11477.786900000006
432667.9851,26461.17340000003
432864.6536,10215.38420000003
432954.2421,24047.484200000006
432980.15,5833.635300000024
433024.9856,5601.432399999991
433025.9867,8937.944699999993
433230.9414,4858.566300000006
433385.4796,4732.392800000031
433499.8319,7200.917299999972
433782.2974,0
433876.1845,5319.50569999998
433883.1192,8067.831799999985
433920.7261,6001.437300000049
433986.6995,6625.4231000000145
434178.3581,13519.927599999995
434370.2408,0
434467.0138,9258.203700000013
434685.8268,5931.964799999958
434760.2414,0
434784.5597,12234.950799999991
434793.5434,6195.652500000026
434798.959,12101.861799999955
434856.3685,5832.152499999967
434941.3771,5935.800499999954
435382.0688,0
435551.8186,5367.601000000024
435571.8131,7350.415000000037
435772.2955,0
435831.6647,13336.613700000045
435960.2318,16404.585516666702
436249.6598,0
436539.9958,16368.385699999984
436607.20279999997,0
436632.4353,8091.699499999988
436670.161,0
436870.2051,8436.861800000013
437038.6016,12653.998599999992
437116.7533,0
437288.0451,0
437371.3089,0
437433.9278,7843.950400000031
437443.94,10954.43359999999
437479.9875,10648.940200000012
437532.4687,12642.485000000044
437682.5376,5338.921799999953
437890.2008,7165.179499999969
438241.3253,8478.528200000059
438472.4122,0
438519.6591,0
438544.3081,7078.548800000048
438747.9363,0
438913.2658,7396.625699999975
438942.7561,17310.125699999975
438981.5616,7316.211899999995
439248.4105,11964.434899999993
439580.3791,11087.435800000036
439780.7902,0
439788.5722,18803.6618
440111.6295,6862.268299999996
440232.4748,7262.259300000034
440306.14650000003,0
440375.7354,0
440395.8105,8562.861700000009
440420.1547,5909.358000000007
440516.1925,6141.808100000024
440648.6061,0
440780.3217,9613.734699999972
440989.1651,5905.807999999961
441015.8131,13662.007600000012
441136.8272,0
441188.9656,13209.896100000013
441270.7805,19657.9118
441676.633,5797.436599999957
441782.7108,0
442083.157,18037.945599999977
442215.4828,13339.66769999999
442246.8392,9111.481800000009
442631.786,16173.338400000008
442695.2604,0
442721.6995,14057.455299999972
442875.76769999997,0
442887.0363,24569.50179999997
443083.058,11623.265200000023
443282.3491,8317.875300000014
443670.4744,0
443717.7381,15757.651899999997
443863.7367,15123.478999999992
443875.2504,5158.415099999984
444377.9196,0
444613.5223,15649.172100000025
444675.112,6494.545900000026
444731.505,0
444898.4791,11544.381200000003
445290.7985,24397.093799999973
445429.1416,13474.437699999951
445450.6051,6882.567500000005
445461.9651,18821.8174
445848.0577,15380.648099999991
446289.5302,7981.368499999982
446381.5034,0
446609.4379,10138.154600000009
446744.8485,11492.919200000004
446893.449,0
446957.8269,7636.276299999969
447004.7741,12864.798099999956
447223.7933,6447.02350000001
447481.9134,0
447497.5589,3731.5192999999854
448009.7515,6232.621099999989
448066.4276,6346.203600000008
448659.7805,11190.295700000017
448679.1629,12846.18729999999
449336.9927,12577.678899999999
449494.9641,5454.537799999991
449801.9695,10992.137099999993
449883.3505,5244.128299999982
450234.6942,0
450479.3847,4973.120500000019
450479.6132,7262.667100000021
450589.8229,0
450617.566,5877.786399999983
450963.5272,4508.801199999987
451147.8801,18541.417599999986
451350.0654,6523.790800000017
451353.7962,10520.795500000007
451394.98459999997,0
451411.1835,16079.680099999998
451452.1081,20297.75959999999
451463.4105,0
451560.8174,18371.458600000013
451901.0142,5392.974599999958
451912.9214,9980.273899999971
452353.9541,17269.844999999972
452582.8513,0
452855.1603,0
452879.3361,15755.12440000003
453057.0071,15856.505999999994
453118.3563,0
453151.9942,23401.775000000023
453548.2655,29494.649999999965
453804.7538,19109.149600000004
453915.2431,14161.197700000019
454104.9964,11417.465099999972
454110.2021,6863.747600000002
454280.1206,6515.098400000017
454294.6541,5241.5210999999545
454706.2794,20034.937999999966
454807.1312,27451.567500000005
454960.8848,21324.126300000004
455160.7076,17582.203600000008
455344.847,17462.910499999998
455931.4106,6604.869100000011
455956.7738,13414.074900000007
456262.2791,8835.26449999999
456297.3094,7054.490100000054
456425.2521,11213.834700000007
456724.4295,7542.972400000028
456900.9363,12986.410600000003
457251.9714,17504.56189999997
457260.5138,11667.294200000004
457640.1682,0
457876.6794,6143.492500000051
458093.7781,8237.901300000027
458219.6538,11557.613499999978
458369.493,6643.6398000000045
458638.7125,27861.339620000042
458946.33160000003,0
459318.7928,12404.9032
459490.6104,6499.372299999988
459723.5868,8959.075899999996
459732.2412,18117.591199999966
460044.5882,6396.055599999963
460459.814,0
460504.0498,15148.090299999982
461041.5337,0
461134.7078,8091.11679999996
461143.759,12185.23570000002
461309.4938,29369.267200000002
461362.9406,14566.391799999983
461519.2729,0
461760.6275,0
461837.8781,8700.997600000002
461871.0626,7389.044799999974
462227.116,7963.358599999978
462267.3679,0
462553.5719,17497.055999999982
462603.7855,9402.7451
462973.6373,6416.506600000022
463163.6448,18001.104900000035
463270.4211,12960.549699999974
463564.3409,15629.059899999993
463574.0188,27174.917599999986
464005.3199,0
464063.0593,0
464195.4102,11867.088300000003
464287.6176,9026.1017
464429.0931,16145.773800000024
464484.3369,15514.549799999979
464499.155,9988.434600000037
464978.2371,0
465501.2944,0
465557.2707,923.1818999999668
465693.8415,7902.188499999989
465825.7813,12450.363799999992
466244.6213,9258.862399999984
466267.583,15740.763899999962
466300.8084,14608.003700000001
466310.6524,0
466519.9512,11599.150200000033
466565.1056,15753.679100000008
466613.5089,8662.536000000022
466847.3676,0
467572.1359,0
467744.9903,8921.486499999999
467996.1332,7360.383199999982
468939.0856,16583.448700000008
469439.9829,15501.629599999986
469638.8682,287.1317000000272
469728.1129,12295.934899999993
469977.657,0
470105.7613,23858.48550000001
470150.9021,11706.69319999998
470151.1776,12801.78230000002
470299.1383,22007.963699999964
470328.1755,11756.582400000014
470678.0937,12403.875600000028
470686.7302,28087.72999999998
471065.7504,18211.400000000023
471138.0196,8489.198600000003
471556.6884,14981.128399999987
471749.8817,0
472130.3312,32521.755400000024
472328.2748,32347.371700000018
472409.6741,0
472564.1799,11932.135899999994
472730.7585,29173.900000000023
472771.2958,0
472800.1124,26995.199499999988
472825.0715,0
473197.2051,15359.385899999994
473852.6788,8979.209999999963
474395.76529999997,0
474434.5521,27619.67729999998
474556.6128,14081.151200000022
474610.7541,13024.491700000013
474780.0257,17993.592200000014
475054.8372,13939.505500000028
475363.0078,7901.366700000013
475418.3198,0
475421.3976,12264.601300000038
475455.9895,0
475657.7379,20714.334399999992
475792.1929,7312.024700000009
475933.4032,17412.330799999996
476083.1185,0
476157.6483,28139.027499999967
476261.9323,8691.099799999967
476636.6046,8257.848200000008
476746.56779999996,0
476910.7555,22028.331200000015
477033.9651,7379.143099999987
477135.4848,12909.755099999951
477207.5318,7396.352399999974
477261.4154,20371.314100000018
477369.4355,0
477491.8792,0
477749.9137,20167.36249999999
477816.5797,0
477893.1895,9234.969299999997
477924.5415,40288.289300000004
477968.5995,3696.3403999999864
477997.3807,14259.665500000003
478110.2705,7712.761100000003
478373.92220000003,0
478477.7537,23986.742700000003
478515.23219999997,0
478971.6053,0
479235.6406,8728.743324999989
479418.9717,7857.858200000017
479765.569,0
480047.2042,7809.618299999973
480088.7831,10544.953900000022
480201.7918,0
480241.2514,10512.34580000001
480286.5626,6851.891200000013
480544.7341,7270.469800000021
480568.9647,0
480643.9934,5952.894899999956
480920.7783,22656.88930000004
481022.8379,20208.59129999997
481144.5591,9732.304833333357
481249.2741,17257.032499999972
481284.6435,8025.000400000019
481317.7624,0
481398.2368,25296.8615
481472.0782,24017.222499999974
481713.0577,7260.03899999999
481717.3957,0
481816.2376,34333.53960000002
481994.2219,18193.531399999978
482232.4939,9546.410600000003
482289.4136,8616.586700000043
482624.7883,8557.915900000022
482652.9121,27861.29090000002
482693.3504,13735.434799999988
483070.5243,7398.650699999998
483329.6678,7113.854699999967
483375.7829,6557.96179999999
483512.0879,11207.742599999998
483611.9966,6015.01449999999
484027.5143,6894.605599999952
484089.6349,7296.359400000016
484514.6643,16937.574699999997
484779.693,13149.42710000003
484958.1678,6782.9070000000065
485530.3114,0
485619.7755,0
485718.3864,38105.48840000003
485789.5878,8236.152999999991
485850.9464,17569.89010000002
485968.8197,9074.050700000022
486088.6957,15458.377299999993
486256.7729,13995.248099999968
486475.7664,5691.078200000047
486704.3404,13808.769899999956
486867.7577,19889.421499999997
487089.2557,6447.580900000001
487138.6007,8189.11599999998
487290.2019,7366.7886999999755
487514.08,0
487636.758,10053.214399999997
487708.0547,6856.628399999987
487771.2119,0
488058.8868,17049.93299999996
488158.7122,21637.511699999974
488285.1663,8802.325899999996
488313.4135,6545.776800000051
488431.2365,10092.936800000025
488561.0136,33338.74090000003
488582.4222,10780.561199999938
488678.2381,19618.588600000017
488787.744,9366.272300000011
488810.5868,3786.213400000008
488907.47,19545.202699999965
488974.6222,0
489043.1846,9459.868399999978
489599.8384,10759.492399999988
489801.9822,10859.204900000012
490205.3415,0
490219.5985,26063.266200000013
490318.3102,8646.936199999996
490468.817,10948.949800000002
490741.8584,5221.243516666698
490864.4031,0
490904.9113,12116.275699999998
490916.7112,6997.937100000039
490989.2129,4011.4917999999598
491041.6084,6367.027000000002
491102.157,17604.223800000036
491269.9232,30500.84049999999
491586.9382,0
491707.2351,0
491923.0683,2262.483499999973
491984.2475,0
492120.8429,30548.965599999996
492187.0533,29440.920600000012
492206.3144,15342.30349999998
492509.7553,11330.900699999998
492599.1187,9493.534999999974
492604.6409,18552.93689999997
492803.8586,10978.580699999991
493101.5334,4792.792160000012
493125.9635,30363.66770000005
493258.7976,0
493674.4616,18534.30780000001
493853.7138,7314.32560000004
494013.3834,15797.40989999997
494027.9657,5753.8946
494108.7353,4346.337699999975
494280.0808,0
494540.6336,24620.05410000001
494620.0742,5611.036299999978
494776.7473,5872.785399999993
494853.5506,5084.021700000041
495057.2558,0
495151.4471,6291.381699999969
495391.7774,4963.030800000008
495597.6296,19085.03609999997
495730.8558,19300.717500000028
496172.6886,4869.204599999997
496219.0499,4346.884499999986
496372.1978,3754.5915000000386
496400.5327,33100.265799999994
496628.3281,0
497019.0238,5119.932300000044
497040.6716,4612.98940000002
497130.9936,15474.92259999999
497306.1797,6467.854200000002
497362.5678,2644.611300000048
497436.3927,7671.784500000009
497448.3293,8377.27119999996
497637.6597,21105.128800000006
497658.5031,11818.564399999974
497800.1079,19440.379200000025
497863.8676,3588.473799999978
498243.9125,530.2227999999886
498263.4902,37641.3003
498672.7547,3526.0444000000134
498673.0458,0
498752.1262,16610.948600000003
498971.9212,4131.559899999993
499020.667,9095.903900000034
499561.0793,15380.222499999974
499584.8633,5773.247900000017
499599.7173,0
499705.3543,0
499742.7272,1745.2457000000286
499841.2646,8191.586499999976
499943.2197,0
500069.7771,14815.4718
500204.5286,0
500293.8544,0
500316.4895,3122.7719666666817
500387.0122,6580.25469999999
500443.5857,0
500481.3671,16850.23093999998
500545.6936,0
500587.2109,0
500650.2345,8399.41220000002
500949.6432,9895.29759999999
501152.6656,336.6809999999823
501275.6715,12454.663
501293.6689,5149.14360000001
501346.1061,5030.50469999999
501638.3583,4324.107799999998
501666.4434,0
501666.9656,24457.57196666667
501683.7795,5768.838199999998
501912.8775,9087.398600000015
502099.1773,0
502204.894,11487.103599999973
502257.0515,3146.7157000000007
502364.3194,789.3612999999896
502606.473,27757.273400000005
503296.1616,0
503384.5338,0
504126.0859,13589.078199999989
504282.3015,0
504380.5662,6775.550800000026
504409.4397,2588.2774999999674
504420.979,0
504609.4638,0
504698.6485,14494.272100000002
504777.5967,3271.1949000000022
505270.7775,36788.27410000004
505349.6003,1198.058000000019
505472.008,4878.9136999999755
505515.1385,0
505587.0084,5194.761999999988
505653.0352,15388.036399999983
505833.4208,4007.0418000000063
505839.3452,0
505948.8049,19.457999999984168
505977.2866,9707.3603
505982.3822,7208.90830000001
506200.2166,589.6840000000084
506350.7457,4347.979200000002
506411.7334,2138.3471000000136
506558.928,20086.958800000022
507091.8735,0
507105.2234,0
507128.2087,0
507163.7175,12691.693800000008
507218.1272,11811.663
507228.6724,2014.3339999999735
507299.4413,17214.759900000005
507775.3881,18.274399999994785
507955.56,1128.1576999999816
508254.4619,7253.133900000015
508413.5035,0
508489.4462,0
508513.7733,0
508834.1358,0
508990.3563,3156.556099999987
509390.7187,158.82910000003176
509429.6972,6081.251899999974
509539.3859,90.55200000002515
509551.5762,0
510023.6301,0
510104.2091,13090.496299999999
510104.9958,3079.0930999999982
510206.2675,12908.61910000001
510282.4941,8903.131099999999
510294.0029,26599.858000000007
510437.5548,916.044899999979
510439.3111,3430.4824999999837
510520.4032,21565.84110000002
510556.5972,0
510567.3781,4074.758199999982
510686.9292,2226.328199999989
510694.9263,13658.169899999979
510723.8002,314.8035999999847
511060.1812,0
511190.861,804.022100000002
511452.848,0
511537.2165,14499.454900000012
511859.0403,0
512046.7599,4068.867200000037
512213.7879,8993.498066666652
512337.9715,208.1863000000012
513271.8253,9119.73920000007
513463.038,0
513512.2905,0
513670.7858,6268.71040000004
513764.8168,6409.976699999941
513834.6408,0
513979.9585,10363.429100000008
514045.6348,0
514077.0923,0
514149.1256,1142.5710000000545
514489.3533,5596.934300000023
514550.2285,9387.334700000007
514648.7746,0
515242.1611,756.478700000036
515498.3785,0
515686.7471,882.7119999999995
515708.0337,4338.307300000044
515752.5064,0
515777.8241,2813.5261000000173
515794.8651,8501.897599999967
515874.0077,1461.3293999999878
515892.8552,4517.694099999964
516098.8052,2418.6159000000334
516148.1205,2218.4277
516323.5975,4408.620599999966
516706.1362,1935.0316999999923
516973.5922,1876.3379999999888
517059.9656,7408.9902
517105.62690000003,0
517240.896,0
517315.1585,4166.449300000037
517435.296,12219.3456
517481.389,0
517604.5421,0
517750.9138,0
517820.7049,7447.962799999979
518058.7998,1260.4560999999521
518183.2286,8595.245799999975
518337.2598,1628.340199999977
518515.853,0
518719.9471,2153.297499999986
519106.5511,7520.785099999979
519354.4893,10661.448100000038
519359.7615,0
519460.3891,2940.4045999999507
519544.7146,0
519873.3936,0
519993.2254,10628.691699999967
519999.1236,0
520308.4983,0
520590.6747,1339.5715999999666
520602.4372,13789.371299999999
520698.7507,9811.262199999997
520776.682,9000.824299999978
521032.359,3426.9113999999827
521071.6064,0
521277.9654,11081.524600000004
521375.9824,13263.342199999955
521571.763,0
521693.1208,2953.709199999983
522229.0836,2994.7808000000077
522361.3327,4316.661100000027
522365.2096,2528.093600000022
522429.112,11327.443900000013
522467.9365,2558.6152
522552.5586,0
522862.4052,8043.776450000005
523065.29110000003,0
523117.8186,9626.025699999998
523133.9429,0
523168.9739,4696.069299999974
523390.9007,2765.1872999999905
523392.4591,0
523394.1426,11783.516999999993
523559.9497,3027.0424999999814
524070.7004,0
524113.6125,0
524171.2671,2964.332400000014
524423.0408,7801.011599999969
524464.8517,0
524660.8984,1709.8768999999156
524713.6364,13586.902999999933
525459.8712,0
525662.3924,9848.880400000024
525715.3917,11762.466700000048
525816.3636,2072.7764000000316
525922.0386,0
526058.7623,0
526070.2663,8948.304200000013
526239.0582,0
526278.7982,12986.688999999955
526308.5563,8867.366400000057
526347.2908,0
526404.1657,869.5727000000188
526651.9754,9215.879799999995
526732.2619,1446.9592000000412
526934.2079,1335.0515000000596
527220.7886,2375.4959999999264
527365.6583,26676.50630000001
527432.9885,0
527512.0978,2339.6293000000296
527552.6343,1598.2697000000626
527634.4796,0
527705.0797,0
527914.6025,2663.818100000033
528332.902,4205.5775999999605
528649.8564,0
528681.6962,11333.891300000018
528901.5852,0
529003.4655,0
529468.6374,0
529596.8728,2099.4951000000583
530094.8094,0
530176.3878,0
530276.1351,0
530317.5586,22894.016799999983
530418.89,3772.6691000000574
530456.3374,6811.323299999931
531159.299,5633.3099999999395
531600.5132,4021.6893000000855
531998.4648,3291.5304999999935
532040.7909,0
532296.9428,3724.547499999986
532315.974,13638.831000000064
532511.1922,0
532613.6835,14280.078300000052
532673.9565,496.4686999999685
532684.2992,3295.094299999997
532881.1663,0
533296.8778,2834.6297000000486
533426.1588,4723.675500000012
533679.8911,5367.20570000005
534078.1408,12984.78680000006
534187.3525,4816.84580000001
534511.8587,9945.717599999974
534524.8331,10884.208900000027
534654.0865,9761.02350000001
534679.923,9835.988699999987
534859.088,16111.183299999975
535085.9095,22548.08269999997
535280.4957,11531.160499999998
535470.8605,14781.728999999934
535481.3834,5311.991299999994
535813.6127,26291.96820000006
535833.6735,5754.758299999987
535906.2784,1212.3066000000108
535953.4596,8183.751199999941
536233.7602,0
536388.5957,3176.2609999999404
536522.3114,2778.7249999999767
536620.73,12023.76390000002
536755.1476,45819.49780000001
536779.3463,16772.28939999995
536890.6984,6076.2970000000205
537103.8209,0
537223.705,3333.2234999999637
537512.9743,0
537530.9755,0
537977.6408,18096.22780000005
538112.2081,9367.259400000097
538182.7728,0
538246.5009999999,0
538277.1121,3923.317400000058
538286.767,1361.0276000000304
538466.0689,7291.871999999974
538529.1686,9665.034299999941
538845.9222,7437.512800000026
539776.0604,0
539803.4135,16740.181900000025
540110.403,2912.8325000000186
540114.5871,10505.97880000004
540125.0866,974.2878999999957
540159.8283,13483.743700000108
540170.3092,3169.8081999999704
540237.7578,3941.928500000038
540487.9525,3009.81660000002
540942.037,15559.299699999974
541127.9368,18206.737200000032
541206.3148,17114.65140000003
541256.5693,11116.45459999994
541588.663,0
541687.9139,8788.601100000087
541759.3337,3926.726799999946
541793.8916,27973.409524999966
541881.2257,3873.8443999999436
541895.6018,3707.691499999957
542241.2679,3891.826299999957
542778.2825,7041.6086999999825
543043.8647,2911.6069000000134
543064.6195,0
543071.213,28471.35499999998
543086.7675,32606.87659999996
543180.254,0
543195.4095,3264.811699999962
543233.4134,0
543912.8597,2804.189699999988
544204.4598,2743.7889999999898
544324.9565,3752.219599999953
544616.4441,9200.331599999918
544638.0617,8009.498499999987
544756.247,5814.912199999904
544779.0457,17126.08400000003
544902.8035,3880.476000000024
545020.6693,3748.650799999945
545048.3529,2690.591000000015
545674.4181,2415.852599999984
545836.7279,25365.811800000025
546244.6303,11518.648899999913
546391.8515,2553.124300000025
546399.2743,9723.860500000068
546490.7927,14011.101999999955
546771.3841,0
547429.697,4579.978600000031
547727.347,5899.396999999997
547797.2734,0
547845.6809,10637.124200000078
547924.2311,11380.271399999969
548300.0703,14506.146599999978
548313.2405,7726.939999999944
548509.5223,9194.642299999949
548568.4735,0
548947.7144,9554.88890000002
548956.1736,5073.227300000028
549024.6551,14512.395600000047
549326.999,4962.040899999905
549420.6247,10431.703266666736
549615.2288,4785.4849000000395
549730.6877,4109.233200000017
549906.6478,22758.16120000009
549909.3726,5049.32090000005
550545.7652,11870.969700000016
550605.8944,0
551061.4539,0
551282.9679,6366.662899999996
551428.2201,961.0206999999937
551647.224,5410.238899999997
551740.0404,8385.297900000121
551769.0374,6028.279700000072
552126.8124,10163.94960000005
552185.0701,17840.50630000001
552281.9972,0
552344.778,22495.396400000085
552377.9904,20641.04190000007
552732.8638,7179.525000000023
552835.6943,9380.874399999972
553008.4139,13457.437300000107
553330.989,28889.965800000005
553451.5176,6874.241700000013
553480.6076,8122.024699999951
553560.7889,4745.757100000046
553588.913,6670.324099999969
553647.1076,10601.776399999973
554116.9018,7998.73629999999
554713.204,15547.992399999988
554719.8818,0
554744.4418,5042.332400000072
554975.059,7871.180199999944
555473.2238,8285.251800000085
555651.1117,0
555683.6106,5730.060700000031
555873.7024,4867.928799999994
556069.4508,14135.5723
556202.6321,23277.84050000005
556280.4228,6997.135319999885
556489.3563,24296.573199999984
556654.6845,18413.24080000003
557125.881,10874.966300000087
557314.1839,12455.59489999991
557335.525,0
557428.7209,19030.170799999963
557693.813,0
558142.3055,9724.438900000066
558323.8003,16531.620300000068
558477.8105,6309.036700000055
558491.2039,12511.236499999999
558585.5754,16073.83759999997
558673.5887,0
558735.4335,5794.225700000068
558963.4383,6786.647600000026
559215.9895,5173.636500000022
559457.984,182.70670000009704
559641.8861,17621.459999999963
559690.7293,4288.928599999985
559864.0994,20830.1338999999
559884.867,7234.957599999965
560018.8219,17086.848600000027
560147.7287,27969.792599999928
560434.1437,0
560576.3397,15611.289100000053
560954.8855,6230.448399999994
560982.151,13489.361899999902
560998.7037,27870.34289999993
561422.4696,0
561505.415,24128.5830000001
561508.3664,6628.919800000032
561524.6777,6750.365699999966
561607.8858,15989.607200000086
561834.6632,14294.501099999994
561836.5883,18544.49339999992
561936.7926,8768.264600000111
562172.3361,10974.650999999954
562188.6494,0
562384.9274,4319.746299999999
562496.5675,11672.85030000005
562672.604,7822.741500000004
562808.6773,10748.392299999949
562855.7242,4785.558300000033
563090.8213,15496.55039999995
563107.2505,6320.04720000003
563138.4512,9771.017899999977
563140.623,32498.95079999999
563217.4376,1549.2413999999408
563262.7981,12940.303900000057
563436.6431,8611.7108
563438.1788,9324.117500000051
563439.0424,0
563702.3954,16765.05560000008
563770.7992,11367.520499999984
564443.7962,10813.42749999999
564818.9084,31021.301099999924
564830.4488,15778.160600000061
564973.2858,15374.07209999999
565480.6809,6129.299500000081
565517.796,8964.645200000028
565882.1215,5529.447999999975
566031.3496,19501.77449999994
566058.0087,0
566152.9449,9280.325100000016
566302.4687,617.6174999999348
566322.3365,9167.086999999941
566460.3934,6366.100099999923
566565.8669,7850.659116666648
566608.2322,10122.156199999969
566930.2628,8857.583500000066
567002.7058,0
567350.87,7596.021899999934
567613.065,10810.85149999999
567741.4792,0
567742.7482,22599.696400000015
567768.0586,13687.049099999946
567915.9408,8214.204999999958
568050.2462,3966.5241000000387
568091.8794,18713.953499999945
568541.9124,7888.853000000003
568900.3385,8602.785299999989
569064.8686,13925.440999999992
569214.1347,3305.815600000089
569319.9258,0
569337.7529,0
569892.5507,9476.412299999967
570110.6116,15839.806499999948
570360.9598,6036.971399999922
570399.4626,0
570841.4635,11325.714099999983
570900.384,6414.924699999974
571289.7119,0
571318.0737,4536.721999999951
571354.5222,10570.285200000042
571368.1276,10447.442099999986
571645.0628,6307.210599999991
571645.6821,0
571777.7995,9896.936599999899
571961.4182,13118.778599999961
572166.1823,19862.376700000023
572173.919,12851.130200000014
572630.5473,0
572640.9058,16789.5787999999
572918.5086,21624.754099999904
573358.6106,15055.30799999996
573385.9508,12803.985600000015
573591.0612,0
574082.4367,23410.669400000013
574229.0169,18377.67980000004
574945.3194,14104.163600000087
575178.1537,16470.59230000002
575266.3781,7827.502899999963
575279.2972,11074.572700000019
575501.8659,8811.635499999975
576070.219,15619.4972000001
576070.5326,8846.51919999998
576173.0675,31724.295599999954
576367.7096,12475.431999999913
576508.6374,0
576786.7501,8154.789099999936
577031.7786,10164.873599999934
577125.507,0
577295.692,11959.337900000042
577351.154,8379.22219999996
577637.9983,7922.505000000005
578151.4931,23030.96459999995
578216.1703,25945.96259999997
578618.8669,8622.483899999992
578623.2789,14178.800300000003
578856.341,3905.5441000000574
578866.6731,4987.115699999966
579123.4184,7177.555899999919
579202.7781,24521.400999999954
579259.2525,24357.775799999945
579352.7247,21261.055599999963
579395.2683,13678.34580000001
579669.3312,13178.163300000015
579706.0625,16712.125499999966
580325.8154,0
580437.9328,5080.303099999903
580442.2624,5231.767300000065
580561.9073,6150.631699999911
580594.6831,7451.071699999971
580793.5325,32817.81629999995
581032.7505,4399.174699999974
581092.8527,9777.641799999983
581154.1177,3640.040799999959
581292.0623,5622.456699999981
581365.2743,12178.822800000082
581480.0432,5754.271599999978
581532.9398,4224.086800000048
581790.5232,5555.318100000033
582002.7748,3382.9292999999598
582082.1592999999,0
582136.2093,3597.8563999999315
582222.1012,7010.620500000077
582250.5642,10120.875800000038
582765.315,4198.960599999991
582848.1336000001,0
582862.5627,0
583319.0457,21830.69689999998
583349.1356,15078.001600000076
583389.2943,0
583421.5211,9057.371999999974
583894.3132,4752.337300000014
583982.3426,12123.477300000028
583986.1596,2512.1341999999713
584023.1803,4762.648599999957
584205.1843,0
584294.5009,7001.408799999976
584738.7046,2496.643400000059
584900.4118,2245.7271000000183
585101.6221,3444.296500000055
585727.821,5320.648399999947
585818.3814,8278.000499999966
586345.8909,35950.46310000005
586472.5829,4088.4575000000186
586841.528,27017.3256000001
586943.6698,31305.220500000054
587005.1451,16659.56019999995
587248.0188,0
587369.9553,8528.767700000084
587380.6209,27036.73769999994
587442.4607,5569.543700000038
587826.699,5164.09030000004
587973.3198,4697.349000000046
587986.4796,3436.658199999947
588000.2616,9971.161699999939
588096.7775,9513.758599999943
588120.5362,0
588153.7448,20817.02079999994
588216.9506,0
588568.7168,7106.631200000062
588601.2689,5818.081100000069
588681.0047,22238.53620000009
588911.59,3020.2971999999136
588998.8045,4238.02932500001
589009.2308,7981.7207000000635
589078.8724,0
589296.5257,4822.840500000049
589557.3277,3394.3316999999806
589593.22,6547.877899999963
589738.7305,0
589905.199,6784.9232000000775
590000.7998,19648.348200000008
590178.7445,23840.634100000025
590225.0381,0
590256.767,3012.93610000005
590296.1124,9670.98589999997
590405.826,28973.674
590504.8482,19480.549800000037
590728.488,0
591222.3574,6602.84149999998
591276.8454,0
591303.3157,5706.933799999999
591338.9611,6069.087499999907
591419.3559,4248.045999999973
591527.5885,5908.205599999987
591780.6527,0
591817.7713,33723.360600000015
592195.5839,39814.1409
592218.999,0
592380.8347,12027.127199999988
592539.7822,7495.811300000059
592544.4372,4277.186300000059
592552.9414,1760.5520000000251
592560.4249,13380.147499999963
592666.5674,12593.278780000051
592714.2812,0
592729.791,3072.4320999999763
592812.4352,6039.864599999972
593642.6984,3271.137299999944
593676.7949,10336.061099999934
593723.0828333333,0
594025.1222,29705.37049999996
594193.2756,5552.356900000013
594348.4909,2307.3349999999627
594579.678,11401.626300000004
594617.5803,0
594923.2697,0
595099.7025,0
595454.0321,0
595737.0366,30043.758799999952
595757.7862,12627.815999999992
595779.4082,0
595989.9552,3457.500599999912
596211.1153,20551.8814999999
596216.442,3027.242100000032
596251.4744,0
596471.8917,1037.3924000000115
596539.8765,45882.343700000085
596695.1901,0
597139.8992,8247.075300000026
597155.3675,18369.287500000093
597359.9339,50332.49329999997
597498.9242,10420.743950000033
598003.5672,0
598407.2389,42927.78159999999
598481.9011,18599.2243
598532.7157,16570.65499999991
599020.6786,0
599065.4016,10611.37910000002
599211.0054,7122.5317000000505
599316.7855,11584.02138333337
599572.0652,3252.5529999999562
599700.36,3878.3678000000073
600151.2268,10356.966099999961
600496.7505,10582.178699999931
600564.117,4344.08739999996
600711.3802,6049.053900000057
600738.1096,19352.458999999915
600754.5552,45612.471699999995
601180.993,0
601546.5399,0
601693.9066,3898.050500000012
601707.1631,3336.991700000013
601784.1359,0
602050.7529,3206.8597999999765
602061.7645,0
602730.9438,5949.520299999975
602734.594,0
602951.7407,7801.709199999925
602974.2031,0
602992.0809,7025.5652999999
603180.2028,10034.428599999985
603503.7283,0
603541.0814,7379.885000000009
603649.8199,0
603773.236,0
603848.5791,4694.192099999986
603854.3981,11521.822199999937
604008.6856,4144.004199999967
604103.0254,5629.197800000082
604162.5441,5666.770800000057
604268.631,5452.437300000107
604470.6737,11758.553799999994
604770.1341,16737.698800000013
604958.7298,0
605307.5336,5990.839999999967
605376.3581,15393.455499999924
605689.7802,10103.129700000049
605773.2324,34093.71829999995
605788.147,3373.8793000000296
605850.3415,15266.39189999993
605901.7589,12929.50589999999
606057.3886,0
606128.3742,6853.296399999992
606131.1815,12183.09699999995
606262.0701,14945.04269999999
606264.8843,7713.278300000005
606674.2681,4090.625800000038
606710.0334,12097.664099999936
607020.0327,4415.551199999987
607224.5137,7071.411100000027
607229.3083,0
607275.7665,17496.235800000024
607304.6222,4646.901699999929
607596.0332,7825.508099999977
607811.2216,21447.229550000047
607946.2916,14234.690100000007
608052.1104,22399.26919999998
608188.2272,11199.659600000014
608196.8957,11500.194900000002
608200.2418,0
608230.7024,0
608297.5963,8157.777899999986
608407.9003,0
608632.0656,6483.247199999983
608665.4109,20386.82150000008
608769.5424,0
608791.4858,17901.591600000043
608819.4704,0
609276.9464,0
609385.242,11360.729099999997
609633.5821,13030.708199999994
609870.5404,5518.6578000000445
609940.7452,13587.811699999962
610163.2581,0
610309.9131,0
610366.7051,4869.31409999996
610721.1109,7173.735400000005
610851.6571,9859.038499999908
611468.3576,8921.12520000001
611549.3055,5710.368400000036
611778.7301,7311.714600000065
612099.0384,5081.815899999929
612231.3948,7419.7981000000145
612472.9002,13237.422600000049
612592.889,15967.180099999998
612682.0121,13042.773200000054
612716.504,18373.34369999997
612813.5542,10097.246299999999
612906.236,5188.059400000027
613706.753,7785.571300000069
613786.6013,7055.746700000018
613811.3616,14244.939199999906
613966.6694,6567.508900000015
614067.3973,9182.06549999991
614104.9624,6493.973200000008
614371.6958,5625.128399999929
614647.6772,1777.4941000000108
614751.4234,9944.563299999922
614880.9358,12137.364699999918
614987.3996,375.7136000000173
615060.5869,6846.508900000015
615104.0118,3500.770200000028
615234.0554,13834.20829999994
615312.5433,12299.766500000027
615365.7714,7696.778199999942
615666.091,4748.754700000049
615721.9738,6131.635533333407
615927.457,22035.776700000046
616020.3599,20929.020699999994
616045.6334,12923.164700000081
616184.8957,6596.011900000041
616188.9615,6374.326999999932
616360.2556,12857.233699999982
616396.6268,5671.3223
616489.4627,5096.9381000000285
616492.949,9707.271200000076
616625.9293,18682.209700000007
616969.1568,29996.186800000025
617026.2842,14409.28059999994
617042.5358,9390.064499999979
617127.7743,8248.27190000005
617365.4319,14969.757400000002
617686.4134,16887.651399999973
617931.2978000001,0
618075.7038,9414.170200000051
618175.3793,14172.425200000056
618332.3499,0
618474.7875,5708.929600000032
618729.2972,9446.788700000034
618801.4785,6317.3900999999605
618829.864,4444.012699999963
618980.1111,5937.791499999934
619421.0728,7027.066899999976
619422.2394,5230.200499999919
620034.0741,0
620108.9746,5271.632400000002
620905.6931,5568.992100000032
620990.5141,6785.13069999998
620993.939,0
621210.3991,16443.959299999988
621235.3573,19870.982100000023
621388.4174,12912.333300000057
621428.219,23263.99700000009
621504.9497,6424.9849000000395
621732.1578,7618.733800000045
621853.2621,13652.748699999996
622048.6001,7801.020499999984
622255.6417,12914.521400000085
622314.5122,5026.335699999938
622413.5671,5164.3118999999715
622576.115,11592.259899999946
622858.9479,4984.751900000032
623061.2538,13868.241099999985
623820.8694,2392.113999999943
623835.6061,10047.013199999928
623965.3418,7891.676399999997
623994.6678,0
624103.281,15349.248399999924
624640.2303,5807.330300000031
624693.0113,14443.747300000046
624934.3641,10939.40029999998
624982.7534,7878.954900000012
625049.7044,13928.859999999986
625224.7416,3949.7241999999387
625349.169,10008.10109999997
625585.9685,10710.387199999997
625970.338,10624.569099999964
626081.0182,11783.973200000008
626180.3062,10461.009199999971
626191.6791,22795.356499999878
626243.6801,6233.920999999973
626521.3626,11740.741200000048
626547.0144,9275.564000000013
626958.9709,11216.172099999967
626988.7959,15889.33050000004
627595.6065,9288.459299999988
627740.027,8947.721499999985
627815.8856,9071.289700000081
627848.0649,26043.060999999987
627914.3647,16729.106400000048
628056.7487,11466.139199999976
628070.8678,4864.111499999999
628145.542,11545.33620000002
628711.9406,481.6047999999719
629186.5536,8321.633499999996
629487.5524,15330.899100000039
629583.4566,9095.297300000093
629707.6038,8243.957200000063
629797.5342,12991.755099999951
629829.8012,8676.393399999943
630099.4867,7494.0929999999935
630624.4684,3346.417400000035
630821.1234,0
631604.7414,4681.669200000004
631694.5813,16118.450499999919
631940.5118,8696.300799999968
632087.6696,0
632108.28,8798.437800000072
632502.3763,16676.611900000018
632857.3276,19950.54449999996
633242.1501,13647.13069999998
633361.9776,12998.325399999972
633540.7469,9654.461600000039
633645.4709,5357.92359999998
633701.6696,9328.419200000004
634124.442,13596.185100000002
634390.6162,22877.540299999993
634405.2856,13502.241699999897
634442.5345,10560.012699999963
634635.9158,14249.63069999998
634725.5964,1301.8334000000032
634738.0736,9936.621599999955
634995.9081,10767.207599999965
635907.1819,20959.62479999999
636142.596,17336.252199999988
636548.0625,10872.320300000021
636622.1292,14835.393999999971
636674.3622,14462.52469999995
636816.1924,10033.693200000096
636840.5107,11407.82959999994
637019.1344,17693.00780000002
637242.0673,11138.108699999982
637558.1543,8463.728900000104
637788.1881,16423.932900000014
638021.9581,0
638145.6419,20297.030400000047
638219.2494,35485.777
638239.7354,31179.474099999992
638252.2646,16312.91539999994
638622.4236,26635.24959999998
638800.823,17949.50780000002
638900.5311,6678.4063000000315
639006.8592,11023.128599999938
639287.4382,0
639520.1417,10324.333700000076
639556.5201,9937.368900000001
639676.348,6018.179600000032
639972.1138,14794.48060000001
640025.5672,14857.874600000097
640116.8198,19187.884100000025
640372.0277,19140.297699999996
640456.2662,22404.44669999997
640627.5431,16658.085100000026
640720.8179,6519.40280000004
641015.9921,21718.019700000063
641156.0135,21231.676399999997
641214.7922,23556.089000000036
641282.5083,15428.29310000001
641576.27,18745.91440000001
641782.2585,20923.501300000004
641923.287,21905.46900000004
641971.9158,34079.58470000001
641990.9693,8875.918799999985
642098.8127,17685.763999999966
642161.0109,14125.083899999969
642165.1638,0
643075.9667,20742.430799999973
643092.4575,13831.041199999978
643792.0645,38997.23179999995
643918.17,17217.937400000053
643992.6572,0
644280.0607,7233.724700000021
644508.0908,8816.561400000006
644641.9201,19805.389800000004
644849.5259,14569.228400000022
645028.7553,7329.3652
645197.1859,2578.7286000000313
645398.6889,21136.24379999994
645433.1577,0
645473.1878,6477.459299999988
645499.3549,1507.9711000000825
645502.6106,2746.155800000066
645609.1343,0
646256.37178,0
646296.339,0
646323.4187,26237.49800000002
646559.112,14236.202300000004
647154.9174,0
647483.3535,19497.831400000025
648297.5648,14172.310400000075
648307.7609,14205.734100000001
648450.7146,12229.223200000008
648450.9008,12891.254499999923
648513.3129,17848.464799999958
648792.59,10568.281699999934
648884.7057,9668.657000000007
648894.9502,1942.216199999908
648922.9739,15975.560799999977
649069.5133,10768.607820000034
649822.0562333333,0
650293.0454,8776.041199999978
650353.7447,14221.024900000077
650478.4659,25774.281599999988
650518.1625,11046.160999999964
650521.8458,9255.693100000033
650598.4511,0
650817.7228,14460.650999999954
650932.908,10126.811400000006
650981.0585,15657.497700000065
651047.8686,0
651223.4411,10818.203400000115
651376.2581,14309.103399999905
651512.0312,11776.1679
651520.5899,11987.115100000054
651587.8226,1408.0304999999935
651847.0297,8586.163499999908
651851.6791,26733.537199999904
652196.5118,0
652317.4291,11320.486399999936
652469.0059,10310.606399999931
652555.7024,16919.964099999983
652657.2332,29420.573900000076
652664.5586,11062.998999999953
652850.4062,18557.254799999995
652861.5599,12467.103499999968
653169.5728,10198.824000000022
653228.7977,9334.682299999986
653332.3009,0
653599.6799,9329.766500000027
653672.4756,14483.166699999943
653808.1951,9173.41810000001
653969.2868,9614.117500000051
654051.7214,11663.491800000076
654066.8652,32252.476999999955
654188.6077,15603.373499999987
654234.6953,9026.500400000019
654475.9074,25010.699699999997
654538.7532,10144.868600000045
654756.8668,27275.422799999942
654969.4848,8164.459799999953
654999.7422,7610.932999999961
655110.4678,19378.908999999985
655118.7186,0
655175.8702,10632.652000000002
655360.762,15981.946699999971
655674.0001,16904.715099999914
655770.9853,8575.64009999996
655932.1982,18283.513099999982
656151.0462,19176.61619999993
656218.7764,0
656348.0864,0
656352.9908,14155.589500000002
656570.5032,22147.767899999977
656915.1083,12559.725800000015
656991.5772,3887.036400000099
657259.7096,7485.786699999939
657343.9866,9388.993599999929
657842.4338,8695.089700000011
657925.2289,30181.55720000004
658013.411,7755.707699999912
658066.7165,16577.84990000003
658074.8895,9305.181500000064
658348.5126,15876.963800000027
658376.743,2906.4311000000453
658496.0395,17039.15797499998
658630.7751,9779.369399999967
658676.7657,0
658704.7725,10066.471799999941
658725.4486,24714.9902
658843.8186,12469.69319999998
659368.3894,12682.945799999987
659471.8185,21208.0756000001
659879.6406,8447.528500000015
659941.5231,10152.386000000057
660049.0725,8226.858899999992
660114.1388,17581.307499999995
660224.6768,8068.680700000026
660232.586,9329.923199999961
660330.1328,8670.636300000013
660331.6412,39729.661799999885
660497.5604,0
660497.6199,19683.162100000074
660516.6911,13654.784600000014
660719.6825,10239.443899999955
660861.7339,23266.26190000004
661021.6651,27691.948199999984
661261.0435,16378.388799999957
661287.9792,8869.707699999912
661301.8242,9338.950799999991
661389.688,24597.88659999997
661562.4782,12773.075199999963
661619.6522,35185.58230000001
661708.0105,5965.126099999994
661875.6795,554.2631999999285
661962.0241,7891.589000000036
661999.6506,11328.753299999982
662211.2867,12324.784000000102
662319.2164,7308.326733333408
662371.6396,14695.934000000008
662470.1925,0
662694.7672,8951.51370000001
662767.4197,8862.826499999966
662795.014,10338.624100000015
663122.4288,9411.012899999972
663261.1629,14124.731499999994
663309.9564,10202.34990000003
663640.6145,6531.7517000000225
663690.8638,24148.481900000013
663925.1574,13138.284560000058
664157.4942,2068.051499999943
664220.574,25139.977799999993
664456.2,10811.364399999962
664639.9299,5756.796699999948
664763.5898,8228.79839999997
664971.7892,9110.82779999997
665960.5592,6464.040600000066
666139.1926,8091.836399999913
666656.1167,23973.661199999973
666734.6233,13198.167999999947
666869.2192,8456.64870000002
666911.3493,737.7730000000447
667171.7188,4298.925600000075
667189.317,33634.5416
667424.4114,42933.79449999996
667513.4142,6987.339399999939
667594.6077,28006.061900000088
667656.2752,8262.721200000029
667807.6571,22728.39169999992
668132.0747,24199.433500000043
668431.8999,16397.12619999994
668446.1042,9304.160299999989
668459.3215,9439.650499999989
668846.1051,21323.8097000001
669090.0939,8279.664099999936
669173.2133,9197.110299999942
669230.3645,8876.939299999969
669392.1787,32635.41563333338
669546.4368,30448.086499999976
669591.9948,18294.37989999994
669642.1228,0
669869.4743,19097.736000000034
670126.8519,14950.259300000034
670170.8761,13059.185399999958
670206.8694,0
670331.2302,6025.075300000026
670564.8115,9677.741199999931
670701.7174,0
670733.0455,12692.017899999977
670810.2501,20575.172399999923
670818.5275,14854.204299999983
670997.8635,0
671151.2067,7014.118499999982
671225.3836,25365.321200000006
671479.7119,17380.148539999966
671642.5969,5588.475499999942
671750.2051,962.5378999999957
671764.9923833334,0
671814.7593,5684.136500000022
671871.6483,18771.108600000036
671987.3027,6856.854799999972
672016.2807,7823.648900000029
672036.5577,5525.045900000026
672147.2904,0
672314.2436,5704.780700000003
672335.1075,14792.796200000099
672515.8394,3572.499700000044
672524.2418,5006.708899999969
672941.9149,7274.728400000022
673013.5886,15330.410999999964
673626.9616,0
673987.5783,2703.935800000094
674499.6204,5667.866400000057
674516.9656,28448.511100000003
674538.3336,5157.545999999973
674639.896,959.8844999999274
674703.4792,9500.692199999932
674967.498,20630.195399999968
674993.0869,22937.229700000025
675032.2706,4233.65260000003
675106.2953,10950.4767
675458.8799,4505.930200000061
675644.4205,8629.78509999998
675759.9119,1986.5420999999624
675777.0666,8537.140800000052
675977.6027,4675.603240000084
676089.0075,19164.748599999934
676283.7204,1532.251900000032
676495.1811,3444.0687000000617
676517.6574,4436.633700000006
676739.6185,17905.73060000001
676815.9946,6026.192299999995
677011.6392,23618.854500000016
677169.4639,7272.503099999973
677302.224,0
677325.7487,3924.696899999981
677464.6446,2097.7116999999853
677512.1411,5832.969999999972
677607.7539,9917.84759999998
677740.2245,6131.29560000007
677752.6416,4170.533899999922
677785.5421,2437.84169999999
677817.8632,4988.792299999972
677907.7527,16123.422999999952
677928.7292,8645.202099999879
677932.099,21891.971800000058
677946.7154,19684.83289999992
678169.3954,8658.994799999986
678271.0075,4543.63209999993
678271.7209,30172.531499999925
678495.1432,8782.777000000002
678599.2992,11758.309200000018
678629.8709,22752.111799999955
678676.8271,5180.270000000019
678801.3471,2996.238699999987
678896.4925,47965.784400000004
679239.4752,2354.8504999999423
679439.3268,8112.284900000086
679444.1584,3641.994399999967
679452.225,8979.464399999939
679771.0368,3916.7093400000595
680137.8893,8765.69200000004
680517.1494,18596.70909999998
681134.8303,6770.05560000008
681610.187,4266.118600000045
681719.9967,4556.758000000031
681866.9818,18888.81615999993
682122.8758,5298.82209999999
682304.9081,2264.04170000006
682394.5829,6198.676199999987
682502.6257,3606.9782000000123
682652.2287,29925.596199999913
682741.917,2885.251200000057
682753.4526,7876.005599999917
683051.5626,12103.032799999928
683107.4427,5729.490899999975
683410.258,3743.9847999999765
683460.023,2288.4239000000525
683655.8547,5633.914800000028
684148.1904,8551.553699999931
684152.8001,3462.451000000001
684352.8465,15520.123200000031
684389.763,14274.367300000042
684557.5455,6193.802799999947
684740.5733,3503.6736000000965
684863.4603,29435.4743
684867.4494,5252.402899999986
684868.6601,2586.8919999999925
685207.8224,9208.725999999908
685214.5291,4245.585599999991
685350.173,9232.685899999924
685387.8179,12781.727960000047
685440.8576,3685.4743000000017
685491.6259,5075.791199999978
685688.4903,4805.785299999989
685939.1439,22868.71299999999
685962.8417,13887.168399999966
686044.0126,10246.755200000014
686115.996,4073.0691000000807
686204.5985,1716.2262999999803
686214.1988,14234.218400000012
686291.4603,29051.292000000016
686392.9043,4165.108800000045
686581.8974,3700.2904000000563
686609.818,11090.542599999928
686617.6716,3100.891500000027
686703.5185,1485.7214000000386
687093.1345,15294.152700000093
687223.7916,6837.685999999987
687528.9816,7621.4558000001125
687633.8726,3613.487899999949
687668.3141,7248.898099999991
688235.6184,2488.905400000047
688497.7662,12740.215399999986
688534.1244,4330.69869999995
688543.5542,4572.737900000066
688572.3234,0
688619.8987,6131.330199999968
688771.8809,4213.601400000043
688827.7914,3398.296800000011
688881.9899,8401.239500000025
689104.1998,4102.146799999988
689622.9725,4167.46100000001
689658.977,2508.17359999998
689782.6827,696.9405999999726
689852.1307,6225.373900000006
690038.9931,5105.656499999925
690201.557,9739.627300000051
690216.7432,12672.14750000008
690399.6138,3875.7719000000507
690432.7816,34224.27319999994
690721.6045,4644.055300000007
691168.5018,12548.073800000013
691363.6463,4143.199600000051
691612.2519,14819.576700000092
691762.4861,12241.501300000004
692104.1553,3409.9157000000123
692386.6081,3516.3578999999445
692406.7228,22885.047099999967
692440.3459,4509.908799999976
692476.0492,13492.631999999983
692510.9595,13188.922799999942
692627.818,5568.200925000012
692827.6269,6124.743000000017
692980.984,5827.869900000049
693120.1936,6003.706200000015
693556.8068,16227.43040000007
693593.2154,18655.941899999976
693594.2256,4577.30700000003
694050.2214,3372.4692000000505
694068.221,5313.778599999961
694298.8257,16286.491500000004
694424.6933,3248.0580000000773
694432.5724,8845.052599999937
694473.5203,15486.297399999923
694703.0377,9099.83779999998
694794.6355,12454.758799999952
694953.1947,2520.1940000000177
695104.6964,3035.3967999999877
695210.1889,4411.809699999983
695300.3621,7684.520600000047
695867.2238,4296.727399999974
696091.4933,12069.730899999966
696481.6287,6118.733400000026
696738.2462,34952.57300000009
696941.8417,5881.779600000009
696987.767,14955.343499999959
697071.3599,5168.059200000018
697520.8389,6985.618399999919
697532.6354,4977.122900000075
697658.8678,5619.317000000039
697795.8122,13143.71370000008
697909.7765,0
698129.8681,9105.154699999955
698286.1168,8135.324799999944
698304.4112,5573.850899999961
698493.6511,4071.8800000000047
698535.0625,11341.619999999995
698785.7267,8241.96669999999
698801.5308,5804.832999999984
698924.5372,16508.791399999987
699045.3822,10272.451099999947
699189.2637,5179.8283999999985
699404.8575,13197.913600000087
699478.3529,4803.200600000098
699521.2068,15986.22470000002
699525.9624,17447.617299999925
699587.284,6437.989999999991
699619.7253,4654.442200000049
699845.4048,11119.357700000051
700015.3098,4334.204499999993
700920.6995,5957.888299999991
701357.1078,5153.574900000007
701503.1875,12395.966299999971
701710.7301,16936.21710000001
702416.48,33456.67920000001
702464.1464,5771.785599999945
702477.9289,6189.06110000005
702694.1782,8281.633799999952
703390.393,21618.939300000085
703428.4804,15863.42610000004
703429.0275,6328.037099999958
703557.6579,14339.694099999964
703580.2209,5828.858000000007
703822.0287,6279.58620000002
703951.4632,10003.44709999999
703972.6444,19538.48589999997
704003.2495,14971.430500000017
704142.3061,6807.150400000042
704325.3515,15375.7831
704364.1402,11791.96649999998
704420.2045,7685.766599999974
704828.253,10305.410499999998
705046.2701,7522.981399999931
705056.4139,7296.149000000092
705619.3757,17902.874499999918
705676.7875,4266.957500000019
705807.2686,14316.937099999981
706079.921,12731.92379999999
706119.579,3248.362199999974
706285.7723,10985.485599999898
706709.8826,11759.091800000053
706898.5405,11206.22809999995
706977.5027,7743.040799999959
706991.9261,5516.071800000034
707059.4497,9355.647600000026
707231.3365,4875.944200000027
707243.6211,15302.819999999949
707569.5438,19717.095699999947
707722.6866,11860.402899999986
707724.3104,7277.005199999898
708189.8132,9297.703899999964
708230.8245,25032.81953999994
708368.8878,15154.288000000059
708382.5177,16964.06739999994
708463.6538,4375.376999999979
708563.3398,15980.743000000017
708567.8715,8017.277499999967
708620.9894,11845.427099999972
708975.4032,5803.074699999881
708994.3475,6114.499600000097
709065.7999,14697.269100000034
709940.1722,6376.164199999999
710316.2005,5813.216100000078
710392.8969,6132.784600000014
710495.2529,24591.66929999995
710764.5472,5903.89730000007
710815.2648,6333.9692000000505
711205.5872,5116.395199999912
711673.4996,19300.597100000014
711922.3394,17603.326700000092
711985.1736,33181.25020000001
712153.1591,16021.846100000083
712494.3717,7096.011500000022
712603.0483,9065.979999999981
712800.5813,9291.757499999949
712999.1091,15914.401700000046
713063.0389,4721.770000000019
713083.4281,5692.520000000019
713123.4878,11672.107599999988
713143.4389,16628.744299999904
713312.0567,8078.850800000015
713404.5302,5789.450200000079
713432.8654,22244.259899999946
713484.671,7236.663899999927
713766.4062,7135.040999999968
713863.2507,11875.054899999988
713927.7992,26194.82850000006
713943.4979,19558.791499999934
713972.2559,14338.170500000007
714567.0397,12761.528099999996
714651.5663,6106.109499999904
714889.7919,4495.698600000003
715015.5478,7271.741299999994
715136.0405,8047.504599999986
715374.6925,8145.184299999964
715579.4367,6637.549600000028
715629.1524,19639.59129999997
715721.0335,7097.43339999998
716182.4225,18899.72450000001
716337.4981,5598.348400000017
716601.7874,9759.01549999998
716656.5744,12295.175200000056
716661.9366,12685.158599999966
716685.6593,7882.8288000000175
716835.7112,13942.464299999992
716862.4947,6264.728600000031
717318.0331,5894.308700000052
717339.5548,11753.906100000022
717371.9768,6819.628599999938
717397.575,13754.573340000003
717458.685,10694.33440000005
717548.0595,18764.537599999923
717648.5534,6304.303499999922
717669.5979,4502.030800000066
717749.3149,12606.86679999996
717800.1117,8666.216400000034
717943.8374,19416.17129999993
718056.2111,6287.950799999991
718107.7374,8112.9277
718413.5523,5562.233899999992
718547.4106,14594.738899999997
718803.4822,6320.64579999994
719131.0977,20959.068300000043
719457.7317,22556.036700000055
719474.2253,5452.2970000000205
719568.2072,6465.288899999927
719617.5914,6194.351000000024
719782.4575,7158.812099999981
719901.1052,11364.92379999999
719962.1586,23348.901599999983
720151.5075,7062.851799999946
720360.7346,15363.294099999941
720392.6307,24751.792099999962
720478.4464,5930.119399999967
720524.0291,0
720683.2834,18133.85489999992
720764.114,1213.1104999999516
720840.8488,16516.200300000026
721081.4496,11264.502399999998
721249.1865,5506.098999999929
721429.7563,9488.325399999972
721483.795,7937.2663000000175
721819.3634,9871.419200000004
722673.5139,11047.670000000042
722940.4389,15136.300099999993
722968.4305,2703.507100000046
723040.3536,14518.228000000003
723082.483,3859.574900000007
723131.4007,15556.556899999967
723321.1494,13257.878599999938
723391.1591,41219.06690000009
723395.6693,5993.379799999995
723582.9706,7197.204700000002
723656.0397,5590.763399999938
723759.0911,20194.880999999936
723876.4077,13834.621700000018
724226.0376,6926.410200000042
724743.5775,6027.05130000005
724792.5087,6346.911599999992
724926.3267,5038.772800000035
725153.9595,4434.154899999965
725385.0909,21219.0723
725628.4774,5695.615099999937
725691.3099,6262.292799999937
725743.2977,8163.762299999944
725888.9359,11590.14850000001
726038.0948,0
726161.5068,22188.451299999957
726488.1667,13687.231099999975
726556.0708,10172.229999999981
727003.2167,16428.997399999993
727149.7592,6007.55290000001
727388.5496,13955.517100000056
727537.7581,9904.610400000005
727560.9648,7707.3913000000175
727994.5763,6612.892533333274
728001.6188,5805.433200000087
728382.5364,9645.86930000002
728644.005,19848.660499999998
728791.6248,12933.628499999992
728938.5944,2635.2112999999663
728961.1866,11421.61770000006
729224.6531,7375.166599999997
729270.5849,17742.491400000057
729274.2057,14929.589400000055
729612.4367,16370.160399999935
729627.943,8656.111799999955
729778.4731,7975.693999999901
729945.7991,7159.305199999944
730500.633,8762.912699999986
730589.5204,11091.344099999988
730686.224,10161.1553000001
730801.356,22534.974099999992
731003.8852,11173.327000000048
731108.7012,0
731127.8295,0
731218.9591,9963.254499999923
732090.4489,8367.980899999966
732386.3704,8831.118800000055
732620.3906,0
732940.3854,16587.46180000005
733027.099,13566.861499999999
733133.5512,32370.930700000026
733143.639,13379.043199999956
733148.3321,9937.16810000001
733183.0214,14794.113799999934
733248.1183,34174.06270000001
733642.2765,0
733816.8507,16481.096299999976
733874.0532,8397.544999999925
733969.6251,9266.561699999962
734032.8178,12418.563999999897
734063.5022,0
734121.7134,16263.820799999987
734262.0476,17908.963800000027
734397.0292,18323.88690000004
734442.0111,10648.975800000015
734928.129,14836.64169999992
734974.9936,0
735368.7242,7990.170700000017
735568.6572,11364.278399999952
736099.5105,10243.701000000001
736366.3391,24040.09030000004
736400.1368,11727.074799999944
736435.8104,9110.944699999993
736444.2344,15502.017299999949
736812.7233,15726.669599999906
736991.1891,614.8406999999424
737097.9715,16568.9142
737281.1954,11403.719299999997
737588.5846,11851.925799999968
737653.5611,11064.828540000017
737852.7481,9134.978699999978
738356.752,15537.106199999922
738835.1956,18893.78449999995
739028.0012,22198.878000000026
739621.7942,23715.34349999996
739731.7585,0
739926.2046,19028.390600000042
740137.0425,11788.04269999999
740178.6449,19374.5456999999
740407.7267,25155.59679999994
740480.0957,11138.01709999994
740604.2517,10752.833500000066
740733.2043,14928.61129999999
740995.038,9715.17949999997
741205.3958,17272.19800000009
741337.068,17664.714799999958
741385.3467,10606.707000000053
741623.7344,0
741826.8874,21256.636700000032
742058.0266,17538.88559999992
742078.8906,10917.812000000034
742096.465,13414.848699999973
742152.1341,15335.601400000043
742158.75,11303.155400000047
742269.1167,11240.282499999972
742407.7805999999,0
742477.4777,12652.141900000046
742550.9737,0
742658.3516,19965.8036000001
743109.0196,11263.969999999972
743538.9607,10514.662100000074
743566.5906,17379.414800000028
743653.6789,10940.359100000118
743696.0017,36927.997700000065
743717.1122,0
743717.7678,20223.363899999997
743850.6629,10410.478299999959
743893.9895,8863.778700000024
743961.1858,27447.654899999965
744158.2625,8980.505000000005
744163.0831,0
744311.7359,8587.863499999978
744542.4818,0
744945.2228,21326.488599999924
745014.552,10995.154900000081
745341.2367,21035.24900000007
745377.2084,8003.785999999964
745656.8055,10945.402899999986
745765.3449,13127.602100000018
745866.2525,17480.722999999998
745899.3017,15165.74749999994
745904.455,14910.910799999954
746020.5769,29429.77190000005
746088.6826,10811.627099999925
746284.1493,0
746307.7879,11207.085199999972
746416.2995,15454.4375
746703.1797,2294.350283333333
746843.1233,14045.377800000017
746948.5616,8577.606700000004
746969.9048,24373.872600000002
747192.245,26187.19279999996
747332.561,0
747371.6371,9872.561700000078
747602.368,11107.625100000063
747796.7751,0
747879.6262,0
747973.2874,9112.784600000014
747983.8201,10124.267499999958
748044.0305,26549.678199999966
748074.2555,9397.97749999992
748115.071,18045.52099999995
748227.3968,9985.078499999945
748274.9389,19741.308099999907
748585.9796,5192.771100000013
748596.2384,24706.14360000007
748816.6692,0
749167.2293,12814.722500000033
749465.9269,8791.002099999925
749827.3257,0
750043.0334,7354.967399999965
750100.2955,18460.268099999987
750118.1034,14012.184540000046
750434.8751,4754.812399999937
750470.29,24108.862399999984
750476.6603,11036.761599999969
750805.6344,6261.349300000002
750914.3133,0
751156.8001,10387.985600000015
751378.1336,0
751393.0184,6170.432699999888
751456.1062,16083.813000000082
751666.6388,4360.6377999999095
751800.3413,12767.762299999944
752191.0336,41669.957199999946
752290.4261,24309.726400000043
752373.4901,0
752432.5392,15737.795599999954
752608.1476,0
753364.4777,27254.183700000052
753437.7814,5765.7474999999395
753451.8421,24942.625899999985
753531.2598,22056.388799999957
754018.9755,0
754543.034,15984.363499999978
754643.8467,5184.783399999957
754985.1569,9010.600499999942
755115.6462,17791.19009999989
755668.6753,22087.799699999974
755736.4413,0
756150.8076,6317.760899999994
756257.8131,8874.077300000004
756324.4188,8740.679799999925
756422.3495,19701.085500000045
756423.1045,23366.609999999986
756546.2836,13947.336899999995
756553.2379,3973.9309999999823
756811.712,27884.57540000009
756821.5839,9359.586599999922
756959.7309,6529.079999999958
757119.8846,23487.059600000037
757369.5448,0
758059.4211,13777.4571
758095.573,24126.52099999995
758197.7693,24019.472700000042
758380.2946,3302.404600000009
758451.5282,7802.903099999996
758507.1263,11201.822000000044
758550.8051,21705.82759999996
758621.4488,0
758760.5967999999,0
758855.9738,16847.390800000052
758998.1905,6699.268400000059
759073.0303,5414.931400000001
759081.7222,18319.780499999993
759585.1506,15247.75250000006
759682.9792,20108.890399999917
759796.9015,14346.183300000033
759907.9622,4389.328899999964
760298.9863,3221.156100000022
760414.4058,21349.590800000005
761024.5324,12047.12910000002
761079.7872,9442.435599999968
761138.8488,0
761457.7211,12391.52099999995
761479.6744,3984.121999999974
761564.741,36269.46940000006
761601.9004,5153.199000000022
761605.2163,0
761860.5926,33020.90559999994
761868.4233,9234.87109999999
762184.3891,8720.314699999988
762218.5086,3775.2586999998894
762232.8352,14187.862099999911
762278.717,0
762408.6529,5065.100299999933
762720.7908,3243.505099999951
763123.8648,7160.8321
763181.0793,11587.799649999943
763185.7968,10119.722900000052
763241.2627,5076.193899999955
763512.4304,13496.142599999905
763596.0149,9695.974300000002
764088.7394,0
764150.7566,5769.854999999981
764209.6763,10133.33440000005
764292.8905,12107.502399999998
764349.3422,33164.043399999966
764552.1373,27409.330799999996
764693.1367,6638.992800000007
764762.0471,0
764767.03,18091.599000000046
765322.6663,0
765416.2038,7804.322399999946
765541.4058,19346.939399999916
765670.3938,4162.975600000005
765770.8264,0
765778.7488,8538.59309999994
765824.5286,7107.684899999993
765826.7008,0
765881.8634,0
766162.7172,5610.2006999999285
766279.1926,6948.409400000004
766725.9124,10954.917400000035
766869.0898,0
766998.694,20292.183100000024
767044.1395,8718.236100000096
767107.1063,7265.682900000014
767129.2463,8245.924899999984
767181.7779,0
767639.4997,0
767748.0861,11022.609883333324
768174.5655,4713.097200000077
768235.7001,0
768346.3364166666,0
768476.6723,11149.510699999984
768535.5497,0
768638.9269,8309.239199999953
768893.783,0
769028.853,0
769132.8121,5634.080899999943
769152.9868,9559.878099999973
769384.2995,6005.204900000012
769391.8871,13697.009500000044
769625.9248,9402.800400000066
769837.386,7840.89710000006
770254.5386,18266.68849999993
770361.2297,6983.676600000006
770503.1407,13273.89419999998
770565.4328,6019.863899999997
770601.1639,4886.760000000009
770609.0326,7146.570100000012
770659.6675,5893.580699999933
771417.4678,17234.81389999995
771550.1631,12661.604900000035
771658.9958,5216.137199999997
771796.6833,4883.996700000018
771885.7823,42985.6936
771949.1233,0
771962.3449,11460.59990000003
772182.1992,7679.014599999995
772221.3059,0
772324.101,9714.324320000014
772379.8349,11333.267499999958
772498.301,12242.34149999998
772658.3133,0
772669.9849,6120.3442000000505
772792.7586,14993.386999999988
772804.8467,11436.348299999954
772851.7517,7539.56680000003
772955.7584,13972.166100000031
772963.7158,5475.996900000027
773450.6392,0
773514.9303,13654.647299999953
773639.741,6202.249599999981
773805.0709,16276.856900000013
773855.0819,0
774096.9017,10759.318900000071
774236.4001,8853.06839999999
774368.1582,8227.478499999968
774507.7172,6409.2174999999115
774608.4592,6752.978800000041
774842.8785,23874.14439999999
774906.8692,0
775005.6753,13056.399500000058
775073.4984,17339.86990000005
775539.7331,20270.652799999923
775617.6424,7352.227599999984
775717.2467,11969.457400000072
775849.1537,10044.86560000002
775953.0037,14901.585899999947
775960.5989,7751.730699999956
775994.7043,5685.889499999932
776219.776,7550.753099999973
776337.5387,0
776410.5793,13734.60109999997
776416.1356,0
776431.6408,8036.789199999999
776830.0547,8327.147099999944
776958.3961,0
776969.686,7865.365699999966
777078.2461,7700.332999999984
777207.6967,6271.330100000021
777338.6837,10795.103300000075
777342.5839,16826.878799999948
777402.0773,8009.3728999999585
-----Simulation END-----
