-----Simulation 0-----
172935.44030000002,0
172985.7781,0
173018.0466,0
173069.9137,0
173133.50699999998,0
173198.5492,0
173395.8621,0
173752.5813,0
173772.8662,0
173782.7177,0
173918.3707,0
173960.6878,0
174126.4071,0
174145.7678,0
174157.6336,0
174547.331,0
174625.963,0
174645.5131,0
174660.10139999999,0
174787.4395,0
174811.364,0
174857.4005,0
174932.1902,0
174970.5379,0
175041.3213,0
175366.3031,0
175372.7025,0
175447.5718,0
175457.2793,0
175468.9399,0
175512.0081,0
175524.2083,0
175665.963,0
175784.4957,0
175816.0516,0
175984.2506,0
176010.4698,0
176069.5539,0
176195.0613,0
176263.2175,0
176302.1377,0
176400.068,0
176433.5001,0
176471.97149999999,0
176604.6825,0
176698.0366,0
176704.8972,0
176749.12660000002,0
176837.3909,0
176970.82439999998,0
177016.3918,0
177068.1948,0
177101.2524,0
177155.1097,0
177237.9616,0
177375.933,0
177403.734,0
177452.0895,0
177454.5828,0
177897.93910000002,0
177992.6487,0
178191.762,0
178420.599,0
178604.026,0
178726.19815,0
178785.4391,0
178875.8699,0
178935.4907,0
179044.80180000002,0
179140.0629,0
179160.5346,0
179508.6171,0
179616.7524,0
179731.77539999998,0
179780.16580000002,0
179923.7929,0
180123.6329,0
180134.8486,0
180161.4505,0
180163.1537,0
180312.2636,0
180397.4198,0
180404.688,0
180528.3921,0
180695.356,0
180868.2926,0
180884.5577,0
180896.3968,0
180918.5381,0
180967.00209999998,0
180978.9964,0
181013.4044,0
181026.0149,0
181060.6739,0
181065.8607,0
181097.3516,0
181105.0111,0
181122.1355,0
181172.1451,0
181274.7697,0
181314.1164,0
181344.2247,0
181485.1862,0
181494.6286,0
181555.0803,0
181616.8689,0
181691.0486,0
181862.9943,0
182311.49528,0
182372.7194,0
182604.0436,0
182723.3583,0
182851.2181,0
182883.9387,0
182898.9584,0
182928.4632,0
183018.4303,0
183135.41481666666,0
183176.26587499998,0
183451.405,0
183505.6578,0
183737.54320000001,0
183932.1228,0
183971.7189,0
183974.9791,0
184008.6367,0
184079.6757,0
184175.5158,0
184179.0252,0
184300.862,0
184354.365,0
184384.4587,0
184454.6979,0
184803.6001,0
184818.44,0
185037.1272,0
185046.3702,0
185200.4437,0
185344.97,0
185387.05670000002,0
185424.5873,0
185463.44640000002,0
185526.5179,0
185556.006,0
185556.1659,0
185750.352,0
185776.6845,0
186305.9767,0
186422.0776,0
186570.1359,0
186673.5023,0
186728.9943,0
186739.3625,0
186841.8827,0
187144.5075,0
187421.8178,0
187531.4849,0
187531.78710000002,0
187535.491,0
187819.49109999998,0
187982.1269,0
188078.7976,0
188118.7394,0
188293.53710000002,0
188388.0743,0
188548.66580000002,0
188579.5083,0
188884.6055,0
188930.7242,0
188946.3321,0
188957.1171,0
189107.09305,0
189131.3805,0
189221.6142,0
189234.3836,0
189308.3576,0
189361.5802,0
189477.6035,0
189818.40889999998,0
189827.6206,0
189894.19819999998,0
190006.86969999998,0
190020.86190000002,0
190120.0892,0
190206.4272,0
190293.6683,0
190345.1043,0
190754.8768,0
190897.5537,4408.3964999999735
190911.681,5963.086800000019
190954.2461,0
191006.9104,0
191026.68,0
191095.1018,0
191106.9577,0
191270.93099999998,0
191296.7003,0
191315.4033,0
191318.1815,0
191493.6627,0
191510.8817,0
191782.3199,0
191873.6748,0
191958.90279999998,0
191992.10330000002,0
192097.22710000002,0
192493.07640000002,0
192552.5901,0
192666.4315,0
192801.3112,0
192807.2299,0
192930.6555,0
193022.2813,0
193063.2786,0
193283.5091,0
193309.9376,0
193437.99229999998,0
193490.7461,0
193686.55180000002,0
193725.75819999998,0
194018.4437,0
194151.54869999998,0
194183.6105,0
194267.4785,0
194299.5209,0
194424.8779,0
194597.543,0
194602.28,0
194690.2775,0
194745.0784,0
194767.5385,0
194769.4683,0
194861.7053,0
195000.9654,0
195161.5838,0
195164.4588,0
195172.2464,0
195173.7387,0
195182.6828,0
195403.4337,0
195423.9763,0
195461.4686,0
195598.7888,0
195646.5511,0
195831.4251,0
195879.999,0
195969.4907,0
196001.7155,0
196222.6463,0
196301.0281,0
196434.0426,0
196506.8748,0
196621.0677,0
196783.73648333334,0
196884.9627,0
196897.3136,0
196947.21480000002,0
197083.1937,0
197212.0835,0
197258.9173,0
197388.2812,0
197512.7397,0
197792.5645,0
197831.08980000002,0
197833.6935,0
197965.2033,0
197988.4916,0
198096.6145,0
198144.4273,0
198216.8132,0
198594.7682,0
198666.2832,0
198669.8216,0
198722.1284,0
198818.282,0
198837.8774,0
198896.4161,0
198924.9055,0
199029.2928,0
199075.9831,0
199109.5488,0
199365.4209,0
199487.2894,0
199788.4879,0
199798.5888,0
199992.533,0
200290.8381,0
200326.6248,0
200357.6193,0
200589.7831,0
200879.19890000002,0
200923.6935,0
201082.517,0
201082.946,0
201268.3227,0
201357.5032,0
201415.3079,0
201453.6813,0
201575.9702,0
201626.8752,0
201766.7538,0
201873.7219,0
201914.414,0
202270.51140000002,0
202287.9099,0
202361.0276,0
202599.38640000002,0
202614.7371,0
202674.7959,0
202823.28029999998,0
202946.2343,0
203250.2603,0
203431.2942,0
203556.0036,0
203822.855,0
203900.1554,0
203947.0813,0
204129.3392,0
204632.77686666665,0
204691.367,0
204750.45549999998,0
204800.465,0
204916.4779,0
205461.3298,0
205568.2699,0
205753.5968,0
206125.8669,0
206127.68540000002,0
206186.7829,0
206245.6759,0
206459.1016,0
206465.9949,0
206747.1983,0
206764.0823,0
207026.8671,0
207295.6002,0
207378.4689,0
207512.6331,0
207650.1603,0
207672.3917,0
207793.4588,0
208020.013,0
208044.2867,0
208076.62780000002,0
208108.3838,0
208694.3221,0
208694.85869999998,0
208712.2641,0
208720.7537,0
208772.3995,0
208807.7688,0
209134.5605,0
209156.7303,0
209346.8148,0
209416.56829999998,0
209421.8848,0
209628.6409,0
209633.5215,0
209744.0456,0
209758.4928,0
209769.9338,0
209789.1378,0
209816.33610000001,0
209856.6919,0
209867.0233,0
209889.0931,0
209909.35580000002,0
210229.14370000002,0
210339.1207,0
210365.0379,0
210514.1192,0
210565.4136,0
210605.7771,0
210657.8713,0
210846.099,0
210960.7489,0
211211.6836,0
211327.91019999998,0
211442.5429,0
211468.39429999999,0
211695.81266666666,0
212472.84590000001,0
212638.9587,0
212670.87,0
212695.82559999998,0
212771.9985,0
212790.5216,0
212821.1653,0
212855.2905,0
212895.1233,0
212909.35950000002,0
212915.1616,0
213073.5755,0
213086.2159,0
213098.0311,0
213194.5813,0
213327.579,0
213446.3169,0
213447.5048,0
213470.598,0
213525.13390000002,0
213595.5778,0
213751.5881,0
213802.27529999998,0
213991.6088,0
214097.6233,0
214302.79499999998,0
214822.12589999998,0
215355.3366,0
215481.6166,0
215487.4681,0
216034.9943,0
216044.8261,0
216089.5647,0
216098.308,0
216112.9217,0
216226.5402,0
216237.8066,0
216335.994,0
216584.9581,0
216589.2261,0
216604.04,0
216659.9674,0
216697.4678,0
216910.4805,0
217286.9805,0
217408.5636,0
217595.9719,0
217635.0814,0
217789.3958,0
217800.7191,0
217938.4583,0
218086.5361,0
218216.8598,0
218239.99790000002,0
218355.4365,0
218359.2065,0
218376.9498,0
218389.1216,0
218617.0711,0
218647.9263,0
218812.0623,0
218839.5346,0
218891.1862,0
219176.7804,0
219235.09118,0
219322.3418,0
219359.0044,0
219657.6784,0
219699.1828,0
219768.3097,0
219810.3746,0
219955.4808,0
219970.8013,0
220200.3706,0
220375.2989,0
221213.5673,0
221250.141,0
221471.9367,0
221843.644,0
221871.3763,0
221959.70023333334,0
222084.167,0
222116.5641,0
222300.86190000002,0
222515.0838,0
222679.2505,0
222710.84590000001,0
223203.2503,0
223245.7436,0
223392.9303,0
223473.4741,0
223527.86719999998,0
223549.4686,0
223563.03046666668,0
223646.0688,0
223676.5272,0
223949.4664,0
224033.6334,0
224106.0466,0
224110.8912,0
224118.2269,0
224198.02,0
224286.1226,0
224388.8328,0
224448.9667,0
224469.6814,0
224633.5271,0
225078.615,0
225179.1823,0
225256.0261,0
225318.3855,0
225622.2304,0
225627.8191,0
225695.9267,0
225722.1451,0
225769.5709,0
226060.9561,0
226297.8822,0
226475.7602,0
226504.6734,0
226553.776,0
226673.4914,0
226846.0766,0
226851.86849999998,0
226860.7334,0
226875.2971,0
226882.475,0
226961.701025,0
227080.6318,0
227207.0825,0
227229.4579,0
228041.90600000002,0
228107.45679999999,0
228404.7007,0
228768.1604,0
228792.40018,0
228859.34888333332,0
228912.192,0
229028.31660000002,0
229115.3879,0
229230.3148,0
229519.2577,0
229657.2306,0
229736.4165,0
229759.9156,0
229808.3433,0
230089.2371,0
230115.4345,0
230264.3746,0
230480.3712,0
230591.6399,0
230738.8213,0
230779.0196,0
230801.69650000002,0
231063.55800000002,0
231142.5827,0
231157.96600000001,0
231257.0311,0
231281.2635,0
231316.1029,0
231385.9827,0
231421.2713,0
231612.2133,0
231694.738825,0
231925.62780000002,0
232080.648,0
232094.4188,0
232124.527,0
232450.4555,0
232914.6583,0
233099.4748,0
233266.2191,0
233291.4511,0
233396.8081,0
233419.7451,0
233602.9498,0
233622.86136666668,0
233982.18,0
234238.8348,0
234250.776,0
234310.5246,0
234384.5483,0
234393.4158,0
234582.4369,0
235191.4301,0
235316.7611,0
235475.4148,0
235537.6293,0
235632.7992,0
235748.7782,0
236065.2273,0
236109.1649,0
236114.3505,0
236275.8364,0
236458.5198,0
236623.3217,0
236655.1773,0
236674.8265,0
236713.3971,0
236867.43959999998,0
236885.21,0
236973.042,0
237014.3337,0
237051.7548,0
237344.8238,0
237347.247,0
237516.5028,0
237526.2856,0
237713.4897,0
237978.0538,0
238192.29690000002,0
238403.9202,0
238434.97073333332,0
238612.4322,0
238623.5942,0
238825.2824,0
238925.474,0
239176.88079999998,0
239287.5038,0
239310.9639,0
239312.0286,0
239649.0985,0
239692.0231,0
239792.5735,0
239943.80550000002,0
240114.7977,0
240343.5895,0
240595.7317,0
240756.0377,0
240779.52370000002,0
240898.3521,0
240922.07285,0
240956.9496,0
241042.8373,0
241091.1708,0
241241.4598,0
241273.8824,0
241307.3904,0
241528.66352,0
241558.9147,0
241590.98448,0
241600.1082,0
241705.5385,0
241741.1272,0
241769.4898,0
241838.3842,0
241855.6077,0
242087.54080000002,0
242117.3109,0
242122.621,0
242185.1998,0
242538.9599,0
242781.4014,0
242851.5598,0
242884.9978,0
243000.086,0
243441.6429,0
243518.7743,0
243548.1054,0
243756.326,0
243827.04320000001,0
243834.4322,0
243969.9876,0
244111.2851,0
244256.61956666666,0
244387.6157,0
244406.3618,0
244628.0097,0
244636.2787,0
244660.6962,0
244760.4307,0
244776.3426,0
245093.8157,0
245184.3215,0
245471.351,0
245583.0885,0
245586.9598,0
245602.1135,0
245677.9699,0
245804.0412,0
245805.7137,0
245810.2702,0
245933.5824,0
245950.8245,0
245956.6213,0
246114.7084,0
246387.3408,0
246401.2489,0
246592.7913,0
246751.5958,0
246767.0299,0
246817.2514,0
246873.1833,0
247001.7077,0
247294.62900000002,0
247423.2992,0
247589.2773,0
247653.2679,0
247698.30969999998,0
247711.5441,0
247827.99910000002,0
248029.8044,0
248182.7667,0
248196.391,0
248216.6898,0
248351.445,0
248382.5577,0
248441.2006,0
248749.33539999998,0
248900.33669999999,0
248932.6476,0
249014.0476,0
249015.4122,0
249125.8761,0
249133.9883,0
249172.0823,0
249215.0769,0
249274.9027,0
249468.8129,0
249605.6907,0
249656.54763333334,0
249725.30132,0
250135.8185,0
250432.6936,0
250433.3461,0
250543.70549999998,0
250574.061,0
250660.6164,0
250900.23936666668,0
251036.9987,0
251039.8583,0
251055.4078,0
251182.2481,0
251232.6722,0
251517.5338,0
251545.6013,0
251561.3437,0
251602.7412,0
251615.6696,0
251943.1225,0
252011.0161,0
252059.8728,0
252096.3601,0
252149.8322,0
252152.8598,0
252341.974,0
252358.4089,0
252362.12780000002,0
252492.4428,0
252561.5622,0
252609.08909999998,0
252730.9743,0
252899.7681,0
252952.4657,0
252971.6059,0
253131.9217,0
253157.7321,0
253241.6463,0
253287.919,0
253294.5501,0
253472.729,0
253582.1831,0
253632.6785,0
253639.7061,0
253742.0705,0
253880.7287,0
253910.0528,0
253966.4492,0
254308.3775,0
254325.6301,0
254469.79570000002,0
254526.544,0
254541.4308,0
254603.1627,0
254652.8781,0
254730.2632,0
254777.7108,0
254828.1309,0
255006.8996,0
255154.9608,0
255286.1371,0
255288.597,0
255555.929,0
255602.54955,0
255631.2135,0
255639.5124,0
255664.8495,0
255681.0034,0
255777.5521,0
255866.6618,0
255873.5792,0
255914.08120000002,0
256034.0495,0
256063.8429,0
256081.599,0
256266.51616666667,0
256340.1233,0
256588.3353,0
256939.9217,0
257107.5864,0
257144.26750000002,0
257168.6573,0
257203.46708333332,0
257228.9263,0
257252.59100000001,0
257362.1172,0
257370.9292,0
257408.5288,0
257594.6003,0
257618.02899999998,0
257620.9404,0
257756.6334,0
257778.2776,0
257839.1303,0
257944.5349,0
258264.0249,0
258286.4419,0
258595.4104,0
259141.7941,0
259207.0748,0
259444.1174,0
259450.7735,0
259653.9191,0
259794.4301,0
260148.5032,0
260203.532,0
260240.9878,0
260253.8749,0
260368.6093,0
260394.3023,0
260583.0492,0
260734.2885,0
260760.9787,0
260846.3246,0
261188.1356,0
261245.662,0
261253.3716,0
261511.5679,0
261532.5108,0
261702.9157,0
261788.5501,0
261804.0284,0
261918.5587,0
261981.8824,0
262048.734,0
262136.0385,0
262169.1205,0
262456.2828,0
262522.3593,0
262540.7035,0
262557.5058,0
262612.3957666667,0
262735.2137,0
262903.2054,0
262930.7104,0
262963.8762,0
262993.6038,0
263047.0589,0
263048.4201,0
263070.3111,0
263121.7158,0
263347.4642,0
263373.823,0
263569.9965,0
263627.26170000003,0
263635.6337,0
263672.7186,0
263695.6919,0
263760.2938,0
264046.6933,0
264073.7248,0
264384.793,0
264531.4436,0
264783.4814,0
264878.73353333335,0
265087.9817,0
265118.6178,0
265124.1891,0
265141.9731,0
265202.6203,0
265213.8861,0
265220.3366,0
265236.2064,0
265295.5182,0
265509.6887,0
265905.9345,0
265932.81837500003,0
266061.3524,0
266087.1739,0
266131.4052,0
266232.0811,0
266503.0152,0
266537.333,0
266645.1307,0
266672.737,0
266731.2063,0
266741.46245,0
266792.2975,0
266893.2612,0
266968.7815,0
267021.22140000004,0
267051.9269,0
267078.8785,0
267109.4427,0
267206.8334,0
267208.5362,0
267382.9892,0
267393.211,0
267441.3072,0
267446.44909999997,0
267617.8257,0
267703.4248,0
267843.0488,0
268031.5709,0
268341.7759,0
268393.1041,0
268396.2148,0
268609.2582,0
268733.3405,0
268883.8258,0
268897.6773,0
268939.013,0
268957.9112,0
269071.1717,0
269074.9464,0
269084.3822,0
269822.97250000003,0
269823.5716,0
270011.5881,0
270082.7032,0
270293.9927,0
270373.2091,0
270419.1116,0
270433.2657,0
270576.192,0
270601.8359,0
270724.7014,0
270786.677,0
270836.5438,0
270879.9463,0
271042.7684,0
271362.0828,0
271398.0387,0
271440.1597,0
271442.1096,0
271565.5595,0
271699.2135,0
271766.555,0
271804.0062,0
271862.3093,0
271996.4918,0
272170.629,0
272203.755,0
272272.8842,0
272277.4969,0
272441.541,0
272657.42165,0
272666.4486,0
272721.1983,0
272739.86340000003,0
272857.2344,0
273024.2529,0
273045.3123,0
273061.222,0
273134.8496,0
273142.0341,0
273243.6948,0
273316.4768,0
273370.7645,0
273459.30700000003,0
273734.6504,0
273797.5658,0
274002.7219,0
274295.5359,0
274487.1886,0
274493.957,0
274509.0749,0
274656.1066,0
274706.2329,0
275020.983,0
275199.9519,0
275565.14280000003,0
275586.1956,0
275687.6709,0
275749.0786,0
275950.3037,0
275983.4629,0
276109.32440000004,0
276113.274,0
276161.5883,0
276196.1508,0
276287.101,0
276349.3488,0
276388.3425,0
276418.7143,0
276452.1503,0
276767.70660000003,0
276817.6372,0
276897.1045,0
276926.7684,0
276979.7351,0
277227.613,0
277515.665,0
277723.2784,0
277730.3496,0
277761.5671,0
277800.8105,0
277882.7332,0
278040.7313,0
278144.8095,0
278156.7587,0
278187.4429,0
278250.7041,0
278345.7223,0
278365.6673,0
278387.3673,0
278477.3197,0
278774.1512,0
278812.7237,0
279015.3932,0
279016.5707,0
279198.64040000003,0
279248.93,0
279403.5731,0
279438.8561,0
279550.1194,0
279622.6635,0
279888.0764,0
279989.46869999997,0
280326.998,0
280358.2191,0
280471.6482,0
280656.276,0
280689.2566,0
280874.1695,0
280875.4481,0
280896.324,0
280957.6802,0
281073.3446,0
281106.3067,0
281204.4391,0
281392.7687,0
281433.0524,0
281440.8716,0
281443.3515,0
281507.4398,0
281575.8349,0
281758.6248,0
281926.9817,0
281932.7612,0
281949.0413,0
282045.42960000003,0
282079.843,0
282184.86329999997,0
282260.4967,0
282317.8996,0
282382.3671,0
282423.3195,0
282550.5944,0
282728.2938,0
282789.7367,0
282919.8826,0
283195.2998,0
283226.6646,0
283517.7783,0
283560.2779,0
283625.4153,0
283814.3485,0
283814.7203,0
283871.7354,0
284109.642,0
284165.0476,0
284253.28489999997,0
284292.49419999996,0
284470.3101,0
284691.18570000003,0
284784.23840000003,0
284857.4037,0
284862.87930000003,0
285007.6112,0
285054.0591,0
285162.2353,0
285173.73970000003,0
285216.0539,0
285277.6656,0
285645.766,0
285654.3104,0
285693.797,0
285727.3081,0
285785.4736,0
285865.0619,0
285921.4151,0
285953.8929,0
286050.792,0
286053.6712,0
286355.5228,0
286430.544,0
286547.6328,0
286603.9881,0
286799.6164,0
286802.78489999997,0
286878.51540000003,0
286943.4013,0
287023.9872,0
287062.6597,0
287564.26769999997,0
287798.9694,0
287886.16229999997,0
287940.6161,0
288155.659,0
288271.4806,0
288372.00789999997,0
288400.8825,0
288412.3287,0
288420.7561,0
288519.9088,0
288585.469025,0
288656.853,0
288757.2927,0
288961.1437,0
289086.6628,0
289532.8402,0
289552.4575,0
289559.6778,0
289632.978,0
289719.87690000003,0
290065.1034,0
290286.0939,0
290310.6235,0
290406.4323,0
290445.4352,0
290450.3435,0
290709.15119999996,0
290829.4888,0
290987.4594,0
291190.5439,0
291466.3024,0
291615.0495,0
291833.7931,0
291836.3124,0
291936.0844,0
291976.395,0
292157.9728,0
292355.79720000003,0
292506.7897,0
292557.8599,0
292699.7646,0
292738.63029999996,0
292783.7388,0
292817.2152,0
292891.4081,0
292948.6492,0
293109.3818,0
293219.4212,0
293415.7427,0
293415.9422,0
293426.4175,0
293702.13358333334,0
293746.86089999997,0
294092.1545,0
294658.1354,0
294716.9956,0
294832.5135,0
294967.0597,0
295268.3122,0
295364.877,0
295422.62069999997,0
295497.0618,0
295576.4988,0
295989.4812,0
295992.66469999996,0
296257.81440000003,0
296409.2734,0
296699.59606,0
296792.9492,0
296945.9256,0
296976.1369,0
297062.3213,0
297104.2512,0
297144.2715,0
297183.7026,0
297225.5422,0
297309.9985,0
297409.8716,0
297433.2839,0
297534.8237,0
297827.6645,0
298062.0703,0
298283.0652,0
298308.2049,0
298335.7197,0
298392.4812,0
298774.4113,0
299041.5624,0
299208.5498,0
299313.343,0
299449.3658,0
299531.8223,0
299531.9861,0
299565.6844,0
299568.38,0
299632.994,0
299790.5253,0
299853.1732,0
300022.9861,0
300146.64890000003,0
300221.8895,0
300281.9487,0
300351.0686,0
300388.5210666667,0
300474.2676,0
300484.3894,0
300755.6319,0
300904.0403,0
300932.3986,0
300970.0796,0
301077.9364,0
301175.94920000003,0
301468.7311,0
301576.2649,0
301638.8058,0
301679.0503,0
301773.2081,0
301905.2001,0
302046.1789,0
302125.1224,0
302280.86892,0
302477.0622,0
302701.6807,0
302784.3794,0
302865.407,0
302900.5204,0
303125.38145,0
303309.6131,0
303327.03715,0
303410.0119,0
303559.8851,0
303574.1928,0
303643.0233,0
303681.6187333333,0
303735.0623,0
303796.0416,0
303944.3501,0
304053.50580000004,0
304145.49199999997,0
304161.3524,0
304281.8645,0
304291.48829999997,0
304318.0389,0
304385.7798,0
304405.05,0
304406.9834,0
304444.7541,0
304516.1357,0
304541.5001,0
304557.24919999996,0
305084.2343,0
305143.4476,0
305180.6143,0
305211.8163,0
305255.1498,0
305338.2701,0
305340.0391,0
305893.1318,0
305929.3845,0
306147.7244,0
306186.6119,0
306274.2478,0
306283.2548,0
306307.287,0
306721.5547,0
306902.2597,0
307272.43688,0
307293.3786,0
307303.8649,0
307564.7039,0
307761.30220000003,0
307803.856,0
307832.5443,0
307932.862,0
308154.5807,0
308364.4184,0
308404.9283,0
308491.8751,0
308811.1537,0
308811.38049999997,0
308836.87705,0
308862.5162,0
309008.2648,0
309066.3612,0
309075.5047,0
309236.7423,0
309397.5165,0
309482.1028,0
309594.0098,0
309599.78599999996,0
309662.3917,0
309675.088,0
309719.6956,0
309721.4291,0
309817.5611,0
309949.0634,0
309980.3892,0
310138.707,0
310306.4644666667,0
310319.2788,0
310405.1806,0
310535.5334,0
310540.37549999997,0
310609.704,0
310683.1189,0
310792.9371,0
310817.9817,0
311178.07420000003,0
311182.5415,0
311226.1438,0
311353.9214,0
311379.9248,0
311399.3059,0
311708.69318,0
311794.69345,0
311841.2752,0
312047.1008,0
312157.2765,0
312355.7574,0
312592.1977,0
312778.384,0
312799.3908,0
312815.8052,0
312818.29099999997,0
312863.0522,0
312970.725225,0
313145.89071666665,0
313653.849,0
314018.5318,0
314025.8786,0
314144.8741,0
314326.77,0
314471.2094,0
314564.5849,0
314663.3796,0
314731.9483,0
314747.4114,0
315014.3328,0
315333.1627,0
315383.8311,0
315508.818125,0
315681.7711,0
315716.4276,0
316003.7609,0
316020.8217,0
316076.7366,0
316121.89029999997,0
316248.916,0
316297.4779,0
316506.4582,0
316630.1576,0
316655.8256,0
317087.1252,0
317199.9688,0
317235.6595,0
317270.29,0
317344.2167,0
317344.7004,0
317567.6448,0
317686.9753,0
317719.7099,0
317844.1078,0
317861.9857,0
318012.59270000004,0
318042.3013,0
318045.28065,0
318047.9615,0
318084.06570000004,0
318174.4171,0
318197.5111,0
318255.4365,0
318290.6588,0
318389.8321333333,0
318733.292,0
318841.5274,0
319019.4487,0
319127.7545,0
319154.3531,0
319201.903,0
319245.2928,0
319335.6661,0
319499.8226,0
319563.5722,0
319583.1518,0
319618.4354,0
319696.537,0
319727.9787,0
319956.143,0
320028.3195,0
320551.1111,0
320596.9651,0
320774.1849,0
320876.4584,0
320973.6359,0
321062.0634,0
321191.8518,0
321301.042,0
321711.3467,0
321858.4766,0
321924.6903,0
322244.0959,0
322295.9763,0
322407.915675,0
322465.1792,0
322966.6798,0
323042.6695,0
323143.6429,0
323336.5114,0
323458.8157,0
323478.156,0
323660.74210000003,0
324090.9663,0
324176.9681,0
324363.0325,0
324509.26780000003,0
324625.2646,0
324657.2142,0
324773.538,0
324818.4188,0
324821.5047,0
324986.565,0
324999.8027,0
325089.8371,0
325097.11840000004,0
325336.1934,0
325354.8171666667,0
325479.8863,0
325492.3986,0
325517.6633,0
325568.1312,0
325577.29110000003,0
325786.8299,0
325809.2226,0
325887.0956,0
325916.5186,0
326001.8355,0
326037.81135,0
326052.1153,0
326265.468,0
326606.1026,0
327033.4305,0
327114.2429,0
327263.9579,0
327355.3274,0
327629.0879,0
327701.1181,0
327760.16284,0
328057.8344,0
328133.9243,0
328231.98840000003,0
328403.8795,0
328417.2876,0
328561.82550000004,0
328745.7627,0
328890.5552,0
329116.2529,0
329142.13300000003,0
329194.7611666667,0
329257.3973,0
329320.8722,0
329425.3228,0
329470.1005,0
329534.946,0
329623.1469,0
329650.7071,0
329685.748,0
330301.1666,0
330447.1928,0
330472.6185,0
330485.5434,0
330527.53859999997,0
330689.9162,0
330840.2986,0
330915.183,0
331003.172,0
331082.7625,0
331131.1579,0
331380.8477,0
331423.4890666667,0
331511.26159999997,0
331511.4119,0
331528.7707,0
331867.4801,0
331901.8385,0
331984.3426,0
332153.0192,0
332209.5071,0
332371.9263,0
332458.9288,0
332540.0762,0
332637.9408,0
332702.1536,0
332862.7248,0
332926.416925,0
332982.6405,0
333050.8818,0
333152.6395,0
333619.3294,0
333782.1919,0
334022.2662,0
334084.2587,0
334170.428,0
334247.5268,0
334360.8282,0
334395.1996,0
334408.9007,0
334457.6263,0
334575.2804,0
334595.5148,0
334961.1793,0
334990.373925,0
335273.2932,0
335280.0892,0
335352.358,0
335837.0263,0
336136.7579,0
336353.776,0
336501.3606,0
336571.8583,0
336607.2876,0
336770.5646,0
336777.4842,0
336936.3897,0
336973.09750000003,0
336980.1105,0
337176.0561,0
337209.5511,0
337314.8661,0
337397.5097,0
337495.2821,0
337546.4721,0
337574.4942,0
337648.7474,0
337650.8682,0
337708.2321,0
337727.2216,0
337729.5814,0
337793.43559999997,0
338063.3246,0
338132.4276,0
338133.3334,0
338181.6783,0
338228.23589999997,0
338315.7911,0
338321.3726,0
338350.8096,0
338633.5632,0
338719.9754,0
338723.427,0
338754.4209,0
338788.7012,0
338878.7893,0
338986.4852,0
339166.5216,0
339248.3443,0
339335.3306,0
339340.6493,0
339410.7216,0
339584.5327,0
339710.7068,0
339735.0474,0
339774.4076,0
339840.4496,0
339934.7171,0
339981.7155,0
340051.2229,0
340151.3439,0
340211.3973,0
340216.1183,0
340220.0625,0
340363.6422,0
340380.3554,0
340567.7001,0
340581.6826,0
340654.2569,0
340666.0395,0
340728.8346,0
341019.0235,0
341059.4478,0
341109.1773,0
341175.17949999997,0
341219.53143333335,0
341407.9551,0
341486.8138,0
341617.4638,0
341768.3706,0
341814.9134,0
341904.14269999997,0
342231.6521,0
342305.5185,0
342392.8713,0
342479.7278,0
342503.6723,0
342517.2415,0
342567.5027,0
342827.3425,0
342894.0798,0
343132.3966,0
343183.332,0
343257.5005,0
343388.7405,0
343448.7312,0
343509.469,0
343864.2,0
343889.887975,0
344018.1151,0
344080.8193,0
344085.0557,0
344166.4795,0
344345.93,0
344351.703,0
344579.3734,0
344697.1481,0
344816.4385,0
344839.8957,0
344876.4442,0
345035.4469,0
345042.6819,0
345069.0384,0
345112.2269,0
345171.03729999997,0
345259.469,0
345337.6482,0
345347.2442,0
345375.488825,0
345421.4084,0
345440.1037,0
345590.0959,0
345623.1872,0
345651.1812,0
345658.4838,0
345702.38005,0
345754.5792,0
345850.7889,0
345855.5382,0
345870.7502,0
346129.9368,0
346302.8039,0
346326.0092,0
346429.8665,0
346490.3443,0
346602.7563,0
346702.0831,0
347095.2943,0
347149.9359,0
347229.9371,0
347378.3639,0
347434.4577,0
347478.4708,0
347565.7294,0
347701.6987,0
347802.8821,0
347829.8567,0
347913.4579,0
348205.8808,0
348288.4051,0
348316.44909999997,0
348923.1295,0
348997.951,0
349197.3105,0
349205.73225,0
349217.1349,0
349272.09010000003,0
349338.8371,0
349475.994,0
349506.0081,0
349735.4733,0
349918.1914,0
349923.899,0
349990.0568,0
350029.9347,0
350067.85246,0
350108.25179999997,0
350269.4019,0
350360.2079,0
350368.7503,0
350644.9172,0
350646.9248,0
350650.0176,0
350674.7741,0
350796.5722,0
350895.6457,0
351024.1791,0
351065.77760000003,0
351078.0144,0
351081.6077,0
351225.4599,0
351261.3701,0
351396.5302,0
351403.2108,0
351414.5839,0
351685.0223,0
351692.8827,0
351744.6343,0
351828.0619,0
351846.10970000003,0
352171.474,0
352189.6165,0
352250.4004,0
352296.2852,0
352628.2259,0
352799.627,0
352817.1936,0
352871.8991,0
352950.1499,0
352970.51780000003,0
353103.1227,0
353227.1154,0
353358.5761,0
353496.8849,0
353521.1283,0
353596.4695,0
353811.0133,0
353811.3128,0
353865.9024,0
354111.23829999997,0
354283.2758,0
354482.798,0
354528.1736,0
354673.3493,0
355011.8069,0
355128.51,0
355361.4125,0
355361.7584,0
355764.3212,0
355821.0307,0
356179.7014,0
356210.884,0
356277.1792,0
356340.61069999996,0
356348.7389,0
356506.5745,0
356509.6937,0
356537.4695,0
356568.0721,0
356783.331,0
356828.5066,0
356836.0562,0
356889.8318,0
356945.471,0
357170.375,0
357184.2659,0
357256.9342,0
357375.5663,0
357393.9236,0
357395.1078,0
357505.4756,0
357546.40989999997,0
357560.8173,0
358018.0179,0
358188.6811,0
358210.6054,0
358263.3001,0
358282.0297,0
358395.30460000003,0
358506.3541,0
358870.064,0
358922.7339,0
358927.9509,0
358987.5702,0
359216.5363,0
359247.3654,0
359355.0589,0
359433.57409999997,0
359450.9183,0
359479.7378,0
359565.1762,0
359604.7803,0
359765.9203,0
359925.0627,0
360012.8774,0
360040.1028,0
360050.4852,0
360140.91969999997,0
360167.9436,0
360262.9927,0
360309.3111,0
360330.909,0
360380.94550000003,0
360510.3678,0
360531.5714,0
360839.4735,0
360861.2036,0
360913.7005,0
360918.0801,0
360958.5038,0
361385.9782,0
361427.2711,0
361542.4606,0
361618.3907,0
361631.1006,0
361647.0076,0
361880.4186,0
362235.3756,0
362326.6985,0
362438.7167,0
362526.38060000003,0
362545.33640000003,0
362703.5271,0
362813.89029999997,0
362953.5614,0
362994.1834,0
363010.0452,0
363046.7978,0
363165.5173,0
363237.54143333336,0
363351.4058,0
363353.9958,0
363400.4636,0
363487.2302,0
363505.53859999997,0
363700.1095,0
363747.0837,0
363774.8047,0
363832.7531,0
363915.4634,0
363954.6249,0
364050.3262,0
364112.5787,0
364116.9266,0
364275.9637,0
364293.1945,0
364365.6879,0
364372.4045,0
364589.1596,0
364747.8083,0
364837.7066,0
364892.6411,0
364976.4544,0
365114.9399,0
365154.5225,0
365165.8845,0
365211.3558,0
365270.7181,0
365381.5647,0
365451.85109999997,0
365496.2424,0
365677.6446,0
365704.1718,0
365953.6779,0
366013.9205,0
366077.5534,0
366185.5455,0
366199.1342,0
366330.8141,0
366400.9048,0
366469.1259,0
366491.6082,0
366640.086,0
366664.7244,0
366709.30700000003,0
366838.0611,0
366877.0986,0
367007.2891,0
367056.17370000004,0
367057.9691,0
367194.8562,0
367195.65619999997,0
367410.6223,0
367446.8913,0
367557.5933,0
367600.8027,0
367655.7549,0
367704.8956,0
367748.3484,0
368173.6024,0
368203.3859,0
368222.3323,0
368416.09,0
368443.15119999996,0
368459.084,0
368653.78729999997,0
368775.5186,0
368878.88,0
368947.0631,0
368993.1138,0
369162.3676,0
369186.0544,0
369237.063,0
369274.0223,0
369415.7735,0
369590.4488,0
369638.3894,0
369843.9346,0
369895.7093,0
369933.7144,0
369965.1135,0
370030.5147,0
370250.8811,0
370455.0858,0
370486.2657,0
370699.5595,0
370711.9459,0
370726.8089,0
370730.7689,0
370783.6078,0
370810.4683,0
370911.3943,0
371028.69550000003,0
371050.712,0
371060.3446,0
371143.9481,0
371156.9597,0
371173.8314,0
371212.55449999997,0
371232.4088,0
371260.8506,0
371283.4691,0
371421.6153,0
371589.1184,0
371700.6591,0
371751.281,0
371900.7855,0
371999.2647,0
372002.47239999997,0
372080.3638,0
372101.7172,0
372154.3354,0
372186.19440000004,0
372216.2681,0
372280.6447,0
372294.95530000003,0
372364.9459,0
372376.29172,0
372593.2941,0
372741.8594,0
372870.7959,0
372940.1046,0
373035.70519999997,0
373066.2338,0
373101.2419,0
373124.8923,0
373185.29839999997,0
373291.9326,0
373292.2226,0
373297.0388,0
373407.252,0
373423.9525,0
373699.481,0
373941.1985,0
374045.018,0
374356.1256,0
374359.5498,0
374377.8486,0
374412.6017,0
374413.811,0
374433.0157,0
374482.0075,0
374483.5344,0
374604.9117,0
374623.1851,0
374678.2923,0
374745.9226,0
374947.2992,0
374974.4134,0
375001.0635,0
375078.0749,0
375117.2438,0
375117.667,0
375195.1383,0
375306.4684,0
375496.4551,0
375543.0261,0
375599.2744,0
375608.7364,0
375619.6153,0
375735.9473,0
375866.55449999997,0
375915.3283,0
376150.8497,0
376288.0966,0
376363.9245,0
376552.55683333334,0
376666.2176,0
376683.3378,0
376739.39,0
376878.3472,0
377002.0905,0
377069.5612,0
377245.55460000003,0
377413.854,0
377446.0161,0
377517.3757,0
377530.6174,0
377684.9199,0
377767.76784,0
378030.0404,0
378323.0071,0
378464.9918,0
378537.1292,0
378544.122,0
378600.9648,0
378646.9928,0
378891.9752,0
378942.8443,0
379196.6885,0
379344.28489999997,0
379703.2419,0
379730.8235,0
379731.3224,0
379877.9873,0
380206.6686,0
380509.13430000003,0
380587.4873,0
380676.9512,0
380720.1691,0
380838.8664,0
380848.20420000004,0
380901.8828,0
380922.0148,0
381472.9125,0
381843.0836,0
381937.4424,0
382024.4329,0
382045.4165,0
382152.8259,0
382296.0616,0
382334.1808,0
382440.36,0
382459.147,0
382643.6969,0
382659.6769,0
382753.9326,0
382887.76430000004,0
382912.601,0
382935.5392,0
383130.9301,0
383212.2064,0
383266.3819,0
383367.4189,0
383398.1844,0
383798.7798,0
383895.0146,0
384051.0091,0
384265.49950000003,0
384340.6388,0
384435.6019,0
384534.5538,0
384543.0098,0
384565.2785,0
384664.11329999997,0
385012.156,0
385286.3787,0
385515.8456,0
385525.1368,0
385787.205,0
385907.2009,0
385918.9997,0
386147.6952,0
386259.7998,0
386314.9843,0
386941.26170000003,0
387007.8077,0
387057.83050000004,0
387091.0103,0
387204.4401,0
387265.2478,0
387292.9758,0
387352.4838,0
387476.2704,0
387554.5449,0
387617.4648,0
387675.1116,0
388019.3142,0
388041.9612,0
388148.0602,0
388193.8994,0
388243.2135,0
388362.2883,0
388362.655,0
388400.5466,0
388419.3993,0
388488.59916,0
388630.7342,0
388853.14540000004,0
388907.7194,0
388936.5638,0
389205.037,0
389328.3838,0
389508.5204,0
389654.4239,0
389737.2802,0
390030.1388,0
390072.514,0
390121.4422,0
390273.5293,0
390359.7212,0
390365.4087,0
390463.517,0
390601.72364,0
390609.0551,0
390655.6639,0
390725.6719,0
391319.6647,0
391606.9469,0
391624.0664,0
391692.0919,0
391973.6701,0
392072.5461,0
392322.9353,0
392781.1729,0
392954.4581,0
393034.31649999996,0
393211.5259,0
393279.2791,0
393420.37069999997,0
393458.8466,0
393681.1848,0
393828.3033,0
393976.5574,0
394042.8818,0
394113.5102,0
394326.2793,0
394343.93218,0
394392.5606,0
394421.4854,0
394422.5322,0
394492.2766,0
394741.0014,0
394867.6359,0
394914.39410000003,0
394940.88910000003,0
395048.8335,0
395157.0811,0
395180.4485,0
395197.0021,0
395263.2413,0
395347.904,0
395742.8007,0
396111.4876666667,0
396185.016,0
396247.8623,0
396396.9518,0
396481.6072,0
396489.8912,0
396742.8015,0
396744.8309,0
396924.3617,0
396976.9651833333,0
397045.2424,0
397235.3901,0
397668.9229,0
397689.5507,0
397726.981,0
397786.2705,0
397892.60490000003,0
397944.5561,0
397955.2403,0
397971.5906,0
398066.6496666667,0
398156.4355,0
398181.6338,0
398215.8402,0
398237.9736,0
398281.5736,0
398690.9018,0
398778.625,0
398916.2237,0
399205.02379999997,0
399248.089,0
399453.4286,0
399545.0083,0
399623.4605,0
399912.7349,0
399949.97609999997,0
400161.05830000003,0
400752.4511,0
400919.3011,0
401617.8067,0
401646.7207,0
401725.64678333333,0
401794.3724,0
402022.1806,0
402152.07,0
402314.2699,0
402569.9731,0
402603.9962,0
402669.6106,0
402795.0299,0
402861.049,0
402874.7291,0
402988.2474,0
403117.50345,0
403128.68795,0
403810.0107,0
403826.7123,0
403943.00320000004,0
404047.5747,0
404154.861,0
404258.2146,0
404328.2845,0
404685.099,0
404722.7242,0
404804.2623,0
404819.42079999996,0
405099.1986,0
405238.5199,0
405240.78599999996,0
405482.3505,0
405527.5088,0
405590.9674,0
405866.937,0
405873.5377,0
405879.531925,0
405992.62069999997,0
406277.62703333335,0
406447.7872,0
406584.2384,0
406715.2037,0
406848.69180000003,0
406858.8047,0
407018.2943,0
407335.9833,0
407432.0351,0
407608.9555,0
407942.0954,0
408026.801,0
408028.0355,0
408443.2372,0
408501.896,0
408582.1121,0
408617.6547,0
409183.6527,0
409197.9782,0
409382.3175,0
409382.9602,0
409536.4318,0
409612.483,0
409630.2234,0
409928.8821,0
410001.9545,0
410217.9062,0
410344.201,0
410663.6117333333,0
410725.5808,0
410787.1786,0
410925.4917,0
410995.8984,0
411102.6674,0
411186.8217,0
411404.6654,0
411560.9082,0
411654.4833,0
411904.2323,0
411916.1709,0
412077.9479,0
412100.2942,0
412115.25430000003,0
412227.3292,0
412291.2405,0
412411.2859,0
412487.1751,0
412579.6051,0
412690.2296,0
412700.6213,0
412909.3181,0
412943.1172,0
413159.1342,0
413327.2255,0
413709.271,0
414262.4081,0
414273.0110666667,0
414290.4267,0
414493.9531,0
414757.4812,0
414792.5783,0
414844.6438,0
415033.4001,0
415144.7454,0
415229.1659,0
415343.5823,0
415407.612,0
415497.6244,0
415555.5466,0
415571.2619,0
415601.0918,0
416032.80079999997,0
416040.3848,0
416257.5255,0
416528.5867,0
416795.8985,0
416824.1667,0
416987.4238,0
417024.5479,0
417110.1609,0
417116.6446,0
417286.74100000004,0
417345.0399,0
417395.0101,0
417400.5535,0
417498.1,0
417582.08974,0
417720.245,0
417758.9817,0
417827.2446,0
417855.3776,0
418141.022,0
418211.0892,0
418214.1976,0
418428.476,0
419220.1364,0
419740.6392,0
419790.8988,0
420053.4309,0
420100.3142,0
420300.3188,0
420306.6192,0
420307.8239,0
420473.6337,0
420480.09010000003,0
420858.7683,0
420885.0193,0
420996.0034,0
421040.2099,0
421130.6364,0
421176.9796,0
421200.9316,0
421225.8428,0
421263.6227,0
421311.4273,0
421466.1972,0
421498.7665,0
421650.9411,0
421736.9247,0
421899.2272,0
421937.7956,0
421979.0486,0
421997.4294,0
422007.314,0
422037.7737,0
422106.869,0
422126.5786,0
422267.2546,0
422288.7326,0
422340.1488,0
422365.5297,0
422525.6518,0
422534.7642,0
422663.923525,0
422849.7391,0
423218.8961,0
423615.1952,0
423667.4838,0
423673.3994,0
423890.3415,0
423931.6666,0
423935.3503,0
424013.058,0
424041.90260000003,0
424086.8603,0
424154.2859,0
424474.809,0
424500.2198,0
424533.7801,0
424593.22109999997,0
424743.4654,0
424950.5911,0
425102.6045,0
425130.3976,0
425339.746,0
425531.9081,0
425802.116,0
425960.89890000003,0
426105.7649,0
426134.5188,0
426136.1024,0
426168.6508,0
426270.9271,0
426317.2486,0
426897.599,0
426913.8223,0
426959.4716,0
427038.52,0
427040.8087,0
427144.823,0
427461.9745,0
427669.3094,0
427669.9812,0
427771.6775,0
427822.5574,0
427892.7228,0
427921.0308,0
427933.86329999997,0
428174.5467,0
428332.5918,0
428433.1266,0
428506.6521,0
428660.6579,0
428863.259,0
428896.4416,0
429081.4804,0
429093.5992,0
429138.9898,0
429409.864,0
429418.7247,0
429472.5229,0
429846.07420000003,0
429851.8185,0
429852.7717,0
429963.038,0
429979.8982,0
430214.6565,0
430326.9886,0
430355.5138,0
430410.9215,0
430426.4283,0
430448.0012,0
430449.8002,0
430676.2094,0
430856.8145,0
430950.3665,0
431141.7163,0
431262.5069,0
431385.2056,0
431569.3519,0
431629.5875,0
431637.2688,0
431717.9039,0
431741.4443,0
431893.6219,0
431993.96869999997,0
432110.9041,0
432241.8157,0
432272.1603,0
432331.31649999996,0
432453.10446,0
432650.9687,0
432755.7716,0
432836.7929,0
432838.8951,0
432876.0233,0
432930.8283,0
432988.5702,0
433027.6379,0
433097.88670000003,0
433185.2974,0
433298.8999,0
433370.62069999997,0
433411.9778,0
433461.48470000003,0
433508.6302,0
433557.6862,0
433756.7375,0
433789.3101,0
433835.3484,0
433872.764,0
433935.71869999997,0
433993.502,0
433997.30079999997,0
434045.0791,0
434360.6831,0
434366.9996,0
434415.07279999997,0
434417.2134,0
434764.8152,0
434817.8441,0
435144.4523,0
435214.777,0
435225.5146,0
435328.5516,0
435419.55090000003,0
435632.9996,0
435994.2603,0
435994.4202,0
436126.2017,0
436373.8351,0
436409.3189,0
436494.2198,0
436509.6189,0
436668.2109,0
436789.3658,0
436795.6131,0
436925.4091,0
436982.3835,0
437037.0047,0
437155.3838,0
437389.8155,0
437436.5756,0
437443.2876,0
437654.4603,0
437859.7612,0
437863.1769,0
437941.1942,0
437944.2646,0
438010.352,0
438057.5652,0
438059.149,0
438060.1401,0
438221.0244,0
438285.6114,0
438471.9767,0
438516.6066,0
438520.6873,0
438650.47849999997,0
438683.4773,0
438693.70530000003,0
438736.6271,0
438776.5001,0
439000.5424,0
439016.2789,0
439035.0517,0
439061.6715,0
439117.5085,0
439215.7009,0
439345.8031,0
439349.4549,0
439371.437,0
439391.2024,0
439455.3882,0
439673.3188,0
439677.5897,0
439696.4003,0
439830.6299,0
439837.0259,0
439943.89,0
440024.044,0
440127.0228,0
440168.159,0
440414.5962,0
440479.378,0
440543.2448,0
440666.5341,0
440879.6781,0
440941.8384,0
441074.33400000003,0
441093.2992,0
441153.3713,0
441164.0555,0
441489.4253,0
441712.8174,0
441753.8282,0
441956.4931,0
441972.1184,0
441989.2791,0
442119.8387,0
442402.7126,0
442450.9583,0
442541.9523,0
442720.8592,0
442760.0455,0
442762.7202,0
442920.3645,0
443037.7284,0
443054.4546,0
443097.4973,0
443146.4512,0
443260.365,0
443267.2684,0
443335.6338,0
443374.1915,0
443411.3745,0
443450.14542,0
443581.6988,0
443795.5723,0
443825.1701,0
443827.6454,0
443941.7948,0
443994.4237,0
444159.7875,0
444164.0154,0
444214.1321,0
444239.7575,0
444425.2069,0
444426.1073,0
444477.7548,0
444584.8255,0
444593.29339999997,0
444675.9531,0
444857.0082,0
444962.30720000004,0
444964.905,0
445002.3153,0
445239.8555,0
445332.3716,0
445434.4128,0
445685.0753,0
445697.27509999997,0
445712.6082,0
445807.4543,0
445825.7895,0
445877.79,0
445886.1739,0
445936.6743,0
445978.5806,0
446058.536,0
446158.4596,0
446303.5538,0
446308.03715,0
446397.7913,0
446400.506,0
446443.9018,0
446481.7716,0
446487.5932,0
446563.6982,0
446610.8851,0
446657.9998,0
446917.3058,0
447013.2867,0
447224.352,0
447519.6733,0
447683.1812,0
447806.9625,0
447854.3153,0
448066.7771,0
448171.5947,0
448220.8261,0
448279.8842,0
448362.9667,0
448364.5395,0
448402.5512,0
448581.2927,0
448838.5429,0
448962.29469999997,0
449069.5441,0
449184.339,0
449342.2507,0
449564.1642,0
449839.8715,0
449979.64890000003,0
449981.39170000004,0
450003.9015,0
450172.5304,0
450367.7419,0
450535.2981,0
450542.5898,0
450563.38049999997,0
450760.4163,0
450922.5791,0
451335.52606666664,0
451372.0748,0
451650.8274,0
451803.9677,0
451807.4943,0
451815.736,0
451857.5612,0
451864.0639,0
451886.0677,0
451900.6593,0
451910.1567,0
452043.1987,0
452076.1956,0
452119.4865,0
452406.9486,0
452413.9756,0
452421.2403,0
452491.1308,0
452540.0263,0
452583.5418,0
452633.2781,0
452673.3844,0
452774.4873,0
452830.1983,0
452894.7672,0
452986.1104,0
452995.8818,0
453190.1935,0
453204.4684,0
453660.9853,0
453864.8404,0
453955.3057,0
454125.2391,0
454198.923,0
454205.49,0
454264.8095,0
454282.6846,0
454289.6516,0
454401.6504,0
454472.1173,0
454573.42209999997,0
454819.6227,0
454887.2575,0
455145.4148,0
455157.3142,0
455173.7432,0
455177.9024,0
455178.655,0
455385.04,0
455431.7251,0
455454.3389,0
455654.3379,0
455674.8992,0
455694.67209999997,0
455777.6794,0
455802.8307,0
455855.7701,0
455863.5783,0
456074.4816,0
456224.5059,0
456247.3471,0
456575.8348,0
456867.5001,0
457012.9807,0
457021.8723,0
457027.8798,0
457306.863,0
457791.0868,0
457816.5219,0
457930.8851,0
457934.92819999997,0
457971.3148,0
458205.75190000003,0
458266.3414,0
458272.6468,0
458287.2968,0
458404.8049,0
458738.451,0
458769.4157,0
458785.3973,0
458907.4336,0
458908.9101,0
459005.7638,0
459360.78740000003,0
459429.6146,0
459477.81,0
459515.5575,0
459605.5952,0
459671.7049,0
459719.7632,0
459758.1787,0
459800.9437,0
459817.4673,0
459921.2905,0
460161.5674,0
460171.8118,0
460259.8188,0
460464.4061,0
460810.0645,0
460868.70519999997,0
461040.2337,0
461076.5423,0
461220.6543,0
461248.5953,0
461336.6234,0
461410.1361,0
461482.8065,0
461616.95645,0
462093.3864,0
462155.1504,0
462446.1153,0
462514.4758,0
462860.8539,0
463101.3391,0
463185.2935,0
463293.685,0
463337.585,0
463745.22510000004,0
463759.9334,0
463762.8914,0
463969.2044,0
464017.581,0
464085.8678,0
464104.94,0
464268.572,0
464276.2437,0
464307.1343,0
464371.0195,0
464547.1214,0
464575.5175,0
464731.67189999996,0
464758.7931,0
465040.2476,0
465153.82525,0
465224.6874,0
465617.9106,0
465655.4051,0
465661.5763,0
465798.1803,0
466126.4357,0
466188.31384,0
466208.5109,0
466225.7756,0
466383.5159,0
466490.5498,0
466506.6865,0
466527.022,0
466529.2553,0
466615.9271,0
466788.9307,0
466794.3794,0
466915.0993,0
466982.976,0
467138.662,0
467222.4061,0
467252.5381,0
467363.2064,0
467537.4092,0
467614.57409999997,0
467886.2575,0
467894.9297,0
467941.3594,0
467965.9917,0
467995.3104,0
468029.4972,0
468230.7778,0
468309.9509,0
468360.5883,0
468455.2729,0
468542.2367,0
468594.359,0
468620.1487,0
468706.9096,0
468793.8736,0
468930.5708,0
469204.3351,0
469390.2045,0
469486.5168,0
469514.2071,0
469665.3515,0
469678.1395,0
469743.3101,0
469761.9811,0
469847.3179,0
469853.8739,0
469892.2083,0
469901.0427,0
469985.8825,0
470242.11939999997,0
470272.7676,0
470321.0692,0
470344.4294,0
470527.6243,0
470573.1162,0
470893.9845,0
471042.5171,0
471117.5398,0
471135.238,0
471245.5686,0
471271.40249999997,0
471273.894,0
471588.1341,0
471608.1285,0
472088.9939,0
472160.21030000004,0
472175.2712,0
472185.8415,0
472213.2235,0
472229.3759,0
472340.1825,0
472695.2666,0
472792.359,0
472907.1514,0
472970.7185,0
473134.2836,0
473293.58420000004,0
473403.418,0
473435.3894,0
473491.2783,0
473570.2907,0
473889.1594,0
474021.4547,0
474026.5912,0
474080.6107,0
474169.88910000003,0
474215.63190000004,0
474320.46869999997,0
474325.7699,0
474609.5573,0
474747.512,0
475314.2289,0
475443.6161,0
475759.1102,0
475961.4163,0
476058.3262,0
476180.9542,0
476301.33999999997,0
476453.396725,0
476555.9501,0
476798.728,0
476798.7402,0
476949.5012,0
477005.8636,0
477126.4848,0
477168.9268,0
477404.7063,0
477453.0047,0
477497.5855,0
477590.14890000003,0
477637.5373,0
477637.8961,0
477677.4707,0
478024.2583,0
478217.500175,0
478248.0524,0
478275.3291,0
478399.7307,0
478423.9665,0
478693.8996,0
478758.7106,0
478829.64780000004,0
478930.259,0
478932.8286,0
478968.7021,0
479011.1357,0
479358.5772,0
479777.6016,0
480102.4854,0
480121.77139999997,0
480203.7269,0
480226.7252,0
480390.2175,0
480410.4532,0
480480.3285,0
480794.0655,0
480998.0255,0
481238.6712,0
481286.0067,0
481389.3634,1351.2739999999758
481542.9645,0
482081.94550000003,0
482124.6178,0
482161.3035,0
482259.3831,0
482270.5526,0
482364.1712,0
482388.26392,0
482817.1672,0
482941.18940000003,0
482976.2217,0
482989.8559,0
483288.7201,0
483326.8249,0
483535.519,0
483626.3802,0
484171.2685,0
484481.3021,0
484646.4856,0
484698.7731,0
484745.66240000003,0
484826.79850000003,0
485008.9894,0
485111.6135,0
485236.7197,0
485348.1324,0
485363.52509999997,0
485416.896,0
485655.9274,0
485950.2162,0
486242.8488,0
486300.9722,0
486383.2969,0
486506.2488,0
486530.95389999996,0
486556.01300000004,0
486729.9013,0
486792.5977,0
487004.8167,0
487031.9882,0
487143.72990000003,0
487177.7208,0
487181.3884,0
487358.9412,0
487785.3704,0
487894.5672,0
488225.2282,0
488230.6919,0
488241.70160000003,0
488266.4483,0
488276.0216,0
488408.5587,0
488456.5674,0
488525.5529,0
488548.5219,0
488840.4966,0
489239.659,0
489360.7528,0
489387.8035,0
489452.1078,0
489486.6665,0
489699.7339,0
489851.4589,0
490209.28489999997,0
490342.35109999997,0
490434.221,0
490450.0986,0
490533.3124,0
490661.8812,0
490862.16953333333,0
491390.3836,0
491397.0639,0
491453.0241,0
491608.5659,0
492016.3308,0
492825.2125,0
492939.9427,0
492981.9375,0
493031.4042,0
493191.1808,0
493399.7595,0
493767.4979,0
493909.99820000003,0
493986.188,0
494450.2108,0
494540.7415,0
494622.4078,0
494665.9581,0
494942.17220000003,0
494949.60829999996,0
495238.4714,0
495318.42949999997,0
495350.0241,0
495498.68505,0
495519.3855,0
495548.7473,0
495551.9776,0
495860.44180000003,0
495966.0385,0
496072.6789,0
496145.032225,0
496149.9857,0
496179.9392,0
496259.0614,0
496464.3428,0
496741.2595,0
497018.6185,0
497070.8316,0
497167.3619,0
497197.9191,0
497235.6967,0
497466.7783,0
497517.4469,0
497582.89946,0
497633.9080666667,0
497638.8781,0
497916.6558,0
497921.5536,0
497966.3941,0
498074.3834,0
498428.0546,0
498430.96606666665,0
498467.985,0
498753.4829,0
498769.5044,0
498788.9948,0
498914.7878,0
499112.457,0
499122.79819999996,0
499171.8784,0
499281.2939,0
499333.0163,0
499428.9546,0
499550.1013,0
499566.2113,0
499681.9798,0
499712.0064,0
500057.8679,0
500097.25769999996,0
500388.6482,0
500395.3446,0
500504.8191,0
500704.1665,0
500799.3394,0
501128.4672,0
501315.0319,0
501408.7569,0
501417.7,0
501507.9941,0
501618.0028,0
501622.6528,0
501702.7136,0
501932.3365,0
502003.7392,5990.670383333345
502008.7131,0
502058.16370000003,0
502113.9774,0
502234.316,0
502266.5654,0
502496.4478,0
502539.6881,0
502634.4681,0
502639.9264,0
502790.2784,0
502849.3556,0
503004.5155,0
503060.6091,0
503082.7828,0
503207.3616333333,0
503224.2629,0
503261.5422,0
503313.0944,0
503445.6033,0
503545.7003,0
503694.7956,0
503711.2708,0
503755.5448833333,0
503880.2466,0
503918.3808,0
503998.183,0
504115.8391,0
504210.6695,0
504349.3593,0
504349.8825,0
504470.6181,0
504490.9609,0
504514.5774,0
504588.5516,0
504680.9046,0
504940.9433,0
504998.0234,0
505152.8106,0
505292.2276,0
505342.66740000003,0
505425.10349999997,0
505978.7533,0
506243.7269,0
506522.0286,0
506527.9517,0
506565.0998,0
506852.4744,0
507009.3536,0
507030.9248,0
507328.0468,0
507485.6497,0
507532.8419,0
507644.8743,0
507740.4834,0
507754.245,0
507827.7999,0
507926.8684,0
508304.2098,0
508334.794,0
508381.1949,0
508449.8285,0
508540.2182,0
508622.8272,0
508662.7075,0
508705.0006,0
508712.2304,0
508948.8998,0
509241.4199,0
509374.41836666665,0
509380.43,0
509460.2111,0
509551.5294,0
509678.4754,0
509707.8253,0
509718.91366666666,0
509761.6708,0
510029.3648,0
510081.2072,0
510243.4676,0
510535.3309,0
510592.6439,0
510686.8363,0
510887.1579,0
511036.2819,0
511203.6571,0
511329.6221,0
511452.0576,0
511456.6003,0
511632.0612,0
511656.9211,0
511659.5002,0
511659.96880000003,0
511688.7818,0
511696.3227,0
511980.0895,0
512220.23589999997,0
512236.0577,0
512344.4695,0
512346.62309999997,0
512454.9538,0
512495.97010000004,0
512509.3532,0
512682.2607,0
512720.4827,0
512740.87100000004,0
513038.3233,0
513133.08900000004,0
513151.59979999997,0
513177.7794,0
513283.2144,0
513310.61699999997,0
513368.634,0
513486.9004,0
513539.905,0
513545.0307,0
513605.1169,0
513834.0885,0
513886.0232,0
513900.90150000004,0
514170.4309,0
514234.2858,0
514280.265,0
514391.5306,0
514602.2767,0
514823.3817,0
514919.3974,0
515107.8515,0
515170.7415,0
515214.22,0
515376.7221,0
515442.658,0
515564.1761,0
515622.5896,0
515718.26885,0
515768.9776,0
515846.9019,0
515877.4856,0
516069.962,0
516355.6324,0
516566.8111,0
516590.6398,0
516630.7699,0
516631.36699999997,0
516757.6008,0
516769.8552,0
516784.4467,0
516874.9816,0
516962.2435,0
517006.2206,0
517027.2801,0
517081.8476,0
517234.502,0
517245.3496,0
517332.3116,0
517381.1078,0
517444.6449,0
517508.039,0
517658.893,0
517723.87088,0
517765.9013,0
517939.97490000003,0
517953.5057,0
518086.2871,0
518132.3128,0
518164.6654,0
518187.5288,0
518281.6387,0
518286.9638,0
518501.1702,0
518643.5066,0
518766.40989999997,0
518806.0594,0
518858.3823,0
518957.3995,0
519068.71,0
519160.56408333336,0
519216.8111,0
519265.2434,0
519449.0859,0
519580.8913,0
519832.8313,0
519834.4104,0
519854.0089,0
519872.7693,0
520387.0616,0
520396.9915,0
520435.7732,0
520443.8543,0
520608.6004,0
520987.8623,0
521262.5126,0
521329.6118,0
521465.6847,0
521503.3092,0
521513.7952,0
521572.2763,0
521639.7345,0
521711.6716,0
521742.54949999996,0
521815.5418,0
522411.79113333335,0
522450.4276,0
522489.5032,0
522685.2982,0
522750.9172,0
522886.8972,0
523045.5281,0
523061.324,0
523234.5493,0
523356.3587,0
523624.6403,0
523812.156,0
523817.8685,0
523870.7585,0
524445.9328,0
524455.1957,0
524474.5267,0
524478.3432,0
524532.4791,0
524713.9798,0
524729.7151,0
524777.25,0
524783.0228,0
524786.1559,0
524859.9227,0
524955.7905,0
525094.1843,0
525132.5714,0
525136.7126,0
525204.2396,0
525253.5886,0
525558.8123,0
525643.8314,0
525702.2385,0
525759.3095,0
525759.3176,0
525759.5132,0
526005.9943,0
526016.8805,0
526048.9544,0
526075.16,0
526185.9776,0
526368.7172,0
526378.0893,0
526492.322,0
526588.0884,0
526662.2507,0
526665.2572999999,0
526675.283,0
526682.6822,0
526717.9156,0
526774.9433,0
527094.1078,0
527141.5174,0
527168.9717,0
527247.2126,0
527486.1877,0
527631.3352,0
527712.6848,0
527716.431,0
527738.7632,0
527845.7753,0
527908.8839,0
527944.6462,0
527949.9812,0
528010.6589,0
528154.0001,0
528475.5016,0
528681.7484,0
528829.8765,0
528839.4982,0
528846.1227,0
529083.6448,0
529312.6405,0
529323.4835,0
529357.8326,0
529493.7082,0
529550.6033,0
529737.805,0
529763.841525,0
529767.3582,0
529775.1359,0
529786.095,0
529880.1665,0
529959.9213,0
530100.3382,0
530152.6979,0
530178.5748,0
530202.9352333334,0
530249.4242,0
530261.4521999999,0
530324.2643,0
530333.0146,0
530384.3429,0
530617.6551,0
530693.469,0
530779.8857,0
530959.7731,0
531040.3785,0
531272.1729,0
531297.2106,0
531352.7456,0
531515.7871,0
531554.268,0
531771.4813,0
531783.733,0
531892.5854,0
531959.8393,0
532029.1341,0
532289.1524,0
532393.5754,0
532462.5869,0
532515.9971,0
532614.2041,0
532867.5775,0
532992.5533,0
533258.2943,0
533276.0363,0
533288.5061,0
533489.5051,0
533539.7834,0
533731.7032,0
533905.4533,0
533914.4092999999,0
534268.5078,0
534323.9846666667,0
534336.5109,0
534368.268,0
534542.1874,0
534703.0749,0
534717.4317,0
534769.3265,0
534908.5808,0
534966.465,0
535272.2659,0
535293.8646,0
535325.2942,0
535349.5975,0
535515.1762,0
535646.1051,0
535836.4504,0
535999.8461,0
536269.5412,0
536318.9655,0
536683.9288,0
536851.7008,0
536952.8318,0
537068.4812,0
537097.4661,0
537189.9912,0
537235.7706,0
537247.8503,0
537252.9168,0
537405.5264,0
537614.8407000001,0
537631.7747,0
537828.0224,0
537829.6212,0
537857.2674,4253.882800000021
537869.4574,0
538037.6873,0
538060.8056,0
538092.5046,0
538229.612,0
538257.9602,1984.6835999999894
538261.2458,0
538292.3885,0
538295.4736,0
538347.6142,0
538365.3135,0
538384.2161,0
538426.394,0
538524.5575,0
538564.3816,0
538691.2841,1876.6667000000598
538740.9583,0
538771.4079,0
538802.737,1714.012400000007
538979.2798,0
539084.5653,0
539283.7375,0
539392.7453,0
539454.3104,0
539652.6995,0
539722.1019,0
539735.4023,0
539808.94,0
539928.0994,0
539964.0417,0
540105.5017,0
540167.6537,0
540209.9954,0
540530.5477,0
540635.3592,0
540688.4524,0
540762.6441,0
540827.6871,0
541007.9368,0
541066.201,0
541272.598,0
541293.8704,0
541354.2519,0
541470.1855,0
541649.2493,0
541827.7845,0
542197.15,0
542375.8447,0
542493.4004,0
542511.86,0
542845.6994,0
542861.2994,0
543124.2646,0
543279.5543,0
543283.4191,0
543338.065,0
543372.2389,0
543458.5563,0
543473.0677,0
543537.4313,0
543591.0006,0
543746.8653,0
543874.4376,0
544161.7602,0
544198.7824,0
544265.0669,0
544313.5167,0
544518.6968,0
544531.2706,0
544660.8601,0
544661.1575,0
544719.3751,0
544766.5574,0
544768.8371,0
544864.0268,0
545155.5827,0
545163.0771999999,0
545239.2902,0
545245.254,0
545582.1665,0
545762.9137,0
545790.2134,0
545900.5034,0
546015.8694,0
546056.4367,0
546088.6589,0
546203.9214,0
546211.4217000001,0
546248.2205,0
546305.7976,0
546581.1175,0
546626.6562,0
546708.3309,0
547046.2711,0
547100.7818,0
547674.9713,0
547708.6667,0
547801.7125,0
547810.1618,0
547910.3985,0
547923.6592999999,0
548248.0415,0
548367.192,0
548494.3534,0
548727.2722,0
548935.7962,0
548977.6275,0
549054.2986,0
549256.7796,0
549452.6944,8291.722900000052
549541.8997,0
549608.8437,0
549708.331,0
549722.1379,0
549778.6848,0
549812.4207,0
549829.7404,0
550093.4275,0
550219.4838,8388.48900000006
550368.0392,0
550476.5115,0
550735.7324,0
550744.9053,0
550766.1952,0
550791.1246,0
550881.7845,0
551094.8766,0
551101.8554,0
551358.8568,0
551405.247,0
551549.0159,0
551634.3833,0
551634.5009,0
551652.82005,0
551652.9415,0
551990.9097,0
552172.3896,0
552274.6864,0
552330.3358,0
552444.2652,0
552579.4618,0
552938.1699,9475.181899999967
552943.5447,0
553164.5904,0
553324.7156,0
553506.9224,0
553526.5377,0
553600.5091,0
553809.1182,0
553912.9366,0
554069.756,0
554071.2385,0
554103.0172,0
554338.4336,0
554345.6093,0
554390.5572,0
554453.4703,0
554465.104,9602.413400000078
554614.6986,0
554737.5486,0
554757.6336000001,0
555251.4197,0
555298.7943333334,0
555328.4358,0
555344.9073,0
555503.5458,0
555653.2497,0
555671.9801,0
555680.2267,0
555682.3985,0
555884.3573,0
555887.229,0
556017.4749,0
556036.4469,0
556129.867,0
556173.1647,0
556257.0298,0
556690.9333,0
557132.9041,1742.2475000000559
557171.415,0
557281.3447,0
557286.5,0
557389.1335,0
557497.8523,0
557582.6557,0
557614.9114,0
557687.3175,0
557696.9434,0
557874.7278,0
558061.2017,0
558298.9366,10549.867800000007
558441.632,0
558507.8991,0
558558.5998,0
558612.0607,0
558730.0313,0
558804.6869,10668.852799999993
559038.0906,0
559086.0835,0
559236.9889,0
559319.5791,0
559338.1768,0
559444.1624,0
559607.677,0
559611.2348,0
559716.6775,0
559801.7072,0
559883.1277,10727.473699999973
559946.4373999999,0
560222.9732,0
560255.3679,0
560434.8346,0
560621.9538,0
560705.7489,0
560770.6642,0
560773.9225,0
560815.1516,0
561094.0537,0
561161.3334,10738.891900000046
561169.7391,0
561261.6372,10751.728699999978
561423.7697,0
561646.4273,0
561651.7949,2328.928399999975
561692.767,0
561941.5535,0
561990.9252,0
561996.4231,0
562033.0426,3397.0492000000086
562194.2704,10741.271999999997
562301.4421,5996.106599999941
562527.1124,0
562647.0026,0
562675.7679,0
562815.2722,0
562858.2722,0
562966.6183,0
562986.5224,0
563139.0959,0
563217.6064,0
563412.8685999999,0
563516.9363,0
563560.686,3081.347999999998
563792.1597,0
563901.5531,0
563901.9409,0
563955.9071,0
564118.6474,0
564158.7151,0
564221.3885,0
564271.1442,0
564559.4176,0
564637.813,6325.8116000000155
564639.1937,0
564852.4199,0
565144.5749,0
565156.6476,0
565434.8249,0
565445.8776,0
565524.2268000001,0
565635.308,0
565656.1542,0
565763.5571,0
565874.7904,6326.902900000103
566024.0018,0
566201.9489,0
566285.8424,0
566649.843,0
566823.3692,0
566826.8806,0
566868.6353,0
566962.2979,0
567016.9526,0
567080.455,0
567228.7198,4369.964099999983
567495.7472,0
567766.7593,0
567819.9117,0
567840.9033,0
568006.663,0
568149.7305,0
568587.4574,0
568737.2653,3390.9570999999996
568956.5256,0
569287.5886,0
569704.1943,3771.3735999999335
569707.951,0
569708.94706,0
569780.7671,0
569919.034,0
569996.3442,0
570377.1808,0
570459.0008,0
570740.2561,0
570756.4632,0
570793.1988,10731.189499999979
570852.2952,0
571137.4437,0
571149.7057,0
571261.3278,0
571285.0859,0
571371.0784,0
571417.5527,0
571430.7435,0
571477.757,0
571608.426,0
571707.335,0
571779.1615,0
572276.6145,0
572461.8911,0
572655.219,8293.799600000028
572905.5907,8429.849399999948
573066.5762,0
573414.9963,0
573439.8212,0
573845.2773,0
573900.774,0
573995.4255,1928.1809000000358
574104.7196,3601.981599999941
574172.7028,0
574338.9102333334,0
574445.7488,0
574625.7445,0
574745.8619,0
574840.8603000001,0
574859.4731000001,0
575050.333,0
575163.0358,0
575303.7958,0
575344.1891,0
575552.1256,322.0372000000207
575660.5864,0
575676.1596,0
575676.558,0
575687.0606,0
575839.8116,0
575917.8864,0
575936.6312,0
576185.2683,507.36999999999534
576919.2935,0
577057.1296,0
577089.3581,0
577187.0776,308.7432999999728
577438.2411,0
577632.6002,0
578201.6066,0
578221.0794,0
578284.0019,0
578447.3877,0
578524.5775,0
578578.303,0
578625.8787,0
578774.0359,0
578855.3541,0
578975.0411,0
579013.7532,0
579180.6283,0
579185.8332,0
579282.6448,0
579286.8362,0
579337.62664,0
579516.4811,0
579851.0451,0
579966.4108,0
580314.4865,0
580345.5389,0
580768.7422,0
580786.2052,0
580873.9641,0
580891.0049,0
581106.4231,0
581225.5265,0
581266.6853,0
581362.9585,0
581387.7327,0
581551.6324,0
581772.0638,0
581793.662325,0
581899.2873,0
581965.7192,0
581993.7620999999,0
582161.3722,0
582276.8054,0
582307.7314,0
582439.2171,0
582648.6239833334,0
582664.7866,0
583011.8819,0
583131.9715,0
583145.03,0
583154.094,0
583157.2374,0
583250.5287,0
583368.0429,0
583473.173,0
583482.0679,0
583591.0634,0
583701.6983,0
583808.5354,0
583878.0748,0
583965.2665,0
584055.2157000001,0
584178.4477,0
584246.5117,0
584333.5594,0
584367.2759,0
584414.4015,0
584463.6786,0
584483.0848,0
584595.1497,0
584621.6974,0
584713.2984,0
584799.5426,0
584869.0992,0
584912.655,0
584931.8609,0
585095.2302,0
585246.6027,0
585308.3551,0
585333.2164,0
585348.5242,0
585364.6683,0
585432.876,0
585554.7968,0
585831.9182,0
586033.7085,0
586096.131,0
586288.909025,0
586417.7231833333,0
586734.1413,0
587013.7041,0
587014.4822,0
587159.6551,0
587185.3033,0
587501.257,0
587511.1572,0
587586.9922,0
587628.1869,0
587664.448,0
587671.4926,0
587698.6815,0
587848.0667,0
587887.0353,0
587911.5611,0
587985.961,0
588162.8428,0
588449.3605,0
588486.3082,0
588523.7228,0
588526.019,0
588632.616,0
588647.6148,0
588748.0482,0
588782.221,0
588859.2092,0
589083.5218,0
589172.8028,0
589230.5079,0
589273.2209,0
589393.574,0
589677.4832,0
589717.2851,0
589745.8716,0
589894.9548,0
590029.9668,0
590143.5332,0
590569.7705,0
590570.6511,0
590628.6192,0
590964.2141,0
591004.6226,0
591045.1232,0
591221.548,0
591371.3349,0
591596.5205,0
591684.5617,0
591823.3178,0
591991.2335,0
592168.2788,0
592251.3386,0
592271.4138,0
592399.948,0
592432.1502,0
592547.7392,0
592553.0978,0
592695.1085,0
592724.0888,0
592872.0008,0
593020.1445,0
593138.103,0
593164.0328666667,0
593204.1782,0
593269.0558,0
593370.7565,0
593559.7244,0
593597.9057,0
593795.872,0
593936.9168,0
594319.131,0
594517.421,0
594553.8507,0
594679.5851,0
594726.5452,0
594904.0512,0
595028.0672,0
595065.272,0
595227.4231,0
595277.7467,0
595325.6271,0
595342.2113,0
595465.0181,0
595553.4916,0
595764.3787,0
595870.793,0
596035.3641,0
596115.3306,0
596127.8947,0
596228.4022,0
596532.5362,0
596761.4686,0
596862.4546,0
596995.9105,0
597027.1602,0
597052.5771999999,0
597263.7817,0
597309.0556,0
597355.9336,0
597453.8479,0
597633.3714000001,0
597645.1073,0
597758.1308,0
597886.3098,0
598252.5696,0
598381.1623,0
598458.7755,0
598489.7165,0
598745.4215,0
598792.6823,0
598822.683,0
598889.8046,0
599274.0632,0
599276.0228,0
599378.7397,0
599392.096,0
599680.2023,0
599703.976,0
599867.9767833333,0
599898.403,0
600039.8082,0
600146.8812,0
600148.719,0
600217.3988,0
600290.5717,0
600389.6458,0
600410.9869,0
600452.698,0
600658.2778,0
600714.1518999999,0
600867.7252,0
601049.927,0
601248.3693,0
601251.2126,0
601286.6946,0
601356.6161,0
601417.5365,0
601505.7225,0
601511.5031,0
601709.253,0
601777.3916,0
601778.883,0
602106.9627,0
602129.985,0
602171.3225,0
602294.3214,0
602310.8282,0
602354.7345,0
602590.0664,0
603030.6341,0
603100.0339,0
603201.2662,0
603249.5579,0
603423.9822,0
603492.7477,0
603576.8501,0
603906.4712,0
604010.0038,0
604186.9932,0
604233.2292,0
604242.6764,0
604422.9298,0
604512.4212,0
604566.5963,0
604588.5272,0
604716.3114,0
604801.8911,0
604833.4493,0
604875.8501,0
604933.3354,0
605044.9449,0
605119.1828,0
605257.6777,0
605403.8967,0
605426.1371,0
605669.0432,0
605716.4597,0
605737.9890000001,0
605860.1749,0
605978.3975,0
606430.5268,0
606534.2485,0
606563.5602,0
606769.8115,0
606940.9163,0
607010.5458,0
607030.717,0
607157.2915333334,0
607199.7958,0
607402.2148,0
607470.685,0
607598.039,0
607792.4832,0
607982.3003,0
608031.5571,0
608372.9586,0
608454.9064,0
608525.3194,0
608639.6123,0
608644.7815,0
608768.9941,0
608821.3356,0
608834.9282,0
608984.7478,0
609016.3601,0
609056.6178,0
609148.1489,0
609161.09016,0
609352.8756,0
609564.9076,0
609604.2371,0
609657.372,0
609693.4844,0
609712.7681,0
609844.4355,0
609869.495,0
609972.5553,0
610147.1382,0
610338.3324,0
610444.5103,0
610466.8474,0
610567.0747,0
610608.3265,0
610737.7906,0
610944.3605,0
611057.9248,0
611177.5134,0
611217.0882,0
611283.2877,0
611491.7996,0
611597.5221,0
611740.1102,0
611868.1016,0
611881.2725,0
611949.7309,0
612052.1377,0
612221.7342,0
612524.3617,0
612787.4472,0
612886.6545,0
612939.8256,0
613026.6575,0
613047.8835,0
613186.081,0
613226.8071,0
613447.4614,0
613470.297,0
613528.3554,0
613578.8743,0
613679.1406,0
613832.3242,0
613835.7954,0
614031.0223,0
614105.5364,0
614140.375,0
614497.526,0
614522.0164,0
614565.41325,0
614612.5489,0
614698.9371,0
614705.5106,0
614735.6591,0
614747.7836,0
614913.4942,0
614941.9712,0
614949.2099,0
614963.6919,0
615198.7646999999,0
615336.6333,0
615447.3669,0
615477.6772,0
615488.1976,0
615604.0342,0
615669.7655,0
615712.7831,0
615861.4475,0
615970.0045,0
616058.8279,0
616120.8141,0
616310.9365,0
616358.2021,0
616377.8153,0
616485.8691,0
616654.9395,0
616658.5576,0
616670.631,0
616982.2357,0
616984.9995,0
616992.4136,0
617015.4885,0
617114.1932,0
617176.3491,0
617180.3401,0
617219.5377,0
617333.1359999999,0
617386.4731,0
617390.4388,0
617439.8674,0
617463.478,0
617483.4011,0
617550.6361,0
617615.2813,0
617688.9623,0
617918.1527,0
617928.9453,0
617942.5226,0
617985.7438,0
618013.6186,0
618020.8223,0
618047.7576,0
618258.2261,0
618292.3036,0
618374.9472,0
618385.873,0
618465.2185,0
618647.8182,0
618759.3175,0
618829.6641,0
619053.3173,0
619062.5434,0
619178.8976,0
619188.2217,0
619190.2084,0
619225.9901,0
619229.8646,0
619290.8467999999,0
619311.9796,0
619436.6736,0
619467.5237,0
619506.3377,0
619517.3054,0
619540.6628,0
619632.0955,0
619790.6875,0
619907.0153,0
620227.5246,0
620309.6501,0
620327.6714999999,0
620433.759,0
620585.4301,0
620680.4698,0
620696.0094,0
620720.7201,0
620768.6456,156.19680000003427
620792.3128,0
620975.3591,0
621008.8822999999,0
621056.3755,0
621087.1225,0
621126.913,0
621236.0186,0
621253.7497,0
621274.3113,0
621369.7584,0
621390.9652,0
621487.8102,0
621676.5185,0
621844.53,0
621851.5342,0
621953.3492,0
622155.98,0
622332.3583,0
622366.9140999999,0
622477.7815,0
622580.903,0
622631.1915,0
622838.091,0
622997.5154,0
623110.3061,0
623353.1156,0
623515.8614,0
623524.0463,0
624105.7125,0
624150.0956,0
624193.5355,0
624380.5052,0
624414.789,0
624619.4463,0
624707.7467,0
625042.3517,0
625065.1423,0
625182.3086,0
625216.4414,0
625317.3641,0
625325.7338,790.6118000000715
625389.4836,0
625447.5589000001,0
625476.5675,0
625537.5485,0
625538.0876,0
625857.3848,0
626278.0011,0
626307.6473,0
626352.7212,0
626387.9393,0
626526.5626,0
626550.3416,0
626706.6866,0
626744.5369,0
626803.5324,0
626949.4349,0
626965.0013,0
627165.3937,0
627181.2879,0
627293.8743,0
627419.5043,0
627459.531,0
627528.8229,0
627586.8833,0
627603.8473,0
627638.7058,0
627676.2946,0
627775.6393,0
627840.281,1585.2071999999462
628029.1242,0
628102.2703,0
628106.2715,0
628126.829,0
628205.2009,0
628253.0509,0
628435.9236,0
628699.0349,0
628864.2395,0
629046.8414,0
629076.8202,1204.6348999999464
629113.1718,0
629132.2508,0
629159.9346,0
629180.9866,0
629275.5541,0
629324.5324,0
629371.0707,1405.4983000000939
629426.5418,0
629462.0865,0
629635.0793,0
629716.572,0
629751.715,0
629866.5656,0
629942.1545,0
630067.7454,0
630079.2977,0
630569.1301,0
630778.2064,0
630974.2567,0
631045.0259,0
631092.6359,0
631238.015,0
631323.4119,0
631381.0534,0
631410.85375,0
631533.5361,0
631681.6654,0
631859.9088,0
632413.371,0
632465.7244,0
632495.7065,0
632685.7083,0
632692.1283,0
632801.8841,0
632803.7705,2575.7266999999993
633177.1443,0
633228.9432,3226.5109999999404
633654.5027,0
633766.8743,905.827900000033
633848.3188,0
633981.4674,1006.7580999999773
634008.8024,0
634018.4311,3214.2900000000373
634019.3641,0
634040.2947,0
634066.8333,0
634124.9566,0
634183.5697,3234.282099999953
634283.96,0
634292.2241,1676.453899999964
634469.8218,0
634491.3870999999,0
634594.6059,0
634665.786,0
634697.2517,1657.97080000001
634772.9878,0
635010.4804,0
635020.3043,1636.0080999999773
635095.2544,0
635346.6685,1058.827600000077
635356.3018,0
635464.321,0
635674.1125,1596.8349000000162
635696.0556,0
635705.4145,0
636023.175,0
636038.8206,0
636249.7474,0
636255.0198,0
636539.8746,0
636548.5493,0
636565.2451,3215.5185000000056
636635.7338,0
636721.4207,0
636737.0558,0
636753.4936,0
636815.9731000001,0
636994.1569000001,0
637109.2349,0
637270.0988,1056.613000000012
637340.9145,0
637391.4467,0
637458.2631,0
637607.9247,0
637934.0593,0
637983.5763,0
638025.2529,0
638127.9814,0
638175.4198,0
638184.3484,0
638350.7882,0
638575.0966,0
638654.9556,1817.4642000000458
638739.6072,0
638855.5102,2589.472700000042
638871.9567,0
638887.6035,0
639016.4566,0
639167.3543,0
639287.7961,0
639326.9454,0
639426.1584,0
639866.2002,0
639935.2096,0
640167.1089,0
640180.861,2235.388600000064
640329.2505,0
640431.4605,0
640445.5406,1807.155700000003
640647.9519,0
640817.4045,0
640891.43,0
641222.93,0
641237.1074,0
641446.7548,0
641502.1749,0
641580.9773,0
641739.8503,0
642001.8602,0
642060.1565,0
642085.6803,0
642214.1768,0
642238.5556,0
642555.3814,0
642654.0065,2660.111200000043
642858.165,0
642946.6738,0
643021.4501,0
643095.708,0
643152.1947,0
643402.2396,0
643412.9409,0
643625.8817,0
643905.221,0
644107.7934,0
644238.70935,0
644496.5247,0
644620.9643999999,0
644710.3565,0
644769.5795,0
644849.1611,0
644939.7013,0
644996.7085,0
645022.1378,0
645063.899,0
645191.6636,0
645265.6503,0
645322.7194,3124.0010999998776
645443.8193,0
645650.9238,0
645823.6501,0
645920.7406,0
645975.7622,0
645984.0966,0
646000.0979,1057.0835000000661
646114.3697,0
646140.671,0
646158.7099,0
646169.0726,0
646364.5398,0
646426.5117,0
646668.7078,0
646693.0387,0
646769.8829,0
646864.22,0
647111.1429,0
647292.1838,0
647349.4097,0
647512.2915,0
647524.9393,0
647702.9596,0
647792.8944666666,0
647828.064,0
647915.2261,0
648218.8087,0
648253.9599,0
648335.1222,0
648399.4002,3131.91240000003
648514.8284,0
648581.5164,0
648597.6804,0
648725.1011,0
649004.9972,3106.315399999963
649380.5104,2289.375100000063
649427.5322,0
649477.7309333333,0
649598.5015,0
649606.8735,0
649665.7687,0
650151.6453,0
650294.265,0
650472.5112,0
650559.6271,0
650642.9979,0
650786.3464,0
650958.0441,0
651569.3907,0
651669.9579,2810.8209000000497
651767.5878,0
651824.275,0
651882.2996,3129.33460000006
652232.3792,0
652334.1782,0
652574.0378,0
652591.8894,0
652743.0401,0
652847.7066,0
652987.9362,0
652992.4667,0
653130.3716,2904.9627999999793
653141.8658,0
653187.1663,0
653196.458,0
653302.3251,0
653650.5014,0
653773.4424,0
653791.0616,0
653816.7349,0
653847.8003,0
653857.9341,0
653906.1572,0
654009.6012,0
654053.8479,0
654135.5582,2911.2032999999356
654162.7961,0
654216.9574,2822.4035999999614
654229.5607,0
654315.7888,0
654503.7094,0
654505.3879,0
654521.5557,0
654667.6695,3061.5508999999147
654680.8883,0
654761.1499,3106.59309999994
654994.0873,0
655030.8495,0
655154.9523,3117.3257999999914
655186.7797,0
655230.6301,0
655301.6364,0
655922.4353,0
655951.4791,0
656033.6215,0
656211.2150333333,0
656442.152,826.7421000000322
656490.1798,0
656606.1954,338.5610999999335
656713.0575,0
656848.4291,0
657048.2081,1641.1981399999931
657337.6743,0
657419.3135,0
657642.6183,0
657714.584,0
657867.868,0
657905.8701,0
657906.6906,0
657922.2661,0
657954.4206,0
658101.341,0
658120.0348,0
658155.0869,0
658338.4749,0
658394.3985,0
658562.7319,0
658574.1023,0
658612.9592,0
658671.4614,0
658785.6975,0
659120.6193,0
659242.2811,0
659456.9143000001,0
659582.8693,0
659632.9118,0
659915.5481,1162.2968999999575
659943.9568,0
660087.8507000001,0
660106.5973,0
660163.5603,1168.047600000049
660306.23762,0
660422.0523,0
660595.3217,0
660717.99,0
660986.1751,0
661142.478,0
661191.6251,0
661490.9564,3232.118299999973
661509.2323,0
661511.1169,0
661513.8529,0
661675.6314,0
661790.9717999999,0
661818.5364,0
662104.8467,0
662131.9318,0
662161.4254000001,0
662442.0426,3046.2996000000276
662493.7767,0
662804.3805,0
662846.3125,0
663443.397,0
663821.0885,0
663882.0778,0
663933.941,0
663993.6196,0
664153.9222,0
664202.174,0
664335.5291,0
664365.7274,2799.7615000000224
664456.9309,0
664504.02,0
664508.3232,0
664869.1092000001,0
665046.8805,0
665235.1094,0
665512.2436,0
665590.2681,0
665723.0124,0
665776.1472,0
666406.0895,0
666699.6784,0
666735.4294,0
666979.6127,0
667014.6121,0
667050.1085,0
667302.0675,0
667370.768,0
667511.0884,0
667543.4288,0
667832.8702,0
667988.3949,0
668011.3004,0
668056.9531,0
668131.6723,0
668327.1473,0
668419.2599,0
668458.3911,0
668503.156,0
668956.6017,0
669012.24,0
669045.7143999999,0
669175.9459,0
669307.596,0
669385.8515666666,0
669696.8033,0
669890.5747,0
669977.6495,0
670170.1876,0
670313.9794,0
670509.5642,0
670807.7092,0
670903.7427,0
670925.3373,0
671018.079225,0
671046.9336,0
671294.2166,0
671340.8949,0
671481.2613,0
671812.9432,0
671834.6729,0
671889.8909,0
672042.8515,0
672081.8139,0
672093.3629,0
672179.8479,0
672184.8702,0
672227.72445,0
672341.1689,0
672704.6815,0
672724.2968,0
672767.6332,0
672883.40158,0
673028.7053666667,0
673056.5022,0
673353.7105,0
673458.6433,0
673575.8554,0
673860.0244,0
673963.7404,0
674009.4374,0
674091.5642,0
674166.9543,0
674190.1558,0
674204.9821,0
674377.7749,0
674390.5112,0
674438.514,0
674466.1124,0
674473.7792,0
674613.4239,0
674618.8741,0
674675.6851,0
674808.7538,0
674981.5421,0
675071.5146999999,0
675256.7954,0
675271.0157999999,0
676150.7403,0
676167.5505,0
676238.8578,0
676534.2514,0
676594.57,0
676659.443175,0
676701.7171,0
676738.4382,0
676879.1464,0
677073.3511,0
677097.8656,0
677157.13738,0
677195.3371,0
677293.3992,0
677297.2524,0
677560.1718666666,0
677593.8919,0
677617.3329,0
677672.2468,0
677845.2239,0
677873.4643999999,0
678018.0923,0
678047.5548,0
678202.9431,0
678298.7446,0
678356.7937,0
678406.2145,0
678519.4484999999,0
678575.7979,0
678679.8024,0
678827.0957,0
679043.7849,0
679083.2311,0
679087.4013,0
679417.9338,0
679489.9705,0
679664.9861,0
679739.7778,0
679863.428,0
679903.1494,0
679933.521,0
679957.5459,0
679978.2021,0
680073.721,0
680095.2777,0
680126.0287,0
680146.9754,0
680154.842,0
680169.2069,0
680354.1439,0
680422.8861,0
680653.9869,0
680757.4519,0
680767.8781,0
680809.0557,0
680834.3821,0
681066.0138,0
681153.2408,0
681153.7169,0
681306.4275,0
681402.7832,0
681578.8023,0
682134.8132,0
682214.4931,0
682280.3479,0
682305.7046,0
682493.988,0
682517.1721,0
682734.667,0
682993.1322999999,0
683080.2532,0
683083.5333,0
683176.9342,0
683263.0996,0
683268.2908,0
683564.0803,0
683612.2177,0
683623.2779,0
683795.2818,0
683989.6032,0
684057.3648666666,0
684253.2660000001,0
684310.566,0
684331.0638,0
684362.0251,0
684367.3591,0
684596.7881,0
684804.731,0
684861.267,0
685030.939,0
685057.7092,0
685088.281,0
685292.3621,0
685295.8437,0
685416.3304,0
685584.1352,0
685762.0625,0
685809.769,0
685895.5612,0
685904.6924,0
685923.3629,0
686054.4766,0
686141.2924,0
686276.8963,0
686279.8123999999,0
686307.3545,0
686392.3338,0
686445.1058,0
686563.7188,970.1188000000548
686570.2096,0
686739.1357,0
686766.0339,0
686766.144,0
686794.7487,0
686855.4722,0
686957.1711,0
687023.5809,0
687172.1806,0
687229.8796,0
687281.0103,0
687287.5401,0
687297.7099,0
687378.3732,985.8908999999985
687589.4525,0
687629.7301,164.7915000000503
687657.9475,0
687671.1001,0
687839.0614,0
687904.4394,0
688001.2954,0
688037.8169,0
688177.926,0
688200.9084,0
688319.8414,0
688326.2394,0
688371.2343,0
688536.3631,0
688654.6638,0
688672.7867,0
688710.5038,0
688740.3798,0
688797.4295,0
688842.6089,0
688916.5602,0
689385.7596,0
689491.023,0
689494.7002,0
689715.5807,0
689918.4933,0
690101.2787,0
690251.7228,0
690253.2219,0
690278.3026,0
690606.0091,0
690623.33735,0
690648.063,0
690734.1258,0
690824.5082,0
690934.9627,0
691039.27772,0
691210.2691,0
691465.4549,0
691525.7652,0
691556.6391,0
691628.7504,0
691656.5313,0
691664.6741,0
691745.4038666667,0
691776.6784,0
692269.8605,0
692289.1541,0
692294.9021,0
692362.9316,8.867700000060722
692417.2992,0
692444.0106,0
692500.888,0
692576.8554,0
692641.6851,0
692711.6903,0
692836.147,0
692920.1436,0
692980.9445,0
692991.3913,0
693003.5365,0
693418.6097,0
693435.7349,0
693449.0163,0
693592.4774,0
693674.0578,0
693721.0546,0
694054.0383,0
694087.2817,0
694205.9326,0
694334.8243,0
694344.9092999999,0
694517.3612,0
694555.536,0
694573.3216,0
694867.2589,0
695032.3256,0
695136.392,0
695241.5344,0
695256.318,0
695474.322,0
695488.2384,0
695679.1308,0
695741.6242,0
695758.0172,0
695840.1974,0
695877.5794,0
695880.5274,0
695984.443,0
696221.7378,0
696348.3507,0
696449.8428,0
696504.7919,0
696717.6995,0
696882.0003,1601.7857000000076
696917.0505,0
696993.9979,0
697059.3292,1837.1944000000367
697089.1636,0
697120.5172,0
697434.7714,0
697531.7549,0
697755.8136,0
697783.9787,0
697817.0554,0
697867.9085,0
697921.8372,0
698066.0731,0
698112.3513,0
698340.1661,0
698654.7976,0
698668.117,0
698755.2187,0
698804.6089999999,0
698935.4148,0
699144.4405,0
699215.6138,360.06990000000224
699235.0693,0
699327.4033,0
699337.2432,0
699348.3043,298.5381000000052
699424.444,0
699519.2541,0
699856.3865666667,0
700039.0786,0
700053.281,0
700305.1019,0
700516.6692,0
700532.018,0
700568.4981,0
700589.4297,0
700616.4531,0
700638.949,0
700686.7003,0
700834.3139,0
700867.1039,0
700871.3963,313.58070000004955
700999.3617,0
701048.5877,0
701054.1736,0
701059.6745,0
701151.4137,599.359400000074
701221.6148,0
701239.3341,0
701300.0238,0
701318.3611,492.45840000000317
701358.8147,0
701466.8708,0
701586.4898,0
701627.0127,0
701887.0853,0
701915.7117,0
701925.6926,0
702036.4242,0
702180.7185,0
702237.0118,0
702250.2433,0
702357.1933,0
702403.9872,0
702482.1816,0
702587.7179,0
702681.2818,0
702703.029,0
702822.6367800001,0
702893.4022,0
703045.5867,2632.3351000000257
703109.2554,0
703117.3828,0
703364.3415,0
703411.7223,0
703740.6031,0
703832.8278,3202.9645999999484
703934.1140000001,0
703993.4100800001,0
704134.6788999999,0
704197.5088,0
704504.6347,0
704695.9003666667,0
704739.8312,0
704834.04,0
704848.7897,355.60349999996834
704907.3592,0
704955.0352,0
704966.7859,0
705024.2553,0
705117.9803,0
705496.3793,0
705530.8114,0
705556.1612,0
705808.3515,0
706045.5028,0
706204.557,0
706229.1396999999,0
706255.3701,0
706567.3785,0
706643.7578,59.543399999965914
707032.448,0
707069.9031,0
707116.8883,0
707138.4494,0
707205.2372,0
707224.2011,0
707298.8768,0
707319.8914,0
707321.3276,0
707355.0848,0
707379.7211,0
707397.4288,0
707431.756,0
707560.5731,0
707595.6732,0
707751.2916,0
707761.8364,0
707986.8059,0
708102.1072,0
708236.8671,0
708315.0737,0
708443.6751,0
708632.3552,0
708691.2475,0
708817.0727,0
708947.0316,0
708960.6526,0
709055.7442,0
709091.1092,0
709096.9762,0
709192.9343,399.4862749999156
709214.7085,0
709279.5015,0
709333.0627,0
709333.7944,0
709557.0726,0
709564.7294,0
709753.4119,0
709779.7812,0
709794.0192,0
709837.163,0
709876.4213,0
709955.0086000001,0
710020.1242,0
710180.1175,0
710243.6158,0
710291.5105,0
710409.9767,0
710601.0198,0
710682.1851,0
710824.4707,0
710831.4797,0
710855.7441,0
710930.9691,0
711084.2358,0
711105.9332,0
711174.8465,0
711428.8558,0
711450.3163,0
711582.3768,113.46569999994244
711621.1088,0
711667.6158,0
711917.5053,0
711936.6292,0
712233.2075,0
712299.9009,0
712322.673,0
712411.2827,0
712430.0486,0
712510.3379,0
712623.4294,0
712771.0915,0
712785.8398,0
712795.8998,0
713083.6393,0
713114.192,0
713118.9827,0
713138.8681,0
713214.3766,1595.2239999999292
713573.5679,0
713588.1568,0
713958.1533,0
714180.3723,0
714310.2213,432.6820000000298
714338.9601,0
714362.5494,0
714408.1563,0
714474.2765,0
714489.1646,197.20590000005905
714519.138,0
714670.2808,0
714762.6671,0
715106.5673,0
715149.2434,0
715578.6065,0
715773.1008,0
716057.0664,0
716137.5623,0
716213.7844,3788.523599999957
716249.8881,0
716313.4572,0
716547.4615,402.3698999999324
716597.9774,0
716646.2153,0
716723.6786,0
716863.315,0
716906.1343,0
717250.539,2959.6591999999946
717253.0906,0
717478.9601,0
717723.2259,0
717805.9309,0
717810.0103,0
717902.9201,0
717932.9471,0
718099.6784,0
718123.419,0
718161.1140000001,0
718308.9018,0
718496.6952,0
718558.5697,3532.997699999949
718580.3183,0
718606.1497,154.981899999897
718891.1484,2452.79449999996
719025.7155,0
719396.3419,0
719813.4188,0
719873.6689,0
719992.3658,1820.2110000000102
720026.9126,0
720090.2811,0
720211.1527,0
720255.2747,3989.759699999937
720287.6293,0
720314.2976,0
720326.2161,0
720465.6336000001,0
720472.3119,96.4599000000162
720657.3078,0
720684.5339,1852.4893000000156
720727.222,0
720882.5523,0
721267.2889,0
721505.4344,0
721506.5679,0
721616.8092,4043.039300000062
721644.4428,0
721703.0631,115.63320000004023
721710.9168,0
721722.8775,266.2519999999786
721781.3416,0
721941.4028,4088.740700000082
721959.2232,0
722174.8535,0
722236.5556,4104.474300000002
722275.6344,0
722426.7429,0
722724.251,0
722726.3075,0
722767.978,0
722883.3471,0
722884.6402333333,0
722979.3224,0
722979.9903,4041.839500000002
723022.9722,0
723024.2682,1910.1445999999996
723055.1077,0
723232.2751,0
723422.09,0
723497.4702999999,0
723513.7134,0
723602.8155,0
723729.4941,0
723772.9662,0
723780.1232,4094.0886000000173
723794.913,1962.6951999999583
724307.722,0
724340.8176,0
724413.8148,0
724442.1221,0
724554.3936,1533.750999999931
724593.5499,1585.1975999999559
724645.0904999999,0
724670.5643,0
724723.2766,0
724812.2243,0
724976.6439,0
725181.5476666667,0
725405.5716,1617.8013999999966
725462.7915,2509.3015000000596
725747.4026,0
725932.5388,0
726058.5109,0
726135.8146,2669.5499400000554
726154.4867,0
726193.7859,0
726290.4088,0
726440.6520833333,0
726450.9397,2407.7898000000278
726496.7606,1609.1275000000605
726510.5919,0
726554.2979,1611.8331000000471
726705.3623,0
727195.212,0
727258.1992,0
727359.1921,0
727466.1995,0
727696.3056,0
727844.8022,0
728016.1207,0
728037.0691,3065.0346000000136
728037.6702,0
728069.4410999999,0
728175.8446,0
728190.3365,0
728208.9161,3062.815799999982
728282.8605,3055.7248999999138
728305.4331,0
728459.4715,0
728543.2911,0
728628.0202,0
728812.6731,0
728883.3632,0
728962.2088,0
729212.5543,0
729250.4083,0
729438.6809,0
729728.7908,0
729828.7951,0
730140.6313,0
730496.3268,3066.4509000000544
730566.6636,0
730701.4177,0
730794.5822000001,0
730979.8965,0
731027.5132,0
731033.2639,0
731143.7615,1610.438300000038
731156.6172,0
731158.4142,0
731298.1569,0
731626.9251,0
731833.881,0
731884.8992,0
732082.7801,0
732108.7209,0
732262.4407,0
732341.0574,0
732497.6988,0
732614.2481,0
732656.4708,0
732661.1454666667,0
732695.7619,0
732752.5172,0
732921.1672,0
732960.4449,0
733081.1917,0
733316.3364,0
733507.2305,0
733747.42884,0
733800.3763,0
733937.3222,0
734172.9748,0
734311.313,0
734515.1703,0
734588.7406,0
734652.0102,5363.3111999999965
734767.6931,0
734769.7632,0
734949.7145,0
735044.4845,0
735047.0064,1285.2418999999063
735127.8845,0
735156.53874,0
735263.7428,0
735340.6366,1544.4754249999532
735386.7412,0
735476.7329,0
735549.5197000001,0
735741.2653,0
735963.127,0
736031.2868,5690.835100000026
736054.369125,0
736183.6714999999,0
736281.5946,0
736328.6818,1906.956200000015
736422.5013,0
736475.2404,407.3418000000529
736640.7192,1905.0905000000494
736689.5316999999,0
736820.3517,0
736830.8021,0
736973.6990333333,0
737204.9318,0
737233.9917,0
737237.6917,0
737426.6858,0
737427.7503,0
737448.9816166667,0
737650.0109,0
737844.4255,0
737875.5085,0
737891.0532,899.5373999999138
738009.8932,56.27430000004824
738013.1144,0
738030.7503,5696.7639999999665
738087.5194999999,0
738227.7592,0
738264.1722,0
738707.3334,0
739087.0499,0
739087.3055,0
739103.0306,0
739253.7368,0
739360.1327,0
739417.1049,0
739502.0953,0
739508.47685,0
739583.1439,0
739711.9863,0
739732.4824,0
739835.7304,0
739839.124,0
740413.9275,0
740416.1137,0
740684.4789,0
740915.282,0
741063.9227,0
741617.2073,0
741651.2027,0
741712.5304,0
741880.7438,0
741965.8919,0
742103.4174,0
742203.9892,0
742261.8336,0
742324.7488,5539.90969999996
742477.6674,0
742727.0998,0
742731.60464,0
743261.3893,0
743387.4218,0
743827.9481,0
743874.3502,0
744052.0505,0
744093.7681,0
744094.9785,0
744345.2451,0
744449.2523,0
744591.0255,0
744776.3197999999,0
744851.0528,0
745100.4534,0
745195.0865,2490.033599999966
745268.8511,2415.005899999989
745269.3608,2525.402624999988
745392.9637,5547.994999999995
746150.1628,0
746164.8286,0
746166.54786,0
746397.5323,0
746546.6289,0
746699.7162,0
746718.4366,0
746794.8142,0
746831.523,0
746923.62,0
747359.0776,0
747440.3757,0
747524.5647,3134.022400000016
747762.8873,0
747853.2867,0
747924.4868,0
747928.6888,0
747967.2034,0
747970.5134,0
748046.4335,3230.8951000000816
748142.3282666666,0
748264.294,0
748272.798,0
748349.2039,3330.443800000008
748508.8892,0
748526.7976,117.9735000000801
748536.8165,0
748547.44,5686.913599999971
749365.5196,0
749404.7547,3354.9170666667633
749534.954,0
749577.3562,1967.8222999999998
749851.8755,4070.7232000000076
750100.8267,0
750296.9009,0
750441.8804,0
750487.5582,0
750572.6492,0
750982.177,3351.5030999999726
751046.9034,0
751311.8757,0
751476.5597,0
751564.637,0
752135.5342999999,0
752321.8071,0
752456.2682666667,0
752603.2859,0
752661.0506,0
752676.9036,0
752804.9283,3349.251600000076
752821.109,0
752989.2879,0
753204.6024,0
753468.2106999999,0
753570.8676,0
753657.4071,0
753962.2864,0
754118.1414,0
754168.8752,0
754327.5415,0
755264.1198,0
755552.562,0
755670.1409,0
755823.194,3350.583800000022
755871.0463,0
755960.4831000001,0
756269.8449,0
756346.3008,0
756375.4667,0
756407.3817,0
756408.4355,0
756519.6537,0
756615.1368,3348.862199999974
756911.6523,0
757124.5802,0
757150.5084,0
757216.0044,1401.6208999999799
757264.6349,0
757588.9433,0
758181.8936,447.1289000000106
758259.695,0
758268.0983,0
758268.5026,0
758306.2535,0
758375.2984,0
758475.084,0
758925.4963,0
759184.2697,0
759266.325,0
759309.1452,0
759461.6326,0
759550.0265,0
759658.8991,0
759831.1156,0
759968.9127,0
760118.2255,0
760147.9753,0
760302.3258,732.8199000000022
760302.5233,0
760350.1928,0
760365.8299,447.5396999999648
760440.123,0
760467.1545,0
760581.6345,1888.7835000000196
760806.7858,0
760922.9209,0
761150.2445,0
761497.8206,0
761510.6891,0
761929.5388,0
762093.9726,0
762360.3527,1013.2196000000695
762469.3594,0
762478.9397,0
762524.2655,0
762659.7248,0
762674.3092,0
762709.7292,0
762718.7263,0
763147.0179,0
763289.8662,0
763340.7437,0
763565.4588,0
764151.05,0
764167.0831,0
764217.679375,0
764800.512,0
764951.4531,0
765016.4068,0
765018.4935,0
765076.1712,0
765085.6254,0
765203.5029,1906.2317999999505
765234.8564,0
765305.3646,1972.4139999999898
765365.6226,1997.7915999999968
765425.0815,0
765595.7665,0
765600.7799,0
765681.9632,0
765710.0076,0
765783.4089,0
765795.4784,0
765962.2688333334,0
766195.9303,0
766256.0245,2110.420100000105
766354.6571,0
766526.9758,0
766637.7605,0
766673.1154,0
766746.0218,0
767049.7552,0
767090.241,0
767097.5461,0
767115.2985,0
767159.6708,0
767181.4173,0
767327.7872,0
767387.4858,2441.8644000000786
767451.9938,0
767534.56,0
767586.6114,0
767818.4184,0
767947.5837,2343.8650999999372
767965.1151,0
768135.5415,2161.4857000000775
768244.9894,0
768370.3267,0
768555.6366,0
768580.5318,0
768733.8585,0
768771.1891,0
768788.351,0
768846.0471,0
768897.5328,2168.372800000012
768970.9251,0
769085.086,0
769107.6441,0
769164.2179,2822.934300000081
769193.7036,0
769258.9557,0
769262.2073,0
769324.0091333333,0
769337.6807,0
769399.3597,0
769504.0981,0
769743.0482,0
769749.6677,0
769764.0004,0
769792.5948,0
769990.4085,0
770242.251,800.250400000019
770242.9797,2641.3649999999907
770253.6544,0
770386.7145,0
770535.0581,0
770563.6829,0
770772.538,0
770798.7088,0
770839.6423,0
770889.0807,0
770941.9128,0
770947.447,0
770954.7365,0
771043.0696,0
771248.4316,0
771302.0987,0
771329.0851,0
771368.2969,0
771377.4946,0
771498.3247,0
771569.5698,0
771758.8289,0
771812.4738,0
771813.7951,0
771869.2495,0
772026.4685,0
772243.3314,0
772254.9388,0
772457.2962,0
772494.6821,0
772526.0922,2970.6838999999454
772550.1673,0
772624.9447,0
772977.051,0
773066.9391,0
773087.6025,2981.4067000000505
773142.0357,933.3483000000706
773163.655425,0
773253.1942,0
773255.0004,0
773294.7839,0
773301.3147,310.3057999999728
773321.2959,0
773349.7135,0
773508.0063,0
773591.0788,0
773741.1262,0
773751.0191,0
773927.5899,0
773958.7122,0
773969.7119,0
774055.8519,3016.7674000000115
774166.3476,0
774263.4121,0
774348.4715,0
774489.328,0
774600.4896,0
774795.4884,0
774997.8571,0
775128.54165,0
775263.6534,0
775275.3234999999,0
775291.3745,0
775456.0824,2101.6317999999737
775544.7466,0
775559.7012,1109.4588000000222
775821.8169,0
775841.1243,0
776020.2583,1192.9396000000415
776078.8463,0
776513.5812,0
776583.2868,0
776782.5674,0
776790.7731,0
776800.7871,0
776857.8395,0
776865.0447333333,0
776990.3641,0
777012.8755,0
777025.9463,0
777064.4753,0
777206.8425,0
777522.5471,0
777538.7152,0
-----Simulation END-----
