-----Simulation 0-----
172898.3713,0
172905.1301,0
172939.2667,0
172952.3688,0
172971.3685,0
173000.2682,0
173019.7405,0
173069.9239,0
173193.1169,0
173410.2414,0
173732.2141,0
174054.10330000002,0
174185.1244,0
174289.6146,0
174351.7151,0
174489.0364,0
174526.2959,0
174568.3525,0
174575.8064,0
174625.5208,0
174792.4821,0
174928.1296,0
175112.8217,0
175359.15,0
175379.8659,0
175388.6329,0
175423.5504,0
175485.8728,0
175528.8401,0
175603.066,0
175611.1417,0
175723.6853,0
175757.6122,0
175766.2226,0
175792.99271666666,0
175795.30560000002,0
175824.8925,0
175847.7827,0
175860.7301,0
175902.3478,0
176095.6095,0
176170.7798,0
176194.7544,0
176471.28590000002,0
176535.3981,0
176982.383,0
176996.5647,0
177076.4243,0
177150.09769999998,0
177629.2443,0
177721.4119,0
177746.7333,0
177761.6591,0
177829.2798,0
177836.5362,0
177848.718,0
177917.4895,0
178012.2572,0
178167.8614,0
178181.6097,0
178199.2723,0
178231.3898,0
178334.9717,0
178417.84649999999,0
178431.3245,0
178655.7405,0
178700.0208,0
178795.3463,0
178845.8604,0
178883.6751,0
178911.6,0
179022.2841,0
179048.5007,0
179068.4024,0
179228.59649999999,0
179252.8868,0
179255.1901,0
179401.9532,0
179413.3719,0
179586.6384,0
179620.5576,0
179698.50089999998,0
179712.7908,0
179714.47149999999,0
179802.7357,0
179809.8316,0
179845.1051,0
179852.6345,0
179968.6159,0
180176.89860000001,0
180245.63199999998,0
180250.8813,0
180288.29006666667,0
180527.1428,0
180545.881,0
180705.3705,0
180730.5627,0
180768.0155,0
180776.1507,0
181129.8609,0
181178.4193,0
181471.9848,0
181482.5157,0
181759.86800000002,0
181873.2944,0
181982.6837,0
182078.4045,0
182109.3301,0
182190.9606,0
182250.9711,0
182280.6103,0
182672.7429,0
182715.3087,0
182755.541,0
183043.5769,0
183119.5992,0
183151.7595,0
183184.4924,0
183393.2713,0
183507.97340000002,0
183508.8101,0
183632.1845,0
183638.1481,0
183780.19640000002,0
184017.8561,0
184227.0721,0
184378.3353,0
184397.6617,0
184435.7408,0
184698.7821,0
184761.7342,0
184773.3025,0
184970.7032,0
185050.3928,0
185114.7331,0
185194.7201,0
185236.4372,0
185276.5696,0
185314.2188,0
185352.8519,0
185353.3262,0
185410.96169999999,0
185458.9543,0
185461.692,0
185543.1769,0
185647.2848,0
185822.2715,0
185856.539,0
185999.856,0
186029.5358,0
186243.4265,0
186318.291,0
186470.935,0
186584.26905,0
186721.2184,0
186769.5086,0
186802.8965,0
186988.2309,0
187053.8814,0
187066.9236,0
187134.8779,0
187154.676,0
187534.4816,0
187590.0897,0
187772.4473,0
187776.3716,0
187908.3547,0
187952.8449,0
188031.8246,0
188058.688,0
188201.8157,0
188370.9404,0
188428.7057,0
188512.0507,0
188522.7608,0
188627.3469,0
189057.2263,0
189102.22580000001,0
189118.2779,0
189348.4642,0
189406.3958,0
189663.2428,0
189739.12339999998,0
189757.04869999998,0
189788.9068,0
189819.59889999998,0
189837.6694,0
189960.3471,0
189962.3497,0
190043.8275,0
190100.0115,0
190109.2368,0
190143.39620000002,0
190287.2402,0
190291.09399999998,0
190575.14669999998,0
190717.6619,0
190813.77909999999,0
190820.5415,0
190836.1183,0
191020.6209,0
191122.682,0
191207.9582,0
191218.3295,0
191223.7805,0
191312.0954,0
191370.2527,0
191474.7598,0
191494.5258,0
191671.6733,0
191737.8434,0
191803.164,0
191844.3549,0
191861.9082,0
191946.6147,0
191946.8389,0
192062.4904,0
192115.6922,0
192136.918,0
192295.8908,0
192318.8204,0
192650.9574,0
192663.508,0
192678.0057,0
192768.71970000002,0
192804.558,0
192831.7746,0
192864.82559999998,0
192892.51929999999,0
192919.0876,0
192967.1788,0
193008.1896,0
193046.5571,0
193493.00089999998,0
193593.0706,0
193738.32140000002,0
193884.0938,0
193893.146,0
193936.5268,0
193949.035,0
194093.0562,0
194229.1441,0
194297.65279999998,0
194367.51630000002,0
194503.8509,0
194544.6918,0
194548.8413,0
194853.0693,0
194871.8997,0
194983.8872,0
194992.71600000001,0
195055.5667,0
195110.144,0
195171.8171,0
195470.3341,0
195499.4625,0
195588.6336,0
195690.7469,0
195763.4804,0
195900.65279999998,0
195954.9559,0
196195.62790000002,0
196471.0269,0
196532.3271,0
196657.2692,0
196693.3168,0
196809.6257,0
197013.1375,0
197151.4823,0
197239.5289,0
197270.6248,0
197271.9078,0
197385.8174,0
197522.7798,0
197569.43540000002,0
197782.3507,0
197824.5547,0
197858.6978,0
197866.5887,0
198062.7493,0
198174.30180000002,0
198354.54,0
198511.5631,0
198519.8408,0
198558.4217,0
198566.1282,0
198568.5762,0
198595.1807,0
198702.46529999998,0
198760.0643,0
198896.28220000002,0
198923.08490000002,0
198991.9622,0
199016.9054,0
199027.6615,0
199031.0954,0
199354.2424,0
199415.070275,0
199506.1144,0
199641.3504,0
199655.5461,0
199757.282,0
199924.9627,0
199995.8338,0
200005.9999,0
200074.9477,0
200200.8714,0
200442.48369999998,0
200718.4766,0
200964.6624,0
201030.9527,0
201153.7906,0
201223.9502,0
201238.7093,0
201314.9514,0
201515.4183,0
201616.3264,0
201678.88880000002,0
201843.5448,0
201955.0693,0
201985.4202,0
202161.3079,0
202245.9281,0
202251.477,0
202319.06290000002,0
202728.89789999998,0
202778.4183,0
202810.1502,0
202835.1377,0
202847.09960000002,0
202872.9826,0
203070.99599999998,0
203517.2253,0
203627.6193,0
203715.6675,0
203818.5976,0
203831.8139,0
204022.76036666665,0
204059.94400000002,0
204083.59889999998,0
204484.0006,0
204571.2346,0
204747.04200000002,0
204954.7575,0
205322.1322,0
205406.4929,0
206367.3127,0
206420.93,0
206536.5662,0
206819.5859,0
206826.6289,0
206890.2373,0
207061.5161,0
207122.1736,0
207166.0924,0
207553.9691,0
207564.5618,0
207652.1886,0
207753.0356,0
208016.7741,0
208188.60259999998,0
208283.0271,0
208337.12290000002,0
208466.59470000002,0
208507.1289,0
208576.2846,0
208814.7224,0
208870.465,0
209189.6766,0
209212.3152,0
209212.3512,0
209288.98810000002,0
209382.893,0
209404.1605,0
209481.29859999998,0
209842.6328,0
209954.8765,0
210337.678,0
210780.861,0
210833.1464,0
210908.8665,0
210981.8929,0
211008.9154,0
211143.55554,0
211209.4903,0
211240.6104,0
211284.03220000002,0
211304.7242,0
211359.4423,0
211532.9913,0
211543.9118,0
211565.5722,0
211671.1177,0
211730.1598,0
211846.222,0
211870.3111,0
212093.358,0
212190.8119,0
212461.49300000002,0
212470.2285,0
212570.99800000002,0
212853.2965,0
212880.307,0
212896.7994,0
213521.9838,0
213687.2295,0
213833.5343,0
213929.2953,0
214312.8433,0
214353.6519,0
214357.151,0
214575.9339,0
214726.177,0
214807.6922,0
215069.9582,0
215078.0147,0
215246.1684,0
215625.3525,0
215881.342,0
215990.373,0
216169.3569,0
216448.27386666666,0
216460.8821,0
216769.94160000002,0
216912.20750000002,0
217063.7011,0
217210.3564,0
217234.38079999998,0
217247.21480000002,0
217402.8973,0
217456.54330000002,0
217534.8957,0
217630.2296,0
217834.1566,0
217915.0897,0
218580.406,0
218595.2685,0
218833.06949999998,0
218870.91210000002,0
218886.336,0
219071.4373,0
219137.0628,0
219210.364,0
219271.65840000001,0
219318.2136,0
219335.1998,0
219479.37099999998,0
219686.0826,0
219729.3282,0
219810.8111,0
219862.41820000001,0
220137.4223,0
220168.2346,0
220393.4068,0
220419.46970000002,0
220615.87410000002,0
220704.3665,0
220821.6795,0
221012.941,0
221301.4231,0
221393.5004,0
221469.6137,0
221501.8737,0
221591.436,0
221596.603,0
221721.8306,0
221900.5325,0
222174.6473,0
222187.6305,0
222194.2887,0
222276.6727,0
222323.3444,0
222386.7893,0
222540.6104,0
222712.7463,0
222721.1694,0
223097.3042,0
223182.7824,0
223663.4367,0
223723.4272,0
224091.1142,0
224279.1302,0
224306.559125,0
224342.3968,0
224669.9251,0
224729.5657,0
224988.9341,0
225042.1422,0
225586.4115,0
225736.7436,0
226158.7745,0
226313.1797,0
226330.9022,0
226691.0563,0
226728.8532,0
227032.5166,0
227183.4408,0
227404.8743,0
227460.0301,0
227543.1624,0
227552.6878,0
227580.8971,0
227613.54499999998,0
227648.6653,0
227664.2297,0
227781.1277,0
228113.5887,0
228130.95990000002,0
228172.4784,0
228179.8304,0
228202.7021,0
228248.7267,0
228480.4694,0
228491.01929999999,0
228580.3696,0
228627.65649999998,0
228742.6099,0
228774.5402,0
228837.1984,0
229034.85080000001,0
229198.8362,0
229993.9554,0
230005.93910000002,0
230161.4221,0
230352.9649,0
230375.0449,0
230447.53830000001,0
230555.4634,0
230762.2012,0
230798.6073,0
231034.03,0
231641.6988,0
231844.8893,0
231904.8951,0
231925.2828,0
232340.2743,0
232403.1784,0
232410.6076,0
232727.2784,0
232783.8849,0
232791.3858,0
232791.52051666667,0
233025.2956,0
233254.0444,0
233658.81288,0
234020.05180000002,0
234113.7576,0
234365.8345,0
234383.7861,0
234612.8507,0
234683.5032,0
234756.29580000002,0
234800.0394,0
234938.4896,0
234942.257,0
235213.4973,0
235331.2249,0
235350.2902,0
235854.6857,0
235871.0332,0
236018.1757,0
236132.5671,0
236145.7575,0
236185.5453,0
236277.1101,0
236288.0105,0
236349.1566,0
236500.5772,0
236553.4933,0
236613.3576,0
236655.72460000002,0
236825.28830000001,0
236909.84056666668,0
237050.7416,0
237096.074,0
237219.22580000001,0
237235.859,0
237372.2672,0
237414.3779,0
237612.3254,0
237632.4618,0
237641.552,0
237693.00280000002,0
237716.90963333333,0
237751.095925,0
237772.551,0
237828.6526,0
237837.0677,0
237840.2356,0
237893.8781,0
238003.2844,0
238009.3373,0
238031.7473,0
238033.9817,0
238144.1464,0
238418.0117,0
238471.3678,0
238571.5436,0
238649.87410000002,0
238787.3533,0
238880.8024,0
239117.1551,0
239218.6983,0
239359.2651,0
239388.9882,0
239542.28964,0
239634.6676,0
239983.7665,0
240089.8723,0
240125.42440000002,0
240292.0631,0
240511.85570000001,0
240529.13079999998,0
240580.077,0
240691.97639999999,0
240782.802,0
240971.6215,0
240979.0582,0
241008.3823,0
241220.1345,0
241288.5328,0
241357.2428,0
241422.7022,0
241488.8845,0
241554.881,0
241627.1353,0
241627.8682,0
241650.1943,0
241734.9683,0
241943.0901,0
242075.46542,0
242093.02539999998,0
242621.0705,0
242671.7539,0
242835.5712,0
242916.5551,0
243187.9966,0
243209.0975,0
243510.4106,0
243651.8871,0
243824.3731,0
243867.50082,0
243984.4888,0
244086.3769,0
244222.9204,0
244445.5474,0
244505.814,0
244561.4509,0
244644.2707,0
244768.54118333332,0
244806.952,0
245063.2849,0
245105.2461,0
245196.7109,0
245582.31650000002,0
245594.4834,0
245760.9677,0
245806.065,0
245850.9026,0
246015.8103,0
246025.9642,0
246201.71779999998,0
246272.1621,0
246293.1432,0
246520.8442,0
246639.7571,0
246790.7293,0
246976.149,0
247129.89,0
247215.5155,0
247259.007,0
247378.39250000002,0
247432.85869999998,0
247847.3268,0
247847.3798,0
247964.0618,0
248113.4231,0
248148.34399999998,0
248268.17440000002,0
248380.1334,0
248496.37463333333,0
248541.2275,0
248552.8128,0
248651.8776,0
248691.8032,0
248825.3469,0
248868.9239,0
249026.3802,0
249155.483,0
249391.937,0
249475.8516,0
249502.8912,0
249703.80479999998,0
249776.2485,0
249830.0209,0
249830.7253,0
250057.4329,0
250287.5521,0
250308.2741,0
250340.3132,0
250429.08370000002,0
250631.8151,0
250700.2201,0
250741.2114,0
250805.0881,0
250879.3939,0
250915.8047,0
251107.6016,0
251132.96480000002,0
251199.9441,0
251227.0132,0
251779.0307,0
251811.59470000002,0
251830.0777,0
251860.3439,0
251881.52049999998,0
251961.6497,0
251990.1189,0
252024.2434,0
252051.0244,0
252076.9859,0
252109.6983,0
252348.18660000002,0
252356.9603,0
252408.4195,0
252578.49928,0
252668.7287,0
252918.14179999998,0
253071.22298,0
253127.89740000002,0
253326.8887,0
253341.60570000001,0
253501.0128,0
253525.5588,0
253837.1419,0
253952.3767,0
254068.7794,0
254167.5675,0
254173.7572,0
254379.6152,0
254529.6538,0
254673.7488,0
255115.1939,0
255244.9689,0
255601.6581,0
255677.0877,0
255740.4111,0
255808.6791,0
255963.3421,0
256014.5457,0
256047.75,0
256094.5181,0
256159.5839,0
256202.2708,0
256346.391,0
256426.3426,0
256742.3378,0
256765.7155,0
256895.9789,0
257024.1105,0
257163.0181,0
257179.9276,0
257190.4606,0
257256.0985,0
257319.2104,0
257393.6254,0
257550.628,0
257624.7353,0
257771.5403,0
257773.9228,0
257867.2979,0
257927.3856,0
258373.5203,0
258400.6216,0
258450.673,0
258536.8592,0
258544.8388,0
258572.0666,0
259056.1877,0
259098.8883,0
259109.1647,0
259260.151,0
259260.7125,0
259346.9198,0
259358.0108,0
259643.0226,0
259801.349725,0
259995.6801,0
259998.8033,0
260014.9377,0
260237.9713,0
260268.0298,0
260289.096,0
260337.4288,0
260341.91019999998,0
260405.8209,0
260458.49044,0
260517.7427,0
260579.8119,0
260584.50579999998,0
260615.5248,0
260677.2772,0
260889.1788,0
261164.1277,0
261247.717,0
261367.1269,0
261406.9363,0
261479.8586,0
261512.9717,0
261538.6877,0
261562.8194,0
261736.7012,0
261756.8478,0
261764.2365,0
261777.6036,0
261859.5526,0
262000.3951,0
262011.8965,0
262093.9619,0
262099.7185,0
262106.1483,0
262376.7957,0
262736.5691,0
263136.0182,0
263185.9145,0
263191.2586,0
263298.9225,0
263363.5693,0
263432.5354,0
263453.7202,0
263474.7594,0
263523.7784,0
263530.4286,0
263596.6,0
263697.3929,0
264016.8243,0
264032.86340000003,0
264177.5229,0
264266.3141,0
264319.6479,0
264324.8955,0
264343.9407,0
264524.84979999997,0
264695.055,0
264849.2887,0
264972.171,0
264983.5524,0
264987.8186,0
265027.7283,0
265071.1798,0
265270.8558,0
265467.67850000004,0
265662.9677,0
265725.8418,0
265801.8357,0
266085.9561,0
266145.1196,0
266270.5868,0
266304.2463,0
266375.2012,0
266474.1481,0
266712.5479,0
266924.097,0
267048.8562,0
267093.3671,0
267324.2726,0
267441.6816,0
267469.8899,0
267659.3733,0
267715.9635,0
267791.706,0
267792.3419,0
267812.3477,0
267886.3151,0
267929.4677,0
267944.0621,0
267945.6362,0
268123.0084,0
268147.2405,0
268150.1228,0
268200.3112,0
268227.7655,0
268253.8516,0
268480.8753,0
268728.5587,0
268747.9819,0
268853.62679999997,0
268948.3055,0
269030.8326,0
269037.9821,0
269073.0237,0
269129.058,0
269448.9889,0
269493.7873,0
269494.0488,0
269669.2215,0
269754.3264,0
269847.6149,0
269900.9209,0
269930.7835,0
270006.7941,0
270282.5953,0
270326.374,0
270331.1101,0
270586.6645,0
270917.2404,0
270917.5785,0
270939.19299999997,0
270945.4178,0
270972.1937,0
270983.83759999997,0
270984.8291,0
271191.6219,0
271287.8408,0
271419.5687,0
271434.4935,0
271466.3468,0
271487.1941,0
271582.8887,0
271584.9204,0
271587.0103,0
271613.1808,0
271768.6375,0
271803.174,0
271877.7858,0
271895.2437,0
271905.8719,0
272001.54469999997,0
272055.2844,0
272072.4367,0
272080.43319999997,0
272119.5859,0
272330.075,0
272361.869,0
272540.5128,0
272639.7928,0
272915.3918,0
272973.4676,0
273165.255725,0
273433.1112,0
273630.8221,0
273664.9839,0
273775.9498,0
273821.44550000003,0
273973.9953,0
274215.7828,0
274262.0343,0
274604.9625,0
274642.0761,0
274900.3811,0
274990.2033,0
275071.5331,0
275216.0075,0
275272.1855,0
275379.6413,0
275447.4274,0
275472.5715,0
275499.0927,0
275569.9642,0
275673.2363,0
275783.2693,0
275791.6188,0
275894.7571,0
275958.9783,0
276015.3028,0
276039.8404,0
276204.0987,0
276312.0105,0
276349.5478,0
276478.0107,0
276613.86089999997,0
276827.1999,0
276935.6277,0
277137.6933,0
277232.893,0
277268.3807,0
277277.0114,0
277356.3126,0
277644.0972,0
277762.768,0
277773.8238,0
277861.13,0
277886.7414,0
277913.9353,0
278004.0073,0
278097.8073,0
278133.968,0
278213.9505,0
278422.7574,0
278483.044,0
278672.1183,0
278675.0164,0
278716.9249,0
278865.5691,0
278967.6145,0
279045.3666,0
279057.2259,0
279130.1515,0
279367.9121,0
279396.0571,0
279469.01410000003,0
279496.9994,0
279780.8666,0
279888.0557,0
280072.3635,0
280091.7197,0
280096.89029999997,0
280204.2059,0
280317.9301,0
280342.8385,0
280412.82039999997,0
280608.5132,0
280662.951,0
280694.7909,0
280943.6241,0
280968.19539999997,0
281044.6209,0
281172.8208,0
281192.9759,0
281279.9426,0
281298.2227,0
281429.7601,0
281492.95889999997,0
281590.2724,0
281715.5236,0
281884.5923,0
282000.2219,0
282071.5419,0
282158.1907,0
282544.4342,0
282706.2111,0
282833.1404,0
282872.4045,0
282958.1118,0
282987.1026,0
283054.9727,0
283262.3791,0
283304.8853,0
283343.8233,0
283797.8489,0
283799.7661,0
283824.8324,0
283830.953,0
283904.44909999997,0
284023.4114,0
284036.4409,0
284087.1116,0
284136.4438,0
284251.969,0
284340.7306,0
284344.39121666667,0
284407.9226,0
284439.3879,0
284546.2747,0
284583.2602,0
284697.4531,0
284840.9117,0
284955.914,0
285062.7687,0
285285.8825,0
285296.28729999997,0
285309.4218,0
285388.7104,0
285564.0385,0
285627.6122,0
285726.2894,0
285758.2075,0
285828.919,0
285851.8169,0
285953.8066,0
286012.8459,0
286505.7665,0
286550.8784,0
286807.8291,0
286842.826,0
287026.8907,0
287153.4597,0
287184.2723,0
287208.4911,0
287426.0684,0
287482.5857,0
287533.57,0
287606.4858,0
287754.9739,0
287872.8233,0
287890.9214,0
287897.0834,0
287944.6276,0
288124.22,0
288257.7409,0
288418.29079999996,0
288665.2889,0
288672.4936,0
288944.5298,0
289612.43200000003,0
289664.0629,0
289690.7618833333,0
290083.7633,0
290407.0525,0
290533.6589,0
290572.1089,0
290605.0406,0
290907.2295,0
290912.10219999996,0
290965.5682,0
291129.848,0
291236.7398,0
291287.6382,0
291327.8282,0
291503.7905,0
291583.9209,0
291713.2913,0
291906.75690000004,0
291994.2148,0
292171.8434,0
292188.0322,0
292333.6879,0
292344.7799,0
292514.38560000004,0
292575.4118,0
292580.1477,0
292670.542,0
292696.6532,0
292739.7154,0
292810.4755,0
293190.1959,0
293730.9689,0
294172.0247,0
294266.3486,0
294634.717,0
294681.1461,0
294741.7701,0
294798.64029999997,0
294810.273,0
294844.6914,0
294916.0357,0
295037.3121,0
295288.4929,0
295424.0248,0
295505.04819999996,0
295528.6987,0
295545.7528,0
295551.3868,0
295605.0504,0
295713.7665,0
295977.4834,0
296057.6024,0
296300.1382,0
296394.701,0
296524.8092,0
296559.5782,0
296586.8112,0
296704.832,0
296758.6036,0
296889.7622,0
296974.9774,0
296987.04709999997,0
297286.6964,0
297292.2902,0
297296.4214,0
297328.57409999997,0
297351.0061,0
297389.3697,0
297402.0685,0
297409.6899,0
297847.4595,0
297899.926,0
298030.85752,0
298069.8875,0
298087.0769,0
298119.298,0
298157.74214,0
298320.9991,0
298371.5635,0
298382.6153,0
298410.9071,0
298502.1431,0
298627.0355,0
298646.59106666665,0
298735.4745,0
298889.4997,0
298957.7147,0
298988.7062,0
299044.7278,0
299305.25549999997,0
299379.6021,0
299406.8722,0
299504.7433,0
299599.5888,0
299954.48470000003,0
300171.09380000003,0
300240.7689,0
300534.9324,0
300589.0554,0
300710.6214,0
300991.4863,0
301001.5973,122.09700000000885
301058.2489,0
301112.4848,0
301136.75789999997,0
301152.4606,0
301154.2523,0
301276.923,0
301393.85970000003,0
301486.0581,0
301515.4913,0
301529.0273,0
302042.9473,0
302099.3702,0
302169.3084,0
302285.0929,0
302374.8778,0
302474.0512,0
302553.6101,0
302617.9368,0
302640.2922,0
302702.3942,0
302806.5031,0
303265.5969,0
303328.7749,0
303502.5042,0
303521.6622,0
303622.2476,0
303644.0304,0
303785.41949999996,0
303998.6518,0
304128.5285,0
304150.0213,0
304186.0934,0
304258.9123,0
304269.3441,0
304516.2789,0
304610.0331,0
304646.3865,0
305195.8752,0
305281.6943,0
305311.2947,0
305483.04339999997,0
306221.1145,0
306349.4959,0
306437.7697,0
306491.8875,0
306503.52150000003,0
306691.6769,0
306726.18901666667,0
306926.68570000003,0
306962.0095,0
307009.9425,0
307320.93799999997,0
307397.7829,0
307413.9072,0
307612.1574,0
307613.0363,0
307617.2509,0
307775.8223,0
308032.2631,0
308045.0544,0
308060.9226,0
308073.3977,0
308258.5299,0
308283.445,0
308322.2814,0
308325.9318,0
308612.166,0
308638.8159,0
308661.777,0
308911.7064,0
309138.0923,0
309393.8946,0
309445.36171666667,0
309741.2391,0
309830.4059,0
309996.0379,0
310001.1942,0
310006.48018333333,0
310210.602,0
310316.7414,0
310417.1112,0
310748.0561,0
310838.5317,0
310846.9629,0
310960.968,0
310983.5316,0
311090.85083999997,0
311196.7219,0
311196.9929,0
311208.36563333333,0
311300.0954,0
311564.1665,0
311592.2899,0
311938.8548,0
312236.2649,0
312289.9207,0
312366.5214,0
312422.9838,0
313106.85010000004,0
313124.5768,0
313287.21499999997,0
313428.0824,0
313504.673,0
313778.5426,0
314105.8348,0
314204.3272,0
314210.8196,0
314335.4707,0
314417.72,0
314727.6211,0
314805.80079999997,0
314854.1282,0
314940.1445,0
315076.6254,0
315243.7914,0
315380.54339999997,0
315399.4855,0
315416.0387,0
315522.0409,0
315583.962,0
315624.6617,0
315704.6541,0
315722.7386,0
315870.7917,0
315995.9354,0
316077.20660000003,0
316238.3065,0
316387.2586,0
316558.9971,0
316637.6728,0
316814.2122,0
316857.2578,0
316939.7187,0
317184.2678,0
317267.1444,0
317278.4646,0
317281.2916,0
317806.0175,0
318414.5365,0
318420.3588,0
318445.5275,0
318696.5006,0
318993.0487,0
318997.4896,0
319286.45160000003,0
319295.592,0
319637.4364,0
319731.9667,0
319923.4319,0
320080.8692,0
320142.6413,0
320165.6731,0
320871.8659,0
321009.8079,0
321550.4852,0
321775.3365,0
321983.124,0
321990.4171,0
322100.1397,0
322180.3766,0
322354.5946,0
322975.76300000004,0
322984.2352,0
323069.9661,0
323140.797,0
323276.0371,0
323315.8868,0
323320.6436,0
323346.394,0
323372.0131,0
323372.5936,0
323970.17220000003,0
324052.98,0
324101.5618,0
324166.2819,0
324213.7962,0
324317.8497,0
324485.8369,0
324513.4648,0
324754.6314,0
324803.8827,0
324881.7296,0
324973.22862,0
325012.9632,0
325106.63910000003,0
325145.2644,0
325345.4476,0
325384.4501,0
325410.7933,0
325473.218,0
325756.4567,0
325826.9484,0
326034.71048,0
326252.1814,0
326442.9342,0
326572.2469,0
326790.1412,0
327196.6026,0
327397.1421,0
327494.6858,0
327496.3415,0
327524.5856,0
327531.0751,0
327618.8889,0
327815.813,0
327988.5563,0
328053.137,0
328214.2135,0
328272.4171,0
328476.2262,0
328499.4119,0
328699.0789,0
328719.3827,0
329116.1586,0
329174.2064,0
329647.13,0
329655.8605,0
329659.5246,0
329791.0022,0
329949.7959,0
329954.5426,0
329983.2805,0
330002.1465,0
330202.9247166667,0
330301.4479,0
330355.202,0
330552.7228,0
330632.6112,0
330933.0088,0
331055.2474,0
331055.6147,0
331092.8063,0
331432.8148,0
331700.9829,0
331806.4984,0
331977.4962,0
331977.8546,0
331980.5591,0
331994.8462,0
332272.7897,0
332300.866,0
332332.72490000003,0
332458.0786,0
332528.7824,0
332578.0701,0
332673.7587,0
332854.3875,0
333166.9061,0
333373.4736,0
333527.2819,0
333605.5813,0
333717.3601,0
334128.9856,0
334181.296,0
334234.0634,0
334373.7123,0
334485.9653,0
334532.4716,0
334555.8837,0
334609.77780000004,0
334795.091,0
334831.2732,0
335088.0795,0
335097.4717,0
335176.9752,0
335345.2994,0
335676.4019,0
335859.3586,0
336095.8811,0
336283.0457,0
336493.404,0
336512.2914,0
336656.58,0
336834.01170000003,0
336835.0701,0
336839.188775,0
336915.1655,0
337057.7485,0
337086.8739,0
337169.9738,0
337215.6772,0
337221.6816,0
337264.84990000003,0
337512.2805,0
337539.9526,0
337546.5371,0
337559.7214,0
337606.5578,0
337657.9006,0
337923.0968,0
337948.4263,0
338017.4942,0
338100.3389,0
338111.8708,0
338184.4298,0
338226.6829,0
338251.18200000003,0
338386.6404,0
338516.858,0
338525.8,0
338629.06,0
338651.2305,0
338684.7527,0
338695.2394,0
338708.4869,0
338903.995,0
338907.3029,0
338937.379,0
338943.9083,0
338950.9938,0
338951.3093,0
339337.3812,0
339372.7652,0
339500.375,0
339595.4391,0
339884.8193,0
339985.1909,0
339986.83770000003,0
340308.4737,0
340389.8935,0
340470.3741,0
340528.7947,0
340659.1332,0
340940.2289,0
341653.8982,0
341690.7317,0
341797.7256,0
341822.347,0
341967.7853,0
341969.2899,0
342018.3271,0
342178.4018,0
342268.9607,0
342390.83640000003,0
342471.748,0
342521.5308,0
342557.1086,0
342568.3276,0
342596.4903,0
342837.4572,0
342863.4015,0
342897.7557,0
342945.05449999997,0
342964.105,0
343081.8919,0
343153.1358,0
343237.94299999997,0
343241.7486,0
343681.6451,0
343765.1241,0
343774.6477,0
343838.6122,0
344063.496,0
344246.7784,0
344417.0793,0
344423.8362,0
344611.91949999996,0
344648.7677,0
344649.2315,0
344679.39,0
344690.693125,0
344811.7945,0
344821.5103,0
344929.9709,0
344931.914,0
344951.9814,0
345134.5521,0
345157.53740000003,0
345239.3467,0
345378.9429,0
345461.6235,0
345580.2747,0
345916.9118,0
346100.9741,0
346152.2169,0
346310.8608,0
346455.9985,0
346598.5844,0
346609.9697,0
347064.273,0
347159.8974,0
347174.1212,0
347179.3636,0
347225.9923,0
347284.1937,0
347405.5798,0
347702.6846,0
347722.1003,0
347755.3711,0
347808.4547,0
347854.1071,0
348218.151,0
348700.0579,0
348838.3649,0
348842.2574,0
349005.8766,0
349014.8861,0
349193.8298,0
349252.8853,0
349272.7259,0
349712.6681,0
349858.6802,0
349863.1971,0
349907.6205,0
349933.9053,0
349959.877,0
349977.6543,0
349983.2004,0
350381.0361,0
350500.3148,0
350529.2891,0
350536.0354,0
350544.0567,0
350593.347,0
350669.4568,0
350771.6107833333,0
350827.9564,0
351042.15619999997,0
351062.1546,0
351241.7702,0
351269.03500000003,0
351380.40843333333,0
351430.1845,0
351548.1005,0
351684.9244,0
351699.4267,0
351717.8618,0
351785.72568,0
351916.6139,0
351942.6156,0
351956.2968,0
352156.55460000003,0
352173.7614,0
352282.4432,0
352282.8715,0
352407.5811,0
352488.3296,0
352627.4881,0
352656.6423,0
352657.6148,0
352715.6745,0
352767.7119,0
352875.472,0
352945.6929,0
352960.3852,0
352964.82889999996,0
352968.6042,0
353030.7251,0
353095.1614,0
353241.2712,0
353351.2217,0
353555.26529999997,0
353560.569,0
353640.70160000003,0
353690.4694,0
353705.9054,0
353939.9167,0
353953.0505,0
353998.0423,0
354020.9407,0
354021.3525,0
354362.0845,0
354478.6738,0
354554.8299,0
354620.2373,0
354725.7771,0
354737.5852,0
354798.1598,0
354843.671,0
354893.6472,0
354933.5591,0
354943.2387,0
355042.8933,0
355048.1442,0
355100.5324,0
355429.18200000003,0
355533.3668,0
355636.4711,0
355720.4878,0
356015.0112,0
356037.0252,0
356268.5167,0
356317.5064,0
356396.8435,0
356426.463,0
356498.33400000003,0
356670.40020000003,0
356730.2029,0
356746.3767,0
356809.6551,0
356999.6251,0
357258.998,0
357343.9575,0
357393.3646,0
357410.4453,0
357485.7294,0
357552.8151,0
357573.4538,0
357867.7927,0
357893.8158,0
357928.12210000004,0
358138.4292,0
358339.9496,0
358346.6467,0
358397.7566,0
358428.6474,0
358517.2198,0
358530.4694,0
358577.5683,0
358603.4183,0
358718.4422,0
358814.6435,0
358836.6676,0
358852.3714,0
359271.0628,0
359317.94550000003,0
359328.5758,0
359405.7967,0
359443.9275,0
359468.6051,0
359589.0946,0
359596.4159,0
359661.3504,0
359750.63,0
359815.4913,0
359829.2615,0
359853.7743,0
359937.434,0
359963.1477,0
360527.5541,0
360698.0464,0
360903.9747,0
360995.9106,0
361194.2358,0
361200.5331,0
361203.7057,0
361343.5818,0
361483.2758,0
361498.9464,0
361529.0138,0
361651.064,0
361753.8846,0
361806.0747,0
362111.675,0
362112.5772,0
362200.1609,0
362390.5088,0
362913.5489,0
362957.1535,0
363146.7783,0
363255.3832,0
363323.10970000003,0
363409.4713,0
363480.4323,0
363510.5896,0
363519.9787,0
363932.7253,0
363980.3338,0
364341.3737,0
364438.2862,0
364487.3448,0
364583.0348,0
364635.8547,0
364713.9457,0
364737.397,0
364976.4452,0
365049.1556,0
365140.6702,0
365162.2424,0
365173.9554,0
365310.074,0
365313.8807,0
365547.0577,0
365596.3366,0
365799.78644,0
365865.51410000003,0
365926.909,0
366034.7457,0
366086.0505,0
366140.7878,0
366172.6694,0
366418.84990000003,0
366504.7747,0
366522.5333,0
366538.9895,0
366644.1956,0
366915.9527,0
367195.5308,0
367383.2576,0
367608.8553,0
367645.6702,0
367739.0603,0
367753.0287,0
367870.4972,0
368115.6319,0
368183.8709,0
368195.8604,0
368255.1672,0
368404.7628,0
368435.2851,0
368536.5069,0
368640.27780000004,0
368669.1531,0
368701.4646,0
368810.3658,0
368914.5462,0
368986.6738,0
369175.9935,0
369246.1031,0
369270.8213,0
369318.3728,0
369399.3587,0
369452.5893,0
369521.9662,0
369532.4102,0
369743.96880000003,0
369879.0382,0
369937.9702,0
369961.8556,0
370025.23490000004,0
370048.274,0
370081.1025,0
370081.4899,0
370168.4936,0
370427.656,0
370476.5843,0
370525.67590000003,0
370628.9134,0
370639.81680000003,0
370677.6572,0
370716.1603,0
370785.78469999996,0
370932.8632,0
371023.15390000003,0
371097.2296,0
371123.1431,0
371270.8388,0
371640.7069,0
371857.4549,0
371946.0179,0
372100.0903,0
372168.6196,0
372208.1949,0
372286.5279,0
372466.9068,0
372586.2133,0
372724.93004999997,0
372838.1951,0
373345.9633,0
373360.3687,0
373398.4228,0
373635.4375,0
373637.078,0
373752.4731,0
373775.4774,0
373814.9134,0
373816.1846,0
373819.1204,0
373986.452,0
374050.3611,0
374065.6682,0
374102.97719999996,0
374276.2154,0
374285.5272,0
374551.8494,0
374580.3115,0
374630.5335,0
374661.2258,0
374803.2212,0
374848.8621,0
375131.9055,0
375299.0934,0
375354.6822,0
375482.6254,0
375585.1824,0
375600.9224,0
376018.849,0
376149.2312,0
376172.8656,0
376274.4151,0
376437.5523,0
376543.6633,0
377056.6338,0
377302.075,0
377314.2784,0
377375.7645,0
377400.0289,0
377502.997,0
377720.1858,0
377852.5751,0
378022.23829999997,0
378266.1103,0
378294.7893,0
378317.2956,0
378334.5992,0
378469.6479,0
378479.9753,0
378717.772,0
378722.0851,0
379107.7954,0
379194.3924,0
379284.5648,0
379335.2033,0
379339.8314,0
379551.1547,0
379597.3259,0
379729.9055,0
379777.5501,0
379935.0909,0
380018.1021,0
380106.9447,0
380152.4811,0
380466.063,0
380666.971,0
380737.5576,0
380882.4238,0
381222.7033,0
381411.3518,0
381777.9863,0
381890.6003,0
381939.2499,0
381944.0164,0
382012.059,0
382091.89696,0
382244.4476,0
382276.6902,0
382791.1953,0
382860.9795,0
382897.3145,0
382922.1635,0
383064.8692,0
383071.0257,0
383276.0061,0
383292.4476,0
383675.1089,0
383717.657,0
383864.31429999997,0
383888.224,0
383986.13,0
384064.7574,0
384171.216,0
384481.6321,0
384774.038,0
384791.2066,0
384967.1228,0
385015.04720000003,0
385083.7119,0
385314.57070000004,0
385380.9084,0
385477.43200000003,0
385512.7206,0
385542.1687,0
385629.0893,0
385686.8058,0
385778.6925,0
385787.7291,0
385818.4104,0
385821.788,0
386109.94195,0
386507.167,0
386539.9572,0
386787.8608,0
387098.1757,0
387278.3048,0
387558.8042,0
387636.35730000003,0
387696.60719999997,0
387758.5074,0
387827.2254,0
387899.2999,0
387907.20530000003,0
388404.1105,0
388529.1896,0
388547.1394,0
388946.8022,0
388984.5514,0
389194.1353,0
389226.3462,0
389285.9974,0
389295.7808,0
389331.653,0
389344.4045,0
389684.9685,0
389903.6389,0
390031.0127,0
390057.02890000003,0
390342.6412,0
390416.538,0
390431.6816,0
390471.30819999997,0
390616.5486,0
390852.64269999997,0
390946.8273,0
391042.2691,0
391187.4685,0
391296.70160000003,0
391307.4069,0
391420.8399,0
391656.9149,0
391704.3753,0
391785.0771,0
391791.03489999997,0
391897.6507666667,0
391905.53848,0
392021.6186,0
392100.1119,0
392310.9504,0
392407.4547,0
392670.0968,0
392731.3411,0
392828.81070000003,0
392861.8284,0
393033.66599999997,0
393251.1079,0
393290.8898,0
393423.5621,0
393540.6498,0
393581.5322,0
393675.2136,0
393815.5058,0
393915.49275,0
394053.6705,0
394134.521,0
394207.7998,0
394324.7941,0
394478.2487,0
394504.1058,0
394531.3073,0
394547.1362,0
394624.5304,0
394779.6032,0
394867.8351,0
394965.5103,0
394977.8613,0
395315.9048,0
395319.8719,0
395376.4675166667,0
395406.51399999997,0
395421.4377,0
395734.1328,0
395883.7782,0
395967.2223,0
396023.6104,0
396049.5773,0
396058.3886,0
396094.0423,0
396099.3382,0
396114.0822,0
396216.6902,0
396464.972,0
397264.4561,0
397380.185,0
397469.71880000003,0
397524.3678,0
397678.0354,0
397910.10140000004,0
398021.9304,0
398055.3428,0
398113.7287,0
398183.5152,0
398206.5610666667,0
398472.8571,0
398513.517,0
398815.1941,0
398854.3195,0
399065.9671,0
399225.6093,0
399495.104,0
399584.5566,0
399584.8172,0
399614.1543,0
399909.3852,0
400368.0789,0
400480.701,0
400719.1442,0
400792.6502,0
400828.47,0
400876.49566666665,0
401068.0058,0
401093.92960000003,0
401329.7941,0
401349.4736,0
401376.1006,0
401710.5421,0
401750.22719999996,0
402025.6102,0
402603.94299999997,0
402900.9879,0
403066.5174,0
403084.4579,0
403131.04839999997,0
403201.774,0
403237.32790000003,0
403255.0984,0
403312.3436,0
403412.6977,0
403471.3873,0
403820.9162,0
403836.3826,0
403841.9433,0
403856.7622,0
403901.93546,0
403966.7395,0
404191.6195,0
404238.4941,0
404320.8055,0
404335.1849,0
404380.9177,0
404669.6875,0
404675.3382,0
405005.4043,0
405142.7237,0
405189.7456,0
405336.8714,0
405348.69180000003,0
405573.17590000003,0
405602.1372,0
405639.90260000003,0
405695.63049999997,0
405797.2712,0
405798.4306,0
405801.4476,0
405858.09750000003,0
405874.262,0
406233.5586,0
406246.524,0
406247.3633,0
406317.3188,0
406454.5925,0
406704.1341,0
406737.0664,0
406797.9399,0
406854.5771,0
407186.3808,0
407194.3611,0
407359.8438,0
407378.5445,0
407579.4072,0
407605.92339999997,0
407705.2113,0
407744.0965,0
408074.26558,0
408243.8763,0
408318.8883,0
408325.4901,0
408546.2212,0
408635.48470000003,0
408684.15598333336,0
408763.5226,0
409214.6714,0
409635.07514,0
409936.7842,0
410196.503,0
410255.5762,0
410361.1027,0
410390.8972,0
410467.88,0
410549.8637,0
410828.1786,0
410867.246,0
410867.933,0
410998.0557,0
411070.04949999996,0
411253.0609,0
411409.7785,0
411720.0661,0
412202.6358,0
412408.9178,0
412439.955,0
412550.7362,0
412573.3782,0
412662.6069,0
412906.6191,0
413095.4404,0
413463.9056,0
413540.6676,0
413658.92514,0
413682.3113,0
413810.7669,0
413854.4366,0
413857.3454,0
413944.951,0
414105.2712,0
414191.5219666667,0
414236.4765,0
414239.1504,0
414376.1835,0
414397.91969999997,0
414466.11325,0
414873.4657,0
414919.7672,0
415097.8834,0
415150.0107,0
415153.23132,0
415221.8138,0
415222.7453,0
415226.42590000003,0
415248.9764,0
415361.739175,0
415647.08964,0
416099.5627,0
416199.29839999997,0
416315.6637,0
416332.6186,0
416501.1665,0
417019.2651,0
417549.256,0
417707.2144,0
417950.9055,0
418016.3785,0
418284.8617,0
418566.4853,0
418856.5471,0
418957.3784,0
419043.278,0
419103.419,0
419261.8827,0
419358.9519,0
419676.6675,0
419699.3759,0
419801.43940000003,0
419852.1865,0
419883.7593,0
420021.2256,0
420050.6167,0
420363.2894,0
420446.4806,0
420513.6333,0
420548.4639,0
420564.5662,0
420586.7063,0
420603.618,0
420636.6783,0
420820.4588,0
421082.7995,0
421148.3251,0
421304.4442,0
421484.7155,0
421562.4719,0
421649.3926,0
421718.05090000003,0
421742.4828,0
421747.2896,0
421815.2319,0
421963.3406,0
421973.4849,0
422014.2404,0
422118.7256,0
422370.2922,0
422465.7724,0
422572.0125,0
422633.2354,0
422672.1842,0
423033.1549,0
423037.06429999997,0
423093.0245,0
423151.5695,0
423172.5698,0
423202.8738,0
423223.199,0
423294.8669,0
423350.01529999997,0
423436.3475,0
423542.5152,0
423550.6821,0
423597.094,0
423686.4384,0
423688.2908,0
423780.3782,0
423802.38320000004,0
423812.0073,0
423966.1086,0
423983.0981,0
424057.1258,0
424230.5951,0
424236.2659,0
424339.1086,0
424473.5203,0
424536.6266,0
424542.1233,0
424545.4074,0
424591.9722,0
424900.49820000003,0
425002.4498,0
425005.2295,0
425102.0985,0
425205.4115666667,0
425241.6531,0
425495.4534,0
425686.21499999997,0
425718.7055,0
425898.7223,0
425945.4789,0
425977.7567,0
426204.4284,0
426221.603,0
426534.4025,0
426635.9844,0
426865.6216,0
426890.665,0
426939.3038,0
426977.0237,0
426985.0404,0
426993.74450000003,0
427011.9364,0
427103.3096,0
427107.69305,0
427235.2708,0
427266.1872,0
427534.7893333333,0
427585.5561,0
427602.0068,0
427730.8425,0
427837.5946,0
427900.83019999997,0
427956.0441,0
428009.0939,0
428026.4812,0
428048.0976,0
428140.1286,0
428182.3449,0
428296.1231,0
428394.3195,0
428466.5342,0
428494.0068,0
428592.2502,0
428788.5556,0
429011.2586,0
429023.2088,0
429164.2327,0
429183.2708,0
429199.1655,0
429511.3101,0
429557.6388,0
429608.4166,0
429615.8743,0
429780.0667,0
429910.8999,0
430018.17579999997,0
430083.1318,0
430186.2625,0
430377.1548,0
430381.5577,0
430434.5805,0
430475.3281,0
430488.7471,0
430552.3353,0
430661.9343,0
430696.6781,0
430781.9673,0
430930.4673,0
430978.4916,0
431031.0912,0
431239.89231666666,0
431264.46510000003,0
431337.5747,0
431437.0734,0
431549.424,0
431660.92209999997,0
431669.8582,0
431685.2947,0
431690.891,0
431818.9048,0
431855.1961,0
431879.5493,0
431959.4018,0
432026.9278,0
432031.1639,0
432102.61,0
432134.0503,0
432196.0651,0
432243.6472,0
432333.7781,0
432337.3267,0
432356.7529,0
432409.4117,0
433015.9346,0
433098.371,0
433129.0799,0
433210.1534,0
433266.7798,0
433386.3948,0
433402.2588,0
433418.0939,0
433481.9704,0
433769.6005,0
433799.7807,0
433855.0799,0
434094.1988,0
434189.536,0
434199.5514,0
434385.2387,0
434554.12,0
434742.6068,0
434787.6801,0
434820.4723,0
434954.57420000003,0
434975.0602,0
435099.2612,0
435104.4801,0
435134.85360000003,0
435473.8842,0
435498.5324,0
435546.4101,0
435824.7398,0
435901.5968,0
435932.6344,0
436234.3604,0
436266.6713,0
436404.4754,0
436441.3406,0
436470.66000000003,0
436668.0284,0
436674.428,0
436702.4425,0
436732.482,0
436795.3492,0
436836.15036666667,0
437100.2383,0
437160.3248,0
437166.6683,0
437185.9474666667,0
437266.941,0
437310.7494,0
437636.23905,0
437858.8889,0
437865.3331,0
437942.3115,0
437954.6033,0
438075.3402,0
438426.4088,0
438628.4304,0
438631.4466,0
438834.2829,0
439089.0692,0
439089.4933,0
439336.19310000003,0
439376.1227,0
439455.5871,0
439470.945,0
439718.2614,0
439964.9559,0
440087.66000000003,0
440236.5757,0
440265.3863,0
440275.5298,0
440301.0625,0
440345.23219999997,0
440387.2603,0
440526.5086,0
440540.1982,0
440568.5552,0
440621.4343,0
440679.8165,0
441080.40249999997,0
441099.6205,0
441134.372,0
441148.1024,0
441201.778,0
441225.4095,0
441287.0455,0
441388.28119999997,0
441430.8127,0
441496.3256,0
441514.6532,0
441586.3544,0
441644.41969999997,0
441736.9692,0
441814.4205,0
441911.9231,0
441964.0054,0
441966.3065,0
442041.6713,0
442104.9082,0
442110.27848333336,0
442169.7643,0
442272.4166,0
442329.6441,0
442360.1951,0
442438.0743,0
442644.1498,0
442805.205,0
442873.7397,0
443119.1723,0
443234.5045,0
443310.0808,0
443378.3748,0
443403.5843,0
443544.9928,0
443598.8123,0
443667.8244,0
443803.1699,0
443828.2722,0
443883.745,0
444084.1071,0
444160.7935,0
444460.3014,0
444468.6261,0
444675.7094,0
444716.1534,0
444803.5111,0
444839.7269,0
444939.1187,0
444974.8593,0
445330.9439,0
445381.24439999997,0
445418.2577,0
445494.82420000003,0
445534.3712,0
445557.2524,0
445629.596,0
445705.3788,0
445998.4422,0
446128.6101,0
446140.7885,0
446145.9496,0
446250.9963,0
446469.3013,0
446485.8897,0
446560.3882,0
446585.7615,0
446619.6627,0
446766.656,0
446830.7809,0
446873.7958,0
447016.384,0
447142.5186,0
447159.2855,0
447222.3264,0
447409.8716,0
447518.1589,0
447529.64486666664,0
447551.0529,0
447554.2281,0
447555.3515,0
447569.904,0
447615.192,0
447730.9484,0
447772.7605,0
447811.4939,0
447831.925,0
447933.9345,0
448077.6609,0
448097.5307,0
448098.5091,0
448301.6792,0
448349.4215,0
448807.04110000003,0
448863.3852,0
448874.82039999997,0
448980.98219999997,0
448993.8772,0
448995.4793,0
449419.5577,0
449511.4875,0
449742.5621,0
449850.2581,0
449895.54579999996,0
449909.792,0
450255.8892,0
450297.6807,0
450389.9755,0
450729.425,0
450914.185,0
451002.3308,0
451072.29475,0
451074.469,0
451113.6895,0
451222.427,0
451290.7626,0
451544.4171,0
451561.5111,0
451816.298,0
451977.28729999997,0
452074.8604,0
452197.8984,0
452230.9781,0
452312.7638,0
452385.8857,0
452845.2883,0
453031.3797,0
453137.199,0
453182.5392,0
453357.2417,0
453360.2861,0
453369.5823,0
453396.3792,0
453519.08400000003,0
453621.65989999997,0
453654.9539,0
453681.5267,0
453718.1547,0
453786.8508,0
453906.483,0
453935.4885,0
454130.8831,0
454335.2661,0
454398.1448,0
454908.1062,0
455217.3105,0
455375.6382,0
455391.2791,0
455443.8999,0
455461.9452,0
455474.6828,0
455522.887,0
455735.7467,0
455855.1471,0
455968.1339,0
456389.0507,0
456449.3087,0
456505.0718,0
456532.7229,0
457023.4151,0
457032.4587,0
457034.4148,0
457078.3366,1796.66320000001
457112.964,0
457238.6657,0
457248.9901,0
457251.0109,0
457316.1865,0
457480.0194,0
457509.69200000004,0
457531.6665,0
457584.8032,0
457728.4304,0
458069.6966,0
458145.3773,0
458396.9077,167.2722000000067
458511.4157,0
458631.4385,0
458771.4256,0
458833.95389999996,0
458881.7522,0
458955.3941,0
459073.3945,0
459145.0316,0
459296.3607,0
460133.4535,0
460134.1582,0
460157.2885,0
460179.7639,0
460380.6923,0
460480.2041,0
460569.2349,693.0996999999625
460626.8735,0
460771.0658,0
460815.4204,0
460852.4909,0
460968.1745,0
461217.99309999996,0
461337.2988,0
461578.9452,0
461583.2958,372.24700000003213
461705.2025,0
462130.9804,0
462370.5092,0
462420.506,0
462676.72239999997,0
462797.52520000003,0
462811.4935,0
462914.6934,0
463074.4279,0
463200.3367,0
463354.7163,0
463378.0385,0
463539.1565,0
463559.3824,0
463570.976,0
463582.6238,0
463622.7101,0
463633.1192,695.4970000000321
463823.8765,0
463929.191,0
463987.2639,0
464022.07409999997,0
464072.2761,0
464086.7234,0
464124.6166,0
464279.6616,0
464286.2032,0
464314.2855,0
464481.2422,0
464613.8892,0
464625.5323,0
464739.7952,0
464899.83499999996,0
464918.953,0
465014.4813,0
465188.1911,0
465192.2067,0
465243.6254,0
465259.6354,0
465311.7349,0
465336.4449,0
465503.8471,0
465704.1196,0
465734.5357,0
465761.6029,0
465832.5663,0
465838.78839999996,0
465926.0105,0
465986.3581,0
466257.9712,0
466404.4411,0
466419.1331,0
466536.8078,0
466735.1633,0
466753.5205,0
467139.5326,0
467192.96876666666,0
467295.5249,0
467414.68799999997,0
467467.7719,0
467520.5669,0
467522.4154,0
467555.308,0
467693.3494,0
467861.3333,0
468049.2265,0
468289.4916,0
468347.2602,0
468563.2613,0
468644.491,0
468655.69,0
468732.9833,0
468939.1807,0
468975.2146,0
469212.259,0
469344.5298,0
469470.8761,0
469499.692,0
469536.4094,0
469907.071,0
469929.19909999997,0
469974.9277,0
470026.5358,0
470151.8472,0
470323.3434,0
470723.0932,0
470767.9233,0
470918.4657,0
470918.6225,0
470984.4279,1552.8276000000187
471355.5879,0
471381.4262,0
471459.8934,0
471758.3189,0
471765.16599999997,0
471768.5722,0
471785.0524,0
471940.93200000003,0
472062.73329999996,0
472082.9901,0
472142.6383,0
472567.5221,0
472625.0422,0
472913.7967,0
473083.9349,0
473250.6083,0
473304.1803,0
473377.7195,0
473661.1701,0
473962.6371,0
474042.424,0
474086.0846,0
474096.9812,0
474100.9503,0
474171.2192,0
474258.5269,0
474591.4093,0
474701.3721,0
474711.1585,0
474712.62179999996,0
474869.3977,0
474938.6841,0
475142.9581,0
475176.1436,0
475219.1229,0
475367.0986,0
475536.1656,0
475695.9644,0
475843.1267,0
475879.7725,0
476115.4767,1363.6118000000133
476149.1834,0
476170.5321,3237.866800000018
476204.678,0
476470.8116,0
476479.5281,0
476587.2131,0
476587.9731,0
476741.6027,0
476765.5433,0
477133.1052,671.0749000000069
477222.8809,0
477285.6098,0
477347.8902,0
477420.223,0
477502.2814,0
477542.8466,0
477667.4658,0
477704.0519,0
477847.8641,0
477938.7304,0
477964.9213,0
478270.6526,0
478425.1031,0
478602.044,0
478632.2817,0
478663.7694,0
478692.9796,0
478885.755,0
478902.58612,0
478914.9557,0
478985.0445,0
479326.8177,0
479569.4267,0
479585.0907,0
479637.8228,0
479992.4273,0
480041.2661,0
480211.0209,0
480253.61100000003,0
480270.051,0
480372.39029999997,0
480404.3277,0
480440.2756,0
480441.5993,0
480452.21530000004,0
480575.4575,0
480842.5489,0
480865.5614,0
481046.9129,0
481104.7953,0
481107.66032,0
481170.7297,0
481605.3405,0
481610.5624,0
481721.5817,0
481843.64029999997,0
481919.15708,0
481945.1546,0
482005.2695,0
482153.13,0
482293.52249999996,0
482361.2964,0
482379.3579,0
482648.633,0
482774.9903,0
482792.56299999997,0
483296.4387,0
483582.8752,0
483677.45259999996,0
483819.9374333333,0
483897.8036,2320.1209500000114
483951.8676,0
484050.5731,0
484055.058,0
484325.0477,0
484375.58,0
484403.71880000003,0
484430.82948,0
484518.66229999997,0
484579.6025,0
484677.5028,0
484716.3087,0
484825.9733,0
484850.2046,0
484921.3658,0
485138.1148,0
485299.1847,0
485391.0022,0
485615.4663,0
485730.3388,0
485977.6348,0
486018.4507,0
486043.9182,0
486061.39509999997,0
486171.6712,0
486310.8799,0
486621.41229999997,0
486714.011,0
486723.4558,670.3157999999821
486881.1806,0
487092.9287,0
487128.2673,0
487236.5287,0
487380.1978,0
487528.0588,0
487535.1239,0
487907.6932,0
487934.5782,0
488261.00695,0
488262.0494,0
488283.8661,0
488356.5679,0
488495.2808,0
488675.0023,0
488882.4706,0
489119.7888166667,0
489297.9028,0
489976.9826,0
490090.1488,0
490248.5989,0
490473.6426,0
490481.0463,0
490483.6125,0
490601.6926,0
490679.4744,0
490686.1846,0
490841.3285,0
490968.1124,0
491119.89006666664,0
491247.8533,0
491657.7007,0
491716.6702,0
491848.7235,0
491955.5269,0
492040.65969999996,0
492122.9476,0
492220.9201,0
492241.909,0
492375.01283333334,0
492384.2356,0
492398.2372,0
492409.2672,0
493014.0902,0
493180.9349,0
493304.4145,0
493417.0949,0
493694.9225,0
493695.9655,0
493777.6301,0
493949.2182,0
494188.1813,0
494231.1175,0
494264.9322,0
494315.01828333334,0
494561.0102,0
494573.0411,0
494608.4571,0
494658.2181,0
494874.0672,0
494970.9084,0
495136.7156,0
495365.4548,0
495367.8382,0
495742.701,0
496006.6089,0
496321.8671,0
496592.2726,0
496629.8403,0
496645.3851,0
496934.9062,0
496947.5368,0
496976.6315,0
497147.3991,0
497522.8926,0
497559.0969,0
497636.9717,0
497743.8513,0
497762.0232,0
497935.7894,0
498081.5852,0
498175.0263,0
498662.8963,0
498796.1169,0
498928.0682,0
498941.99820000003,0
499381.5121,0
499506.1764,0
499741.6422,0
499843.8039,0
499933.1478,0
500106.5806,0
500221.8142,0
500262.3561,0
500370.4629,0
500432.5064,0
500519.8642,0
500566.87069999997,0
500598.2732,0
500601.792,0
500635.3265,0
500870.6248,0
500928.3663,0
500929.5243,0
501192.74162,0
501281.6247,0
501289.0747,0
501368.8448,0
501601.7771,0
501640.1179,0
501730.5692,0
501774.1397,0
502060.9738833333,0
502063.869575,0
502310.5923,0
502349.839,0
502360.0453,0
502365.5998,0
502533.4769,0
502673.2127,0
502909.8252,0
502918.2791,0
502929.8798,0
502931.788,0
503020.2566,0
503102.4575,0
503107.7944,0
503143.3178,0
503308.8521,0
503321.0729,0
503354.1998,0
503403.599,0
503538.9367,0
503565.188,0
503796.6097,0
503797.9596,0
503802.2052,0
503973.3042,0
504079.4177,0
504121.7292,0
504272.0969,0
504318.7429,0
504579.091,0
504942.9294,0
504971.89890000003,0
505015.5590333333,0
505124.5029,0
505229.3679,0
505443.1894,0
505616.4581,0
505652.5831,0
505720.0119,0
505779.08,0
505814.5204,0
505873.2093,0
506232.6772,0
506303.5346,0
506347.2595,0
506427.8405,0
506441.2949,0
506669.1314,0
506867.3033,0
507164.3402,0
507467.414,0
507647.4109,0
507697.3702,0
508045.3191,0
508272.9655,0
508439.7331,0
508503.9374,0
508614.4678,0
508682.9375,0
508800.5226,0
508930.2331,0
509001.8115,0
509007.2889,0
509019.8075,0
509044.6395,0
509057.7432,0
509379.2847,0
509423.6044,0
509446.7473,0
509580.7324,0
509632.68559999997,0
509731.7594,0
509744.9834,0
509798.573,0
509982.7472,0
510058.3137,0
510132.0971,0
510149.2335,0
510188.5131,0
510231.3708,0
510364.5737,0
510428.0315,0
510513.9283,0
510554.8881,0
510614.6708,0
510626.368,0
510799.6964,0
511121.5815,0
511261.57550000004,0
511279.7685,0
511573.076,0
511588.3105,0
511592.1864,0
511858.24809999997,0
511894.16631666664,0
511967.1976,0
512273.4275,0
512343.1998,0
512500.2948,0
512511.4245,0
512549.9532,0
512584.3128,0
512649.3783,0
512728.2963,0
512977.2854,0
513007.2703,0
513022.6602,0
513123.554,0
513193.8477,0
513335.5025,0
513464.9967,0
513519.2866,0
513528.5405,0
513573.9184,0
513593.94304,0
513620.9003,0
513677.1435,0
513704.8356,0
513796.1543,0
513842.3378,0
513890.9734,0
513897.148,0
513939.4101,0
514136.9792,0
514618.9351,0
514648.2729,0
514830.2695,0
515148.6389,0
515288.9743,0
515290.768,0
515372.1797,0
515457.67579999997,0
515523.8112,0
515613.3728,0
515709.1081,0
515753.4886,0
515873.5407,0
515959.8814,0
515982.338,0
516054.5234,0
516299.7766,0
516333.9951,0
516533.7817,0
516599.626,0
516957.1524,0
517196.4381,0
517331.6083,0
517509.3184,0
517663.4237,0
517664.6802,0
517819.6243,0
517881.8783,0
517999.7361,0
518011.4873,0
518207.7648,0
518366.5003,0
518568.32436,0
518745.0563,0
518753.6652,0
518972.4679,0
518973.7096,0
519028.0023,0
519086.7602,0
519218.5427333333,0
519436.5457,0
519437.0147,2143.7685000000056
519716.3434,0
519795.3434,0
519829.5262,0
519858.6428833333,0
519882.1666,0
520035.1706,0
520035.5455,0
520055.7938,0
520060.9563,0
520159.7477,0
520179.2582,0
520227.1137,0
520379.9438,0
520404.1831,0
520444.5384,0
520506.4504,0
520534.3552,0
520976.2609,0
521107.7774,0
521108.9544,0
521252.4007,0
521361.5583,0
521378.1682,0
521409.7266,0
521487.1028,0
521785.762,0
521800.3853,0
521801.8863,0
521807.4433,0
521819.8424,0
521872.74713333335,0
522006.4711,0
522157.9025,0
522289.2855,0
522331.931,0
522525.0738,0
522600.9268,0
522774.5689,0
522813.8203,0
522833.4637,0
522848.3209,0
522879.9895,0
522929.0867,0
522997.90154,0
523049.2264,0
523115.3736,0
523284.8607,0
523464.6726,0
523583.0667,0
523787.98,0
523869.34140000003,0
523987.3708,0
524000.9214,0
524095.5446,0
524097.2532,0
524157.15,0
524175.127,0
524265.3844,0
524315.849,0
524440.2494,0
524551.8245,0
524605.8248000001,0
524667.5313,0
524772.3614,0
524780.9266,0
525058.086,0
525071.8164,0
525113.561,0
525216.5487,0
525339.461,0
525405.789,0
525484.2352,0
525505.6512,0
525715.0176,0
525805.4876,0
525928.0872,0
525987.7351,0
526201.4787,0
526334.7473,0
526400.8945,0
526450.1186,0
526451.9811,0
526512.3425,0
526902.9628,0
526905.6028,0
526949.9091,0
527010.1006,0
527024.3037,0
527326.7226,0
527359.612,0
527447.4705,0
527514.1308,0
527583.943,0
527699.714,0
527703.0975,0
527713.0321,0
527996.7513,0
528046.6222,0
528169.9949,0
528212.4452,0
528240.2513,0
528283.3532,0
528475.0591,0
528477.6057,0
528486.9309,0
528600.282,0
528693.8343,0
528767.4302000001,0
528810.5594,0
528832.5722,0
528833.2108,0
529204.6244,0
529278.6680000001,0
529334.2858,0
529343.6402,0
529459.9936,0
529468.0184,0
529600.2091,0
529638.2156,0
529717.7465,0
529752.0702,0
529805.9587,0
529897.4344,0
529941.9638666667,0
529990.94096,0
530027.9444,0
530054.921,0
530174.3823,0
530234.7046,0
530263.0874,0
530276.3931,0
530400.256,0
530540.9208,0
530944.8163,0
531018.3669,0
531058.9216,0
531091.0112,0
531122.8018,0
531141.3160999999,0
531220.7623,0
531299.6953,0
531338.9296,0
531350.3365,0
531434.0373,0
531487.1631666666,0
531506.6924,0
531568.4218,0
531656.601,0
531781.9549,0
531833.5675,0
531868.6211,0
531884.581,0
532183.4635,0
532366.4031,0
532471.162,0
532489.7889,0
532492.9542,0
532493.8065,0
532700.3989,0
532757.6377,0
532775.5606,0
532905.5528,0
533003.0212,0
533024.0489,0
533088.9746,0
533185.5179,0
533225.5093,0
533297.9687,0
533381.5036333334,0
533402.9257,0
533405.3666,0
533494.8438,0
533774.7768,0
533989.5664666666,0
534264.6342,0
534306.9987,0
534307.1192,0
534473.0121,0
534547.8041,0
534714.3677000001,0
535000.0107,0
535012.1005,0
535120.5959,0
535121.3209,0
535402.3067,0
535416.6232,0
535491.8908,0
535587.5145,0
535591.6079,0
535615.9875,0
535698.8678,0
535727.8728,0
535746.6604,0
535826.801,0
535843.4537,0
535915.1404,0
535941.2418,0
535964.7024,0
535991.3539,0
536156.9006,0
536179.0142,0
536188.6347,0
536226.7917,0
536290.6814,0
536315.6442,0
536336.645,0
536360.0038,0
536379.2826,0
536424.5158,0
536444.5967,0
536446.9067,0
536610.3509,0
536616.5538,0
536819.5534,0
537301.5268,0
537356.8751,0
537374.6157,0
537486.7668,0
537520.2131,0
537656.2634,0
537671.3867,0
537801.3222,0
537865.675,0
537979.0722,0
537995.9941,261.3797000000486
538305.5304,0
538431.5482,0
538439.8666,0
538504.979,0
538755.2375,0
538821.6603,0
539256.9787,0
539298.899,0
539331.7457,0
539455.2567,0
539644.8113,0
539714.4076,0
539736.5856,0
539755.0637,0
539756.4843,0
539898.3403,0
540080.356,0
540156.4637,0
540278.4919,0
540331.7714,0
540486.6775,1206.4203999999445
540619.406,0
540648.7481,0
540676.8187,2529.1546999999555
540999.8582,0
541039.1412,0
541085.8288,0
541515.9008,1937.2734999998938
541658.4969,0
541683.5514,0
541966.7735,0
542036.4973,0
542167.8663,0
542277.4518,0
542422.2975,0
542921.4634,0
543021.9272,0
543063.7257,0
543076.382,0
543224.1014,0
543226.2287,0
543401.3763,0
543425.8501,0
544007.0327,0
544119.8329,0
544228.3567,0
544274.0983,0
544288.6747,0
544433.7656,0
544622.3812,0
544683.4221,0
544836.2033,0
545226.3936000001,0
545502.7615,0
545520.4365,0
545569.4341,0
545574.8462,0
545746.5234000001,0
545828.5939,0
545831.3843,0
545934.0348,0
545970.1778,0
546003.387,1430.8164999999572
546037.7972,0
546061.9948,0
546103.4975,0
546181.7262,0
546297.0063,0
546629.5541,0
546643.3175,0
546658.2916,0
546765.8617,0
546822.9219,0
546896.2661,0
547066.6507,0
547122.6766,0
547125.3752,0
547147.3742,0
547278.5377,0
547336.1416,0
547435.3117,0
547524.2286,0
547571.2151,0
547588.4926,0
547627.5351,0
547640.8857,0
547807.9997,0
547876.7565,0
547877.3624,0
547886.5785000001,0
547920.7427000001,0
548461.7294,0
548771.2551,0
548851.3734,0
548887.7608,0
548928.0836,0
549027.4319,0
549142.6606000001,0
549265.9376,0
549424.9298,0
549555.8076,0
549803.145,0
549819.6272,0
549898.6326,0
549925.2308,0
549956.26,0
550029.0135,0
550344.9757,0
550396.1006,0
550491.3166,0
550810.5652,0
550817.2511,0
550872.8107,0
550932.0428,0
550982.5671,0
551328.8389,0
551344.0536,0
551447.0364,0
551521.5778,0
551598.5387,0
552093.1682,0
552323.8209166666,0
552354.9815,0
552450.7133,0
552461.0183,0
552466.0407,0
552539.4088,0
552644.3951,0
552689.9802,0
553027.2274,0
553083.8748,0
553144.8749,0
553181.4321,0
553324.071,0
553325.0136,0
553606.6094,0
553631.8188,0
553869.203,0
553987.8069,0
554116.02,0
554146.6685,0
554291.7558,0
554563.6134,0
554576.986,0
554582.4814,0
554632.4109,0
555073.6129000001,0
555239.14862,0
555324.9062,0
555367.9267,0
555382.1978,0
555407.4832,0
555680.512,0
555686.3221,0
555825.767,0
555829.5637,0
555860.0984,0
555894.801,0
555951.5713,0
556130.1162,0
556147.8914,0
556209.4913,0
556281.29,0
556428.0638,0
556433.057,0
556630.9167,0
556716.7033,0
556921.8202,0
556994.2778,0
557045.5301,0
557114.1461,0
557137.898,0
557139.4108,0
557353.1910999999,0
557431.4574,0
557542.2017,0
557610.9986,0
557896.6182,0
557918.91,0
557972.3967,0
558151.5167,0
558362.4231,0
558429.3002833333,0
558577.997,0
558747.197,0
559264.6385,0
559365.2849,0
559387.8635,0
559489.7006,0
559567.599,0
559902.9524,0
560001.9852,0
560129.8612,0
560187.1257,0
560213.8149,0
560238.851,0
560245.1388,0
560462.8754,0
560525.9623,0
560545.6692,0
560669.1983,0
560671.2255,0
560970.1116,0
561005.6501,0
561012.8799,0
561053.0925,0
561308.7141,0
561670.6956,0
561722.7542,0
561755.2152,0
561768.0732,0
561768.9323,0
561805.9135,0
561972.0017333333,0
562197.6818,0
562238.3368,0
562264.7897,0
562310.9119,0
562355.3067,0
562461.5365,0
562484.8179,0
562563.4319,0
562623.052,0
562855.5937,0
562985.9503,0
563034.407,0
563174.7081,0
563332.6658,0
563434.5048,0
564141.1831,0
564250.2789,0
564315.6543,0
564335.9966,0
564496.3246,0
564576.8766,0
564607.0042,0
564659.0729,0
565182.4142,0
565313.9043,0
565437.2193,0
565516.9887,0
565662.1773,0
565686.5599,0
565784.4347,0
565827.3453,0
565921.0087,0
565969.8107,0
566267.6844,0
566321.6841,0
566391.5626,0
566413.5339,0
566424.7076,0
566687.7645,0
566701.5162,0
566806.7906,0
567385.1808,0
567460.8356999999,0
567778.6234,0
568472.6044000001,0
568516.793,0
568593.9976,0
568670.7649000001,0
568833.9577,0
568873.86228,0
568875.5163,0
568948.3556,0
569036.9745,0
569064.6243,0
569147.7472,0
569170.4358,0
569309.9322,0
569381.6242,0
569518.2986,0
569581.6178,0
569663.1015,0
569982.32045,0
570047.7294,0
570144.6012,0
570155.2015,0
570332.3054,0
570564.8958,0
570730.9138,0
571124.3552,0
571263.2103,0
571729.4517,0
571741.6218,0
571778.5032,0
571852.7686,0
572034.77936,0
572135.1327,0
572152.4576,0
572191.6848,0
572333.8849,0
572448.868,0
572543.5192666666,0
572723.5898,0
572784.9105,0
573095.2569,0
573157.5473,0
573184.4881,0
573355.4169,0
573680.3158,0
573811.8165,0
573848.8694,0
574374.4806,0
574511.6837,0
574585.6441,0
574608.9234,0
574831.2838,0
574962.143,0
575096.3103,0
575229.7171,0
575702.7179,0
575941.7259,0
576123.5207,0
576441.6793,0
576738.2422,0
576759.9318,0
577104.4928,0
577342.401125,0
577502.8997,0
577808.2789,0
577941.5096,0
578015.3296,0
578074.8531,0
578192.3764,0
578273.2452,0
578354.8064,0
578370.9225,0
578376.6485,0
578430.0866,0
578663.0643,0
579005.944575,0
579148.007,0
579425.0285,0
579425.3806,0
579461.8374,0
579489.8429,0
579613.3594,0
580199.5485,0
580488.1227,0
580548.3472,0
580548.9366,0
580566.7944,0
580609.1731,0
580661.2044,0
580670.6999,0
580961.7219,0
581004.6616,0
581014.78695,0
581237.7671,0
581616.9253,0
581820.3681,0
582138.0719,0
582216.3572,0
582314.6422,0
582447.2249,0
582481.8362,0
582483.6376,0
582731.3947,0
582809.2756,0
582836.1356,0
582857.12,0
582976.1568,0
583484.7015,0
583501.154,0
583572.3024,0
583634.5286333333,0
583671.8524,0
583821.0245,0
583866.86738,0
584033.0509,0
584262.1013,0
584276.1486,0
584369.1924333334,0
584423.9109,0
584443.0305,0
584465.8419,0
584617.5255,0
584729.9994,0
584799.5435,0
584889.8584,0
584944.6675,0
584953.6644,0
585122.2689,0
585129.8518,0
585257.5426,0
585295.0423,0
585325.0462,0
585454.4432666666,0
585499.4814,0
585612.0679,0
585665.8489,0
585695.7437,0
586096.4961999999,0
586380.5066,0
586475.7204,0
586495.5851,0
586626.4299,0
586644.4867,0
586813.4245,0
586907.3,0
586979.0738,0
587228.8749,0
587243.00626,0
587541.6948,0
587547.0176,0
587636.0153,0
587687.3261,0
587705.9249,0
587752.5418,0
587847.6788999999,0
587899.0973,0
587976.7212,0
587980.6091,0
588147.801,0
588173.9782,0
588517.6966,0
588537.0282000001,0
588812.8639,0
588857.0749,0
588898.2202,0
588958.7088,0
588990.2413,0
589084.8354,0
589097.0095,0
589207.8142,0
589288.1477,0
589340.7966,0
589401.22488,0
589435.6936,0
589477.5094,0
589510.6455,0
589516.1897,0
589555.7677333333,0
590151.3624,0
590230.4363,0
590240.8732,0
590336.1782,0
590657.8316,0
590733.1956,0
590748.8967,0
590835.5627,0
590840.6124,0
590938.5385,0
591051.7387,0
591110.7853,0
591112.9812,0
591264.9298,0
591274.4181,0
591397.6568,0
591514.5167,0
591611.6336000001,0
591917.6814,0
592014.8169,0
592032.0686,0
592165.158,0
592303.6574,0
592610.7265,0
592748.0345,0
592848.2984,0
592916.2406,0
592988.6415,0
593088.079,0
593376.6979,0
593490.7867,0
593496.4351,0
593720.4617,0
593913.2506,0
594107.1915,0
594380.7919,0
594423.8839,0
594497.3123,0
594528.3892,0
594914.6285999999,0
594960.879,0
595123.7001,0
595200.7542,0
595241.9874,0
595475.4449,0
595613.9303,0
595623.3808,0
595633.7495,0
595705.6195,0
595806.0751,0
595823.5442,0
596121.3064,0
596139.6876,0
596237.3775,0
596330.0855,0
596452.2329,0
596639.0711000001,0
596746.4228000001,0
596828.8101,0
596896.5419,0
597089.339,0
597173.0334,0
597392.8755,0
597563.9011,0
597694.809,0
598017.9894,0
598023.1855666667,0
598037.8077,0
598068.2602,0
598291.9753,0
598762.8931,0
598792.8408,0
598851.6391,0
598883.7626,0
599118.3597,0
599243.1058,0
599471.9092,0
599693.4507,0
599751.9353,0
600169.1752,0
600210.3713,0
600292.0793,0
600323.0983,0
600368.0525,0
600576.344,0
600592.9852,0
600868.2954,0
601025.4465,0
601058.545,0
601102.7437,0
601205.4858,0
601265.0857,0
601379.7227,0
601507.9874,0
601631.6726,0
601718.3049,0
601759.3838,0
601780.2838,0
601920.6520833333,0
602080.1334,0
602169.0065,0
602181.1896,0
602251.5206,0
602386.4808,0
602467.6408,0
602502.8809,0
602512.13276,0
602633.3119,0
602752.057,0
602755.6171,0
602801.0587,0
602866.2083,0
602913.371,0
602931.26605,0
602934.6443,0
602981.848,0
603125.7465,0
603162.4424,0
603280.6146,0
603502.6569000001,0
603570.9498,0
603766.26114,0
603881.8259,0
603906.94,0
603944.9791,0
603973.3531,0
604079.9772,0
604528.2901,0
604644.0824,0
604669.8353,0
604698.4921,0
604799.848,0
604835.9425,0
604880.465,0
604954.7357,0
605330.7732,0
605402.8429,0
605410.9989,0
605575.3212,0
605713.7719,0
605776.0675,0
605804.6625,0
605849.5975,0
605866.2669,0
605958.5903,0
605985.6644,0
606129.5843,0
606275.5285,0
606386.0606,0
606436.2005,0
606464.9922,0
606472.1655,0
606493.8958,0
606500.79,0
606594.0234000001,0
606694.4643,0
606725.2609999999,0
606791.8954,0
607525.8998,0
607527.6868,0
607593.8943,0
607671.1115,0
607801.4653,0
607877.9342,0
608299.4551,0
608379.9382,0
608408.3557,0
608481.7143,0
608506.7204,0
608568.4697,0
608709.0985,0
608953.853,0
608981.4479,0
609018.5592,0
609081.1421,0
609139.6079,0
609195.7376999999,0
609396.2239,0
609476.4227,0
609660.2934,0
609711.0789,0
609711.1697,0
609763.1561,0
609767.6429,0
609905.0433,0
609926.4141,0
609964.2257,0
609984.0072999999,0
610051.4669,0
610169.7956,0
610252.8003,0
610259.8535,0
610290.4674,0
610440.7964,0
610525.0708,0
610571.477,0
610653.1134,0
610763.5458,0
610806.3758,0
610887.8327333333,0
610947.1033,0
610997.0845,0
611067.5926,0
611080.4528,0
611123.9286,0
611238.7542,0
611522.1517,0
611539.4998,0
612361.0096,0
612431.8435,0
612468.7717,0
612478.0663,0
612548.866,0
612758.626,0
612816.382,0
612865.8512,0
613126.2721,0
613240.1642,0
613299.0049,0
613354.4602,0
613378.3341,0
613409.3092,0
613460.3600999999,0
613668.2117,0
613686.7772,0
613732.3759,0
613870.4086,0
613992.6904,0
614063.5011,0
614159.2019,0
614164.8125,0
614191.789,0
614219.2632,0
614253.3971333334,0
614259.8331,0
614361.6523,0
614388.3509,0
614413.5709,0
614486.1762,0
614576.1258,0
614710.5548,0
614787.3941,0
614789.6962,0
614866.167,0
614908.4748,0
615247.7899,0
615368.3184,0
615385.2705,0
615429.2415,0
615504.8199,0
615507.9044,0
615601.7191,0
615604.3537,0
616179.2164,0
616197.9724,0
616275.9204,0
616351.8812,0
616476.0395,0
616613.6714,0
616630.0443,0
616681.4508,0
616775.1971,0
616927.6218,0
616990.669,0
617232.3705,0
617313.3699,0
617372.8567,0
617454.017,0
617569.1959,0
617616.4558,0
617654.9262,0
617685.1893,0
617764.6331,0
618038.1862,0
618251.5613,0
618396.5379,0
618610.3381,0
618688.5324,0
618732.1581,0
618862.0427,0
619129.2768999999,0
619353.3995,0
619409.237,0
619410.3573,0
619422.8025400001,0
619522.8258,0
619919.3911,0
619954.2421,0
620209.3587,0
620313.5648,0
620433.2652,0
620542.3764,0
620570.4836,0
620779.4334,0
620873.999,0
620926.3174,0
620972.2655,0
621008.2059,0
621046.6603,0
621171.26,0
621207.2644,0
621233.0651,0
621421.1605,0
621457.1269,0
621805.214,0
621868.6791,0
621892.6147,0
621922.0951,0
622232.1696,0
622332.0737,0
622359.5045,0
622477.5862,0
622595.3533,0
622691.9772,0
622780.4922,0
622903.0013,0
622951.5642,0
623059.1941,0
623071.0828,0
623075.1899,0
623115.2417,0
623117.329,0
623488.6863,0
623772.2705,0
623838.6128,0
623952.446,0
624003.9273,0
624010.4771,0
624414.9714,0
624427.5183,0
624539.208,0
624545.3702,0
624627.2435999999,0
624658.4627,0
624722.0444,0
624795.3911,0
624901.7021,0
624957.0331,0
625173.4074,0
625180.4516,0
625229.237,0
625436.3118,0
625537.1054,0
625555.6735,0
625738.0257,0
625850.7776,0
625874.7035000001,0
625895.5627,0
625956.6982,0
625982.7305,0
625991.5983,0
625992.2298,0
626061.054,0
626215.7771,0
626222.7502,0
626306.2087,0
626307.4159,0
626310.4141,0
626650.275,0
627061.6125,0
627472.6138,0
627481.5428,0
627493.5055,0
627504.7956,0
627699.3739,0
627747.2046,0
627814.2333,0
627852.9583,0
628098.9256,0
628111.1828,0
628126.1829,0
628180.8437,1787.8199999999488
628364.3801,0
628378.6189,0
628503.8197,0
628518.8863,0
628630.255,0
628807.4969,0
628861.2012,0
628879.1767,0
628918.4592,0
629021.3996,0
629134.1192,0
629140.4169,0
629162.1773,0
629163.0997,0
629198.249,0
629404.9102,0
629470.2411,0
629491.0481,0
629724.5549,0
629867.7216,0
629887.5928,0
629903.7469,0
630052.3848,0
630165.1363,0
630166.4976,0
630215.5671,0
630243.7264,0
630560.8742,0
630626.0667,0
630630.2475,0
630738.6278,0
630801.3139,0
630810.0579,0
630864.0382,0
630892.1453,0
630892.6868,0
630948.9774,0
630995.599,0
631051.4915,0
631146.4395,0
631164.9675,0
631167.8565,0
631406.098,0
631432.9097,0
631479.8546,0
631680.5185,0
631849.5463,0
631990.8719,0
632019.0638,0
632086.2712,0
632157.1001,0
632160.3791,0
632183.5696,0
632214.1044,0
632340.7661,0
632369.9517,0
632390.7593,0
632405.2861,0
632524.0244,0
632611.5749,0
632736.0267,0
632865.6257,0
633052.4621,0
633067.2907,0
633136.884,0
633178.9616,0
633185.1049,0
633194.4045,0
633257.6078,0
633285.4409,0
633498.7706,0
633613.9253,0
633907.6648,0
634016.8783,0
634122.466,0
634237.8356,0
634266.6204,0
634295.2853,0
634433.7888,0
634469.0216,0
634474.5889,0
634745.4449,0
634783.421,0
634834.6117,0
634901.0229,0
634967.9175,0
634970.2395,0
635048.8448,0
635153.4383,0
635477.1984999999,0
635511.1277,0
635738.1756,0
635939.6045,0
636099.0912,0
636136.3584,0
636252.4764,0
636643.1196,0
636701.5679,0
636722.2807,0
636829.2824,0
637003.4061,0
637072.9076,0
637474.4976,0
637526.5899,0
637622.0364,0
637779.2363,0
637894.3662,0
638239.2448,0
638288.3038,0
638292.3115,0
638329.7119,0
638356.7890999999,0
638509.5675,0
638622.1539,0
638789.6846,0
638991.3226333334,0
639048.9058,0
639314.7717,0
639949.7688,0
639996.5521,0
640116.6878,0
640197.5031,0
640383.2772,0
640517.3064,0
640552.0182,0
640594.0537,0
640647.5551,0
640730.1607,0
641042.5807,0
641151.7964999999,0
641168.7253,0
641307.0547,0
641363.8371,0
641742.6087,0
641901.8224,0
641971.6975,0
642270.4680999999,0
642300.7162,0
642313.4386,0
642322.84155,0
642478.2917,0
642686.6237,0
642926.6858,0
642929.8619,0
643535.7116,0
643567.0146999999,0
643856.9022,0
644242.7314,0
644243.9499,0
644419.8247,0
644583.9994,0
644593.2653,0
644813.4765,0
644940.6499,0
645158.7953,0
645245.459,0
645320.1808,0
645350.0473,0
645382.2021999999,0
645414.3058,0
645433.3942,0
645570.4554,0
645703.6413,0
645727.1113,0
645814.0294166667,0
645852.1186,0
645964.5002,0
646000.63,0
646049.6106,0
646060.7052,0
646253.9773,0
646325.1839000001,0
646471.2359,0
646695.0981000001,0
647014.9946666667,0
647052.8228,0
647082.3922,0
647114.4066,0
647162.3942,0
647438.7169,0
647981.7494,0
648093.0742,0
648219.5934,0
648439.1237,0
648463.5834,0
648596.27524,0
649074.2296,0
649117.8727,0
649141.0399,0
649238.9869,0
649356.9457,0
649505.9645,0
649692.3229,0
649844.8322,0
649938.4211,0
650071.9305,0
650428.2535999999,0
650430.9933,0
650435.2067,0
650621.0972,0
650739.1007,0
650971.5178,0
651031.7366,0
651089.3893,0
651144.8313,0
651252.8231,0
651261.2763,0
651441.6076,0
651454.27162,0
651473.378,0
651591.7842,0
651701.4952,0
652077.2441,0
652174.474,0
652338.4881,0
652570.94,0
652609.828,0
652898.5346,0
653244.7785,0
653248.325,0
653307.7743,0
653358.8193,0
653422.19845,0
653745.3349,0
653815.4147,0
653898.1166,0
653925.8356,0
654138.7394,0
654280.4661,0
654638.5776,0
654671.192,0
654731.2603,0
655382.9346333334,0
655407.5281,0
655520.8726,0
655527.6832,0
655649.6211,0
655664.3889,0
655804.2711,0
655909.4782,0
656044.5656,0
656253.0374,0
656361.6073,0
656429.8893,0
656430.2002,0
656586.9362,0
656736.5411,0
656795.3801,0
656804.6638,0
657048.6368,0
657100.8271,0
657124.6497,0
657228.9477333333,0
657233.2257,0
657303.6651,0
657327.8103,0
657428.6859,0
657521.2396,0
657617.7424,0
657697.1798,0
657698.2966,0
657706.9544,0
657885.1682,0
657923.2835,0
658010.4891,0
658078.5911,0
658330.2587,0
658361.2054,0
658511.8525,0
658632.7536,0
658769.3054,0
658870.9689,0
658966.8684,0
659080.7331,0
659195.6892,0
659246.8036,0
659300.09,0
659328.6977,0
659332.3728,0
659537.3678,0
659659.0453,0
660162.1910999999,0
660168.1909,0
660704.9464,0
660783.0988,0
660950.0271,0
660971.0722,0
661260.5035,0
661371.2362,0
661418.1755,0
661576.8795,0
661815.6529,0
662220.9487,0
662318.0325,0
662411.2477,0
662591.18498,0
663115.6574,0
663282.5342,0
663293.0782,0
663307.9592,0
663367.319,0
663379.6161,0
663454.4839,0
663548.3194666667,0
663561.772,0
663685.6402,0
663708.8649,0
663766.4384,0
663833.0487,0
663930.0497,0
663975.4564,0
664020.9426,0
664218.1094,0
664322.2194000001,0
664399.8484,0
664477.1778,0
664645.6152,0
664908.4045,0
664972.777,0
665025.6824,0
665179.7121,0
665291.6299,0
665713.0566,0
665747.6398,0
665844.6609,0
665864.1194,0
665869.1568,0
666084.8929,0
666121.5655,0
666439.0089,0
666616.5195,0
666722.2464,0
666888.3014,0
667000.9045,0
667270.3019666667,0
667319.4085,0
667382.5944000001,0
667474.86854,0
667474.9623,0
667556.381,0
667556.7981,0
667673.0003,0
667881.5917,0
668016.0118,0
668113.0214,0
668311.2505,0
668393.5738,0
668412.6564,0
668834.8835,0
668908.8041,0
669028.0496,0
669046.2393,0
669096.3354,0
669154.151,0
669165.872,0
669247.2802,0
669291.9113,0
669332.7859,0
669359.8372666667,0
669528.1507,0
669614.4978,0
669661.1788999999,0
669742.5333,0
669760.7649,0
669785.9726,0
669793.0256,0
670069.7316,0
670087.5742,0
670090.2394,0
670158.1436,0
670231.1083,0
670357.5681,0
670360.1868,0
670398.8877,0
670437.453,0
670876.0948,0
671085.3797,0
671119.04,0
671128.4838,0
671229.7631,0
671279.0406,0
671307.6896,0
671421.0308,0
671458.2191,0
671599.506,0
671910.06054,0
672029.2559,0
672277.6966,0
672437.6529,0
672443.0126,0
672590.8354,0
672653.07,0
672683.3981,0
673109.4983,0
673148.4971,0
673164.6845,0
673200.6872,0
673240.8251,0
673556.3573,0
673915.8591,0
674213.5231,0
674249.5513,0
674418.1108,0
674487.0609,0
674964.440675,0
675115.7405,0
675141.8838,0
675149.3678,0
675239.8189,0
675474.4906,0
676298.839,0
676320.0709,0
676574.1853,0
676580.7774,0
676708.3089,0
676759.7046,0
677074.2863,0
677125.9844,0
677210.6826,0
677448.3447,0
677463.0216,0
677642.237,0
677793.002,0
678049.3744,0
678057.6451,0
678091.6622,0
678304.5447,0
678428.9319,0
678485.0094,0
678575.8874,0
678581.4478,0
678582.3295,0
678635.1189,0
678777.7393,0
679102.5423,0
679107.0161,0
679402.4279,0
679427.7927,0
679535.5729,0
679680.5616,0
679766.507,0
679882.4974,0
680141.7799,0
680198.1695,0
680482.2623,0
680573.7876,0
680666.5538,0
681424.0717,0
681443.7056,0
681668.3438,0
681744.7588,0
681997.0769,0
682029.675,0
682416.7015,0
682422.1159,0
682448.7027,0
682477.677,0
682611.2248,0
682689.2971,0
682717.3978,0
682799.7673,0
683500.3642,0
683509.0267,0
683515.0279,0
683533.5264,0
683587.3457,0
683720.0489,0
683845.5963,0
683860.4305,0
684006.445,0
684114.2162,0
684280.3833,0
684416.6751,0
684418.0048,0
684619.1812,0
684738.1137,0
684802.1077,0
684848.2447,0
684918.3858,0
684940.929,0
684957.5582,0
685209.5472,0
685404.5224,0
685409.1478,0
685410.589,0
685559.6618,0
685607.0302,0
685615.2539,0
685642.8015000001,0
685728.3969,0
685802.399,0
685854.24195,0
685872.4571,0
686204.2883,0
686380.5184,0
686500.9394,0
686501.8547,0
686657.2587,0
686734.5793999999,0
686829.5406,0
686890.642,0
686911.1102,0
687078.8774,0
687102.4498000001,0
687130.0777,0
687150.3846,0
687183.6642,0
687270.6605,0
687346.9808,0
687642.9894,0
687648.3458,0
687653.0524,0
687683.1301,0
687831.9926,0
688110.0149,0
688185.7053,0
688198.2676,0
688248.1478,0
688291.2595,0
688337.5415,0
688427.4099,0
688776.4714,0
688917.9206,0
689007.0712,0
689190.6721,0
689216.9651,0
689448.982,0
689670.8731,0
689723.4634,0
689758.8236,0
689812.9627,0
689856.1389,0
689870.2663,0
689959.7681,0
690006.5493,0
690221.6712,0
690268.5565,0
690509.7506,0
690594.0217,0
690624.5298,0
690713.8594,0
690762.786,0
690770.6788999999,0
690998.3775,0
691070.6635,0
691104.1794,0
691186.1245,0
691360.8917,0
691375.0737,0
691403.4002,0
691480.0506,0
691578.2338,0
691911.6375,0
692171.4985,0
692248.4854,0
692272.0464,0
692367.457,0
692394.6622,0
692487.158,0
692510.1921,0
692703.7974,0
692847.5561,0
692885.7362,0
692962.795,0
693028.6474,0
693049.5665,0
693158.7026,0
693228.7023,0
693377.9711,0
693422.1852,0
693857.7761,0
693867.4715,0
693968.8119,0
693972.2385,0
694032.2542,0
694034.5323,0
694053.7862,0
694111.4323,0
694210.0363,0
694428.0449,0
694669.2338,0
694697.4129,0
694728.7262,0
694730.2906,0
694735.6311,0
694861.3619,0
694878.159,0
694887.0317,0
694988.2185,0
695092.2869,0
695144.4723,0
695376.36,0
695388.1082,0
695395.0809,0
695468.5138,0
695729.3009,0
695807.3702,0
696027.9972,0
696077.7659333333,0
696101.7161,0
696263.6,0
696297.8367,0
696342.536,0
696343.1242,0
696373.9845,0
696466.8314,0
696508.8109,0
696814.5922,0
697048.1078,0
697259.0179,0
697423.3667,0
697480.1502,0
697564.2953,0
697682.6546,0
697704.1277,0
697719.3413,0
697784.5074,0
697879.4159,0
698001.1327,0
698021.7637,0
698025.4213,0
698086.7963,0
698287.8594,0
698319.3971,0
698351.55626,0
698396.9647666666,0
698585.8365,0
698618.0053,0
698633.9432,0
698721.467,0
698731.1251,0
698732.9992,0
698814.8739,0
698900.5298,0
698926.3771,0
698966.2168,0
699141.2184,0
699203.0272,0
699404.7731,0
699644.054,0
699658.8175,0
699705.9256,0
699724.0601,0
699748.4858,0
699754.1679,0
699771.9916,0
699813.7286,0
700195.4331,0
700250.2239999999,0
700474.1411,0
700529.7165,0
700533.0199,0
700550.0916,0
700803.7034,0
700914.1575,0
701211.8605,0
701230.1728000001,0
701265.7763,0
701350.513,0
701423.0213,0
701500.5775,0
701579.203,0
701591.5831,0
701692.2051,0
701705.5759,0
701859.9873,0
701941.8986,0
701953.9266,0
702112.2608,0
702237.5499,0
702331.5745,0
702352.0145,0
702383.6344,0
702607.8265,0
702640.5857,0
702722.8036,0
702912.2168666667,0
703072.9832,0
703231.3866,0
703510.4665,0
703814.0361,0
703902.1766,0
704046.4082,0
704128.7978000001,0
704316.4943,0
704360.9883,0
704372.3068,0
704587.5265,0
704766.1881,0
704844.4192,0
704853.6688,0
704868.4346,0
704871.9992,0
705036.3361,0
705041.3335,0
705225.5989,0
705258.7845,0
705376.9985,0
705532.4852,0
705552.6357,0
705623.5763,0
705814.1484,0
705827.5225,0
705843.4986,0
705903.7552,0
705905.0016,0
705976.5653,0
706003.6818,0
706236.196,0
706238.5372,0
706286.2721,0
706436.7932,0
706452.012,0
706493.3833,0
706876.596,0
706906.2660000001,0
707021.4284,0
707132.8343,0
707163.101,0
707168.9450000001,0
707221.5828,0
707248.8923,0
707282.8298,0
707386.5267,0
707399.6971,0
707688.0969,0
707707.7137,0
707977.6688,0
708230.8383,0
708389.0372,0
708516.355,0
708599.6592,0
708760.3409,0
708838.1788,0
709066.4029,0
709078.1978,0
709095.9876999999,0
709184.6757,0
709199.37,0
709243.7306666666,0
709308.4756,0
709308.5056,0
709319.5274,0
709584.8832,0
709608.5311,0
709786.9729,0
709842.8946,0
709935.827,0
709964.385,0
709969.432,0
710022.9548,0
710130.7691,0
710137.4206,0
710164.017,0
710200.1139,0
710235.8419,0
710311.3824,0
710332.2055,0
710432.7444,0
710726.9598,0
710742.4124,0
710837.9484,0
710978.7141,0
711059.0993,0
711235.5452,0
711323.8203,0
711326.5919,0
711350.0501999999,0
711464.9182,0
711577.0921,0
711678.4494,0
711755.8878,0
711825.2608,0
712030.4144,0
712039.8223,0
712194.0660999999,0
712207.7744,0
712229.933,0
712348.9196,0
712635.5134,0
712647.7491,0
712761.5175,0
712800.1904,0
712997.4127,0
713083.7719,0
713255.5412,0
713265.6454,0
713472.4318,0
713506.8783,0
713844.2511,0
713872.4099,0
713889.454,0
714086.08,0
714120.376,0
714204.48,0
714308.1921999999,0
714330.7717,0
714345.4246,0
714501.2861,0
714590.9394,0
714648.3697,0
714789.9142,0
714857.5188,0
714973.8366,0
715189.4401,0
715270.3406,0
715276.0317,0
715786.4553,0
716034.1475,0
716057.6446,0
716171.423,0
716209.7676,0
716262.8429,0
716339.8682,0
716404.868775,0
716447.2608,0
716862.3788000001,0
716977.0298,0
717009.6645,0
717073.9503,0
717097.0703,0
717136.4792,0
717164.0155,0
717458.3323,0
717898.7692,0
718119.9835,0
718198.2256,0
718282.2339,0
718318.5959,0
718499.293,0
718530.1476,0
718571.3323,0
718712.049,0
718949.2644,0
719004.2893,0
719047.6955,0
719159.7333,0
719171.449,0
719172.3352,0
719199.6788999999,0
719231.5668,0
719539.1604,0
719583.3844999999,0
719626.5895,0
719637.8846,0
719707.0046,0
719992.712,0
720243.689,0
720311.6871,0
720489.49,0
720501.3852,0
720642.6107,0
720650.6371,0
720739.3532,0
720749.4955,0
720860.8275,0
720879.7123,0
720905.9447,0
720953.9913,0
721027.1414,0
721098.3485,0
721174.0281,0
721326.8079,0
721335.1828,0
721356.3644,0
721377.7991,0
721516.7575,0
721756.6761,0
721806.9987,0
722046.7755,0
722120.1326,0
722175.2408,0
722395.8981,0
722517.4508,0
722637.423,0
722645.1771666667,0
722681.4304,0
722816.9974,0
722930.4413,0
722981.4702,0
723011.0327,0
723134.4627,0
723207.3388,0
723447.4513,0
723509.0235,0
724216.5663,0
724325.2723,0
724621.7456,0
724917.8519,0
725060.5346,0
725084.9518,0
725145.2963,0
725439.5385,0
725444.9101,0
725468.8097,0
725527.8681166667,0
725764.47842,0
725798.4361,0
725831.8419,0
726046.5932,0
726245.203,0
726339.9544,0
726640.7537,0
726749.6341,0
726862.0941,0
727001.7429,0
727150.8953,0
727192.7876,0
727273.2927999999,0
727375.9967,0
727524.1996,0
727741.2844,0
727749.2609999999,0
727780.0752,0
727937.5301,0
728119.7897,0
728147.2087,0
728313.3319999999,0
728325.0158,0
728484.5427999999,0
728650.3509,0
728665.7713,0
728801.4659,0
728881.8227,0
728911.8141,0
728932.3818,0
728954.091,0
729198.7831,0
729228.1471,0
729399.6613,0
729412.539,0
729433.0699,0
729497.679,0
729530.162,0
729599.7103,0
729604.4388,0
729718.5233,0
729885.2181,0
729937.1714,0
729984.0565,0
730045.9827,0
730314.9598,0
730418.9111,0
730537.8828,0
730802.0245,0
731111.8663999999,0
731343.7153,0
731344.1142,0
731761.877,0
731788.9554,0
731932.8936749999,0
732110.7607,0
732141.2251,0
732316.1344,0
732450.5111,0
732645.8526,0
732664.2416,0
732753.2318,0
732973.5072,0
733188.2972,0
733404.5898,0
733428.4821,0
733480.3831,0
733494.0419,0
733525.1186,0
733665.1548,0
733746.148,0
733772.8773,0
733869.794,0
734039.1997,0
734114.8414,0
734236.105,0
734264.105,0
734297.9198,0
734613.3087,0
734747.8408,0
734861.16,0
734942.8684,0
734947.4297,0
735073.4898999999,0
735112.3884,0
735176.4628,0
735342.0898,0
735369.4505,0
735471.0766,0
735511.3154,0
735580.3406,0
735712.8965,0
735776.6469,0
735867.3022,0
736013.0263,0
736020.8446,0
736135.0399,0
736137.1315,0
736204.3137,0
736233.7220333334,0
736355.1393,0
736536.8208,0
736585.2609999999,0
736763.272,0
736830.9992,0
737162.5611,0
737163.4371,0
737165.2041,0
737209.1725999999,0
737280.8634,0
737634.8988,0
737741.9868,0
738046.6057,0
738063.0115,0
738225.4601,0
738457.8423,0
738526.0384,0
738866.535,0
738896.9569999999,0
738925.3081,0
739030.0713,0
739081.2938,0
739130.7089,0
739228.0527,0
739259.4077,0
739302.995,0
739435.3395,0
739488.0841,0
739509.571,0
739518.8981,0
739827.4085,0
739858.414675,0
740290.0937,0
740393.411,0
740417.2856000001,0
740588.2796,0
740596.4616,0
740603.7064,0
740724.2219,0
740774.4637,0
740881.6404,0
741093.2603,0
741261.0144,0
741396.6196,0
741727.3057,0
741834.3669,0
741984.9381,0
742079.277,0
742239.3049999999,0
742245.5287,0
743205.1703,0
743230.8413,0
743249.8531,0
743251.0595,0
743280.4343,0
743477.2687,0
743627.3432,0
743884.9954,0
743996.4306,0
744068.0791,0
744118.1276,0
744497.1494,0
744661.0566,0
744699.6718,0
744881.3298,0
745000.3673,0
745018.0088,0
745027.2345,0
745151.2973,0
745172.2606,0
745189.918375,0
745264.868,0
745489.7007,0
745515.8378,0
745537.5771999999,0
745567.0694,0
745611.0031,0
746045.017,0
746130.6707,0
746161.635,0
746193.9159,0
746263.6616,0
746473.4813,0
746476.5172,0
746544.2173,0
746601.1028,0
746732.5659,0
747064.7946,0
747097.4545,0
747111.2912,0
747118.6226,0
747194.1496,0
747326.0395,0
747595.6465,0
747871.4887,0
747976.372,0
748124.5639,0
748336.6431333333,0
748515.5331,0
748723.3888,0
748726.5879,0
748943.9709,0
748963.4183,0
748973.8557,0
749118.7471,0
749369.8909,0
749437.2618,0
749484.2032,0
749612.161,0
749614.8624,0
749733.5057,0
749748.5488,0
749842.2231000001,0
749902.6371,0
749964.2217999999,0
749974.2805,0
750356.9776,0
750626.1547,0
750814.8162,0
750850.0214333333,0
750881.5336,0
751109.0316,0
751153.4054,0
751168.2407,0
751231.152,0
751408.7674,0
751457.802,0
751562.84,0
751596.9401,0
751620.9352,0
751817.2792,0
752165.8602,0
752214.438,0
752758.8754,0
753224.5733,0
753467.1828,0
753540.7406,0
753552.4546,0
753594.3921,0
753785.7483,0
753995.1011,0
754076.45466,0
754153.2293,0
754285.9844,0
754400.7973,0
754550.1122,0
754567.7044333334,0
754685.8356,0
754797.6727,0
754804.8214,0
754819.8325,0
755230.2838,0
755399.8478999999,0
755432.316,0
755706.1072,0
755940.9376,0
756008.9704,0
756194.5218,0
756221.0335,0
756482.1239,0
756574.6873,0
756665.0824,0
756696.2804,0
756975.2005,0
757218.5832,0
757321.898,0
757369.2942,0
757391.6181,0
757392.7026,0
757613.3695,0
757646.1653,0
757769.1244,0
757971.4566,0
758102.6977,0
758503.2498,0
758611.4131,0
758724.9464,0
758748.6222,0
758762.6204,0
758874.8452,0
759021.2089,0
759300.5676,0
759363.1023,0
759699.4128,0
759947.8474,0
759969.1909,0
759977.3138,0
760094.3906,0
760203.9864,0
760388.042,0
760622.7347,0
760695.5701,0
760737.8475,0
760758.7289,0
760766.0965,0
760965.9251999999,0
760974.0339,0
761097.9739999999,0
761150.615,0
761252.3377,0
761253.5518,0
761460.0482,0
761593.1722,0
761744.5485,0
761785.7797,0
761949.7287,0
762297.2453,0
762391.2640333333,0
762733.1246,0
763008.3448,0
763008.7029,0
763250.2672,0
763289.1138,0
763529.8449,0
763536.0299,0
763585.0412,0
763601.5294,0
763913.6794,0
763978.1772,0
764223.524,0
764295.5379,0
764487.75,0
764569.1408,0
764617.7662,0
764672.9326,0
764734.75168,0
764753.2678,0
765525.5056,0
765673.0983,0
765874.3672,0
766038.7691,0
766155.7309,0
766266.3327,0
766300.0662,0
766415.9491,0
766477.8043,0
766505.5421,0
766641.3486,0
766660.5045,0
766797.7246,0
766927.5265,0
766948.0319000001,0
767033.7228,0
767187.4314,0
767237.6189,0
767297.8982,0
767326.4091,0
767391.7387,0
767574.9789,0
767590.5112,0
767709.717,0
767745.1743,0
767849.5265,0
767979.4491,0
767980.7992,0
768051.5923,0
768097.8175,0
768136.9402,0
768180.5989,0
768342.0207,0
768342.8544,0
768750.1365,0
768951.0653,0
768965.3914,0
769058.2766,0
769161.8471,0
769165.7006999999,0
769284.8132,0
769457.3178666667,0
769492.172,0
769634.3503,0
769677.5328,0
769971.1281,0
769980.7044,0
770006.9452,0
770132.4213,0
770153.0038,0
770399.8683,0
770677.9646,0
770845.2245,0
771071.6799,0
771101.796,0
771239.1498,0
771357.0793,0
771421.5019,0
771450.447,0
771464.6117,0
771860.2572,0
771926.3005,0
772019.2009,0
772021.5648,0
772245.0556,0
772262.9049,0
772385.797,0
772568.6996,0
772593.6337,0
772812.9214333333,0
772860.7166,0
772895.5056,0
772916.3882,0
773013.6877,0
773018.9545,0
773388.0517,0
773421.1698,0
773772.6025,0
773871.6068,0
773983.8065,0
774139.5608,0
774215.8144,0
774419.5643,0
774432.8128,0
774466.504,0
774474.1286,0
774632.975,0
774689.8467,0
774722.1096,0
774726.7108,0
774894.3365,0
774966.9868,0
775004.1316,0
775241.1795,0
775299.7999,0
775303.8203,0
775389.4,0
775522.9799,0
775595.6967,0
775598.6545,0
775711.6278,0
775934.2393,0
775949.9632,0
775986.8597,0
776113.7278,0
776154.9495,0
776317.4579,0
776321.519,0
776522.769,0
776757.6041,0
776806.1522,0
776956.0527,0
777224.4362,0
777380.3204,0
777477.0086000001,0
777576.7702,0
-----Simulation END-----
