-----Simulation 0-----
172944.2703,0
173138.16718,0
173147.5946,0
173151.1982,0
173513.7765,0
173716.0087,0
173724.4603,0
173769.0405,0
173879.8502,0
173966.9155,0
173980.2169,0
173983.0592,0
174053.8086,0
174706.0926,0
174757.5951,0
175041.6687,0
175100.8871,0
175161.288,0
175517.2167,0
175582.6977,0
175640.833025,0
175658.2671,0
176015.1055,0
176067.8425,0
176083.6943,0
176125.9328,0
176599.6693,0
176626.6774,0
176824.7379,0
176929.9203,0
176955.3686,0
177106.4114,0
177372.712,0
177660.22950000002,0
177661.7511,0
177704.7463,0
177935.8421,0
178077.813,0
178139.82809999998,0
178194.8922,0
178524.6484,0
178710.45990000002,0
178742.2709,0
178800.9132,0
179128.5244,0
179158.01884,0
179330.095,0
179580.0708,0
179622.3279,0
179887.9487,0
179963.192,0
180026.7372,0
180403.0501,0
180531.7646,0
180928.2868,0
180989.3423,0
181074.9643,0
181137.11430000002,0
181269.8695,0
181394.4519,0
181443.6233,0
181481.1169,0
181520.7551,0
181525.971,0
181766.3058,0
181883.6015,0
181947.7608,0
182111.7488,0
182186.6527,0
182272.9512,0
182734.4424,0
182763.5727,0
183031.8172,0
183125.7044,0
183184.2975,0
183287.46169999999,0
183310.6513,0
183403.1085,0
183426.0436,0
183682.4272,0
183880.0091,0
183918.273,0
183990.44150000002,0
184259.9955,0
184411.4304,0
184620.9826,0
184926.3797,0
184951.543,0
184952.7494,0
184994.7125,0
185302.7981,0
185364.6366,0
185406.5571,0
185583.1003,0
185789.9418,0
185851.8136,0
185873.71899999998,0
186029.4738,0
186105.4623,0
186297.31900000002,0
186392.0576,0
186445.2922,0
186455.0355,0
186578.1559,0
186608.1248,0
186696.6382,0
186842.8503,0
186909.6686,0
186986.3127,0
187482.3644,0
187492.1427,0
187647.1309,0
187909.5115,0
188211.73024,0
188295.5593,0
188334.2942,0
188339.8082,0
188622.1152,0
188902.0923,0
188958.4325,0
189071.09925,0
189166.3039,0
189282.7173,0
189328.7241,0
189440.0481,0
189503.0381,0
189656.4146,0
189748.5183,0
189983.8996,0
190059.26380000002,0
190319.4586,0
190586.66710000002,0
190708.96600000001,0
191015.34399999998,0
191070.0453,0
191288.9953,0
191650.4131,0
191656.5083,0
191696.3646,0
191888.5847,0
192025.1796,0
192065.973,0
192123.731,0
192151.187125,0
192161.9596,0
192279.96289999998,0
192309.1533,0
192407.67440000002,0
192460.3824,0
192497.169,0
192735.24310000002,0
192808.3916,0
192810.1142,0
192893.7547,0
193041.2526,0
193160.3353,0
193167.8121,0
193279.202,0
193306.6879,0
193429.2789,0
193446.8473,0
193495.99602,0
193676.8329,0
193702.0857,0
193912.3813,0
193926.6604,0
194146.01059999998,0
194482.9426,0
194857.16460000002,0
194877.2082,0
195027.9424,0
195255.6336,0
195523.9852,0
195557.7317,0
195861.1423,0
195875.2254,0
196316.3718,0
196328.674,0
196344.4144,0
196350.5103,0
196354.95299999998,0
196554.2975,0
196646.16090000002,0
196766.9541,0
196794.8374,0
196821.16629999998,0
196828.4324,0
197076.1331,0
197545.4226,0
197608.69640000002,0
197855.1635,0
197898.3616,0
197971.8865,0
198001.6068,0
198579.7961,0
198771.74790000002,0
198850.7291,0
198904.878,0
199056.2684,0
199077.0387,0
199093.977,0
199386.31900000002,0
199497.4931,0
199501.1141,0
199632.4683,0
199707.5393,0
199760.4507,0
199837.3373,0
199933.2553,0
199936.6515,0
199989.4934,0
200125.1299,0
200133.5517,0
200343.3354,0
200415.4241,0
200528.5882,0
200584.633,0
200732.0981,0
200818.6471,0
200839.423,0
200918.90730000002,0
200926.84590000001,0
200943.9099,0
200956.2919,0
201071.9655,0
201371.0387,0
201459.3781,0
201557.3821,0
201584.8724,0
201728.4503,0
201740.1197,0
201794.6662,0
201844.4642,0
201845.48810000002,0
201986.2632,0
202166.4842,0
202354.3965,0
202626.7378,0
202819.6599,0
202922.9007,0
203091.7927,0
203146.6736,0
203585.0354,0
203731.23940000002,0
203858.4527,0
203947.1766,0
204029.745,0
204156.39169999998,0
204388.4474,0
204446.75160000002,0
204522.6993,0
204558.8022,0
204610.6156,0
204727.0318,0
204872.6552,0
205054.8716,0
205118.7511,0
205273.66330000001,0
205327.8443,0
205346.12660000002,0
205485.73393333334,0
205611.3794,0
205642.1046,0
205890.0526,0
205936.7645,0
206006.1353,0
206137.6509,0
206138.8411,0
206161.1629,0
206175.481,0
206375.7066,0
206458.568,0
206506.2784,0
206609.78029999998,0
206800.3466,0
206923.9144,0
207062.6836,0
207088.31160000002,0
207255.6411,0
207364.677,0
207430.8635,0
207467.1067,0
207511.5251,0
207582.6626,0
207782.3161,0
208015.1093,0
208849.8581,0
208895.0,0
209011.0956,0
209049.6226,0
209673.4368,0
209930.80920000002,0
210058.1268,0
210070.449,0
210077.7212,0
210482.5679,0
210606.8034,0
210764.7967,0
210954.3707,0
211142.2005,0
211640.68660000002,0
211737.3812,0
211783.0372,0
211810.3905,0
211897.616,0
211972.3583,0
212155.19,0
213068.1129,0
213192.8829,0
213205.0938,0
213667.6219,0
213839.3247,0
214017.5676,0
214039.2844,0
214228.4733,0
214371.7404,0
214546.0648,0
214753.1951,0
214777.7843,0
214880.4777,0
214954.7083,0
215339.05109999998,0
215692.1398,0
216197.7757,0
216544.1202,0
216597.2784,0
216867.6344,0
216887.1224,0
216919.9796,0
216929.9038,0
216973.35259999998,0
217176.4907,0
217531.4048,0
217588.5708,0
217621.3971,0
217643.4766,0
217661.9752,0
217853.9034,0
217888.9725,0
218787.7106,0
219093.7285,0
219304.5252,0
219452.1359,0
219655.7436,0
219940.55719999998,0
220226.2887,0
220299.4092,0
220649.4487,0
220727.34519999998,0
221284.0152,0
221341.0436,0
221452.8005,0
222129.4431,0
222224.1858,0
222288.2005,0
222369.4808,0
222467.51750000002,0
222857.2543,0
223052.9068,0
223320.0645,0
223463.1568,0
223635.0093,0
223679.35940000002,0
224092.01630000002,0
224102.2573,0
224261.9359,0
224630.1023,0
225262.4378,0
225583.7241,0
225596.7555,0
225654.5852,0
225681.40850000002,0
225699.8292,0
225834.0602,0
225985.6563,0
226106.09480000002,0
226539.8846,0
226784.8698,0
226996.3711,0
227230.3724,0
227669.4397,0
227691.4148,0
228075.26919999998,0
228092.80123333333,0
228274.4493,0
228405.5439,0
228446.3396,0
228517.3001,0
228717.7614,0
228778.9444,0
229049.80180000002,0
229243.1567,0
229360.1042,0
229916.5695,0
230476.4986,0
231345.4652,0
231656.5909,0
231719.61026,0
232143.7228,0
232272.96730000002,0
232290.28871666666,0
232536.7732,0
233282.78,0
233469.4755,0
233516.0314,0
233861.0257,0
234516.9272,0
234999.0652,0
235056.4343,0
235297.4132,0
235341.72830000002,0
235439.5882,0
235523.6698,0
236040.7251,0
236305.0944,0
236392.59159999999,0
236611.5036,0
236785.5665,0
236786.0189,0
237125.81459999998,0
237149.9173,0
237188.3347,0
237453.828,0
237608.4083,0
238070.4127,0
238251.8391,0
238344.34100000001,0
238442.2096,0
238513.2884,0
238704.1796,0
238830.7893,0
238850.8336,0
238938.559,0
238973.7513,0
239049.1263,0
239435.2539,0
239637.91356,0
239695.9699,0
239806.214,0
239974.381,0
240171.0208,0
240388.9312,0
240439.58116666667,0
240620.1766,0
240666.43151666666,0
240769.3333,0
240771.5481,0
240813.5054,0
240944.8475,0
241264.579,0
241391.725,0
241428.9891,0
241529.3329,0
241550.9404,0
241580.2681,0
241608.219,0
241837.9755,0
241856.8049,0
242177.8527,0
242183.62459999998,0
242341.885,0
242408.9858,0
242439.3048,0
242764.7701,0
243572.7457,0
243584.579,0
243587.2714,0
243815.1158,0
243944.5605,0
244201.4327,0
244431.9732,0
244511.0468,0
244616.1088,0
245212.6092,0
245614.5527,0
245801.0017,0
246004.2701,0
246056.8967,0
246112.548,0
246262.7405,0
246379.4404,0
246519.2337,0
246531.90159999998,0
246616.1856,0
247668.17930000002,0
247813.4411,0
247927.0246,0
247989.0241,0
248452.7814,0
248545.6163,0
248742.6843,0
249078.8426,0
249285.362,0
249332.593,0
249577.0197,0
249728.6998,0
250029.8068,0
250130.4658,0
250219.1771,0
250237.9252,0
250346.1563,0
250455.508,0
250760.29869999998,0
250864.6215,0
251272.6409,0
251501.6316,0
251836.4523,0
251844.41009999998,0
251931.9362,0
251994.54320000001,0
252652.77240000002,0
253221.5206,0
253237.5521,0
253330.0656,0
253368.1413,0
253537.8154,0
253565.38569999998,0
253701.7309,0
253789.475,0
254039.53783333334,0
254089.6421,0
254199.8235,0
254477.91122,0
254595.4898,0
254717.5173,0
254733.6694,0
254917.0353,0
254959.7658,0
255213.3928,0
255537.0425,0
255592.3597,0
255649.62582,0
255854.7659,0
255913.1869,0
255986.464,0
256053.1611,0
256106.9584,0
256479.2928,0
256583.6922,0
256717.4586,0
257027.2445,0
257110.6489,0
257334.6258,0
257395.5247,0
257515.2807,0
257615.35940000002,0
257622.6848,0
257637.4207,0
257747.4126,0
257760.2037,0
257960.9374,0
258083.9356,0
258219.388,0
258347.32020000002,0
258497.5558,0
258582.5142,0
258779.25673333334,0
258861.3822,0
259044.9962,0
259180.8752,0
259258.8427,0
259265.086,0
259996.5704,0
260046.69520000002,0
260421.6813,0
260447.08586666666,0
260676.4593,0
260680.6655,0
260742.3706,0
260790.3211,0
260887.9098,0
260926.75890000002,0
260991.0753,0
261104.7134,0
261122.97340000002,0
261162.5681,0
261583.5437,0
261654.7342,0
261716.00688333332,0
261736.9856,0
261751.22950000002,0
262135.7505,0
262435.4436,0
262703.1573,0
262776.0916,0
262783.5498,0
262868.3783,0
262879.8288,0
263036.2503,0
263394.78119999997,0
263454.4368,0
263700.1513,0
263712.7544,0
263885.08438333333,0
263925.70160000003,0
264206.2818,0
264269.676,0
264320.31945,0
264353.8482,0
264356.7063,0
264407.7803,0
264509.6653,0
264618.4397,0
264830.6969,0
264834.8908,0
265254.3405,0
265313.0908,0
265429.3761,0
265507.1247,0
265768.0021,0
265820.9939,0
265953.5897,0
266073.0537,0
266132.94909999997,0
266149.7123,0
266206.9293,0
266233.4741,0
266307.7226,0
266421.2452,0
266440.2534,0
266478.4709,0
266769.1942,0
267065.4734,0
267367.8216,0
267440.5559,0
267450.1641,0
267462.9977,0
268066.5329,0
268781.7647,0
269306.6543,0
269579.2403,0
269874.1575,0
270051.1332,0
270156.8727,0
270172.2774,0
270440.1327,0
270644.0012,0
270764.3149,0
271264.4008,0
271297.6902,0
271487.4497,0
271689.6307,0
271725.4622,0
271836.3876,0
271924.0263,0
271949.975,0
272000.9426,0
272107.8539,0
272260.903,0
272291.8858,0
272332.4126,0
272380.7643,0
272606.5193,0
272870.0175,0
272986.7788,0
273028.60360000003,0
273104.7622,0
273123.8737,0
273183.9348,0
273202.8351,0
273329.0331,0
273586.0145,0
273881.974,0
273905.7067,0
273966.0578,0
274169.1592,0
274418.6617,0
274526.7177,0
274797.0035,0
274918.3119,0
275038.5677,0
275058.8595,0
275107.5681,0
275159.344,0
275339.26159999997,0
275351.9006,0
275447.9471,0
275506.32,0
275558.7894,0
275604.54613333335,0
275626.1024,0
275695.0225,0
275712.3404,0
275823.9205,0
275968.4318,0
276041.2916,0
276441.6825,0
276450.8864,0
276601.3126,0
276606.8341,0
276725.51316,0
276780.614,0
276801.5962,0
276957.9341,0
276959.6542,0
277032.6596,0
277084.3251,0
277171.0905,0
277174.7887,0
277415.7705,0
277481.52749999997,0
277496.8015,0
277555.5351,0
277734.0033,0
277750.7916,0
277765.747,0
277837.8796,0
277938.97490000003,0
278091.376,0
278115.1521,0
278184.7824,0
278439.5949,0
278486.8245,0
278525.0262,0
278550.8013,0
278576.5041,0
278647.7925,0
279126.8185,0
279355.401,0
279425.9999,0
279502.3712,0
279503.5186,0
279571.9686,0
279747.01014,0
279957.5955,0
280061.5805,0
280237.10730000003,0
280329.349,0
280394.1425,0
280416.6997,0
280792.70519999997,0
280805.9102,0
281020.9229,0
281074.8885,0
281253.2612,0
281535.0388,0
281606.175,0
281996.0989,0
282366.6106,0
282378.8157,0
282504.7004,0
282630.0613,0
282875.6236,0
282957.273,0
283029.6221,0
283115.5294,0
283132.6102,0
283165.835,0
283173.1008,0
283250.8462,0
283317.9871,0
283527.2928,0
283593.4023,0
283758.17095,0
283788.23829999997,0
283877.27890000003,0
284017.7593,0
284068.8425,0
284161.4299,0
284206.7109,0
284351.2662,0
284379.4928,0
284453.0604,0
284458.8576,0
284460.1452,0
284537.7634,0
284633.6343,0
284635.4337,0
284732.8948,0
284780.9907,0
285010.4768,0
285503.6505,0
285509.9214,0
285594.8735,0
285707.6404,0
285798.1272,0
285950.11699999997,0
285959.2692,0
286182.2104,0
286355.2295,0
286462.1583,0
286498.4852,0
286515.2267,0
286857.9378,0
286915.4914,0
287064.4199,0
287073.4299,0
287336.2011,0
288012.05429999996,0
288114.3862,0
288301.6107,0
288501.5715,0
288539.7379,0
288814.58999999997,0
289008.5187,0
289110.101,0
289210.67579999997,0
289320.629,0
289340.8847,0
289454.9866,0
289618.4976,0
289989.2057,0
290205.0825,0
290296.8431,0
290334.5717,0
290464.8594,0
290676.4447,0
290756.2977,0
290810.145,0
290916.03130000003,0
291242.966,0
291519.2247,0
291551.1852,0
291632.75560000003,0
291946.9348,0
291960.1396,0
292051.1277,0
292222.8149,0
292250.6312,0
292365.0733,0
292531.803,0
292599.4802,0
292658.8679,0
292805.7203,0
292919.0323,0
293223.1892,0
293549.92590000003,0
293549.9825,0
293752.701,0
293881.8483,0
293903.3108,0
294113.9714,0
294175.7343,0
294321.3224,0
294679.1851,0
294848.8868,0
295039.5549,0
295088.0028,0
295319.8925,0
295367.5674,0
295449.6185,0
295623.8588,0
295642.1575,0
296164.8206,0
296849.5561,0
296950.1569,0
296959.82409999997,0
296977.96900000004,0
297004.0354,0
297259.0619,0
297548.0638,0
297677.6812,0
297730.0977,0
298087.8791,0
298166.6168,0
298219.8112,0
298615.2203,0
298618.1914,0
298957.0068,0
299791.7012,0
300352.7666,0
300672.994,0
300691.3216,0
300771.452,0
301154.2665,0
301272.3689,0
301460.9141,0
301562.5519,0
301692.5694,0
301866.1331,0
302076.5665,0
302142.8905,0
302289.6053,0
302347.1645,0
302947.5812,0
303142.7532,0
303145.3608,0
303201.0634,0
303669.0669,0
303677.2179,0
303787.2343,0
304277.5417,0
304671.0108,0
304734.2669,0
304800.1264,0
304928.2178,0
305085.0319,0
305249.32790000003,0
305498.4203,0
305563.8776,0
305602.9302,0
305629.356975,0
305835.59010000003,0
306004.62,0
306047.99789999996,0
306214.1935,0
306680.31440000003,0
306912.4991,0
307226.3453,0
307231.1738,0
307307.178,0
307490.878,0
307595.8272,0
307616.6878,0
307911.1454,0
307993.8253,0
308306.6051,0
308364.8565,0
308759.9736,0
309169.3265,0
309659.6006,0
309731.2388,0
309819.3868,0
309854.75945,0
310049.8626,0
310536.76399999997,0
310604.2341,0
310687.1654,0
310726.6357,0
310831.2511,0
311121.8725,0
311169.2893,0
311247.50789999997,0
311880.1314,0
311896.3459,0
311941.7007,0
312244.89890000003,0
312546.3519,0
312911.8835,0
312934.5784,0
313251.4118,0
313566.9892,0
313886.9404,0
314661.1451,0
314690.4713,0
314710.1562,0
314843.948,0
314988.0655,0
315391.2738,0
315802.9889,0
316505.3039,0
316638.5132,0
316707.9657,0
316840.65489999996,0
316920.5042,0
317613.7553,0
318052.5638,0
318189.49549999996,0
319246.1596,0
319250.2433,0
319667.908,0
319757.7318,0
319779.5699,0
319927.3265,0
320022.7402,0
320512.2189,0
320531.6343,0
320746.3329,0
320990.674,0
321082.5717,0
321528.9487,0
321750.2123,0
322121.0104,0
322435.85219999996,0
322694.9017,0
323150.8478,0
323458.5331,0
323499.9495,0
323590.9475,0
323753.9228,0
323777.8699,0
324187.7111,0
324498.9463,0
324547.8765,0
324732.2419,0
324777.0268,0
325014.0476,0
325070.13955,0
325135.1315,0
325284.5167,0
325355.5767,0
325716.7419,0
325774.457,0
325921.7254,0
326072.6478,0
326087.9753,0
326314.9158,0
326477.92405,0
326586.6756,0
326812.2562,0
326865.2171,0
327182.592025,0
327302.8667,0
327361.2398,0
327394.2154,0
327402.7852,0
327584.285,0
327628.296,0
327798.9243,0
327840.5161,0
327923.8026,0
328194.4585,0
328713.6121,0
328962.7334,0
329148.3442,0
329280.3379666667,0
329300.5147,0
329359.0734,0
329537.2996,0
329627.1987,0
329749.6519,0
329810.86,0
329956.5281,0
330115.9095,0
330117.969,0
330282.6404,0
330590.9318,0
330680.9262,0
330781.6234,0
330908.254,0
331211.3688,0
331314.7361,0
331360.199,0
331426.9055,0
331662.143,0
331949.1649,0
332355.4385,0
332604.56471666665,0
332846.152475,0
332866.1942,0
333616.0886,0
333678.1729,0
333794.1892,0
333868.8195,0
333927.0227,0
333978.9755,0
334317.5714,0
334424.6867,0
334754.4676,0
334835.3411,0
335247.4804,0
335250.7628,0
335284.6281,0
335403.0795,0
335420.9493,0
335608.5919,0
335632.0848,0
335698.05700000003,0
335770.3736,0
335976.419,0
335994.3778,0
336321.5913,0
336502.6394,0
336514.4903,0
336790.1663,0
336992.7599,0
337036.9731,0
337083.868,0
337458.1163,0
337481.2737,0
337550.3373,0
338130.0031,0
338133.2161,0
338157.6267,0
338222.5193,0
338537.7275,0
338635.2638,0
338675.4862,0
338895.3347,0
338994.3484,0
338999.1292,0
339124.4593,0
339190.4904,0
339458.768,0
339537.84369999997,0
339547.518,0
339637.5054,0
340009.4462,0
340077.6163,0
340262.5832,0
340450.9695,0
341142.3399,0
341421.51780000003,0
341746.1378,0
342192.1724,0
342336.6987,0
342340.7027,0
342416.2051,0
342517.9735,0
342593.0614,0
342674.2408,0
343049.88049999997,0
343188.80090000003,0
343490.1216,0
343492.8852,0
343628.0149,0
343685.1688,0
343739.7973,0
343880.6265,0
343905.5084,0
343952.4538,0
344496.46510000003,0
344710.9155,0
344835.2153,0
345041.9376,0
345050.8714,0
345099.7925,0
345167.89029999997,0
345484.782,0
345584.0188,0
345625.3024,0
345702.3895,0
345870.1539,0
345974.4267,0
346049.3759,0
346139.6872,0
346325.9205,0
346373.7857,0
346428.3809,0
346464.6199,0
346484.00430000003,0
347263.6023,0
347309.993,0
347350.746,0
347488.03969999996,0
347601.5263,0
347786.7321,0
348013.3737,0
348573.3066,0
348947.8493,0
349211.7495,0
349265.2933,0
349278.8388,0
349311.8969,0
349393.7997,0
349441.6922,0
349635.4409,0
349719.2699,0
349856.1547,0
349902.2942,0
349908.9132,0
350069.0866,0
350152.041,0
350226.532,0
350366.3744,0
350745.5879,0
351054.4233,0
351163.135825,0
351317.1034,0
351565.7881,0
351569.6429,0
351640.6291,0
351719.0396,0
351754.6958,0
352015.4212,0
352371.9832,0
352414.6548,0
352768.7149,0
352860.2959,0
352869.36950000003,0
352952.6331,0
353166.07050000003,0
353406.2809,0
353489.1156,0
353591.3836,0
354258.271,0
354380.2597,0
354505.7382,0
354515.6563,0
354561.5179,0
354688.0677,0
354911.0367,0
354944.04,0
354979.4868,0
355093.53359999997,0
355165.57779999997,0
355359.0585,0
355473.7454,0
355499.1099,0
355553.0063,0
355658.6143,0
355855.2647,0
356083.6047,0
356379.8786,0
356413.7167,0
356424.6122,0
356472.7115,0
356528.9743,0
356892.2536,0
356935.0081,0
357502.3877,0
357519.2406,0
357562.7073,0
357644.1671,0
357655.9423,0
357725.86089999997,0
357748.9839,0
357756.5344666667,0
358233.0944,0
358524.6488,0
358599.8812,0
358867.8882,0
359160.0362,0
359587.2184,0
359670.2623,0
359672.699,0
359955.1102,0
359975.4781,0
360146.2724,0
360153.5641,0
360279.5649,0
360335.146,0
360387.3428,0
360401.7411,0
360721.7546,0
360956.1027,0
361246.7573,0
361287.6735,0
361291.1279,0
361296.6904,0
361370.7859,0
361723.2017,0
361755.6178,0
361755.8145,0
361769.3898,0
361796.8666,0
361802.0436,0
362007.2857,0
362115.8221,0
362238.542,0
362341.7705,0
362588.7004,0
362643.7088,0
362700.2223,0
362792.3006,0
362932.795,0
363068.5913,0
363157.1103,0
363281.0022,0
363468.6031,0
363733.8608,0
363740.0232,0
364059.2142,0
364059.844,0
364236.4852,0
364372.4195,0
364429.7976,0
364737.58030000003,0
365052.7001,0
365501.0125,0
365517.3257,0
365632.8791,0
365806.1822,0
365872.5634,0
365882.9592,0
365892.6414,0
366203.6894,0
366237.7511,0
366427.5661,0
366616.9977,0
366628.4726,0
366644.3581,0
366753.9304,0
367137.5841,0
367340.4573,0
367464.18200000003,0
367568.3869,0
367611.5147,0
367616.0213,0
367635.8115,0
367740.6321666667,0
367748.2506,0
367774.2489,0
367927.6834,0
367972.3259,0
367975.2774,0
368007.0347,0
368283.4899,0
368285.5359,0
368483.9676,0
368499.9372,0
368626.4729,0
369090.0191,0
369104.6339,0
369381.4913,0
369437.5167,0
369454.9215,0
369483.2604,0
369628.4535,0
369762.5775,0
369784.4518,0
369835.3078,0
369840.0918,0
369995.0712,0
370109.5407,0
370149.6081,0
370319.8627,0
370700.0464,0
370814.9033,0
370823.9824,0
370967.3776,0
371062.0045,0
371072.7505,0
371193.4733,0
371255.6966,0
371262.4115,0
371337.1392,0
371430.3843,0
371525.5736,0
371582.0287,0
371956.9783,0
371982.10109999997,0
372170.4616,0
372190.3071,0
372211.3263,0
372271.2524,0
372462.103,0
372981.8675,0
373035.8128,0
373057.7203,0
373233.1586,0
373289.9052,0
373326.7945,0
373396.9389,0
373461.6018,0
373472.243,0
373543.0361,0
373721.6995,0
373987.5714,0
374298.787,0
374321.2297,0
374388.48470000003,0
374696.5764,0
374854.3689,0
374968.8803,0
374985.4791,0
375745.0552,0
376075.2442,0
376093.3733,0
376262.6656,0
376325.8525,0
376496.4223,0
376551.1327,0
376724.4179,0
376880.0968,0
376937.1582,0
377000.6094,0
377100.5284,0
377441.5752,0
377528.13289999997,0
377548.4691,0
377672.66240000003,0
377697.8164,0
377699.5469,0
377961.6957,0
378015.9077,0
378022.4323,0
378124.6437,0
378554.9995,0
378680.4678,0
378793.8877,0
379105.3808,0
379270.16339999996,0
379340.3825,0
379343.4381,0
379466.4279,0
379468.6766,0
379623.3715,0
379956.6887,0
380714.37320000003,0
380894.4354,0
380932.9494,0
381226.8534,0
382015.9795,0
382148.22,0
382289.0748,0
382307.2964,0
382418.2798,0
382458.3386,0
382858.6728,0
383229.9457,0
383364.3026,0
383663.3752,0
383899.5207,0
384030.9978,0
384247.6116,0
384347.5527,0
384455.1757,0
384623.2537,0
384819.7504,0
385190.1625,0
385520.054,0
385527.4976,0
385576.4769,0
385809.5377,0
385826.83030000003,0
385868.0402,0
385925.6219,0
386012.2101,0
386047.73470000003,0
386058.1337,0
386840.9395,0
386893.5814,0
386945.7313,0
387146.8034,0
387312.7966,0
387419.4963,0
387433.4114,0
387582.6988,0
387608.79850000003,0
387807.7163,0
388857.5081,0
388883.9391,0
389135.5627,0
389164.0406,0
389368.0031,0
389521.642,0
389614.4798,0
389614.92590000003,0
390287.8372,0
390580.8016,0
390824.8055,0
391290.4555,0
392052.6624,0
392349.8392,0
393075.968,0
393469.6098,0
393489.5942,0
393513.7334,0
393649.3601,0
393656.5925,0
393725.5921,0
393730.7177,0
394025.0808,0
394042.6733,0
394519.4486,0
394575.98600000003,0
394782.54839999997,0
394801.0714,0
395039.0401,0
395167.96132,0
395560.6949,0
395568.9137,0
396098.5872,0
396110.5814,0
396343.9659,0
396544.106,0
396688.0255,0
396777.6065,0
397037.8392,0
397068.5078,0
397224.6766,0
397366.517,0
397746.31460000004,0
398450.0735,0
398602.7174,0
398805.2131,0
399363.0594,0
399422.7645,0
399461.80316,0
399643.4617,0
399687.2575,0
399782.1984333333,0
400029.80854,0
400685.7937,0
400699.1872,0
400764.6802,0
401555.77520000003,0
401757.09990000003,0
401928.3703,0
401975.4474,0
402233.0174,0
402362.0407,0
402469.0311,0
402494.16718,0
402585.7009,0
402675.2285,0
403346.5067,0
403416.9007,0
403445.619,0
403463.2808,0
403769.7725,0
404258.1723,0
404463.5765,0
404506.9196,0
405043.489,0
405433.1155,0
405507.6623,0
405624.5912,0
405798.123,0
405840.6627,0
405887.4169,0
406039.3901,0
406217.5466,0
406424.9576,0
406959.993,0
407285.3685,0
407706.9538166667,0
407746.1135,0
408080.6572,0
408154.9586,0
408239.6909,0
408553.66229999997,0
408739.955225,0
408803.81608333334,0
408914.6805,0
409173.9943,0
409260.80590000004,0
409406.2146,0
409497.6945,0
409516.9311,0
409686.2288,0
410061.2795,0
410446.3761,0
410511.67522,0
410577.4732,0
410636.5423,0
410692.8383,0
410717.2371,0
410726.2106,0
410956.6844,0
411263.0868,0
411350.3135,0
411461.4621,0
411658.5267,0
411750.0454,0
411909.5893,0
411925.2156,0
411998.89,0
412319.12864999997,0
412409.673,0
412420.9488,0
412424.8404,0
413115.0519,0
413359.4623,0
413360.8918,0
413461.44266666664,0
414043.7189,0
414530.1093,0
414965.6345,0
415038.65020000003,0
415048.4081,0
415123.3402,0
415288.52150000003,0
415455.7786,0
415526.414,0
415834.1434,0
415981.1155,0
416066.6786,0
416137.51639999996,0
416523.9565,0
416872.0236,0
416886.045,0
416909.516,0
416969.9501,0
417211.2199,0
417348.715,0
417643.2737,0
417873.1583,0
418573.8845,0
418981.5301,0
419014.0747,0
419198.0533,0
419343.4473,0
419544.6143,0
419750.46140000003,0
419774.6749,0
419965.2736,0
420074.02280000004,0
420239.0124,0
420295.2635,0
420619.8054,0
420622.2716,0
421087.0349,0
421120.4129,0
421629.9037,0
421970.4798,0
422333.7941,0
422416.939425,0
422552.7039,0
422577.5391,0
422760.0159,0
422787.549,0
422862.0892,0
423102.1649,0
423219.6682,0
423321.871,0
423336.4436,0
423375.0958,0
423578.5717,0
423619.0303,0
423832.4274,0
424079.6715,0
424105.0218,0
424368.9031,0
424584.7768,0
424751.9524,0
424781.4318,0
424958.9146,0
425077.3862,0
425250.4193,0
425318.7775,0
425382.5754,0
425423.0934,0
425457.5499,0
425783.2905,0
425959.4547,0
425991.0932,0
426131.24199999997,0
426225.676,0
426288.148,0
426760.2142,0
427051.779,0
427102.9909,0
427143.2872,0
427272.9811,0
427823.1983,0
427882.4267,0
427921.0388,0
427960.1846,0
428003.547,0
428041.3821,0
428080.9105,0
428178.955,0
428560.1295,0
428656.2836,0
428688.3742,0
428922.6179,0
429169.8219,0
429671.80456,0
429718.072,0
429991.9961,0
430205.8871,0
430351.6713,0
430436.5558,0
430747.4427,0
430905.7424,0
431012.3745,0
431400.5246,0
431695.1299,0
431778.0965,0
431875.5532,0
431883.3745833333,0
431998.176,0
432093.0233,0
432131.2303,0
432189.3257,0
432623.3063,0
432939.6702,0
433091.2932,0
433132.9587,0
433252.7094,0
433463.4764,0
433504.8906,0
433523.3198,0
433699.8417,0
433717.7329,0
433884.9543,0
433908.7703,0
434015.5726,0
434314.5168,0
434367.2167,0
434559.6915,0
434781.354,0
434874.1757,0
435467.7562,0
435502.7803,0
435808.4056,0
435974.421,0
435997.654,0
436384.0488,0
436581.996,0
436625.1788,0
436657.6685,0
436687.2357,0
436693.2147,0
437338.5217,0
437387.8141,0
437430.3105,0
437509.0452,0
437652.3126,0
437894.228,0
438393.6814,0
438616.7959,0
438673.5228,0
438684.5355,0
438700.7428,0
438738.4917,0
438765.8996,0
438873.98840000003,0
439053.5829,0
439074.1527,0
439203.18559999997,0
439412.6899,0
439575.26159999997,0
439654.6358,0
439672.7828,0
439700.1926,0
439930.65630000003,0
440029.642,0
440079.8506,0
440093.632,0
440162.0752,0
440234.1379,0
440377.1576,0
440666.7568,0
440991.2821,0
441252.7851,0
441259.1003,0
441583.3713,0
441751.5561,0
442021.1333,0
442151.9728,0
442271.4889,0
442403.5037,0
442531.93940000003,0
442609.3386,0
442760.6997,0
442810.8076,0
442915.0095,0
442982.9038,0
443104.5423,0
443187.6952,0
443233.5328,0
443249.6236,0
443270.9403,0
443513.7228,0
443893.2035,0
444102.7274,0
444231.3072,0
444518.4391,0
444536.51529999997,0
444719.92339999997,0
444938.869,0
445070.3193,0
445125.7251,0
445373.4189,0
445439.2532,0
445488.6152,0
445741.12930000003,0
445777.0848,0
445838.1184,0
445959.8359,0
445971.5693833333,0
446041.9928,0
446143.47860000003,0
446234.4603,0
446238.4481,0
446350.4745,0
446507.6634,0
446561.0816,0
446834.4596,0
446918.06680000003,0
447017.5486,0
447439.697,0
447442.98126666667,0
447776.9891,0
447995.9718,0
448044.4431,0
448384.8099,0
448664.2711,0
448808.3477,0
448932.5512,0
449063.4536,0
449119.1099,0
449119.2154,0
449152.62069999997,0
449240.9045,0
449533.4971,0
449547.8064,0
449704.9304,0
449774.4512,0
450337.1557,0
450346.897,0
450376.0211,0
450512.2699,0
450539.0617,0
450749.7591,0
450778.8166,0
451217.95050000004,0
451338.1276,0
451429.6683,0
451537.6497,0
451642.7687,0
451652.2146,0
451760.9362,0
451777.21259999997,0
451799.88670000003,0
451811.3393,0
451836.9302,0
451912.2804,0
452103.069,0
452201.7245,0
452378.2148,0
452505.348,0
452576.19785,0
452733.7561,0
452977.4157,0
453143.956,0
453189.9273,0
453347.6032,0
453641.6448,0
453704.3485,0
453705.6846,0
454168.7983,0
454506.1963,0
454994.9043,0
455131.361575,0
455351.1809,0
455378.9487,0
455497.3409,0
455593.8299,0
455632.9567,0
455664.038,0
455902.351,0
456210.0954,0
456358.8993,0
456747.2065,0
456875.21880000003,0
456946.2405,0
457031.8246,0
457063.2469,0
457232.6455,0
457323.5793,0
457387.8722,0
457428.5829,0
457536.6543,0
457624.4756,0
457764.31429999997,0
457797.5708,0
458017.04,0
458282.7842,0
458453.5941,0
458554.6324,0
458584.5352,0
458723.5556,0
458782.1981,0
458909.3277,0
458910.67960000003,0
458998.4055,0
459354.3749,0
459577.6119,0
459618.0933,0
459731.1201,0
459826.2859,0
459924.33999999997,0
460123.1409,0
460405.7493,0
460593.7965,0
460605.8263,0
460742.2223,0
460769.6074,0
461347.1425,0
461613.21510000003,0
461642.9776,0
461677.9523,0
461776.3807,0
461811.4037,0
461822.9098,0
462120.634,0
462289.4894,0
462344.8727,0
462486.7691,0
462749.80079999997,0
463115.4684,0
463683.5946,0
463953.6936,0
464013.70499999996,0
464034.7731,0
464569.5653,0
464644.1543,0
464747.2586,0
464795.4596,0
464865.549,0
464909.4487,0
464914.7955,0
464946.4851,0
465121.1067,0
465262.8137,0
465432.938,0
465520.119,0
465863.8496,0
465868.2571,0
465959.147,0
466109.0233,0
466348.7509,0
466480.9919,0
466638.3069,0
466735.753,0
467491.2299,0
467724.0896,0
467827.5617,0
468056.5023,0
468242.1383,0
468300.2102,0
468439.1587,0
468642.7538,0
468838.50430000003,0
469140.3822,0
469346.1942,0
469382.1186,0
469506.0627,0
469545.1799,0
469589.5847,0
469669.80536,0
469689.9691,0
469710.8618,0
469833.2135,0
469839.3682,0
470283.9023,0
470296.7338,0
470411.1029,0
470634.5513,0
470747.2393,0
471155.8923,0
471336.1365,0
471497.96,0
471769.9833,0
472429.4278,0
472514.3909,0
472680.0063,0
472729.1443,0
472823.6351,0
473173.8354,0
473309.0004,0
473420.7576,0
473503.75080000004,0
473535.3492,0
473617.3166,0
473700.4005,0
473800.3184,0
473969.6429,0
474197.689,0
474386.7137,0
474687.9569,0
474695.9939,0
474786.3134,0
475323.6773,0
475473.8031,0
475573.896,0
475981.4804,0
476103.4053,0
476107.8282,0
476409.3778,0
476632.9027,0
476656.1914,0
476806.0016,0
476837.931,0
476862.1911,0
476921.3135,0
477016.3574,0
477113.8803,0
477180.71270000003,0
477480.9881,0
477657.5872,0
478096.1462,0
478152.4208,0
478172.6455,0
478231.82790000003,0
478343.498,0
478384.6959,0
478390.4948,0
478550.7088,0
478601.1182,0
478783.8754,0
478785.2411,0
478938.5268,0
479123.8165,0
479154.40260000003,0
479308.376375,0
479354.2724,0
479542.5609,0
479606.3521,0
479612.2318,0
479775.5645,0
479907.2905,0
480124.9363,0
480425.0762,0
480432.919,0
481039.1739,0
481560.2542,0
481860.7118,0
481984.5548,0
482624.0085,0
482867.80048333335,0
483155.1619,0
483273.8137,0
484178.6713,0
484282.7303,0
484303.5719,0
484663.76269999996,0
484749.7706,0
484831.6921,0
484919.3271,0
484937.3307,0
485028.3673,0
485045.4342,0
485320.5782,0
485909.7101,0
486055.9695,0
486063.5274,0
486201.5928,0
486342.5012,0
486375.1665,0
486656.262,0
486948.6981,0
487001.0557,0
488137.559,0
488518.9406,0
489223.1032,0
489406.3226,0
489927.0909,0
490086.66676,0
490469.7267,0
490692.7036,0
490791.1753,0
490914.31680000003,0
491038.3963,0
491305.1657,0
491355.4279,0
491492.2413,0
491514.9205,0
491830.2027,0
492053.6843,0
492057.9326,0
492280.33,0
492501.4375,0
492782.9328,0
493085.0995,0
493187.9027,0
493291.7602,0
493479.918475,0
493550.7356,0
493597.7819,0
493689.2215,0
493764.7085,0
494079.3321,0
494110.1250666667,0
494301.0458,0
494340.87444,0
494635.8356,0
494821.9479,0
494943.60922,0
495304.39890000003,0
495838.1099,0
495853.1714,0
496156.7168,0
496422.333025,0
496931.6377,0
496962.2757,0
497367.6402,0
497378.0861,0
497586.72880000004,0
498027.40113333333,0
498450.2574,274.6455999999889
498460.4021,0
498577.7895,0
498721.664,0
498827.4897,0
498874.4182,0
500237.2166,0
500337.0406,0
500365.9598,0
500513.3968,0
500643.2386,0
500773.69920000003,0
500854.6021,0
500955.5134,0
500972.5946,0
501017.07790000003,0
501706.5145,0
501899.294,0
502103.1645,0
502124.3514,0
502621.4632,0
502642.9594,0
502670.27749999997,0
502753.265,0
502873.3055,0
503327.9914,0
503360.0605,0
503700.0598,0
503939.5072,0
504071.2325,0
504300.0647,0
504470.9083,0
504499.0232,0
504547.8876,0
504610.0182,0
504737.9767,0
504916.62666666665,0
504999.6185,0
505399.9595,0
505767.0325,0
505863.9782,0
506056.2197,0
506144.5501,0
506224.2754,0
506300.1124,0
506352.771,0
506365.71030000004,0
506512.2599,0
506552.8106,0
507002.964,0
507074.3605,0
507662.4677,0
507976.764,0
508065.0587,0
508136.9445,0
508264.6527,0
508310.8548,0
508496.5109,0
508598.0996833333,0
508700.3554,0
509073.0908,0
509162.3072,0
509231.51529999997,0
509495.65260000003,0
509530.1074,0
509688.4229,0
509911.5825,0
509915.54500000004,0
510730.2035,0
510758.8122,0
510820.445,0
511122.8432,0
511374.2215,0
511729.3396,0
511902.4411,0
512200.13670000003,0
512404.8327,0
512524.7577,0
512675.146,0
512709.1772,0
512712.1284,0
512737.188,0
512757.5444,0
513178.883,0
513763.0844,0
513784.53500000003,0
514228.2165,0
514327.356,0
514327.667,0
514458.2394,0
514519.3021,0
514953.9616,0
514977.1741,0
515064.6592,0
515172.4542,0
515439.0715,0
515655.5932,0
515758.6487,0
515822.3459,0
515914.56429999997,0
516117.8974,0
516207.8972,0
516248.999,0
516793.3387,0
516801.9443,0
516834.3203,0
516947.3636,0
517070.5497,0
517238.074,0
517246.4475,0
517256.1672,0
517301.5355,0
517367.961,0
517670.2912,0
517713.9743,0
518080.0454,0
518198.5662,0
518215.8003,0
518241.0813,0
518381.60959999997,0
518442.6572,0
518743.1871,0
518825.6387,0
518946.8021,0
519084.1889,0
519306.4186,0
519455.9861,0
519456.0328,0
519699.8975,0
519711.0734,0
519812.1091,0
519834.2619,0
519916.6298,0
520056.905175,0
520095.5106,0
520209.4277,0
520303.2978,0
520316.9324,0
520461.1055,0
520521.4721,0
520778.402,0
521045.5182,0
521132.588,0
521329.9861,0
521504.1669,0
521526.76159999997,0
521606.5057,0
521710.929575,0
522293.8083,0
522304.6254,0
522561.3064,0
522682.015,0
522840.3175,0
523118.217,0
523158.4306,0
523466.7402,0
523563.7983,0
523593.2443,0
524281.8518,0
524313.9803,0
524421.1575,0
524941.3169,0
524946.8233,0
525461.6013,0
525550.951,0
526443.9841,0
526494.0146999999,0
526605.4804,0
526685.6476,0
527020.4229,0
527024.4606,0
527358.6405,0
527380.7372,0
527473.5773,0
527797.6601,0
527818.0673,0
528058.791,0
528102.9539,0
528141.3935,0
528402.5265,0
528443.6406,0
528455.1857,0
528462.558,0
528569.3793,0
528789.2605,0
529256.0707,0
529268.6685,0
529498.5281,0
529566.209,0
529630.4637,0
529698.6792,0
530097.5309,0
530266.273,0
530368.4549,0
530477.4704,0
530484.8598,0
530548.4312,0
530552.4068,0
530574.6508,0
530673.7664,0
530737.931,0
530869.0737,0
531259.7887,0
531409.9528,0
531444.0962,0
531562.4633,0
531571.1407,0
532087.5809,0
532181.0549,0
532222.8939,0
532381.7031,0
532409.2955,0
532621.7188,0
532687.8274,0
532968.0353,0
533010.284,0
533039.2871,0
533113.912,0
533849.3647,0
533988.7036,0
534241.7632,0
534251.0136,0
534342.5596,0
534375.1925,0
534532.8909,0
534645.5897,0
534945.1967,0
535111.3464,0
535146.3776,0
535186.323,0
535232.7505,0
535268.6081,0
535597.0967999999,0
535607.2217,0
535822.4634,0
535895.4988,0
536008.0621,0
536121.873,0
536512.5729,0
536604.9082,0
536700.2312,0
536989.4166,0
537028.7786,0
537188.1827,0
537530.0423,0
537621.4655,0
537638.0221,0
537750.977,0
537793.7915,0
537881.5456,0
537925.0619,0
537968.6018,0
538108.0305999999,0
538121.1096,0
538410.6293,0
538415.3762,0
538721.7612,0
538773.1799,0
538827.403,0
538888.5638,0
539326.1902000001,0
539426.2183,0
539492.3877,0
539516.5298,0
539567.7466,0
539578.9527,0
539606.0644,0
539613.2663,0
539781.3552999999,0
539782.6319,0
539797.2923,0
539806.478,0
539825.7092,0
539967.5719,0
540014.41,0
540172.3944999999,0
540354.3735,0
540464.7865,0
540538.7323,0
540600.23,0
540901.3241,0
540950.4568,0
541112.5854,0
541240.1971,0
541407.8974,0
541644.6788,0
541676.1413,0
541781.1314,0
542178.2635,0
542262.2175,0
542298.7776,0
542312.1274,0
542357.1594,0
542408.1225,0
542556.2029,0
542662.6318,0
543156.5453,0
543173.0774,0
543354.4926,0
543381.7904,0
543713.3732,0
543798.025,0
544006.9561,0
544230.2335,0
544257.2361,0
544369.5427,0
544421.566,0
544473.4695,0
544685.7281,0
544748.0136,0
544934.8229,0
545075.6699,0
545165.882,0
545239.3242,0
545272.2287,0
546063.0724,0
546489.4015,0
546662.5518,0
546889.7646999999,0
547115.8886,0
547142.9207,0
547168.3463,0
547404.5771,0
547501.7425,0
547690.6788,0
547825.202,0
547901.64,0
547914.6623,0
547970.0676,0
548122.0119,0
548220.4074,0
548295.0966,0
548775.0249,0
548777.4541,0
548888.1454,0
549078.0976,0
549134.0453,0
549159.1534,0
549195.9913,0
549502.0886,0
549940.4717999999,0
549951.3808,0
549973.0409,0
550105.477,0
550196.0617,0
550329.8628,0
550458.3967,0
550920.6763,0
550970.6917,0
551149.3698,0
551542.4574,0
551582.2676,0
551646.0164,0
551745.2142,0
551761.01,0
551828.8205,0
551991.3204,0
552085.1977,0
552128.2727,0
552274.9864,0
552275.93218,0
552382.297,0
552647.3656,0
553038.2363,0
553251.0537,0
553284.081,0
553309.6325,0
553391.945,0
553550.7683,0
553978.0854,0
554220.3189,0
554227.3898,0
554319.9741,0
554704.9124,0
554869.673,0
555015.9495,0
555289.6292,0
555320.4124,0
555439.9778,0
555721.4632,0
555736.3107,0
555799.9346,0
556014.1669000001,0
556147.2097,0
556418.1575,0
557080.3215,0
557088.0141,0
557160.5621,0
557334.5805,0
557525.0535,0
557667.5151,0
557705.6317,0
557739.7051,0
557861.6568,0
558329.034,0
558693.5144,0
558833.6254,0
559231.849,0
559466.1284,0
559510.9202,0
559601.7839,0
559673.3351,0
559761.513,0
559805.4955,0
559806.2756,0
559888.6114,0
560053.0665,0
560164.6024,0
560251.5425,0
560321.0814,0
560328.4791,0
560415.1191,0
560628.262,0
560856.8056,0
560914.5441,0
561036.8163,0
561111.5260000001,0
561114.97,0
561204.723,0
561385.0369,0
561452.0776,0
561505.8317,0
561544.2783,0
561910.1879,0
561928.2641,0
562091.986,0
562213.1924,0
562353.2922,0
562382.0909,0
562936.7825,0
563247.6449,0
563314.3319,0
563396.2376,0
563740.2102,0
564467.8691,0
564487.7314,0
564528.8398,0
564636.6092,0
564689.4657000001,0
564783.9187,0
564855.7046,0
565377.014,0
566100.521,0
566179.1271,0
566224.9707,0
566469.2845,0
566555.2561,0
566642.3196,0
566703.2817,0
566902.9358,0
566913.9234,0
567022.4073,0
567043.4,0
567044.4425,0
567257.807,0
567379.1293,0
567395.0991,0
567694.6382,0
568019.2812,0
568321.5014,0
568475.6873,0
568788.9917,0
569368.3531,0
569526.1218,0
570050.7674,0
570282.6336000001,0
570504.1457,0
570629.3588,0
570708.8941,0
570958.7414666667,0
570969.4772,0
571053.9796,0
571261.5305999999,0
571882.49,0
571990.1827,0
572141.143,0
572499.7854,0
572504.9848,0
572886.9424,0
573163.5144,0
573309.5686,0
573411.7833,0
573586.8582,0
574093.6341,0
574384.4717,0
574385.5204,0
574669.7151,0
574674.5157999999,0
575139.0158,0
575152.1165,0
575241.656,0
575693.7954,0
575795.6535,0
576147.2178,0
576358.8961,0
576420.6015,0
576704.0992,0
576742.9998,0
576743.2245,0
576966.5355,0
577059.6853,0
577432.7242,0
577684.6085,0
577759.1649,0
577893.4761,0
577898.4909,0
578272.7764,0
578408.1211,0
578464.1381,0
578672.9144,0
579172.4213,0
579267.5954,0
579435.72,0
579606.4543,0
579801.674,0
579915.5146999999,0
580145.699275,0
580519.8579166667,0
580853.9919,0
580861.1734,0
581176.0813,0
581355.113,0
581751.5092333333,0
581756.1052666666,0
581932.3166,0
582147.7149,0
582282.5116,0
582510.3306,0
582672.4215,0
582673.4223,0
582788.3293,0
582797.3661,0
583241.5472,0
583605.7911,0
584026.2592,0
584307.9838,0
585000.6962,0
585310.1315,0
585440.3341,0
585758.9147,0
585794.2482,0
586199.6028,0
586265.8418,0
586373.9015666667,0
586852.4049,0
586876.4389,0
587094.9022,0
587377.7882,0
587482.4072,0
587624.6481,0
588336.8428,0
588454.7989,0
588546.0464999999,0
588614.6054,0
588830.7993,0
589157.569,0
589296.7657,0
589449.5458,0
589803.9635,0
589830.3488,0
589894.3052000001,0
589964.6054,0
590113.689,0
590233.4849,0
590544.6599,0
591017.9153,0
591051.2293333333,0
591242.7852,0
591477.3761,0
591602.7297,0
591765.3351,0
591841.008,0
591917.3761,0
592089.4672,0
592094.4106,0
592281.9586,0
592392.8351,0
592453.3982,0
592715.9046,0
592891.6257,0
593283.4096,0
593294.8121,0
593312.9536,0
593725.403,0
593807.90544,0
593974.4926,0
594131.2777,0
594142.7284,0
594233.8455,0
594475.98,0
594647.3634,0
594690.9099,0
594744.3479,0
594802.8172,0
594854.3726,0
594871.0691,0
595020.6535,0
595074.9822,0
595190.3759,0
595259.0072999999,0
595433.0373,0
595481.439,0
595716.4727,0
595755.9366,0
595989.2421,0
596146.7601,0
596184.9544,0
596194.0432,0
596298.2498,0
596328.1861,0
596336.1910999999,0
596773.6951,0
596901.9256,0
596916.0314,0
597385.1288,0
597612.941,0
597748.6419,0
598180.8615,0
598204.5755,0
598204.7595,0
598502.7983,0
598551.4217,0
598802.8436,0
598877.0961,0
598949.5691,0
599174.1909,0
599368.6635,0
599391.4949,0
599447.79912,0
599490.9228000001,0
599505.0206,0
599939.293,0
599979.4305,0
600115.0986,0
600134.0358,0
600147.9178,0
600476.7857,0
600725.7099,0
600766.4313,0
600856.5342,0
601183.2408,0
601442.0798,0
601446.145,0
601458.0168,0
601469.8029,0
601505.6381,0
601571.6037,0
601637.2644,0
602239.6579,0
602374.1025,0
602564.2872,0
602578.4611,0
603211.1828,0
603381.7373,0
603460.6346,0
603943.8685,0
604339.2175,0
604508.372,0
604696.4392,0
604733.8742,0
604765.9344,0
604903.8364,0
605431.3657,0
605445.0324,0
605500.175,0
605836.5700000001,0
606102.4314,0
606199.6748,0
606592.2222,0
606680.8438,0
606894.571,0
606927.7768,0
607124.1869,0
607143.6735,0
607224.5396,0
607266.5533,0
607412.0471,0
607476.1837,0
607629.8584,0
607769.099,0
607888.0746,0
607898.2171,0
607944.9705,0
608080.883,0
608440.1442,0
608448.157,0
608473.1778,0
608545.6873,0
608704.3543,0
608767.0256,0
609019.311,0
609042.994,0
609315.0909,0
609406.2646,0
609687.5357,0
609732.234,0
609768.2183,0
609811.9428,0
609951.8914,0
610075.5144,0
610087.7084,0
610153.5177,0
610424.5436,0
610439.1758,0
610503.0756,0
610668.6372333333,0
610748.7907,0
611072.0467000001,0
611158.4713,0
611400.9325,0
611551.2797,0
611703.2638,0
611938.35,0
611995.6937,0
612054.04076,0
612240.9454,0
612253.2212,0
612290.0339,0
612480.4361,0
612810.634,0
612922.802,0
612930.2292,0
612973.541,0
613151.4096,0
613319.0452,0
613430.7741,0
613474.5866,0
613658.6125,0
614051.5376,0
614308.8904,0
614696.2971,0
614796.4989,0
614874.5706,0
615131.9426,0
615164.4395,0
615185.5145,0
615206.5019,0
615433.4335,0
615492.8799,0
615672.8234,0
615973.9047,0
616122.8702,0
616144.6983,0
616336.4374,0
616524.9716,0
616696.0162,0
616951.2075,0
617008.1994,0
617165.0661,0
617213.4212,0
617281.7917,0
617414.7256,0
617424.8674,0
617798.1092,0
617916.9916,0
617957.1388,0
618109.3733,0
618279.6615,0
618798.9369,0
618810.5487,0
619089.6564,0
619152.9901,0
619482.4295,0
619772.7781,0
620255.5901,0
620331.8772,0
620438.782,0
620506.9268,0
620522.2431,0
620536.8947,0
620583.9048,0
620977.9072,0
621146.3053,0
621358.8097,0
621502.0679,0
621561.1797,0
621751.1081,0
621926.7457,0
622012.3489,0
622213.3538,0
622292.3212,0
623034.7141,0
623104.4587,0
623380.5315,0
623441.8679,0
623611.106,0
623689.7486,0
623934.63286,0
624032.0168,0
624082.7141,0
624095.3676,0
624129.7032,0
624207.0505,0
624265.223,0
624278.0635,0
624283.2378,0
624293.4539,0
624337.4518,0
624357.7221,0
624401.181,0
624444.1716,0
624581.8896999999,0
624600.5445,0
624841.1509,0
625065.0055,0
625154.3229,0
625170.1912,0
625171.004,0
625269.6057,0
625514.5859,0
625568.7,0
625814.4674,0
625858.2785,0
625902.6896,0
626309.7143,0
626327.0813,0
626454.7104,0
626699.0284,0
626793.9033,0
626805.0387,0
626819.3188,0
627226.0795,0
627244.6202,0
627422.2434,0
627532.7268,0
627544.7759,0
627717.113,0
627876.5002,0
628161.0709,0
628368.2019,0
628425.5172,0
629194.1968,0
629347.8692,0
629391.9905,0
629544.6162,0
629609.8006,0
629688.9152,0
630070.8643,0
630214.778,0
630253.7393,0
630391.7328,0
630510.743,0
630696.1514,0
630733.6368,0
630795.142,0
630806.1174,0
631083.3385,0
631123.2694,0
631206.916,0
631271.7576,0
631298.1043,0
631480.1826,0
631660.8718,0
631702.5247,0
631867.0988,0
632204.9337,0
632251.6231,0
632269.8266,0
632453.6848,0
632469.5491,0
632515.4134,0
632704.4011,0
632894.1657,0
633023.478,0
633231.6522,0
633344.1182,0
633689.2125,0
634048.7387,0
634314.3663999999,0
634328.4843,0
634335.4162,0
634366.615,0
634562.8196,0
634598.8055,0
634921.9092,0
635163.7919,0
635315.1633,0
635664.9571,0
635683.067,0
635687.2842,0
635754.5462,0
636061.4935,0
636108.3929,0
636235.4921,0
636291.2518,0
636315.4893,0
636371.6046,0
636504.6675,0
636515.218,0
636777.2951,0
636980.9727,0
637113.0568,0
637170.7869,0
637518.2832,0
637524.5875,0
637533.1522,0
637929.1779,0
637957.2046,0
638048.9903,0
638200.1296,0
638368.1389,0
638998.9531,0
639034.3844,0
639082.7365,0
639099.8498,0
639267.0023,0
639270.6243,0
639351.3997,0
639357.6177000001,0
639483.5608,0
639682.5974,0
639690.9593,0
640291.1776,0
640586.7559,0
640632.0095,0
640762.7689,0
640821.2691,0
640963.3543,0
641003.8855,0
641122.151,0
641198.4111,0
641635.6633,0
641688.6306,0
641698.6785,0
641936.9122,0
642018.4999,0
642029.4901,0
642031.8462,0
642351.6015,0
642830.3964,0
642928.1128,0
643130.7205,0
643200.4283,0
643366.8079,0
643422.0925,0
643485.7682,0
643771.378,0
644135.974,0
644177.6427,0
644363.8481000001,0
644410.1434,0
644572.2746,0
644596.7698,0
645115.8734,0
645196.3225,0
645260.8038,0
645382.711,0
645396.8314,0
645597.8887,0
645766.2562,0
646360.4833,0
646461.3523,0
646620.3979,0
646637.663,0
646712.7193,0
646898.9196,0
647007.7734,0
647146.4308,0
647486.6532000001,0
647518.196,0
647665.7716,0
647891.5588,0
647948.773,0
647969.6958,0
648200.44296,0
648281.6934,0
648463.2189,0
648541.1055000001,0
648555.87865,0
648674.0415,0
648829.8368,0
648876.5208,0
649118.8357,0
649171.9668,0
649231.2164,0
649340.8463,0
649510.7548,0
649523.3649,0
649690.9632,0
649915.2241,0
650261.0752,0
650441.2965,0
650492.6778,0
650524.4727,0
650805.6459,0
650853.5832,0
652354.1577,0
652403.9242,0
652638.4148,0
652670.9904,0
653187.0538,0
653338.5259,0
653422.1586,0
653485.5044,0
654164.7975,0
654596.7848,0
654908.4626666667,0
654959.9745,0
656157.7166,0
656395.5863,0
656400.9023,0
656415.341,0
656637.3509,0
657469.4175,0
657891.4012,0
658560.8262,0
658721.7793,0
658820.7693,0
658821.7579,0
658919.2779,0
658969.7737,0
659002.2839,0
659026.7578,0
659086.8454,0
659423.7683,0
659424.2452,0
659473.74,0
659913.7213,0
660266.6046,0
660267.1808,0
660415.0527,0
660574.066,0
660679.7077,0
660686.8488,0
660933.81,0
661117.1183,0
661281.9793,0
661546.1874,0
661594.3994,0
661685.6331,0
662031.163,0
662099.5158,0
662345.6428,0
662450.1356,0
662711.6583,0
663063.5723,0
663309.05365,0
663331.25114,0
663462.0174,0
664118.435,0
664487.5089,0
664616.4481666667,0
664646.0001,0
664996.8642,0
665060.2034,0
665346.7363,0
665512.0004,0
665543.0537,0
665744.89385,0
665874.81662,0
666179.8485,0
666245.3868,0
666686.2866,0
667334.6061,0
667716.9831,0
667831.7226,0
668189.4717,0
668410.0997,0
668468.509,0
668899.5722,0
668953.2935,0
669061.9671,0
669070.4591,0
669209.0351166667,0
669313.9527,0
669372.3052666667,0
669447.402,0
669905.4817,0
669934.5928,0
670201.833,0
670401.1404,0
670473.4844,0
670792.2733,0
670885.2466166667,0
671107.6492,0
671130.1671,0
671152.5781,0
671684.2781,0
671791.8463,0
672028.9958,0
672040.1004,0
672163.9314,0
672187.9092,0
672244.9793,0
672337.8301666667,0
672533.4746,0
673735.5754,0
673820.1071,0
674022.0465,0
674441.4894,0
674511.759,0
674740.312,0
674797.0032,0
675294.0771999999,0
675453.6332,0
675873.8854,0
676552.0501,0
676628.4487,0
676772.0515000001,0
676799.2207,0
677055.7079,0
677239.2589,0
677451.8433,0
677528.9817,0
677784.0154,0
677887.3753,0
678153.6044,0
678470.6878,0
678547.6652,0
678629.0202,0
678647.3586333334,0
678676.6342,0
678688.6268,0
679028.6345,0
679048.49,0
679444.7306,0
679622.6217,0
679879.5572,0
679900.0876,0
680295.6569000001,0
680346.966,0
680426.6721,0
680521.177,0
680670.9887,0
680883.218,0
680912.3674,0
681246.7619,0
681331.1108,0
681340.8767,0
681710.5608,0
681715.2415,0
682137.3938,0
682500.7639,0
682686.3545,0
682851.1858,0
683277.1589,0
683465.751,0
683841.7788,0
683860.6233,0
684015.258,0
684048.183,0
684236.8787,0
684364.6025,0
684474.7853,0
684517.265,0
684686.704,0
684962.6057,0
685515.0164,0
685944.8031,0
686001.3965,0
686180.6429,0
686268.3263,0
686530.1976,0
686842.7535,0
687065.9645,0
687655.395,0
687691.4178,0
687743.6669,0
687760.198725,0
687805.2285,0
687895.2437,0
687919.1317,0
687964.8907,0
687988.8706,0
688018.2329,0
688181.6101,0
688471.5856999999,0
688484.5809,0
688557.8699,0
688955.28,0
688999.9157,0
689067.634,0
689119.5002,0
689165.2627,0
689341.0573,0
689376.5274,0
689437.185,0
689517.7055,0
689532.8596,0
689899.4059,0
689968.3156,0
690249.2751,0
690485.6626,0
690523.4596,0
690712.0463,0
690771.7479,0
690836.6805,0
690940.1617,0
691015.5349,0
691046.06195,0
691143.4468,0
691306.2258,0
691404.3718,0
691528.1643,0
691689.7636,0
691725.7006,0
691779.9139,0
692143.3638,0
692403.2242833333,0
692435.9043,0
692458.8727,0
692655.2454,0
692751.288,0
692880.5088,0
692911.6869,0
693088.7613,0
693090.8461,0
693205.1092,0
693313.0769,0
693358.5513,0
693504.2618,0
693512.9296,0
693695.4691,0
693711.7899,0
693968.4096,0
694053.8058,0
694224.6281,0
694348.3859,0
694651.5892,0
694968.0822,0
694991.9252,0
695014.4845,0
695090.539,0
695168.3619,0
695404.1313,0
695517.0826,0
695610.5972,0
695647.352875,0
695888.6332,0
695935.1472,0
696098.7863,0
696174.2607,0
696456.1844,0
696609.6751999999,0
696917.0317,0
696921.3515999999,0
697052.1712,0
697121.4563,0
697173.8386,0
697205.6291,0
697627.8766,0
697647.5978,0
697855.0222,0
697869.4402,0
698169.8822,0
698249.3151,0
698383.8868,0
698472.9125,0
698678.7711,0
698703.2684,0
698872.7441,0
698883.1409,0
698895.7342,0
698993.3944,0
699188.3024,0
699293.2553,0
699309.9252,0
699382.3836000001,0
699499.2904,0
699952.5945,0
699987.7937,0
700001.0331,0
700354.3145,0
700387.6911,0
700502.2335,0
700802.9508,0
700837.7852,0
700876.3825,0
701049.0382,0
701215.0976,0
701239.2734,0
701412.519,0
701478.3917,0
701478.8035,0
701614.4565,0
701633.2654,0
701641.8482,0
701784.7453,0
701858.7996,0
701869.7076,0
701992.1418,0
702019.0446,0
702238.6964,0
702310.7582,0
702418.5914,0
702786.6991,0
702946.8395,0
702974.9711,0
703011.5671,0
703163.9766,0
703199.9653,0
703268.3346,0
703348.1279,0
703512.3233,0
703604.2463,0
703638.6817,0
704101.2758,0
704428.5293,0
704553.8536,0
704557.8241,0
704773.7277,0
704809.5875,0
704941.3144,0
705082.4248,0
705205.1384,0
705549.4058,0
705621.0017,0
705793.4333,0
705967.1934,0
705974.6861,0
706092.369,0
706217.3763,0
706240.3746,0
706315.2955,0
706341.9105,0
706530.3398,0
706788.9098,0
706889.3314,0
706938.2155,0
706955.9128,0
707191.4418,0
707420.9109,0
707568.1202,0
707715.6901,0
707774.4841,0
708183.7544,0
708399.0464999999,0
708517.545,0
708719.2731,0
708725.7958,0
709600.5909,0
709638.2072,0
709638.6579,0
709983.8551,0
710291.0284,0
710423.4049,0
710552.2404,0
710616.8006,0
710738.1834,0
710803.0429,0
711053.6255,0
711149.893,0
711237.82035,0
711302.7937,0
711780.3281,0
711860.6165,0
711999.2047,0
712297.9096,0
712311.513,0
712418.329,0
712731.9384,0
712879.8859,0
713273.3205,0
713499.6351,0
713531.1609,0
713759.9371,0
714101.5334,0
714448.796,0
714494.6025,0
714508.517,0
714823.7408,0
714978.229,0
715133.7127,0
715150.9985,0
715237.6411,0
715415.6989,0
715611.6696,0
715636.2421,0
715804.2004,0
715947.2538,0
715963.8329,0
715986.0729,0
716082.1716,0
716221.7241,0
716224.0051,0
716358.6062,0
716369.1665,0
716410.5189,0
716829.0351,0
716983.7434,0
717038.4274,0
717207.7308,0
717245.4162,0
717272.6622,0
717575.7878,0
717760.3029,0
717897.6634,0
717927.925,0
717980.0135,0
718344.3839,0
718365.4712,0
718787.0676,0
718993.2309,0
719262.0869,0
719307.0011,0
719581.8754,0
719623.1453,0
719900.1825,0
719937.9193,0
719963.0619,0
720419.0303,0
720513.8456,0
720538.3357,0
720688.565,0
720719.5955,0
720970.4637,0
721034.7637,0
721227.9577,0
721305.1584,0
721845.0025,0
721872.8206,0
722510.9687,0
722522.801,0
722525.8617,0
722652.8430999999,0
722845.9971,0
723001.7238,0
723128.6597,0
723210.762,0
723615.0174,0
723759.7597,0
723906.4616,0
724108.898,0
724284.5182,0
724411.7246,0
724693.656,0
724750.0475,0
725237.323,0
725933.0006,0
726054.4742,0
726193.7108,0
726374.6283,0
726524.3634,0
726572.5176,0
726636.4871,0
727476.7803,0
727540.0160000001,0
727697.694,0
727903.5743,0
727910.2149,0
727937.0614,0
727943.1092,0
728706.0677,0
728746.0356000001,0
729087.5908,0
729125.5235,0
729262.6221,0
729429.6697,0
729604.737,0
729614.8243,0
729789.3443,0
729829.1745,0
730222.4597,0
730414.2071,0
730546.2978000001,0
730629.992,0
730636.3119,0
730774.3374,0
730804.2963,0
731239.9213,0
731316.1972,0
731455.2448,0
731490.7761,0
731754.9404,0
731872.2463,0
731898.1394,0
731934.5948,0
732086.9081,0
732094.407,0
732320.2611,0
732377.4828,0
732542.1267,0
732748.2767,0
732767.8791,0
732929.0949,0
733509.8892,0
733519.3886,0
733650.8485,0
733692.5756999999,0
733972.7805999999,0
734338.6149,0
734362.1204,0
734372.3245,0
734372.44848,0
734413.0675,0
734783.1681,0
734818.0063,0
735550.3007,0
735725.6325000001,0
735816.2593,0
735881.1775,0
736230.4393,0
736634.0399,0
736807.6393,0
736879.8914,0
736961.0883,0
736983.0291,0
737239.2114,0
737313.7973,0
737514.3617,0
737650.8279,0
737706.2663,0
737783.1415666667,0
737784.0949,0
737947.1372,0
737947.3682,0
738061.5157999999,0
738588.5387,0
738642.01,0
738651.3872,0
738789.6382,0
738874.4688,0
739019.9295,0
739159.9807,0
739768.8556,0
739860.777275,0
739881.7858,0
739898.3388,0
740150.7468,0
740155.9166,0
740328.668,0
740335.44945,0
740547.9977,0
740660.7637,0
740854.6505,0
741098.0037,0
741156.3007,0
741545.5061,0
741660.4905,0
741669.3996,0
741904.0191,0
742059.0358,0
742339.3565,0
742375.4155,0
742972.6647,0
743116.6953,0
743222.473,0
743270.705,0
743313.0971,0
744349.088,0
744457.0109999999,0
744495.6021,0
744968.7731,0
745280.4356,0
746240.1725333333,0
746253.2765,0
746308.7073,0
746376.6926,0
746499.3014,0
746604.4504,0
746677.7188,0
746694.1675666666,0
746715.3721,0
746762.6317,0
746795.7014,0
746828.9835,0
746873.9315,0
746954.3771,0
747029.6398,0
747344.9417,0
747544.9585,0
747970.7367,0
748005.7801,0
748325.2774,0
748651.19988,0
748826.1958,0
748840.7364,0
748901.6363,0
748912.7657,0
749144.816,0
749159.608,0
749406.3282,0
750333.1366,0
750457.8141,0
750768.7168,0
750862.2873,0
751039.7166,0
751218.3815,0
751333.3695,0
752098.5697,0
752231.4166,0
752245.6363,0
752505.381,0
752734.7761,0
753038.8991,0
753167.402,0
753628.2965,0
753701.7456,0
753767.9779,0
753778.4746,0
754099.4337,0
754452.4008,0
754495.1651,0
754926.2851333333,0
755232.1526,0
755511.0521,0
755614.7845,0
756600.6958,0
756619.9568,0
757445.1135,0
757464.8994,0
757723.1423,0
757846.0335,0
758402.3023,0
758567.156125,0
758577.6958,0
759214.9596,0
759424.6107,0
759485.2893000001,0
759619.0931,0
759950.7286,0
760360.3362,0
760441.9823,0
760543.8824,0
760645.2517,0
760705.1935,0
760841.0825,0
761105.8893,0
761588.1931,0
761623.6944,0
761889.5209,0
761962.0424,0
762218.2449,0
762219.967,0
762274.4669,0
762486.1483,0
762490.4222,0
762557.6946,0
762686.6816,0
762957.7153,0
763047.4249,0
763104.8428,0
763209.7088,0
764200.1555999999,0
764342.0884,0
764409.0252,0
764520.73055,0
764529.17755,0
764739.0915,0
764770.4125,0
764920.8595,0
765023.5696,0
765026.5157999999,0
765470.6193,0
765527.7394,0
765908.0806,0
766142.9894,0
766208.6635,0
766636.2317,0
766660.7732,0
766774.9835,0
766902.2899,0
766911.0072,0
767009.2021999999,0
767052.3915,0
767058.1932,0
767083.6124,0
767382.589,0
767448.8002,0
767962.6645,0
768059.0728,0
768254.642,0
768291.7767,0
768679.4699666667,0
768783.2924333334,0
768942.2553,0
769156.6675666666,0
769358.0152,0
769623.3165,0
769667.8599,0
769691.5046,0
769704.9918,0
769883.7674,0
770037.737,0
770317.7609,0
770331.9171,0
770356.4876,0
770407.46376,0
770450.3523,0
770687.5338,0
770782.4696,0
770804.8342,0
770977.4172,0
771043.5502,0
771099.2553,0
771167.2869,0
771360.8069,0
771510.3732,0
771536.2468,0
771739.883,0
771837.6038,0
771855.7649,0
772298.3015000001,0
772300.2399,0
772360.99835,0
772536.5811,0
772600.7315,0
772883.0087,0
772990.9848,0
773049.4481,0
773086.8222,0
773266.7074,0
773320.9781,0
774134.4986,0
774248.3774,0
774608.9332,0
774683.8369,0
774919.0927,0
774978.6369,0
774998.7877,0
775017.2449,0
775083.2368,0
775361.5488,0
775506.7437,0
775677.1984,0
775720.391,0
775782.5903,0
775785.3349,0
775807.3675,0
775823.4525,0
775847.113,0
776143.6453,0
776197.2154,0
776224.7192,0
776799.3658,0
776838.0431,0
777045.6853,0
777520.5736,0
-----Simulation END-----
