-----Simulation 0-----
172830.9138,769.8418000000238
172997.139,0
173122.3123,0
173264.7714,0
173283.9218,0
173303.2484,380.8347000000067
173387.8139,969.2608000000182
173415.8551,0
173446.42369999998,0
173745.79869999998,0
173826.527,0
174040.9828,0
174085.817425,0
174336.2725,0
174453.1238,0
174614.2096,1472.4196999999986
174630.9918,1158.7752000000037
174826.5656,800.5242000000144
174997.787,0
175003.2878,0
175003.37709999998,0
175173.5736,0
175302.748,1443.322599999985
175429.8452,0
175525.5923,0
175577.6288,136.4192000000039
175727.8684,0
175822.5696,0
175966.2632,419.14936666665017
175994.6633,1050.6570999999822
176480.3707,1640.7220500000112
176531.9387,0
176714.0582,1010.4619999999995
176837.9999,1533.6920999999857
176921.2355,0
176965.2782,0
177036.5181,1572.5573999999906
177353.3788,0
177389.7366,0
177670.3533,0
177851.7268,1677.1076999999932
178173.726575,0
178295.418,1164.4070000000065
178375.4716,1434.8070999999763
178386.5061,0
178406.9725,0
178625.1964,642.191199999972
178733.6138,0
178753.6137,1296.076000000001
178953.0158,2270.373900000006
179093.0286,2513.7893999999797
179542.062,0
179904.31900000002,0
180323.0004,2472.428799999994
180332.0838,1317.5861999999906
180527.6858,0
180549.2713,0
180604.6286,1492.3269999999902
180608.4691,871.1807999999728
180620.4334,0
180748.3033,862.5541000000085
181065.6768,0
181181.6414,3394.6246999999858
181616.1093,3627.661000000022
181878.4096,2435.0439000000188
182216.8732,3507.6914999999863
182696.4522,2030.351800000004
182748.054,0
182816.8534,2422.3242000000027
182871.4057,3724.6342000000004
183304.0726,0
183413.8977,2568.282899999991
183576.2328,1502.117499999993
184045.1424,2426.0810000000056
184314.3602,3117.3910000000033
184602.8828,3339.3201999999874
184650.202,0
184799.4373,0
185328.6973,3350.0088000000105
185475.9891,3344.330500000011
185605.2975,2377.5299999999697
185746.1062,2162.3092999999935
185792.7608,0
185795.4567,2119.1675000000105
185942.8241,3038.1203999999852
186106.1384,4282.376900000003
186200.255,3894.622700000007
186273.9322,3613.2165000000095
186300.4763,3164.248200000002
186367.0217,3554.71590000001
186448.7102,0
186451.7782,3601.6726999999955
186812.2995,0
187002.9733,4208.036400000012
187186.503,3182.7598
187533.5051,4381.992200000008
187627.6113,3225.3441999999923
187946.7,2521.20140000002
188033.3619,0
188158.4094,3368.9526000000187
188238.105,0
188555.297,3321.2148999999918
188572.9829,0
188618.6531,4278.085099999997
188749.4592,3364.0110000000277
188817.017,4567.311099999992
189025.6634,3726.282899999991
189221.9202,3356.9343999999983
189388.5132,0
189676.7389,3907.724199999997
189685.2269,4962.320300000021
189806.5605,6821.711099999986
190274.9653,0
190323.5024,3381.934500000003
190353.2281,4276.771925000008
190523.1662,5096.172099999996
190610.9345,4172.812999999995
190864.4733,6924.786800000002
191288.5334,7467.519899999985
191298.9486,2114.0170999999973
191376.2596,4357.845700000005
191414.7363,4083.3998999999894
191455.6783,3807.9907999999996
191840.4978,6669.884100000025
191941.4463,3899.766800000012
193171.7749,4328.391999999993
193278.1675,7230.940100000007
193343.3739,4051.7848999999987
193557.8739,5239.892099999997
193595.9806,7513.2261
193922.8419,7074.065600000002
194218.1136,6878.762500000012
194361.0659,7654.350799999986
194371.8723,6954.039799999999
194379.6531,4335.766499999998
194422.436,7439.79819999999
194429.6823,6370.37519999998
194491.9654,6528.742899999983
194548.4163,8527.970300000015
194558.1769,7593.15459999998
194724.1829,5885.34500000003
194862.4809,6501.043219999992
194881.0617,7665.78429999997
195019.7746,6465.097800000018
195063.3828,4513.310800000007
195070.1968,6462.185499999992
195103.1756,6353.198999999993
195138.5946,5808.00940000001
195355.2115,6576.58110000001
195564.4621,9343.852600000013
195688.5842,6583.521500000003
195766.4968,0
196005.3697,8870.693400000018
196024.6217,5424.843999999983
196104.4715,4457.80780000001
196148.7091,7382.3868000000075
196166.1833,6223.323499999999
196272.5681,7800.974199999997
196302.0746,6856.925999999978
196428.5871,5945.366100000014
196776.0886,5447.975399999996
196836.4093,6988.671399999992
197038.0521,5065.916900000011
197133.8362,5654.189199999993
197147.9987,8969.3842
197158.3783,6040.1634000000195
197172.8014,9427.492599999998
197440.2652,9569.23569999999
197626.5326,6558.5047000000195
197712.7011,6923.776899999997
197822.1242,9124.240299999976
197913.3214,5981.175099999993
197971.9799,6828.618199999997
198025.1807,0
198583.2692,7719.543200000015
198800.9766,9593.878599999996
198859.1782,7521.916400000016
199568.2823,9332.126499999984
199796.7326,7865.044799999974
199921.0474,8131.818100000004
199980.6979,8587.608299999993
200066.9009,9081.787899999996
200184.0839,8043.508999999991
200223.4781,7561.553600000014
200395.0834,8235.896200000017
200485.5288,7799.770699999994
200503.0914,7757.408900000009
200746.9302,7916.408599999995
200775.7943,8127.552000000025
200882.7854,8219.491799999989
201003.3381,0
201032.9823,8507.839500000002
201083.2462,8642.874299999996
201176.5787,7817.359400000016
201196.984,9110.224099999992
201473.7144,9032.641999999993
202056.2665,9576.961899999995
202431.1677,7637.380599999975
202542.4634,7639.991299999994
202676.82,9023.579700000002
202830.5546,9146.401899999997
202952.1035,8293.897800000006
203009.1293,7826.0478
203018.9944,7664.6600000000035
203083.6672,6342.521700000012
203107.527,727.7876999999862
203329.6219,7872.522100000002
203397.1781,6789.778699999995
203567.3732,8905.244800000015
203640.2717,8829.602600000013
203660.065,9005.755999999994
203728.8761,9518.399600000004
203752.4534,6076.784899999999
203824.4647,0
204636.2248,6060.030899999983
205249.7796,7888.754200000025
205260.6136,8281.14320000002
205296.5639,8069.7629000000015
205540.8247,8062.7886
205625.8437,8395.472099999984
205687.14,8921.391400000022
205728.6261,7186.447400000005
205780.2355,6237.0401999999885
205862.1504,6806.27820000003
205930.6656,9651.2028
205976.2612,9570.21160000001
206031.6605,0
206160.1386,0
206298.9816,8675.6256
206899.2675,7243.650499999989
207124.83475,0
207136.3738,9131.838699999993
207181.44,0
207279.9518,7219.611200000014
207763.5371,9277.32209999999
208166.9826,0
208203.1581,8077.421800000011
208235.0299,7356.598099999974
208315.4622,9199.160200000013
208696.1778,5434.263299999991
209019.5717,6856.296300000016
209042.0968,7600.835599999991
209045.5804,6100.714200000017
209258.38079999998,0
209552.0674,6256.840599999996
209618.6921,5871.6201
209811.3188,7186.974600000016
210002.1792,6313.285500000027
210253.7056,8117.738299999997
210279.9442,0
210317.7836,6518.111499999999
210475.8844,182.5920333333488
210564.8934,7456.409199999995
210604.656,7586.223899999983
210658.5635,8728.712899999984
210808.2536,6717.541399999987
211339.1875,0
211444.1575,9134.145900000003
211465.33539999998,0
211811.0178,0
211953.4255,7756.008900000015
211966.3436,8751.93299999999
212006.7567,7917.248500000016
212052.1458,6804.899399999995
212253.7662,0
212582.3781,8928.531500000012
212838.106,7390.601800000004
212859.1224,0
213013.6386,7168.403900000005
213180.2397,7653.522400000016
213355.6059,6880.193899999984
213700.7833,7159.454700000002
213703.9622,9428.252700000012
213766.6295,6904.578000000009
213789.8466,8269.622899999988
213893.5714,6982.859499999991
214068.3196,6997.987800000003
214117.0279,7285.653599999991
214117.7454,6828.367300000013
214119.9416,9606.037099999987
214179.0638,8280.058799999999
214315.0015,0
214336.8822,7048.382400000002
214502.1704,0
214551.9917,7389.440100000007
214717.7708,6977.501099999994
214725.7909,7228.952099999995
214754.137,7389.182099999976
214965.3194,6933.683500000014
215001.6213,8567.50569999998
215046.1872,7161.458400000003
215182.2289,6882.7276999999885
215189.6004,8149.932000000001
215418.7566,6148.7684999999765
215564.1258,5335.401000000013
215829.0525,0
215836.6055,8368.25020000001
216186.5613,6922.0386
216264.414,0
216377.4794,7044.8891
216512.8984,5438.2255000000005
216572.4915,0
216574.7287,5615.998099999997
216919.6174,0
216937.9522,6388.474600000016
217067.2463,7739.996199999994
217230.5346,7066.377200000017
217291.1148,5454.0163000000175
217291.5682,7106.0657000000065
217406.9565,5858.522299999982
217449.1067,7368.203099999984
217583.3026,0
217649.1519,5406.778099999996
217735.3997,0
217779.771,7043.650800000003
217834.9969,5797.239000000001
217858.9353,0
217912.2255,5747.832800000004
218166.4614,7693.766000000003
218651.2158,5886.017599999992
218718.2237,0
218750.5719,85.31369999999879
218767.6779,7299.286599999992
219051.1163,5685.686799999996
219313.6296,0
219433.4765,6927.176500000001
219740.6447,5712.805500000017
219848.6373,5496.232199999999
220084.5643,5271.8954000000085
220238.5089,7630.4241999999795
220516.4488,5545.0354000000225
220523.1503,5497.337800000008
220533.45750000002,0
220797.5346,5422.49490000002
221059.2266,6906.734200000006
221308.6894,6765.192100000015
221334.4285,0
221498.8008,5251.926199999987
221579.4353,5374.147400000016
221823.0885,0
221965.2113,5229.295799999993
222028.5012,5648.078000000009
222175.9396,5744.103900000016
222433.6564,5629.370500000019
222615.6323,5731.876900000003
222731.7348,5782.445900000021
222902.0859,6525.777300000016
223055.3116,5471.815899999987
223287.8773,5787.862259999994
223410.712,5518.770699999994
223584.3689,2600.6230000000214
223585.84171666668,0
223598.0673,6094.649899999989
223639.0306,6642.846799999999
223660.5394,0
223666.1668,5827.281199999998
223711.4044,5743.796800000011
223938.6603,5750.894299999985
223987.8396,6227.926299999992
224254.8506,5657.485799999995
224269.3923,6738.561900000001
224325.1404,9024.177800000005
224395.9578,5693.61540000001
224507.201,0
224607.9698,6188.857999999978
224629.1977,0
224801.2223,0
224803.0444,6709.011400000018
224807.5379,0
224858.3034,9067.902100000007
224957.2779,5571.869499999972
225033.0351,6261.786400000012
225246.7767,6380.6610999999975
225278.7441,0
225435.8591,6384.448000000004
225469.3017,6429.8988000000245
225492.1626,8015.774500000029
225512.0474,5905.384500000015
225737.82,6761.674100000004
225789.7795,6265.325899999996
226224.3131,6705.275800000003
226292.6416,7167.285300000018
226780.9262,0
226970.3884,5684.222699999984
227006.3158,5740.088600000017
227057.0281,7561.582699999999
227145.9102,7176.232500000013
227176.1896,7219.550900000002
227192.4172,5892.779999999999
227414.45694,0
227505.1859,5794.362900000007
228244.7214,5549.417100000021
228415.409,4959.497900000017
228422.5938,5638.280100000004
228467.5689,5906.26820000002
228559.7007,5435.408799999976
228747.9348,6264.379199999996
228772.4207,6226.052599999995
229088.7087,5911.992799999978
229124.9391,4816.523399999976
229180.7155,6065.883999999991
229264.1765,4650.762400000007
229302.2336,4313.711500000005
229423.335,6282.206099999981
229778.1823,5702.723899999983
229850.1149,6296.01489999998
229877.8399,0
229880.1083,6063.176599999977
229915.9536,5458.285740000021
229927.2986,5641.024140000023
229931.317,6744.361100000009
229992.6433,4449.249400000001
230010.5646,5655.299100000004
230088.7273,5102.866100000014
230205.1206,5154.740980000002
230233.7892,5780.412400000001
230742.3319,6244.626099999994
230993.2777,5706.804200000013
231119.2429,3416.776500000007
231169.8262,0
231175.4205,0
231646.1321,4841.117099999974
231916.7232,2959.320800000016
231930.665,5709.226500000019
231958.852,0
232074.7784,0
232077.953,3816.170299999998
232172.141,2090.040399999998
232481.21122,0
232506.2397,6249.1831999999995
232525.3374,3472.9953999999852
232626.683,5830.584699999978
232716.3362,2139.0959999999905
233148.6436,2573.892600000021
233247.456,2075.175099999993
233337.7374,2421.876500000013
233372.5821,2136.4965000000084
233393.3128,2239.3515999999945
233520.2097,4551.741200000019
233904.6955,5762.005600000004
234001.5608,6969.703200000018
234193.4024,5135.794199999975
234406.4209,5528.119999999995
234424.1743,0
234703.5017,6288.968599999993
235163.0346,2002.0047000000195
235361.746,1658.0886000000173
235741.2611,5743.785100000008
235876.8637,2006.7462999999989
235920.8031,2291.460699999996
235941.2362,1449.5185000000056
236002.3375,5725.841199999995
236181.1465,0
236333.1516,6098.013600000006
237026.5976,4957.284233333339
237192.6011,4883.197899999999
237269.0557,3299.1349000000046
237354.274,3423.640000000014
237495.5057,2124.5751000000164
237729.0257,5379.607399999979
237752.9375,0
237871.5436,0
238594.9958,2640.396700000012
238788.1789,0
238869.6608,2196.794900000008
239152.08299999998,0
239832.5859,2913.7774999999965
240013.0128,2530.296100000007
240050.6307,2946.0448000000033
240052.9315,3004.3588000000163
240394.3964,2451.0739999999932
240419.2634,2967.7243000000017
240559.2246,2972.7485999999917
240575.2884,2916.603299999988
240826.3134,2499.704400000017
241069.545,2204.4291000000085
241075.2288,2418.6687000000093
241123.6518,2924.033999999985
241263.5674,0
241512.94,3002.453899999993
241606.676,4911.208199999994
241738.8211,3137.607400000008
241739.36560000002,0
242031.5277,4910.930400000012
242273.5236,3261.1784000000043
242683.7071,3110.328600000008
243451.0191,4329.3879000000015
243780.2356,4722.1110000000335
243879.3725,4784.160600000003
244106.7674,4467.365900000004
244165.224,3935.45689999999
244215.0816,0
244250.4488,3228.122700000007
244288.3882,0
244437.534,3260.0436000000045
244485.4141,5139.479500000016
244488.1926,3358.8319000000192
244511.9835,3362.8867000000027
244809.3327,4249.533859999996
244837.9577,0
245060.73,5484.732000000018
245462.6782,0
245470.6833,0
245600.5392,0
246117.904,5903.2978
246128.8452,3532.1547000000137
246236.267,0
246424.5183,5581.858600000007
246516.3797,3482.519099999976
247141.0449,0
247248.2016,4346.183799999999
247560.676,5082.196499999991
247643.4697,5409.8989
247954.2792,4182.231099999975
248091.2142,3939.136899999983
248148.1504,7061.157200000016
248259.1877,4030.739600000001
248275.118,4907.980199999991
248476.9188,6962.45180000001
248479.5637,0
248546.7845,0
248562.9726,5182.715600000025
248683.1865,5522.564899999998
248772.8696,4186.6136000000115
249306.3702,3871.329800000007
249934.6109,5568.30780000001
250185.5379,6468.348299999983
250270.891,6389.220700000005
250551.772,5259.506999999983
250751.1514,4581.999099999986
250839.7927,5965.14439999999
251108.9737,4899.903599999991
251153.8019,5245.141999999993
251405.4719,4814.535900000017
251459.599,5744.3047999999835
251467.1216,6246.234300000011
251556.9857,5262.275639999978
251660.0024,0
251810.5621,6660.967000000004
251950.8731,6004.283599999995
252185.8216,5512.460800000001
252376.8748,4783.239100000006
252406.2177,5051.502899999992
253113.1602,6596.5036000000255
253669.7532,6802.436000000016
253728.95010000002,0
253852.3895,6713.599199999997
253915.5594,0
254129.8239,6129.300999999978
254224.3573,4768.566400000011
254410.3352,0
254876.4595,0
255202.8661,6995.270100000023
255210.1357,5207.333800000022
255364.3649,5104.763399999996
255410.6166,5618.250599999999
255468.9895,0
255560.6875,0
256165.2833,6620.50940000001
256313.0508,4974.103800000012
256344.5352,115.48930000001565
256347.56949999998,0
256384.3716,6326.77310000002
256517.7252,5383.070599999977
256635.5507,5645.259300000005
256739.73930000002,0
256826.43420000002,0
256881.975,5730.198800000013
256882.214,7435.148300000001
257345.6731,5107.262800000026
257350.2592,4963.8652
257691.9945,8826.142699999997
257768.1415,0
257811.4054,0
257988.1553,5292.628500000021
258028.2332,6188.727599999984
258204.4043,5065.131499999989
258240.6098,6650.960700000025
258433.836,0
258721.6904,8733.314699999988
258929.8028,8299.6391
258943.4301,4751.16379999998
259188.7202,7077.92730000001
259295.6788,5198.193700000003
259441.1316,6719.475199999986
259448.2477,9070.468900000007
260338.0636,8390.04178
260456.3451,0
260566.3606,5794.417000000016
260801.14,8156.245800000004
261008.4662,7871.6767999999865
261143.4603,9329.394
261239.08,7643.733599999978
261533.1642,9134.901400000002
261629.3228,6618.429700000008
261677.6401,5416.483299999993
261724.4377,8553.877399999998
261757.1413,7074.480199999991
261873.1126,8020.834999999992
262226.8457,9118.959600000002
262251.2572,9453.128499999992
262339.5638,0
262687.624,8816.10620000001
262750.585,0
262767.7835,0
263452.3897,9180.217100000009
263496.9225,9601.618699999992
263614.4423,0
263792.4596,9818.390000000014
264413.0284,0
264589.9567,9065.346899999975
264757.9088,7489.282199999958
264814.9188,9225.896599999978
264874.8482,9126.849900000001
264912.1994,9459.5809
264984.9786,9660.474999999977
265050.152,269.657600000035
265087.5689,9371.0
265134.2001,9684.217500000028
265198.1591,9287.503499999992
265537.4727,9474.809699999983
265752.3614,9158.2157
265804.8404,9786.778399999981
265965.7892,9767.708799999993
266185.7729,8178.691799999971
266529.7165,8099.768199999991
266776.9808,7763.258200000011
266850.0941,10692.615099999995
266934.8653,9483.63459999999
266958.1494,9496.353399999993
267317.6533,10378.0441
267318.345,10551.092799999984
267416.6114,10565.967100000009
267486.7064,10599.525300000038
267596.2434,9260.830799999967
267772.1733,11170.026400000032
267867.6176,8934.162799999991
267918.018,0
268010.4151,0
268341.15,0
268492.1772,10708.778099999967
268555.1232,9988.355299999967
268931.3371,9756.253100000002
269031.4873,10952.018299999996
269073.0948,10235.470100000035
269197.477,11230.169000000024
269238.5293,10786.455916666659
269312.371,10744.266899999988
269516.2382,9976.666500000021
270079.8919,10841.426999999996
270327.2327,10533.23569999999
270494.0186,10846.1434
270850.8228,12113.88460000002
271473.9236,12492.299799999979
272243.5686,4100.676500000001
272268.5887,12482.487700000027
272428.1049,11477.349199999997
272462.4909,11215.513499999972
272714.6855,10916.772300000011
272762.397,11158.365699999995
272810.6484,11626.547099999996
272966.5165,12209.342800000042
273227.6365,11275.284500000009
273504.3645,10873.605700000015
273620.9312,11315.893033333297
273625.4543,10927.087899999984
273655.9449,11967.898099999991
273747.1491,11267.611999999965
274054.6087,10974.003700000001
274193.4901,11757.531000000017
274220.107,10253.109200000006
274232.521,11240.944300000032
274337.9126,11518.900800000003
274464.2415,11516.532400000026
274505.5144,11114.985400000005
274529.4434,12073.10560000001
274666.4405,11779.634700000053
274888.2311,10155.59659999999
274967.4592,12077.860599999956
274972.521,12500.969024999999
275114.3424,11130.883300000045
275155.1097,12213.158099999942
275226.501,12556.171900000016
275237.3351,11071.473600000027
275916.5686,12035.75469999999
276207.8488,12289.402899999986
276250.5703,13105.961300000024
276617.096,14476.81130000003
276791.4513,12586.938100000028
276932.7238,14699.973599999968
277004.2616,11486.784700000018
277113.2963,11434.063399999985
277389.0427,10822.634900000005
277403.4004,14421.950699999987
277412.2273,12059.18180000002
277527.3019,12486.915700000012
277647.869,13130.482300000032
277951.074,10990.195200000016
278320.0855,12185.290699999954
278437.1139,14719.799499999965
278634.6958,11215.742199999979
278654.0081,11960.286099999968
278846.5621,12866.595199999982
278964.3163,0
279470.788,12699.161399999983
279949.5347,11482.328800000018
279993.2708,12030.136699999974
280025.8191,15542.592899999989
280054.9972,12915.74669999996
280066.3648,15514.713099999994
280071.5465,14174.871299999999
280162.9836,13569.339699999953
280337.9062,15687.4228
280422.0374,13955.768699999957
280436.7393,11519.99900000001
280451.8293,11615.816099999996
280462.944,12903.275800000003
280471.3521,11889.186600000015
280637.7734,11615.702300000004
280647.9151,11213.219899999967
281653.8798,14318.865699999966
281887.3373,0
282023.5426,15511.750100000005
282027.1974,15731.740900000033
282030.6723,0
282129.0965,0
282166.9709,14330.181199999992
282210.2219,14421.483999999997
282266.9286,15160.960199999972
282725.6258,14275.618900000001
282891.6739,14441.840099999972
282911.7508,15205.961899999995
283097.903,13773.895699999994
283125.426,14402.073800000013
283205.1111,14177.448199999984
283449.942,14358.95299999998
283923.6871,15300.341099999961
283937.5331,15244.721900000004
284088.2355,13860.024200000043
284100.0351,14392.444399999978
284396.0357,14685.133299999987
284715.3473,14244.381900000037
284969.0815,14403.491500000004
285004.0175,13546.961300000024
285074.535,16291.37599999999
285224.2845,14674.16750000004
285306.402,14173.654299999995
285495.308,4625.344400000002
285625.7078,15138.278399999952
285883.0187,14669.010699999984
285936.8526,14066.960683333338
286061.7946,14916.020900000003
286285.5786,12978.894300000044
286755.395,9919.082800000033
286817.1988,14798.551600000006
286855.165,15387.573399999994
287245.9573,14769.772100000002
287632.4494,14260.947400000005
287895.5429,14856.417499999981
287954.1726,12884.28820000001
288149.2579,14122.384600000049
288172.4782,14916.601599999995
288281.6855,14936.60950000002
288388.9209,15162.04620000004
288507.2427,12144.887099999993
288526.5756,14905.837
288527.8047,15952.876799999969
288677.3968,13784.071924999997
288737.7082,12783.503599999996
288865.4353,14234.780700000003
288894.0954,14552.250899999985
289158.9273,15164.29839999997
289419.7,16304.677500000049
289647.7791,14622.928399999975
289736.726,14508.492100000032
289882.79,14575.189299999969
290224.3948,14425.12030000001
290566.2221,14066.479099999997
290592.4456,14612.97709999996
290742.2202,14989.063199999975
290751.1934,13884.462100000004
290812.0253,17660.84289999999
290826.0281,14464.042799999996
290952.0081,15026.001999999979
290970.2172,14411.343099999998
291028.5832,14233.50469999999
291142.0334,15273.945000000007
291185.3642,13709.89400000003
291220.0653,14488.846200000029
291314.1269,14080.471299999976
291591.1736,14746.648099999991
291613.5527,0
291746.5453,14887.802399999986
291757.2946,13978.914300000004
291860.9576,928.6746000000276
291931.1787,14658.987399999984
292679.7781,14616.522699999972
292772.4564,16784.794200000004
292860.4095,0
292966.9302,14811.47159999999
293315.4244,14523.827700000023
293424.4536,14551.785299999989
293660.985,14957.80349999998
293800.6045,14714.318900000013
293904.4898,14115.978899999987
294008.6896,15045.360399999947
294195.3323,8183.188599999994
294344.3192,6274.612200000032
294778.8634,14339.915699999954
294835.8333,15189.99060000002
294848.2678,14396.915099999984
295093.2059,8003.556199999992
295202.6556,14475.006899999978
295372.792,14986.01370000001
295660.9675,15308.808900000004
295668.5274,15533.953199999989
296240.5049,14991.924999999988
296505.0032,15192.60799999995
297228.8562,13546.619799999986
297238.9031,14535.372600000002
297241.4034,14575.34890000004
297297.9968,15198.406200000027
297329.9538,13941.685800000036
297450.8671,15031.517199999944
297456.9119,15864.059000000008
297679.1274,16122.56719999999
297769.9554,16698.553399999975
297817.357,14613.88420000003
298435.8564,15252.536599999992
298744.6344,8032.10639999999
298793.0403,14426.68160000001
299621.1289,14094.6152
299851.9854,14042.992599999998
299954.8461,1113.3209999999963
300079.7386,15099.424300000013
300178.3097,15438.584199999983
300652.7954,14460.380500000028
300961.9009,15365.430900000036
301042.2781,16433.173899999994
301103.4909,15040.772099999944
301363.8772,8404.537399999972
301766.8048,13962.251099999994
301880.6181,14974.99900000001
301910.8274,15845.323499999999
301981.746,15345.874199999962
302067.6557,5949.0723
302105.0119,16104.272399999958
302170.3415,15307.70869999996
302456.7473,15413.657599999977
302462.5903,15890.962100000004
302634.6942,16035.468200000003
302638.3309,16275.74119999999
302727.624,16197.09890000004
302892.6026,15969.427766666631
303078.748,15308.549500000023
303164.0456,15366.913
303253.4483,12031.201699999976
303292.6307,15443.141799999983
303297.1053,15747.599600000016
303572.2214,15131.454499999993
303764.8691,13838.48139999999
303800.7531,15202.464899999963
304141.5617,0
304347.1892,16060.868200000026
304498.3155,17099.56660000002
304588.0301,15674.448399999994
304600.0258,15743.779099999985
304691.2441,2329.0572000000393
304813.1524,16297.391600000032
305132.5597,18066.839199999988
305146.5692,15757.594300000055
305399.7184,6178.5953000000445
305445.743,16489.536300000036
305480.6549,15833.6495
305567.56200000003,0
305828.8722,18005.480299999996
305909.1936,6381.3848
306103.4031,16349.011400000018
306255.3677,15914.848066666687
306289.3686,6162.735999999975
306331.4043,16280.249160000007
306353.2669,16460.785600000003
306501.7198,8739.010900000052
306802.7162,16535.58500000002
306846.246,0
306939.474,15891.876799999969
307060.4084,15616.579900000012
307066.0939,15805.369999999995
307366.7727,15510.292299999972
307428.7449,10722.454900000012
307689.4718,14960.127099999983
307730.657,15899.5968
307953.2807,15208.169800000032
308189.6763,6512.055899999978
308278.1622,15679.82460000005
308287.9791,15074.827300000004
308402.9314,15996.401799999992
308426.4329,0
308613.0994,15754.560100000002
308672.6118,15203.92710000003
308720.8854,15890.13010000001
309049.2011,15831.505300000019
309055.1296,6064.747499999998
309133.0938,230.1683999999659
309242.48,15286.401299999969
309492.5908,15858.581200000015
309666.1359,0
309807.8788,115.52419999998529
309809.0109,16494.863299999968
309843.1183,15079.724499999953
309971.4377,15452.452359999996
310175.1852,15970.425199999998
310376.0289,15263.74649999995
310376.6823,15516.369799999986
310635.8776,15239.303500000038
310917.1832,15999.255900000047
310925.8732,15472.018499999947
311022.0252,14642.817099999986
311219.0252,15261.84249999997
311238.7712,16737.627500000002
311439.2848,15699.525466666673
311575.413,8601.20630000002
311749.1608,0
311899.4948,15568.977699999989
311925.375,0
311954.5493,15201.216700000048
312050.6156,16029.510100000014
312109.8934,15124.303799999994
312119.5843,14605.656699999992
312121.7528,13734.219000000041
312224.2718,15136.059899999993
312602.0676,16394.797900000005
312640.2012,15392.453299999994
312776.3949,15026.929600000032
312882.6036,14078.526399999973
313014.8959,15621.49489999999
313038.5717,2480.1744999999646
313134.641,14205.915299999993
313331.7431,15544.42869999999
313362.53705,0
313746.3922,0
313837.1418,0
314160.6866,15638.5478
314171.8057,12964.204800000007
314185.5401,15631.69689999998
314394.4088,13113.402899999986
314424.3948,15891.997299999988
314614.029,15257.010699999984
314750.2418,13709.905300000042
314919.1777,6307.703700000013
314951.0677,12196.510899999994
315079.3894,12749.335499999986
315115.5349,12328.88320000004
315143.5391,14038.216799999995
315205.3637,15637.774800000014
315320.2492,16028.85070000001
315370.0411,0
315442.8896,13641.19299999997
315545.9472,15133.204700000002
315555.9437,15392.82309999998
315584.5307,13554.292799999996
316030.5722,0
316086.3071,12288.948399999994
316469.7842,0
316479.5789,0
316516.3245,14073.382099999988
316529.2133,10914.830499999982
316536.1003,14176.113100000017
316591.2407,15595.05620000005
316971.7109,10813.1201
317033.709,12617.997866666643
317219.552,10846.84050000005
317225.955,0
317426.1225,657.9899999999907
317611.1003,15125.669999999984
317644.3284,15108.927099999972
317674.3407,0
317959.0058,14396.739299999957
318004.8214,10939.206800000044
318071.9343,12290.455100000021
318174.5066,13733.241000000038
318264.7573,15920.052599999995
318266.1564,12057.64619999996
318293.6885,12104.713400000008
318326.6719,15272.456000000006
318341.0131,12209.66379999998
318465.1318,0
318575.8628,10690.585900000005
318714.4318,0
318776.5986,11321.335100000026
318823.8893,3493.454700000002
318841.2609,0
318890.8346,15933.70730000001
318912.9438,14201.740900000033
319016.2275,16141.696799999976
319793.9652,11184.743699999992
319818.9563,0
320196.6793,10747.219600000011
320369.701,10484.501400000008
320402.9835,11463.682466666622
320417.5833,15212.335599999991
320541.2357,15817.942100000044
320992.2324,10338.524600000004
321118.0288,11145.449199999974
321209.8137,0
321247.0908,13781.26880000002
321290.7237,10514.57309999998
321307.5145,11050.356499999994
321440.30700000003,0
321459.9782,10854.982200000028
321577.974,17268.3664
321613.5793,10899.049899999984
321779.0501,0
321856.5164,11196.959100000036
321917.7787,9646.70940000005
321947.8991,0
322132.0542,9750.346383333323
322236.7048,9594.50510000001
322828.5608,10643.900774999987
322843.9169,0
322953.3142,0
323054.8562,11611.918999999994
323424.6804,8856.008600000001
323465.0214,9654.570533333346
323724.5158,10331.104999999981
324057.8727,9439.840800000005
324347.2012,15379.486800000013
324476.0901,9164.3272
324483.3276,8990.965800000005
324507.3211,11045.684599999979
324511.7833,0
324843.5866,10848.904500000004
325007.3369,9663.08169999998
325056.3349,15159.72490000003
325238.7828,8163.792099999962
325351.0598,15390.012500000012
325394.0621,0
325450.747,11123.060100000002
325640.0133,8324.207599999965
325654.4549,10955.545400000003
325864.03,8059.119900000049
326300.8151,0
326301.9129,8179.572199999995
326483.2354,0
326603.7928,9451.656900000002
326612.0761,10830.321100000001
326846.4795,8269.38089999999
326872.9952,0
326963.5203,11188.60229999997
327267.6247,8179.2109000000055
327475.0587,7375.799300000013
327530.1658,8030.4396000000415
327538.2528,8073.203700000013
327714.3744,0
327768.093,8828.46590000001
328007.099,13448.50390000001
328092.1154,11158.079800000007
328100.8008,14358.473100000003
328443.2621,10699.613599999982
329048.3861,9269.460699999996
329074.4982,7515.078799999959
329294.2009,12299.31150000001
329457.5047,17296.92877499998
329602.7287,6407.078099999984
329714.4217,10723.607799999998
329833.6448,0
329984.1012,9733.066899999976
330065.8547,8513.737800000003
330172.8925,8357.00410000002
330211.8777,6564.063699999999
330456.9264,9840.665600000008
330586.2872,6984.858200000017
330652.6688,6449.332899999979
330655.1146,0
330956.1552,10955.553480000002
331327.9984,8184.584199999983
331376.9052,7296.787299999967
331486.0546,6893.107999999949
332114.5561,10037.236600000004
332346.2823,8543.949900000007
332495.4004,6862.812399999995
333659.6024,15937.128999999957
333763.4067,6834.312900000019
333767.9044,7250.471100000024
334472.8296,8425.229400000011
334549.838,7522.855899999966
334748.2558,0
334782.9024,8261.829200000037
334952.9832,0
335181.3063,9797.9081
335266.997,2770.2580999999773
335268.565,7861.180500000017
335394.1492,9620.844599999953
335531.3868,13944.880599999975
335537.9485,8115.181900000025
335581.33,7106.127299999993
335651.2315,10311.382966666657
335867.1581,0
335985.9638,9814.509400000039
335999.0254,9271.135299999965
336051.1323,2400.9621000000043
336077.5302,8590.027899999986
336577.724,0
336821.6596,9435.882500000007
337016.8177,9879.370600000024
337320.6937,11459.223700000031
337326.4441,7958.215450000018
337379.2865,8190.311999999976
337625.5473,9222.849499999953
337653.5939,9483.380000000005
338052.885,8217.064600000042
338053.43319999997,0
338165.0026,8538.202900000033
338211.7017,8154.156799999997
338344.2969,7791.554200000013
338389.4112,3406.002199999988
338682.8819,13320.813999999955
338904.1019,5113.972000000009
339098.3269,3149.630200000014
339423.8032,8489.864000000001
339642.8109,7932.599839999981
339724.203,2607.252299999993
339856.3847,9311.569399999978
340063.9878,7815.24040000001
340205.6631,1278.8219999999856
340436.3175,9268.709099999978
340523.7761,10173.059800000046
340695.1354,9470.626500000013
340773.9495,7797.216000000015
341206.8046,8058.851999999955
341402.5281,3988.553899999999
341434.1953,10106.55600000004
341517.0945,7033.706500000029
342332.7409,9613.043099999952
342942.2023,9967.550999999978
342976.3454,8599.027100000007
342993.5622,9602.760299999965
343036.941,8230.13029999996
343176.1029,9060.131699999969
343332.0617,9722.164000000048
343386.5404,8064.392600000021
343439.259,2082.88890000002
343551.6799,11706.700399999972
343799.0868,8941.900599999994
344404.1821,9805.42259999999
344667.4127,8759.577300000004
344865.4672,6151.963099999994
344882.5494,6072.7203000000445
344968.5939,9114.718699999969
344978.801,8748.6544
345279.5966,9827.649900000019
345413.1329,9264.146100000013
345511.6164,10006.57540000003
345807.2574,9628.122800000012
346058.8363,8565.716200000024
346068.8499,8459.83349999995
346185.4937,10215.240300000005
346282.4529,4469.102399999974
346303.885,10172.315799999982
346592.4591,10810.29349999997
346639.9618,4889.267400000012
346657.1297,8027.173399999971
346664.1844,11377.386700000032
347127.6523,10708.51079999999
347171.9758,9380.76370000001
347217.2449,0
347826.7522,10490.82250000001
348358.819,8668.942900000024
348448.1903,8117.652899999986
348623.991,7488.77489999996
348712.6319,7209.520099999965
349079.9408,11272.397200000007
349141.7894,8104.575699999987
349968.2668,9172.977399999974
350180.7135,11465.3934
350315.0578,7820.760400000028
350610.8412,11226.713800000027
351252.1737,10869.044300000009
351324.3418,11641.05780000001
351377.2011,12499.29800000001
351386.2778,8968.418199999956
352039.4639,13127.293799999985
352277.5191,11996.122299999988
352349.8944,9536.987399999984
352483.5685,10261.586399999971
352576.889,1492.6224000000511
352739.7222,11414.27773333335
352895.5771,13793.547099999967
352930.6063,10052.479599999962
352987.0552,7860.974800000025
353435.1414,9498.516200000013
353508.0894,12355.570999999996
353533.7062,11349.934899999993
353740.1433,8099.759900000005
354122.2306,13137.576300000015
354238.4672,6961.085300000035
354881.0269,14634.18160000001
355005.5152,9442.74960000004
355041.3716,14069.319200000027
355154.008,13797.759199999971
355294.1982,13625.488499999978
355334.3456,10835.009299999976
355366.2422,12878.654316666652
355485.6735,12270.543299999961
356088.6291,9676.32250000001
356142.7701,11640.738100000017
356178.1792,11624.596100000024
356378.5317,11261.606899999955
356446.9092,11264.58779999998
356447.4825,12236.757500000007
357357.406,14015.012500000012
357506.6888,15004.862699999998
357552.22,14594.4706
357639.2587,8193.028966666665
357768.9944,14780.767900000035
357966.7022,12234.150000000023
357995.608,15254.908700000029
358109.7866,13832.578999999969
358149.0942,10904.604099999997
358608.41,14536.445099999954
359166.2626,12049.716600000043
359203.4521,12064.522699999972
359338.6637,14013.435699999973
359588.9098,14907.502800000017
359603.8605,7871.641500000027
359658.8369,13139.489599999972
359983.5338,16159.767499999958
360039.7067,13699.865599999961
360342.7266,13511.458500000008
360413.1332,9939.250100000005
360599.0175,11731.580200000026
360810.835,11189.198900000018
360837.5822,15341.820200000016
360875.9874,15470.876099999994
360911.0998,15279.47470000002
360993.7101,12644.810600000026
361108.2612,14926.108500000031
361128.5323,1087.7901999999885
361172.3437,15677.836300000024
361399.3488,16526.560699999973
361848.4478,15516.607900000003
362594.6617,13705.997799999954
362642.209,10539.716259999957
362855.8994,15333.066799999971
363012.2025,12486.54310000001
363082.2009,15528.915700000012
363268.2487,15558.29800000001
363292.9137,15398.256999999983
363449.3513,14778.73179999995
363452.0474,15137.292499999981
363463.1831,14283.641100000008
363680.3951,15383.346400000039
363683.8956,16327.864100000006
363845.5239,14951.065299999958
363867.8391,16884.04799999995
363955.8537,16884.741500000004
364054.5267,13812.166399999987
364255.4132,9313.945699999982
364255.548,13759.29310000001
364407.0206,13656.047499999986
364468.5676,14288.723100000003
365027.9883,16718.89420000004
365123.293,13736.64929999999
365313.5083,11768.116299999994
365689.5856,15522.532000000007
366012.6689,15459.357399999979
366024.3388,15900.747000000032
366493.3542,6789.0017000000225
366600.8739,16602.860800000024
366737.7811,14721.210300000035
366866.2561,16101.099600000016
367102.8241,16538.53820000001
367220.9384,15821.619799999986
367288.5793,0
367338.4763,10291.29429999995
367397.6369,14946.349999999977
367438.9691,16489.492599999998
367472.0202,15139.323100000038
367830.2891,17812.569599999988
368021.7706,17246.621199999994
368412.3301,16645.929400000023
368828.0666,16615.997700000007
369035.241,17036.440000000002
369222.8719,16284.251400000008
369355.438,15304.036500000046
369415.5772,16329.776899999997
369629.8778,16105.3603
369657.1992,17653.411499999987
369672.5817,17171.413
369756.5637,17176.98430000001
369783.2724,0
370463.853,9324.383600000001
370517.8877,14983.256700000027
370564.5232,16416.920199999993
370720.6092,16460.59110000002
370724.5436,0
370990.5024,17516.97960000002
371744.2924,17004.284999999974
371748.7698,17392.7733
371778.9032,16495.295400000003
371780.0395,15333.382500000007
371900.9686,16923.081800000044
372014.7745,16901.93790000002
372258.1878,17252.21763333335
372311.1736,16683.680899999978
372587.3417,16007.449800000002
372758.4697,16075.535200000042
372972.1023,17275.098200000008
373211.8789,17606.51443333336
373350.8977,17138.65909999999
373366.739,16526.5417
373910.9202,16472.833799999964
374324.352,16581.99160000001
374767.5582,16634.175400000007
375028.0395,17942.766500000027
375195.9705,17332.641000000003
375210.1944,17750.828899999964
375319.9875,17211.085099999967
375873.7117,17728.19589999999
375979.477,17503.408583333367
376386.9549,17310.170700000017
376455.6099,17280.467399999965
376655.5032,17135.30449999997
376852.6019,17523.94319999998
376895.788,17173.925899999973
376955.3774,17156.246999999974
377080.439,17093.02230000001
377321.4825,16974.88559999998
377516.6317,17520.120900000038
377544.0769,18088.820599999977
378377.775,17878.521600000036
378603.7132,17064.16279999999
378899.7539,18825.779900000023
379040.5582,18348.43100000004
379102.2703,17910.578099999984
379355.4742,18544.07270000002
379370.6938,17824.59600000002
379446.6664,17926.52960000001
379534.9423,18225.56189999997
379693.7838,19393.403699999966
379784.3755,17693.988100000017
379816.3443,18076.250899999985
380070.1905,17423.727799999993
380128.2668,17845.941899999976
380194.7314,18318.266599999974
380362.4208,17061.069599999988
380692.5761,17657.978899999987
380845.1528,17107.238766666676
380848.9022,18231.196200000006
380979.1536,17874.61009999999
381044.5705,18131.498999999953
381348.863,17899.081000000006
381721.068,16295.959000000032
381779.1504,17697.265199999965
381790.4554,18503.585499999986
381814.6123,17975.398400000005
381934.411,17630.249375000014
381965.4638,17994.11870000005
382510.5611,18291.050300000003
382632.7925,17884.763799999957
382669.3357,16947.813800000004
382904.1521,3361.8320999999996
383205.3305,19376.05449999997
383222.7003,17869.01270000002
383413.0654,17802.045199999993
383466.3229,18255.000300000014
383475.6995,17199.652699999977
383655.7207,20086.124899999995
383674.5027,18114.325300000026
383717.2897,19422.0784
383726.1708,18147.28620000003
384035.116,18912.762899999972
384042.4429,64.7270000000135
384393.1727,18332.528500000015
384429.9039,19732.96459999995
384434.8846,19891.041800000006
384492.1372,18009.30619999999
384572.1895,20101.168599999975
384598.2965,18940.639000000025
384730.337,18650.820999999996
384827.5901,17280.631200000003
384994.735,18358.961699999985
385131.4599,1976.2494000000297
385185.237,19764.925600000017
385418.2711,18917.170700000017
385562.8865,14803.610600000015
386319.0822,18206.49859999999
386415.0262,17203.294200000004
386546.6539,17117.166799999948
386837.8058,19613.154099999985
386975.6521,19121.515599999984
387224.9448,17996.14500000002
387227.6742,18672.378299999982
387284.6959,18013.77429999999
387489.8846,20070.789899999974
387496.1366,18344.580000000016
387800.1647,18122.401500000036
387916.9286,18026.17459999997
387951.4136,19406.6691
387978.688,14769.928000000014
388002.2067,10381.914499999955
388370.9818,18329.442900000024
388423.6032,18966.195999999996
388500.1268,19148.04680000001
388501.8502,0
388595.6803,12660.239799999981
388656.0419,10482.16293333337
388675.3099,18176.809499999974
388818.2524,18142.04509999999
388877.276,12887.589299999992
388883.3326,18296.52980000002
389403.3707,13583.316700000025
389426.3108,10328.209999999963
389753.7167,17404.0306
389977.624,18671.509699999995
389981.3681,18653.62460000004
390039.2517,20373.588240000012
390154.1804,17869.647600000026
390412.9767,19036.203800000018
390913.6718,16270.766899999988
391433.8574,20213.01409999997
391463.311,19154.02999999997
391662.7346,20262.677800000005
391830.71,19132.06310000003
392076.9509,18291.439799999993
392142.5919,8429.569100000022
392222.919,8000.535559999989
392521.4888,18657.19339999999
392643.4288,20000.464500000002
392846.7349,0
393247.5219,18710.21100000001
393375.6298,6725.435899999982
393742.7049,19086.416599999997
393771.9196,18210.083300000057
393802.5559,19184.672099999967
393895.3318,19398.4534
393905.9603,20982.143599999952
394117.985,8187.870799999975
394190.6408,21321.485400000005
394230.2477,22402.82190000004
394292.6115,7714.833899999969
394502.0167,19903.030899999954
394612.2197,19156.83810000005
394629.6531,22254.102399999974
394925.1794,4765.879799999995
395364.061,1763.7938999999897
395419.5953,19416.382599999954
395525.2445,21658.796999999962
395810.3079,16793.01567500003
395856.7725,6646.4078000000445
395999.5425,19907.248999999953
396183.0859,955.9633000000031
396322.5242,20688.535499999998
396392.7329,18196.224099999992
396564.5,21419.468999999983
396715.9138,22818.048099999956
396794.1037,19596.875699999975
396876.0233,8669.536100000027
396980.7669,19835.474400000006
397140.3703,7602.737200000032
397179.971,20635.770600000047
397200.0762,21434.93896
397239.5045,0
397505.6415,7114.857425000053
397717.5023,6505.66379999998
397898.5757,21765.07010000001
397900.6315,17941.76179999998
398252.9389,0
398351.808,20920.038700000034
398592.795,19034.720599999942
398675.7004,9098.181099999987
398754.3211,6999.786299999978
398799.1918,8662.456799999985
399054.223,19430.569200000027
399172.4482,20093.314699999988
399269.665,4608.429599999974
399397.4202,19708.041499999992
399544.4627,21696.245599999966
399582.4654,19082.49709999998
399815.4767,19991.541599999997
400431.1008,19517.042000000016
400472.2221,22253.946200000006
400619.9417,19930.41630000004
400634.1322,21923.339999999967
400810.9073,21809.920100000047
400989.0195,20990.445400000026
401064.2634,19955.124899999995
401067.1639,20341.877999999968
401281.4326,21514.76409999997
401334.3457,19044.961300000024
401463.9416,21871.738000000012
401610.9106,21107.96220000001
402003.4932,20864.104700000025
402125.8043,15338.748300000036
402544.0806,7303.138899999962
402945.8688,21974.0245
403005.3321,19391.693099999975
403014.9314,21974.673499999975
403395.2845,7042.78350000002
403531.5341,5960.94709999999
403617.9301,21428.385299999965
403705.9399,20734.723400000017
403718.5341,21356.267500000016
403859.9455,22377.081199999957
404046.1661,23010.75059999997
404258.7871,21391.846300000034
404304.7052,19816.31390000001
404474.5566,21443.780499999993
404605.932,19965.198999999964
404946.8967,8390.371400000004
405242.6448,21338.703700000013
405560.4067,19308.91671666666
405772.7843,17678.903899999976
405891.6144,7822.830000000016
405969.2311,18096.761
406048.4656,7308.247099999979
406268.5961,22394.03840000002
406272.4968,20083.011600000027
406418.4494,20014.248499999987
406443.8479,20200.934300000023
406484.1199,21170.303000000014
406564.2604,21553.994400000025
406895.9682,22316.846299999976
406911.9525,19521.279700000014
406925.3603,22493.60950000002
406994.9189,20347.825719999964
407172.8224,20115.033200000005
407311.1355,21367.662199999962
407390.3125,20251.83779999998
407535.2633,20556.4081
407797.3622,20529.550999999978
407991.5251,20308.055300000007
408022.5002,20379.863300000026
408034.4935,7961.542299999972
408252.7038,20008.169400000013
408356.2539,9424.510100000014
408516.5212,19906.5135
408529.8774,22291.46059999999
408546.7212,5379.936300000001
408675.1272,20940.257899999968
408850.3224,20749.253800000006
408882.6545,20594.370999999985
408984.4345,20051.947999999975
409084.3986,21196.668000000005
409239.5683,19766.94929999998
409363.1412,18862.086899999995
409490.6626,21228.596499999985
409715.8565,20336.6667
409747.1242,10092.442299999995
409966.3139,20115.469900000026
410062.4171,19305.22840000002
410155.858,18083.103100000008
410424.6973,22793.368400000036
410433.8713,9498.79720000003
410437.6614,21832.754674999975
410522.5828,20569.259299999976
410741.9543,22106.0135
410813.1538,20094.12209999998
411238.9104,19635.866299999994
411960.976,21222.19940000004
412091.1774,20858.66519999999
412249.4435,19294.284999999974
412445.306,18372.22259999998
412535.132,7455.163499999966
412556.5095,16120.104699999967
412596.6011,15556.77860000002
412735.5606,18274.158400000015
412811.5543,20304.56090000004
412838.431,21488.462100000004
412940.6992,20485.292299999972
412958.0056,19993.006399999955
413146.2392,14863.438200000033
413284.6311,15968.27429999999
413591.6776,21510.78019999998
413710.7146,18377.48180000001
414020.1055,18726.060400000017
414369.9317,16847.282799999986
414570.7374,19264.67544999998
414826.9946,15469.300799999968
415096.8755,16408.714600000007
415347.6702,19020.74650000001
415463.1131,15621.790399999998
415517.7266,19924.219699999958
415607.0767,15729.017699999968
416329.3994,18780.082900000038
416431.7609,15371.69829999999
416912.2234,16110.578800000018
416995.894,15636.208199999994
417078.4964,21261.184999999998
417098.6098,18889.38130000001
417369.2625,8735.63790000003
417430.0674,8557.696599999967
417474.4054,15728.16353333334
417726.7594,20317.008799999952
417819.5013,15793.852699999989
417933.4795,16422.37109999999
417954.4875,15682.535499999998
418234.2734,15332.758399999992
418423.463,15813.88949999999
418522.1857,8532.136899999983
419589.311,18786.872600000002
419597.6615,16600.27350000001
420463.0184,10862.730900000024
420485.6732,15336.845700000005
420533.3938,14204.580600000045
421144.0474,2303.293299999961
422083.1227,15222.133299999987
422229.9238,18140.85989999998
422367.9358,18899.03899999999
422408.6514,16357.68849999999
422566.3127,16177.629799999995
422611.2857,15578.403700000024
422729.7074,15505.122499999998
422829.1868,9291.362000000023
422868.879,10280.36460000003
422889.3356,18168.76821999997
422931.8574,19540.633199999982
422986.4705,21078.19399999996
423279.216,9123.593500000017
423604.6291,10370.371400000004
423703.878,18127.142500000016
423707.7908,11368.535200000042
423768.7184,16268.55290000001
423820.6612,15784.706799999985
424051.214,18036.979499999958
424067.9213,19327.5772
424103.1804,15664.656200000027
424327.2192,15831.797900000005
424368.2656,15841.93650000001
424431.7468,15820.98470000003
424535.8525,9455.740399999951
424735.8366,15734.600299999991
424764.5028,15733.948000000033
424780.2847,15770.727300000028
425058.5044,18590.244099999953
425090.5278,17921.17359999998
425268.2227,18171.70730000001
425399.4422,15698.52999999997
425595.3168,19355.453099999984
425598.8799,17742.27019999997
425798.356,18435.30090000003
425830.2635,8867.57779999997
425877.5669,23373.94869999995
425959.7021,18837.05410000001
426142.2546,15537.239300000016
426181.8904,18898.872399999993
426190.1155,16509.71730000002
426210.6774,19105.7659
426404.9206,18667.8738
426654.6789,16871.298699999985
426827.9059,14118.912799999991
426885.4281,0
427206.3057,18190.574000000022
427455.2037,18349.16930000001
427743.5357,18295.86989999999
427792.8743,0
427906.1842,0
428000.5487,16254.27979999996
428072.0879,18278.742800000007
428207.7109,20626.661000000022
428374.737,15666.48570000002
428463.5474,19190.107099999965
428731.4231,18138.596499999985
428830.7251,15694.101599999995
428941.8922,6138.51529999997
429059.2719,17242.374699999986
429170.1516,17889.203099999984
429199.1655,18960.209700000007
429368.3314,13843.511600000027
429469.7562,20709.099800000025
429933.0059,16328.48709999997
430688.4514,16377.725399999996
431324.4831,17195.285900000017
431339.4711,14747.52680000005
431706.1807,17078.26900000003
432311.8237,18009.04310000001
432463.3521,18479.411300000036
432627.5288,1351.115599999961
432851.5834,18612.4069
432866.4585,16701.377299999993
433382.1695,17178.0772
433470.2322,4107.35500000004
434096.6557,18590.75060000003
434187.6464,18287.382299999997
434231.5288,17274.27629999997
434339.1148,17622.10269999999
434518.7135,17839.04230000003
434971.5368,17114.509900000005
435187.2058,15709.431999999972
435308.7144,4166.827500000014
435730.8107,18819.324499999988
435732.0604,18327.012400000007
435747.3468,17450.38260000001
435965.5303,11848.707599999965
436051.7648,18908.933300000033
436419.4057,17430.449599999993
436599.2747,18072.462300000014
436704.6531,16238.115300000005
437242.0438,19221.185899999982
437436.4128,5897.548399999971
437596.4262,16874.604799999972
437829.1816,16870.59289999999
437940.8907,19085.939399999974
438088.7102,18624.44709999999
438130.1137,19193.0392
438155.7611,9676.045199999993
438180.8704,18658.547900000005
438428.5622,13749.181199999992
438608.3534,19007.020500000042
438714.9499,17948.08799999999
438890.3293,13064.652000000002
438948.7016,15872.361399999994
439118.7388,0
439460.134,19174.76079999999
439592.2683,19452.657999999996
439739.8762,17914.22139999998
440214.7628,17403.773400000005
440244.9593,20869.845499999996
440455.5788,17369.19570000004
440558.5934,0
440670.0692,18016.799600000028
440775.2585,19301.596099999966
440869.744,20781.263800000015
440870.2295,17075.657600000035
441000.9017,13278.632999999973
441122.0513,18678.177199999976
441559.5814,18275.390000000014
441616.702,18900.49160000001
442203.2466,19358.79130000004
442284.8013,18154.230900000024
442440.5979,21050.72629999998
443029.6663,19190.15379999997
443143.1582,18739.931099999987
443219.5514,19233.823600000003
443350.0871,19437.714733333327
443583.2316,19403.617599999998
443667.6908,19623.624699999986
443870.4002,19973.78959999996
444071.2027,18621.256600000022
444172.2101,19405.174500000023
444188.8803,19377.601250000007
444701.4578,20472.865099999995
444810.7851,20250.817299999995
444835.1934,20191.49060000002
444846.7889,19416.786199999973
444936.81,17924.345299999986
445015.9929,13825.962700000033
445217.4377,18286.52429999999
445226.618,18645.044600000023
445328.7829,20291.89929999999
445425.4117,20141.21789999999
445640.3507,19226.640200000023
445682.4974,20147.038899999985
445738.079,14871.810400000017
446141.9628,18523.9044
446314.2496,17677.759099999967
446465.2686,20196.247900000017
446674.6932,19654.838400000008
446704.2923,20068.81209999998
446705.6585,18485.24979999999
446840.5278,19988.75199999998
446997.456,20368.83110000001
447018.0754,20249.658599999966
447191.9718,20025.73629999999
447227.3934,20259.90220000001
447795.3235,17884.48139999999
448140.3852,19634.904900000023
448450.9645,20131.024600000004
448815.2793,20137.0061
448877.4713,19920.785599999945
448958.2324,18118.46119999996
449041.9809,19179.528300000005
449059.022,19535.055300000007
449126.7333,20141.675500000012
449323.7529,20500.926299999992
449795.7506,19994.426800000016
449880.942,20128.173899999994
450040.8743,17945.281366666663
450261.9617,19701.062399999995
450500.5039,21107.733699999982
450597.2408,0
450603.8811,21061.910600000003
450950.8252,19720.0147
451054.4105,20510.24410000001
451312.3068,19323.364500000025
451328.1305,18983.48020000005
451328.2349,20379.21769999998
451856.3146,20466.656699999992
451962.1023,20415.430099999998
452035.5277,20484.440599999973
452476.5611,21016.59519999998
452621.8996,20111.88930000004
452693.8841,21134.50410000002
453319.3139,15992.271100000013
453435.5525,21523.64989999996
453455.7764,20046.656799999997
453459.1497,21183.6872166667
453574.3474,19697.46040000004
453992.8101,20914.146400000027
454040.7716,20203.656699999992
454207.4774,21623.989199999953
454252.3825,21278.4375
454637.5195,21198.6385
455028.1588,21039.022599999967
455562.1024,21872.977399999974
455567.9392,21170.8333
455697.2295,22988.682700000005
455912.3718,21000.82950000005
455994.121,22733.906399999978
456002.7853,21150.20319999999
456136.2214,22846.875499999966
456276.7285,22233.27430000005
456317.6932,20995.76139999996
456614.3817,21675.638600000006
456914.4655,21316.363000000012
457264.0746,21433.497900000017
457966.9849,20437.665899999964
458039.9016,21622.614699999976
458264.9375,22154.543599999975
458669.9386,2897.562099999981
458971.2744,21031.138600000006
459056.6721,22514.20430000004
459102.3571,22704.509500000044
459429.6136,21805.945499999973
459564.5771,0
459570.4047,20546.772799999977
459697.0698,22299.53350000002
459862.4721,23093.271400000027
460162.5528,21554.730700000015
460266.6434,21986.103899999987
460266.9617,21054.512799999968
460667.5884,22247.814400000032
460742.1594,22019.73979999998
460743.8374,21880.587600000028
460798.0249,24132.372700000007
460841.5796,21608.49489999999
461078.2403,21232.07189999998
461436.6587,21391.120200000005
461487.7049,23217.539900000033
461594.1297,24471.567899999965
461603.4287,22386.940200000012
461664.2639,23017.31680000003
461934.829,22156.1507
461974.8515,21889.012999999977
462027.2548,22095.052000000025
462317.3588,21801.43199999997
462323.3323,23648.468899999978
462337.4959,23919.046199999982
462339.1932,22446.75099999999
462415.3364,22081.773299999943
462576.6973,22168.541800000006
462606.2723,22506.781200000027
462936.0479,24441.50140000001
463025.0107,21829.141399999964
463053.6624,22755.285399999993
463094.5542,21768.2561
463534.772,22248.0466
463670.3507,23379.16029999999
464083.1847,22425.425300000003
464678.0015,22812.84600000002
464845.4427,21562.679200000013
464909.1894,22766.660199999984
465080.3072,23784.490099999995
465176.3648,21521.03349999996
465303.0714,22208.80190000002
465485.3695,22921.782399999967
465554.7412,22453.54509999999
465699.7155,22444.850749999983
465994.2139,22695.928599999985
466373.5927,22889.126699999964
466461.1586,22700.376600000018
466563.1055,22652.81290000002
466850.7483,21848.1961
466872.5394,21740.787499999977
466973.6842,20933.53720000002
467186.9688,23807.348799999978
467668.1597,22466.674700000032
467812.4203,19902.854899999977
467826.8458,22393.80580000003
467929.3283,23714.79959999997
467998.1481,22404.543200000015
468195.0606,22697.49920000002
468343.9411,24299.148800000024
468614.1087,22231.551199999987
469086.2646,22635.165099999984
469111.5409,22592.069600000046
469316.4515,22785.477600000042
469361.1796,22908.780699999945
469668.5229,23266.449599999993
469707.7482,22697.67969999998
469709.228,22653.78450000001
469853.1383,20777.684499999974
469929.8095,4525.049899999984
470001.3604,25240.9216
470086.2289,3429.5071999999927
470165.6028,17102.24219999998
470304.2825,21648.14069999999
470939.1645,23130.496866666654
470978.7818,6364.839099999983
471027.3069,5050.801033333351
471061.2111,23674.37830000004
471139.4778,22698.112800000003
471469.1848,23485.338899999973
471661.2768,25278.262400000007
471928.8538,22627.67300000001
472028.6424,23576.75390000001
472125.184,21641.79700000002
472264.5952,4794.092100000009
472441.6134,22906.930399999954
472721.0392,24462.19380000001
472899.0483,0
472955.401,23274.254000000015
472996.2659,23159.74550000002
473062.5879,23456.148799999966
473138.5017,0
473153.7305,22784.169200000004
473303.897,24297.207599999965
473326.0544,20155.08480000001
473537.8093,15324.216400000034
473617.2999,198.0349999999744
473703.1287,23460.79859999998
473923.4677,1892.3636999999871
474257.2576,22986.696800000034
474312.137,13633.9755
474358.056,22969.263799999957
474478.886,22777.1728
474714.8451,23849.045599999954
474929.6143,23788.80560000002
475221.2733,23913.18849999999
475276.1812,23973.693700000003
475344.9914,24353.133199999982
475567.9175,23098.699199999974
475596.9125,23093.531799999997
475663.8702,770.6756199999945
475733.8384,14445.076100000006
475864.7938,23854.671099999978
476027.7936,6398.674299999955
476028.259,15294.822900000028
476134.0356,24502.157260000007
476402.0075,0
476649.2299,13535.542199999967
476889.6142,25503.788300000015
476916.1021,23420.01210000005
477051.7411,23281.486999999965
477190.4446,23126.959399999992
477378.3862,24041.293799999985
477390.198,25945.69709999999
477542.0186,25059.39400000003
477548.7928,18745.089199999988
477640.7119,22991.709900000016
477683.8816,23831.355700000015
477784.3182,21979.390999999945
478204.5754,24826.950399999972
478262.4668,11896.434499999974
478345.414,5344.636899999983
478542.3562,0
478587.792,23234.14750000002
478737.7226,21466.43729999999
478810.9712,23128.66710000002
478946.6673,23680.032799999986
478956.0773,22871.19319999998
479190.2494,21207.680999999982
479217.5738,21807.04249999998
479230.1579,136.39837999996962
479262.2911,22812.354299999948
479330.7507,1874.29449999996
479388.2559,20430.932499999995
479808.3848,24519.2659
479808.7017,24701.09369999997
480044.5688,19121.44380000001
480077.028,23068.453900000022
480281.977,0
480504.0164,14470.186099999992
480808.2431,0
480987.9637,14292.34910000005
480995.4452,22676.102400000033
481021.1958,24816.85190000001
481132.9773,22688.60770000005
481313.3609,24722.881500000018
481377.9532,0
481477.7484,22744.093500000017
481601.1481,24375.48709999997
481771.2319,20796.73450000002
481996.6283,24094.599599999958
482412.2737,0
482696.288,22859.5809
482710.7972,34.72413999994751
482822.01,20287.972700000042
483005.7492,23854.1765
483034.578,23253.50020000001
483127.1603,0
483233.7076,16941.435800000036
483415.5801,18836.562000000034
483426.5619,24527.419999999984
483515.9804,3976.7282000000123
483560.9821,22868.247300000046
483866.9005,21521.592799999984
484063.7691,10930.84739999997
484221.4476,23244.780499999993
484471.7096,17046.93080000003
484646.6267,0
484852.3638,15954.914400000009
484885.4423,19137.182499999995
485025.4632,0
485082.7828,0
485218.5676,23410.57740000001
485226.2503,0
485580.2637,376.0222000000067
485769.8144,16857.084600000002
486247.7887,16497.316099999996
486307.6355,14110.211099999957
486511.63,17220.285800000012
486685.1624,21203.267266666633
486691.9405,16667.544000000053
486782.383,21704.392999999982
486852.4897,16861.551199999987
486970.8963,17263.90730000002
487273.3881,20417.62699999998
487580.0376,0
487660.7488,3681.4139999999898
487914.3191,17412.556500000006
487960.6601,25083.449983333296
488041.3247,16666.19199999998
488259.0603,16763.794200000004
488342.17220000003,0
488405.2254,16882.24589999998
488407.2806,0
488410.0844,16893.6495
488562.9577,22842.740100000054
488595.1526,24823.390599999984
488812.816,17732.773999999976
488945.3571,23142.33010000002
489117.6761,24782.57429999998
489219.2512,16395.793600000034
489358.5988,16736.84090000001
489627.5599,16646.358499999973
489852.4468,16037.105500000005
489898.7116,16787.642500000016
490023.9152,16606.60269999999
490034.159,0
490034.7236,16134.280500000052
490080.9298,16513.145099999965
490200.8704,15779.421900000016
490385.1479,0
491076.639,16180.397500000021
491105.3348,15039.474300000002
491345.2393,0
491559.7706,24972.13909999997
492274.3885,13527.974400000006
492294.6525,24046.615500000014
492307.7299,17943.646899999992
492315.554,0
492431.3846,0
492611.5862,0
492677.0151,20749.809100000013
492980.0717,14141.50449999998
493087.7076,11703.982300000032
493674.0213,22224.087800000038
493803.4076,16697.62539999996
493928.2186,14307.21020000003
494348.355,0
494366.5187,24251.540399999998
494466.6129,0
494557.2958,16426.155200000037
494672.924,14264.945899999992
495235.0696,14594.076899999985
495250.3483,14583.29310000001
495300.6575,16494.12089999998
495456.6663,16478.10963333334
495468.4863,14186.660700000008
495720.3247,16853.836299999966
495786.0102,15365.6679
495921.6684,4150.259400000039
495958.4198,16507.05283333332
495986.2299,22148.62369999994
496302.7917,14959.358899999992
496529.2419,13943.758160000027
496547.7212,14731.382000000041
496559.3732,24533.518899999966
496565.1687,16817.068700000003
496695.6269,14257.073799999955
496797.9933,13812.307199999981
496945.9267,16131.074499999988
496948.1054,14439.040600000008
497222.8908,0
497357.9038,13588.42049999995
497561.6556,14004.255933333305
497773.5332,0
498021.6625,16769.444799999997
498320.7966,13254.940699999977
498340.7621,0
498773.6311,13835.145799999998
498781.5882,13244.358799999987
498902.3337,15307.108000000007
498985.36066666665,0
499197.536,13242.345700000005
499431.1747,16843.316599999962
499467.942,16768.641200000013
500097.98439999996,0
500170.6962,14017.239700000035
500246.5515,14691.043599999975
500415.7441,16200.649199999985
500537.0585,24704.87520000001
500781.25179999997,0
501135.291,14022.155100000033
501137.3199,14112.434200000018
501313.8178,15292.092800000042
501412.3896,15614.3125
501536.7175,14596.539900000033
501541.69,14681.873316666693
501591.4049,14716.63380000001
501813.8022,18052.08069999999
501903.0929,13987.036499999987
502057.3443,14161.525499999989
502139.7541,14766.801200000045
502255.3898,14583.163600000029
502645.689,14145.267099999997
502909.9699,14363.151300000027
502937.8561,0
503012.8445,0
503191.5972,0
503363.0723,14820.146499999973
503423.4602,0
503544.8528,14653.030020000006
503753.0294,14300.710599999991
503870.3076,17074.453500000003
503935.4306,14370.63420000003
503956.6154,16304.150499999989
503989.42,15209.99119999999
504106.796,14759.993799999997
504166.2525,15314.310500000021
504187.19,14149.685600000026
504342.6437,14365.649900000019
504679.316,14304.402499999967
505204.3182,14650.81409999996
505366.1313,15417.863983333344
505391.0884,14923.73550000001
505586.8631,14885.260500000033
505746.4976,15229.011500000022
505920.2449,14694.838199999998
505997.738,0
506054.472,13765.34970000002
506216.2711,15066.857799999998
506414.0621,25261.72119999997
506620.9004,14270.141266666644
506714.0133,0
506890.8717,14940.862400000042
507158.1349,14084.286100000027
507164.3743,14377.852900000056
507430.7228,15122.891999999993
507468.3084,14071.886599999969
507733.4701,14891.822499999951
507993.7954,14183.363899999997
508082.0616,14708.526000000013
508090.8567,0
508113.4446,14511.592100000009
508302.4656,15087.540999999968
508570.8036,14517.424699999974
508724.0355,14451.011100000003
508935.006,14495.219500000007
509143.6856,0
509311.6452,14084.761600000027
509507.5939,14060.184299999964
509571.4379,14343.542400000035
509621.2915,14447.290199999989
509767.4577,1669.3165000000154
509799.4277,14719.859799999977
510011.7333,14107.619800000044
510128.7514,0
510210.0186,14968.614666666661
510233.1878,13904.014200000034
510424.0047,14546.995274999994
510564.9633,12257.88069999998
510680.7112,14192.68180000002
510768.504,14184.820999999996
511226.8636,0
511404.8234,14532.231299999985
511464.796,11492.584299999988
511679.07,11941.106000000029
511791.961,14157.396200000017
511860.0964,13343.661999999953
511870.3761,14447.545400000003
511875.1448,11818.52880000003
512271.837,14497.795099999988
512565.858,14323.668700000038
512934.5737,14053.975000000035
513012.5114,2340.2302999999956
513332.3222,12044.910199999984
513337.5261,11914.5625
513466.6518,14846.291499999992
513483.0299,11590.976100000029
513504.8462,10701.863900000055
513739.323,11519.000199999951
513895.7301,0
514475.9015,11007.755599999975
514594.926,484.99267999996664
514618.536,10991.53640000004
514680.8586,14657.96339999995
514739.9651,14489.699499999988
514785.1228,14313.321400000015
515434.8043,13721.646500000032
515450.946,0
515486.0783,11438.90399999998
515560.7484,10494.435799999977
515622.3021,14121.82859999995
515635.0868,5862.2804999999935
515674.0152,12034.43160000001
515846.0447,12056.401700000046
516069.8584,10411.98450000002
516144.8839,10591.328500000003
516168.0902,10968.337100000004
516432.782,4798.760499999975
516540.4602,4625.891799999983
516628.8253,11067.08030000003
516722.4066,10157.311999999976
517138.9653,10401.203399999999
517160.3315,10535.835199999972
517213.3871,10891.68160000001
517268.2991,10979.55290000001
517326.9172,10632.915500000003
517383.6357,0
517479.0837,14110.814100000018
517747.0084,14159.655566666683
517875.3592,10852.853200000012
518153.2773,10970.388600000006
518266.4489,14508.835699999996
518538.8534,10847.263000000035
518727.5037,10069.740899999975
518745.6923,10420.941099999996
519302.4479,10771.83600000001
519702.9392,14152.059700000042
519941.9446,10962.542399999977
519968.9625,10735.592900000047
520043.8306,10581.159400000004
520450.1332,10822.617599999998
520852.3242,11856.689199999964
520964.7066,14359.214199999988
521147.3904,8024.3984000000055
521356.7456,10531.287300000025
521516.8993,14446.065899999987
521716.5929,9986.881799999974
521847.8632,11454.231400000048
521954.411,7461.394700000004
521958.2763,4233.026300000027
522026.5273,10329.205000000016
522107.2034,11124.830199999968
522111.5528,14234.607699999993
522153.7244,10484.733899999992
522360.8904,10628.021899999992
522510.7648,10687.369999999995
522745.6638,10617.517999999982
523258.0309,14269.122300000046
523343.1863,13954.845099999977
523451.9186,10620.063699999999
523544.3637,0
523597.4957,10511.990300000005
523711.0063,11377.495200000005
523734.5861,12653.774700000009
523973.6721,14129.647100000002
524207.6329,11124.411100000027
524425.8506,11993.589700000011
524442.8405,11102.817800000077
524479.2961,10777.192200000049
524637.1449,8663.754599999986
524838.0201,10605.992199999979
524984.9913,14980.118099999963
525161.4625,10640.096200000029
525167.0462,11609.401799999992
525469.9039,10547.832800000033
525514.0327,11901.25649999996
525685.3995,11356.33360000007
525720.3064,4823.668399999966
525904.8125,14784.86009999999
526567.5062,10900.341349999944
526963.9868,12116.295199999935
527077.5037,11146.640100000019
527398.0308,11265.82269999996
527409.2739,10738.59110000002
528311.5842,10896.182600000058
528489.67,11292.47100000002
528564.4298,12271.09460000007
528627.6648,12345.928600000043
528693.3519,7122.228699999978
529040.4323,10972.48589999997
529165.7508,11463.016300000018
529231.2121,12353.881700000027
529318.7051,11659.459000000032
529351.7388,10949.41670000006
529357.6407,11239.308499999985
529530.6304,11701.220900000015
529990.3191,11086.400799999945
530184.3977,12058.935199999949
530205.0684,7903.1464999999735
530444.7763,12884.75800000003
530689.1802,11337.759699999937
530723.4961,11156.452899999975
530787.2806,11254.26250000007
530841.5451,12211.709600000002
530865.5763,12095.93379999994
530973.4663,14230.49749999994
530995.4448,11393.749000000069
531107.854,11425.501500000071
531111.3191,11275.216099999961
531350.9906,11305.148600000015
531391.8453,12306.8612166667
531394.6331,12039.982399999979
531473.9133,11403.718800000031
531646.8385,11136.231899999955
531658.2174,11022.67049999995
531891.9573,11447.550600000017
531912.6178,12908.899199999985
531962.3475,12802.729900000035
531968.9139,12082.478000000061
532157.103,11948.899600000004
532163.2495,12757.009600000049
532242.489,10910.046899999958
532301.7858,11390.513699999952
532582.1697,11890.872199999983
532915.4373,12539.353699999978
533080.3712,11312.425200000056
533625.6654,11844.605700000073
533814.088,11170.591799999995
534034.5018,12245.1544
534035.4748,11384.91479999997
534098.4281,11700.510400000028
534771.6523,11373.756199999945
534931.4798,11850.331199999957
535014.1858,11367.834999999963
535182.5238,11645.778299999947
535417.4722,12023.97299999994
535435.3466,11540.180900000036
535509.449,12245.069100000022
535571.5273,11710.731766666635
535760.7816,11987.797699999996
535776.9361,12177.582900000038
535779.3181,9769.121000000043
535836.5634,11647.40989999997
535950.065,12095.317599999951
