-----Simulation 0-----
173071.228,0
173267.8205,0
173353.6139,0
173576.75819999998,0
173660.96232,0
173685.7485,0
173810.6311,0
173822.5246,0
173851.6493,0
173856.0344,0
173897.6158,0
173910.7627,0
173943.145,0
173959.54200000002,0
173967.1832,0
174104.5697,0
174107.3142,0
174298.0851,0
174428.4549,0
174680.7231,0
174693.9078,0
174698.3086,0
174853.107,0
174863.5023,0
174993.4585,0
175006.95990000002,0
175033.9794,0
175167.6865,0
175184.9823,0
175341.17680000002,0
175412.5911,0
175547.5804,0
175693.7076,0
175801.3559,0
175942.5422,0
175990.0704,0
176004.4792,0
176017.5023,0
176023.1818,0
176181.60259999998,0
176405.3152,0
176491.4321,0
176664.3372,0
176739.6691,0
176802.1384,0
176830.6872,0
177024.7106,0
177143.0907,0
177372.2039,0
177482.7178,0
177487.5255,0
177521.2771,0
177613.6239,0
177750.37219999998,0
178018.4894,0
178112.14370000002,0
178352.465,0
178374.5141,0
178448.7797,0
178470.62,0
178593.9154,0
178731.9332,0
178744.8035,0
178793.8227,0
178893.0279,0
178956.3827,0
179045.2627,0
179222.8637,0
179251.3177,0
179443.5265,0
179495.6402,0
179554.7463,0
179606.3432,0
179631.8091,0
179646.9475,0
179699.7384,0
179709.8856,0
179817.3748,0
179938.4128,0
179942.5609,0
180010.3353,0
180224.1152,0
180289.271,0
180291.66,0
180633.8748,0
180725.639,0
180773.206,0
180834.8666,0
180889.68829999998,0
181044.5502,0
181214.3166,0
181416.9278,0
181583.0108,0
181646.8561,0
181729.4281,0
181761.4021,0
181901.0451,0
182003.4127,0
182067.5538,0
182134.32559999998,0
182212.9137,0
182340.61359999998,0
183031.2903,0
183040.6813,0
183205.8573,0
183234.1389,0
183276.5582,0
183720.3365,0
183766.179,0
183809.0035,0
183856.3229,0
184018.15840000001,0
184044.6408,0
184213.0145,0
184373.3493,0
184471.28519999998,0
184638.0612,0
184639.073,0
184785.9644,0
185108.6939,0
185280.3216,0
185286.5349,0
185612.957,0
185634.0976,0
185785.3774,0
185866.717,0
186059.3049,0
186129.153,0
186135.6362,0
186785.3155,0
186826.9555,0
186883.0882,0
186972.26929999999,0
186972.769,0
186991.2803,0
187280.02419999999,0
187367.283225,0
187570.7092,0
187636.1399,0
187648.5565,0
188031.7052,0
188055.0305,0
188389.34,0
188410.868,0
188458.3009,0
188538.5969,0
188751.3527,0
188813.0344,0
189124.1295,0
189667.4506,0
189695.46529999998,0
189917.6858,0
189972.5876,0
189998.5778,0
190209.3762,0
190254.6833,0
190264.4541,0
190483.4871,0
191071.092,0
191077.9967,0
191120.5802,0
191562.019,0
191573.3868,0
191629.0442,0
191661.5146,0
191683.6343,0
191706.22879999998,0
191954.6084,0
191957.8338,0
191958.7924,0
192265.3121,0
192277.7156,0
192303.5663,0
192626.2926,0
192919.1077,0
193058.4902,0
193119.2612,0
193316.2786,0
193332.4831,0
193422.5901,0
193426.26,0
193472.7496,0
193682.7885,0
193693.3093,0
193806.6024,0
193945.7647,0
194059.4927,0
194106.4606,0
194143.998,0
194382.3089,0
194490.66330000001,0
194549.8667,0
194607.255,0
194799.7763,0
194873.8522,0
194904.8344,0
195036.3932,0
195045.8483,0
195190.8601,0
195386.1485,0
195452.1178,0
195474.3215,0
195577.09649999999,0
195590.6481,0
195611.15850000002,0
195615.267,0
195645.75209999998,0
195714.0096,0
195720.0019,0
195806.9306,0
196006.5173,0
196055.6636,0
196129.2506,0
196131.9928,0
196256.762,0
196948.89860000001,0
197071.4684,0
197075.029,0
197158.4196,0
197399.9062,0
197442.8221,0
198087.3901,0
198232.4374,0
198295.3245,0
198436.2937,0
198759.73859999998,0
199005.5405,0
199148.394775,0
199427.6237,0
199499.2368,0
199526.8714,0
200062.1325,0
200201.1264,0
200215.5147,0
200330.243,0
200374.6109,0
200466.89370000002,0
200544.1574,0
200564.0155,0
200607.3027,0
200688.4846,0
200762.0846,0
201007.7649,0
201492.8197,0
201551.522,0
201600.5395,0
201665.607,0
201705.424,0
201891.2507,0
201992.6944,0
202047.37660000002,0
202366.0821,0
202412.5703,0
202697.5152,0
202725.69253333332,0
202754.0963,0
203428.9323,0
203558.8874,0
203680.1273,0
203752.1863,0
204187.6746,0
204540.9406,0
204625.5248,0
205020.7057,0
205146.9375,0
205238.8613,0
205509.9716,0
205631.528,0
205699.2084,0
206118.1829,0
206230.2665,0
206269.8243,0
206315.5778,0
206347.0181,0
206815.5625,0
207103.0753,0
207158.0237,0
207207.9086,0
207364.58539999998,0
207401.6912,0
207454.1184,0
207471.07150000002,0
207597.4409,0
207992.8014,0
208019.3149,0
208595.7077,0
208689.8148,0
208838.462,0
208885.834,0
208931.576275,0
208938.564,0
209106.5286,0
209324.8819,0
209346.2878,0
209431.86642,0
209556.2507,0
209760.8775,0
210088.8221,0
210210.1058,0
210349.814,0
210562.7706,0
210611.6113,0
210747.0949,0
210872.6164,0
211111.84256666666,0
211205.72759999998,0
211218.668,0
211690.5847,0
211799.726,0
211827.4376,0
211956.664,0
211957.6004,0
212006.6449,0
212126.0669,0
212611.1244,0
212749.3502,0
212830.7776,0
213296.467,0
213558.7361,0
213739.8586,0
213863.54869999998,0
213868.2721,0
213888.5566,0
213895.5789,0
214064.625,0
214530.1799,0
215195.5318,0
215383.4929,0
215795.2102,0
215961.3861,0
216041.6109,0
216203.9334,0
216285.7498,0
217271.1529,0
217367.2086,0
217871.9367,0
218020.1885,0
218023.3313,0
218237.27409999998,0
218489.2157,0
218600.6888,0
218884.386,0
218940.331,0
219097.981425,0
219287.3438,0
219455.1997,0
219593.9356,0
219622.1751,0
219737.0657,0
219877.0538,0
220026.8348,0
220276.0209,0
220379.9548,0
221026.3479,0
221047.5975,0
221206.0023,0
222095.0775,0
222280.6436,0
222462.2526,0
222760.52,0
222844.9939,0
223006.5708,0
223720.5307,0
223880.1572,0
224045.3378,0
224080.774775,0
224428.8946,0
224513.7132,0
224670.1529,0
224891.6239,0
225174.0932,0
225494.301,0
225634.1363,0
225794.8991,0
226330.3417,0
226346.474,0
226347.7489,0
226393.9914,0
226435.5352,0
226443.7992,0
226645.1868,0
226804.4009,0
227039.68435,0
227608.9536,0
227811.9726,0
227877.7372,0
227922.5851,0
227940.1933,0
227954.6475,0
228005.1184,0
228063.5641,0
228156.225,0
228916.1384,0
228996.9354,0
229035.3938,0
229340.7559,0
229430.8145,0
230063.6769,0
230100.3837,0
230133.3505,0
230652.6518,0
230929.7261,0
231589.4261,0
231980.2517,0
232116.8727,0
232330.2245,0
232463.2439,0
232487.8522,0
232646.11229999998,0
232652.696,0
232685.4814,0
232852.8218,0
232902.08860000002,0
232928.65884,0
232983.816,0
233111.0564,0
233181.75579999998,0
233233.126,0
233301.6355,0
233342.15852,0
233488.3778,0
233917.8343,0
234223.28389999998,0
234524.794,0
234562.9842,0
234586.5596,0
234788.835,0
235231.9343,0
235245.8037,0
235592.0555,0
235718.83120000002,0
235809.1983,0
235951.9229,0
236029.3735,0
236139.1563,0
236196.6774,0
236197.1721,0
236345.5638,0
236458.0802,0
236867.6174,0
236936.9744,0
236962.7793,0
237009.8161,0
237276.6938,0
237303.18839999998,0
237409.5832,0
237472.7593,0
237483.7501,0
238440.8628,0
238468.0456,0
238635.598,0
238856.8075,0
238928.8701,0
239270.5165,0
239595.01,0
239783.8946,0
239935.6919,0
239977.5442,0
240224.1849,0
240454.5832,0
240504.2974,0
240854.1118,0
240902.52539999998,0
240983.2096,0
241132.6595,0
241162.7769,0
241170.4509,0
241508.09470000002,0
241943.9785,0
241958.02240000002,0
241968.5159,0
242044.75699999998,0
242238.4281,0
242257.3201,0
242383.221,0
242604.22716666668,0
242715.6251,0
242744.5889,0
242956.7855,0
243113.5394,0
243158.8352,0
243875.3062,0
243928.1029,0
243940.0779,0
244338.2445,0
244498.921,0
244743.7464,0
244870.98930000002,0
244937.7414,0
244951.3914,0
245030.1837,0
245348.2074,0
245648.08179999999,0
245839.0466,0
245960.7159,0
245985.3561,0
246318.1506,0
246380.83346,0
246564.81170000002,0
247078.84,0
247520.3479,0
247548.4009,0
247769.8211,0
247773.7653,0
247789.8364,0
247925.7897,0
248041.39669999998,0
248047.6635,0
248249.6957,0
248271.5571,0
248333.1293,0
248391.6997,0
248664.27120000002,0
248768.0829,0
248999.6133,0
249020.2075,0
249391.1077,0
249425.11609999998,0
249431.8438,0
249559.378,0
249795.518,0
249872.3796,0
249881.8336,0
250055.923,0
250117.72149999999,0
250212.6604,0
250214.27,0
250593.4517,0
250833.2959,0
251011.0688,0
251029.7086,0
251151.99506666666,0
251272.8378,0
251381.6365,0
251493.1802,0
251696.6935,0
251888.2548,0
252005.204,0
252034.8079,0
252248.0697,0
252262.4425,0
252305.0233,0
252436.0078,0
252498.6386,0
252539.9073,0
252570.5916,0
252638.4623,0
252991.2701,0
253114.5411,0
253138.4792,0
253139.4489,0
253317.4852,0
253345.9514,0
253383.0865,0
253436.92369999998,0
253586.1325,0
253625.7274,0
253706.184,0
253803.5192,0
253876.5227,0
253910.8147,0
253981.80550000002,0
254046.90240000002,0
254052.78100000002,0
254066.8175,0
254185.5698,0
254223.3016,0
254245.02909999999,0
254256.1843,0
254365.3542,0
254408.2553,0
254420.2385,0
254439.5121,0
254768.0349,0
254941.4246,0
255242.7475,0
255297.2439,0
255534.8859,0
255553.7124,0
255742.0447,0
255900.3135,0
256251.3969,0
256337.7549,0
256352.0454,0
256516.2667,0
256582.2848,0
256860.0557,0
257189.9449,0
257262.2336,0
257270.6295,0
257738.5141,0
257743.83860000002,0
257850.65159999998,0
257990.9333,0
258334.6686,0
258348.7602,0
258491.87829999998,0
258849.4364,0
258865.4339,0
258890.83659999998,0
259042.7075,0
259094.3897,0
259285.6575,0
259389.5811,0
259578.5309,0
259750.9819,0
260174.3272,0
260558.7445,0
260592.4865,0
260662.9891,0
260867.14860000001,0
260912.5525,0
260963.7042,0
261253.1125,0
261388.5387,0
261689.0343,0
262006.75280000002,0
262087.584,0
262266.0099,0
262270.3725,0
262535.2426,0
262841.174,0
263051.9692,0
263131.1728,0
263240.1704,0
263511.6774,0
263533.3195,0
263625.717,0
263726.7834,0
264012.8002,0
264033.259,0
264416.4398,0
264465.2192,0
264606.67339999997,0
264652.4571,0
264778.3998,0
265026.8553,0
265132.2351,0
265190.2036,0
265197.6302,0
265266.53130000003,0
265345.8474,0
265390.9215,0
265598.2951,0
265783.5724,0
265865.5634,0
265893.3656,0
265971.6447,0
266135.2176,0
266242.1294,0
266441.3911,0
266463.52520000003,0
266515.6002,0
266882.6096,0
266900.42960000003,0
267267.03489999997,0
267346.9165,0
267424.9764,0
267585.7726,0
267604.9123,0
267872.3669,0
268230.3209,0
268434.6318,0
268816.1128,0
268822.9564,0
268884.973,0
268897.6107,0
268899.6001,0
269096.1779,0
269319.3946,0
269584.3147,0
269726.5857,0
269765.1799,0
269793.0536,0
269795.4736,0
269822.7099,0
269981.2256,0
270047.4283,0
270084.7593,0
270372.64249999996,0
270614.5824,0
270697.8193,0
270717.5303,0
270728.14280000003,0
270806.5785,0
270984.98699999996,0
271358.757575,0
271384.0037,0
271413.8458,0
271583.0609,0
271589.27749999997,0
272037.4405,0
272101.7728,0
272132.9968,0
272524.7353,0
272713.2365,0
272771.7876,0
272968.148,0
273033.3228,0
273110.3574,0
273126.3119,0
273567.384,0
273637.1596,0
273715.1492,0
273951.2991,0
274040.2762,0
274043.7001,0
274074.9011,0
274108.6844,0
274147.9061,0
274178.1361,0
274405.0236,0
274469.9156,0
274775.1607,0
274812.3189,0
274848.0427,0
274939.0987,0
275061.4496,0
275096.82,0
275159.4942,0
275209.06779999996,0
275273.6408,0
275431.4241,0
275443.297,0
275523.3305,0
275578.8294,0
275586.5589,0
275743.3923,0
275771.719,0
275896.2954,0
276146.1432,0
276462.1129,0
276472.3362,0
276478.3691,0
276805.8494,0
276975.6559,0
277054.1837,0
277099.4653,0
277118.8811,0
277124.56070000003,0
277136.2201,0
277175.24569999997,0
277231.75179999997,0
277284.3627,0
277313.0345,0
277416.6486,0
277761.5562,0
277770.3254,0
277784.9889,0
278293.1197,0
278450.8685,0
278625.6154,0
278971.7495,0
278985.9294,0
279130.74199999997,0
279280.745,0
279361.2895,0
279392.60322,0
279559.8611,0
279690.589,0
279692.4587,0
279884.4193,0
279991.0632,0
280181.3409,0
280295.012,0
280327.8723,0
280345.19539999997,0
280596.076,0
280601.64029999997,0
280888.4739,0
281234.6884,0
281733.9055,0
281906.18090000004,0
281937.8188,0
281998.7088,0
282330.106,0
282626.4349,0
282649.4065,0
282779.8378,0
283004.2056,0
283024.3705,0
283670.74450000003,0
283681.35,0
283711.7599,0
283801.749,0
283803.9171,0
283843.7771,0
283857.6119,0
283914.44909999997,0
284269.8908,0
284289.4231,0
284570.6944,0
284585.1332,0
284788.5753,0
284918.3646,0
285252.71160000004,0
285687.0786,0
285719.0858,0
285737.2233,0
285774.2422,0
285797.7933,0
285797.821,0
285873.07039999997,0
286236.8561,0
286583.8998,0
286727.8247,0
286753.1324,0
287063.7706,0
287081.8409,0
287205.3531,0
287339.3714,0
287453.5649,0
287454.9051,0
287662.4895,0
287697.9524,0
287880.1116,0
288201.8853,0
288390.7406,0
288695.7236,0
288722.8716,0
289289.5946,0
289376.4125,0
289405.7975,0
289443.74809999997,0
289569.5805,0
289853.0584,0
289931.6792,0
289959.0765,0
290038.4939,0
290153.3117,0
290444.2066,0
290889.7076,0
290912.4236,0
291035.9206,0
291440.9253,0
291506.2477,0
291709.2928,0
292088.2703,0
292264.1986,0
292580.86470000003,0
292631.7288,0
292679.3834,0
292735.7945,0
292909.8750666667,0
293596.8088,0
294001.3733,0
294263.9885,0
294553.04,0
294639.7982,0
294954.8776,0
295123.8479,0
295154.6456,0
295265.3254,0
295303.3487,0
295315.3631,0
295322.5723,0
295344.69200000004,0
295430.4131,0
295478.4448,0
295529.8508,0
295572.596,0
295725.5486,0
295746.1483,0
295923.398,0
296101.81663333334,0
296257.04110000003,0
296391.3276,0
296466.3083,0
296706.9721,0
296880.03489999997,0
297099.4778,0
297310.7186,0
297329.6237,0
297377.2806,0
297819.7027,0
297952.717125,0
298431.5905,0
298471.9741,0
298496.59750000003,0
298763.5972,0
299050.20530000003,0
299459.0438,0
299532.4371,0
299670.6675,0
299837.1494,0
300129.2268,0
300416.3216,0
301460.1543,0
301799.0734,0
302126.6626,0
302697.78691666666,0
302785.3774,0
302924.08999999997,0
303012.2737,0
303053.1145,0
303414.1304,0
303743.4905,0
303786.5993,0
303879.6281,0
303978.0552,0
304023.4941,0
304273.5648,0
304322.3788,0
304430.5263,0
304660.3933,0
304683.039275,0
305084.6457,0
305134.4985,0
305631.6236,0
305724.7878,0
305990.6303,0
306074.0589,0
306261.48459999997,0
306323.9246,0
306411.4694,0
306473.1467,0
306480.333,0
306487.1707,0
306641.705,0
306642.1528,0
306820.7487,0
307369.1687,0
307475.9934,0
307747.8703,0
307926.5463,0
307957.982,0
308232.4519,0
308416.04839999997,0
308514.1812,0
308738.6307,0
308748.2642,0
308764.4581,0
309214.0056,0
309349.4718,0
309374.6337,0
309526.6164,0
309682.161,0
309706.4662,0
309712.8391,0
309783.4811,0
309886.2782,0
309919.5186,0
310084.7477,0
310102.0753,0
310594.6762,0
310844.0109,0
311077.369,0
311133.4186,0
311221.8516,0
311228.2257,0
311518.99398333335,0
311707.9986,0
311860.3444,0
311925.9913,0
312132.179,0
312162.0321,0
312163.2758,0
312800.7672,0
312917.29998,0
313084.1575,0
313114.5783,0
313199.84034,0
313223.034,0
313324.673,0
313693.6519,0
313894.3564,0
314171.69016666664,0
314187.58290000004,0
314269.7642,0
314594.9225,0
314641.1237,0
314808.6968,0
314840.7188,0
314946.7685,0
315098.3559,0
315215.4364,0
315229.9811,0
315282.1263,0
315308.5457,0
315350.3679,0
315877.4179,0
316015.03816666664,0
316450.5915,0
316896.5628,0
317291.61340000003,0
317310.3099,0
317405.972,0
317496.0185,0
317538.4518,0
317608.3837,0
317809.7,0
318046.509,0
318183.0021,0
318365.9748,0
318497.95920000004,0
319196.8867,0
319259.9794,0
319361.8888,0
319441.5422,0
319453.5649,0
320052.9269,0
320160.6625,0
320208.3718,0
320255.424,0
320601.1947,0
320642.7567,0
320802.0786,0
320822.4292,0
320862.6593,0
320914.5162,0
320968.5462,0
320972.6923,0
321043.5309,0
321125.0829,0
321134.5859,0
321151.1115,0
321450.3391,0
321535.9808,0
321593.7146,0
321606.5663,0
321796.9664,0
322404.3662,0
322739.0629,0
322747.35970000003,0
322926.1139,0
323566.0868,0
323571.7191,0
323988.0323,0
324269.6721,0
324294.3533,0
324323.2525,0
324442.3749,0
324541.11923333333,0
324577.9794333333,0
324591.8184,0
324628.8604,0
324667.2639,0
324757.4153,0
325160.4238,0
325186.4022,0
325272.6629,0
325352.3524,0
325458.8841,0
325590.7417,0
325752.4077,0
326032.2213,0
326499.0628,0
326580.1509,0
326665.8476,0
326816.0686,0
326852.5172,0
326992.2196,0
327140.40619999997,0
327153.6803,0
327414.9802,0
327483.2051,0
327505.0789,0
327537.1156,0
327557.9962,0
327814.9002,0
327858.0286,0
328123.9643,0
328278.1396,0
328299.0777,0
328331.2741,0
328443.27280000004,0
328448.3809666667,0
328504.1047,0
328553.9662,0
328899.0612,0
329000.80460000003,0
329255.5161,0
329385.9036,0
330190.9681,0
330219.7479,0
330251.2231,0
330345.7205,0
330748.7925,0
330967.2283,0
330969.2423,0
331059.398,0
331269.811,0
331332.3726,0
331390.9088,0
331441.3555,0
331729.4108,0
331866.5174,0
331913.9182,0
332177.6107,0
332474.43,0
332573.6051,0
332588.9248,0
332765.6069,0
332898.9368,0
333017.8247,0
333081.8325,0
333094.6504,0
333302.7706,0
333307.7499,0
333436.7102,0
333522.5818,0
333533.1025,0
333553.618,0
333601.4977,0
333714.8079,0
333750.9661,0
333784.9365,0
333839.214,0
333945.83,0
334425.8825,0
334460.399,0
334514.75049999997,0
334569.6476,0
334732.6259,0
334860.8774,0
334908.8381,0
335221.7625,0
335252.8614,0
335524.1332,0
335534.9265,0
335544.7425,0
335623.3643,0
335658.3603,0
335785.0873,0
335855.723,0
335938.8335,0
336305.9111,0
336419.264,0
336453.6429,0
336637.2995,0
336696.6041,0
337144.9954,0
337293.2102,0
337376.5224,0
337477.8957,0
337593.516,0
337609.9755,0
337794.0012,0
338007.1449,0
338027.2209,0
338489.6715,0
338601.5469,0
338643.2673,0
338742.5269,0
338898.174,0
339003.93696666666,0
339185.158,0
339308.0479,0
339394.3424,0
339498.1736,0
339691.7148,0
340010.0725,0
340076.3635,0
340275.4032,0
340391.22239999997,0
340421.2161,0
340578.1176,0
340587.0866,0
340741.7544,0
340856.0833,0
340999.6511,0
341054.5902,0
341199.9839,0
341431.87098,0
341449.7937,0
341589.2484,0
341883.8865,0
341930.0084,0
341948.9483,0
341961.8268,0
342106.2609,0
342317.7014,0
342416.217,0
343140.6361,0
343185.5098,0
343252.1422,0
343587.6472,0
343900.5136,0
343923.0009,0
343936.6246,0
343942.3746,0
343951.8521,0
344238.54480000003,0
344365.3473,0
344451.665625,0
344569.1848,0
344936.57409999997,0
344954.3878,0
344958.6262,0
345066.5032,0
345150.3484,0
345265.4352,0
345459.4301,0
345484.2008,0
345575.6927,0
345750.8735,0
346031.20629999996,0
346053.011,0
346782.6497,0
346843.3421,0
346847.485,0
346903.0222,0
347100.6826,0
347408.2408,0
347463.4686,0
347584.80090000003,0
347619.1418,0
347851.9106,0
347922.3886,0
347941.0191,0
348021.2305,0
348144.9333,0
348705.1617,0
348717.697,0
348757.6331,0
348851.2188,0
348958.3666,0
349017.2636,0
349032.8456,0
349287.7968,0
349391.9385,0
349396.93090000004,0
349764.6155,0
349769.6584,0
349851.29242,0
349900.7932,0
349954.098,0
349994.67370000004,0
350055.184,0
350142.6704,0
350483.2746,0
350591.46499999997,0
350674.0368,0
350808.4696,0
350893.128,0
351038.8682,0
351216.9465,0
351233.7704,0
351258.4559,0
351792.3951,0
351801.5085,0
351836.459725,0
351864.2048,0
351873.1883,0
351879.9647,0
351880.828,0
351925.84750000003,0
352203.8668,0
352253.0638,0
352291.1708,0
352651.566,0
352930.4285,0
352939.8621,0
353220.54819999996,0
353226.0679,0
353286.98219999997,0
353290.2046,0
353376.8089,0
353440.6193,0
353450.7989,0
353809.9853,0
353895.6164,0
354116.8456,0
354292.1385,0
354489.3668,0
354498.5628,0
354506.3483,0
354737.5575,0
354776.4586,0
355075.6885,0
355143.7691,0
355224.2269,0
355252.7287,0
355267.2634,0
355379.316,0
355391.6611,0
355549.1174,0
355555.3929,0
355653.5538,0
355715.5771,0
355744.951,0
355777.9628,0
355818.9103,0
356217.6652,0
356410.134,0
356448.6136,0
356494.0029,0
356584.5805,0
356608.29720000003,0
356751.8925,0
356757.506,0
357018.8283,0
357029.631,0
357061.2406,0
357256.4597,0
357451.3176,0
358387.4436,0
358593.5162,0
358656.3445,0
358709.061825,0
358742.4969,0
358845.23843333335,0
358941.2926,0
358943.6875,0
358985.5566,0
359021.9185,0
359104.0857,0
359115.3034,0
359236.1265,0
359265.19909999997,0
359271.1506,0
359287.23829999997,0
359538.5514,0
359578.0039,0
359596.8362,0
359699.22490000003,0
359859.04720000003,0
359948.91755,0
360053.4783,0
360113.9538,0
360198.1095,0
360236.4642,0
360433.8288,0
360880.87930000003,0
360884.4639,0
360915.1422,0
361044.86309999996,0
361544.1807,0
361719.5416,0
361824.1287,0
361976.8473,0
362087.3615,0
362354.65729999996,0
362357.6917,0
362410.7464,0
362747.0458,0
362891.7436,0
362899.7139,0
363292.0335,0
363298.5713,0
363512.299,0
363550.2227,0
363559.472,0
363602.629,0
363679.8875,0
363764.5945,0
363829.624,0
364017.9943,0
364037.4227,0
364141.10730000003,0
364240.9508,0
364384.6791,0
364401.4766,0
364402.9187,0
364468.4647,0
364664.0356,0
364798.0654,0
364983.7042,0
365070.208,0
365169.4399,0
365438.82660000003,0
365501.0809,0
365511.0684,0
365568.6851,0
365855.7503,0
366054.5706,0
366344.1189,0
366366.52749999997,0
366992.3476,0
367081.3647,0
367155.2798,0
367180.4303,0
367278.8595,0
367339.9638,0
367780.5045,0
367802.7283,0
367960.5909,0
368076.0904,0
368432.7813,0
368530.3675,0
368547.472,0
369025.3522,0
369078.8138,0
369367.0698,0
369466.4036,0
369552.7719,0
369731.8217,0
369733.7721,0
369872.7923,0
370128.0371,0
370178.52749999997,0
370280.4852,0
370406.2057,0
370562.9773,0
370584.1867,0
370713.88659999997,0
371287.41980000003,0
371290.702,0
371485.1715,0
371526.775,0
371541.2639,0
371847.646,0
372026.6654,0
372134.9973,0
372181.1208,0
372243.1617,0
372302.3468,0
372324.8415,0
372486.9011,0
372513.17350000003,0
372558.073,0
372706.7354,0
372725.6104,0
373517.3212,0
373664.0475,0
373883.056,0
374536.2079,0
374895.3561,0
374939.1448,0
375132.16740000003,0
375187.7125,0
375360.5677,0
375477.4244,0
375509.0174,0
375674.5908,0
375711.9734,0
375994.689,0
376133.9841,0
376271.9568,0
376426.2064,0
376822.8416,0
376838.2864,0
376959.2302,0
377030.15119999996,0
377105.4597,0
377170.0311,0
377318.0788,0
377594.5248,0
377634.4585,0
377680.9345,0
377683.1892,0
377802.8795,0
377820.8091,0
377921.29114,0
377982.77749999997,0
378422.2986,0
378460.1169,0
379206.1037,0
379455.7847,0
379473.4264,0
379520.7266,0
379655.79,0
379733.0422,0
379815.43350000004,0
379867.7035,0
379902.2144,0
380110.9246,0
380152.2585,0
380599.763,0
380697.2795,0
380719.5806,0
380763.5953,0
380810.59750000003,0
380891.7498,0
380987.6006333333,0
381088.1713,0
381090.0183,0
381596.9622,0
381757.87820000004,0
382029.7201,0
382296.1251,0
382340.5161,0
382557.524,0
382583.4056,0
382687.1482,0
382762.7983,0
382833.326,0
382839.9229,0
383043.0555,0
383171.0265,0
383361.5203,0
383361.8901,0
383417.6598,0
383602.0801,0
383802.6325,0
384042.4388,0
384271.39509999997,0
384352.5865,0
384442.7638,0
384472.5175,0
384673.541675,0
384694.3297,0
385158.356,0
385374.1055,0
385376.5799,0
385722.1364,0
386044.5666,0
386065.1922,0
386207.5086,0
386438.3953,0
386496.6836,0
386507.0391,0
386662.6748,0
386703.6838,0
386919.7686,0
386983.4252,0
386997.2235,0
387049.915,0
387083.2033,0
387255.1264,0
387632.1848,0
387634.2687,0
387920.4294,0
388040.4598,0
388147.48459999997,0
388208.0315,0
388428.9741,0
388518.656,0
388795.359,0
388930.4043,0
388981.0033,0
389086.3089,0
389203.2698,0
389426.11089999997,0
389426.6205,0
389542.5283,0
389682.699,0
389794.01540000003,0
389851.6082,0
389945.0205,0
390004.5085,0
390233.9068,0
390323.92339999997,0
391343.202,0
391477.9886,0
391535.8493,0
391742.2352,0
391897.1696,0
391967.3473,0
392233.0173,0
392266.3189,0
392333.0853,0
392471.1167,0
392692.6851,0
392706.4327,0
393061.687,0
393099.9487,0
393249.5565,0
393472.6241,0
393515.3431,0
393696.37789999996,0
394625.9956,0
394634.12179999996,0
394728.9052,0
395056.2462,0
395245.5366,0
395384.14639999997,0
395646.7754,0
395721.4898,0
395771.8542,0
395857.5005,0
395904.276,0
396013.6732,0
396124.852,0
396219.81799999997,0
396322.7162,0
396490.8469,0
396491.2861,0
396934.2439,0
397209.1187,0
397528.0706,0
397555.9149,0
397633.9317,0
398040.0102833333,0
398082.6608,0
398199.7654,0
398206.7585,0
398234.9543,0
398254.8183,0
398275.6713,0
398366.2758,0
398714.9443,0
398715.05113333336,0
399026.1389,0
399110.1168,0
399172.54825,0
399192.3223,0
399248.4878,0
399600.5147,0
399800.281,0
399850.2498,0
400097.401,0
400101.4843,0
400316.0343,0
400401.214,0
400425.7759,0
400939.56680000003,0
401101.2528,0
401206.2353,0
401299.9964,0
401418.2596,0
402044.428,0
402158.9952,0
402624.7395,0
402632.3061,0
402633.6019,0
402709.2409,0
402775.4489,0
402800.1975,0
403030.6603,0
403080.2826,0
403085.39009999996,0
403101.99569999997,0
403399.5034,0
403461.0955,0
403502.0724,0
403527.4842,0
404201.5738333333,0
404275.1321,0
404304.7506,0
404312.5605,0
404486.2927,0
404629.4061,0
404989.763,0
405098.2433,0
405226.047025,0
405226.131,0
405345.792,0
405422.2716,0
405441.6057,0
405644.1643,0
405810.7186,0
405976.7761,0
406008.2031,0
406045.7519,0
406202.346,0
406393.707,0
406459.481,0
406914.137,0
407165.357,0
407443.9243,0
407520.4375,0
407523.401,0
407647.9771,0
408374.9785,0
408647.5331,0
408922.03986,0
408962.0711,0
409014.51410000003,0
409024.88166666665,0
409212.2011,0
409247.6026666667,0
409259.0275,0
409434.4218,0
409476.8264,0
409571.4467,0
409768.9352,0
409870.234,0
410239.5987,0
410402.9607,0
411106.89890000003,0
411129.989,0
411507.3881,0
411551.52760000003,0
411804.7422,0
411926.9918,0
412091.2277,0
412101.2893,0
412485.7635,0
412643.1662,0
412810.0844,0
412931.27217999997,0
412954.2387,0
412984.2413,0
413099.1327,0
413388.4183,0
413426.5511,0
413457.02414,0
413714.6689,0
413808.478,0
413818.0084,0
413941.8678,0
414013.515,0
414151.1018,0
414219.6054,0
414222.1152,0
414527.92748,0
414550.7758,0
414619.8466,0
414768.6034,0
415012.4509,0
415137.2775,0
415370.8301,0
415646.1177,0
415667.2625,0
415731.9047,0
415750.90006666665,0
415930.9934,0
416031.6696,0
416537.3006,0
416613.0418,0
417032.26,0
417589.4413,0
417687.388,0
417765.7909,0
418577.6316,0
418688.8771,0
419001.5746,0
419320.956,0
419615.143,0
419804.9842,0
419822.6088,0
420001.9186,0
420226.385,0
420490.3958,0
420624.6704,0
420788.0688,0
420870.7716,0
421019.826,0
421165.0199,0
421294.18943333335,0
421336.5559,0
421352.8413,0
421354.0918,0
421526.1974,0
421785.5268,0
421896.233,0
422054.3014,0
422058.5325,0
422143.2112,0
422268.3534,0
422365.9056,0
422398.44299999997,0
422405.2766,0
422679.5616,0
422730.362,0
422787.9024,0
422947.1296,0
423050.9221,0
423108.7745,0
423154.4359,0
423207.7361,0
423347.5704,0
423400.1651,0
423403.2213,0
423447.5636,0
423609.5933,0
423613.7443,0
423627.9399,0
423639.84739999997,0
423749.5428,0
423779.21129999997,0
423837.7243,0
423861.4678666667,0
424016.1237,0
424030.8068,0
424121.77760000003,0
424394.1723,0
424450.2396,0
424472.9864,0
424486.619,0
424490.5917,0
424562.5831,0
424881.7005,0
424898.8436,0
425074.1431,0
425123.8284,0
425897.1827,0
426612.1281,0
426727.2023,0
426829.763,0
426833.4933,0
426847.1254,0
427076.27118333336,0
427102.2509,0
427218.3855,0
427324.015,0
427499.4728,0
427535.034,0
427586.97594,0
427591.4967,0
427606.0608,0
427684.43322,0
427724.644,0
428091.4597,0
428139.538,0
428166.3969,0
428657.586,0
428701.4911,0
428702.3735,0
428702.6045,0
428710.7406,0
428740.4243,0
428889.4107,0
429022.9354,0
429025.0397,0
429089.1996,0
429220.7611,0
429221.9057,0
429366.002,0
429383.2917,0
429427.3332,0
429530.7911166667,0
429634.8902,0
429762.73073333333,0
429841.3251,0
429910.7168,0
430012.6372,0
430024.0526,0
430412.4897,0
430498.7197,0
430503.26035,0
430511.4292,0
430550.5253,0
430698.8071,0
430705.5014,0
430834.8337,0
431096.8931,0
431101.6591,0
431318.0375,0
431666.7365,0
431741.20279999997,0
431817.1294,0
431859.1029,0
431883.9079,0
431896.2407,0
431927.9118,0
431985.01529999997,0
432038.3195,0
432100.142,0
432239.2953,0
432291.8296,0
432311.9607,0
432349.0688,0
432386.9605,0
432640.0992,0
432890.0083,0
432912.1863,0
433058.23250000004,0
433199.6773,0
433313.7256,0
433472.6857,0
433587.6443,0
433740.2902,0
433828.6681,0
433952.0983,0
434009.02780000004,0
434009.6972,0
434127.9504,0
434301.0692,0
434359.8983,0
434584.0592,0
434611.0,0
434677.3459,0
434857.6321,0
435161.6588,0
435305.8870666667,0
435313.8264,0
435334.7802,0
435386.7551,0
435664.127025,0
435673.3505,0
435758.1913,0
436059.5091,0
436067.40619999997,0
436067.9835,0
436160.2841,0
436262.2978,0
436545.4156,0
436630.10970000003,0
436930.8225,0
437279.6753,0
437318.3315,0
437579.5543,0
437702.463,0
437834.5773,0
437841.9741,0
437962.7657,0
438096.6458,0
438132.9351,0
438146.6552,0
438204.9661,0
438683.4131,0
438828.4377,0
438931.359,0
439116.8998,0
439377.9024,0
439524.23230000003,0
439583.7574,0
439683.582125,0
440047.8528,0
440094.5379,0
440212.3523,0
440219.9377,0
440222.7546,0
440302.2965,0
440676.9526,0
440771.04,0
440911.8052,0
441156.7969,0
441182.0717,0
441245.5977,0
441259.8131,0
441837.7026,0
441883.749,0
441904.7372,0
442108.8238,0
442154.54949999996,0
442464.1201,0
442515.7943,0
442665.6138,0
442848.2061,0
442856.43478333333,0
442999.4363,0
443020.0343,0
443029.2944,0
443040.8503,0
443429.41359999997,0
443693.5556,0
443863.5841,0
443891.2043,0
443905.7072,0
444000.9448,0
444237.0485,0
444363.6981,0
444385.7456,0
444523.4342,0
444970.8072,0
444991.4566,0
445276.0733,0
445378.6231,0
445422.8032,0
445459.4855,0
445578.442,0
445765.1825,0
446092.7074,0
446295.5689,0
446346.8991,0
446369.213,0
446490.1344,0
446627.5179,0
446646.50430000003,0
446751.974,0
446882.62919999997,0
446926.5311,0
447031.9084,0
447220.2181,0
447578.9937,0
447692.2507,0
447795.4028,0
447900.4931,0
447978.9618,0
448107.0808,0
448252.1821,0
448415.1,0
448479.2526,0
448485.0641,0
448623.87069999997,0
448693.40619999997,0
448701.8405,0
448965.859,0
448981.6765,0
449281.49693333334,0
449350.8027,0
449372.7049,0
449381.73730000004,0
449727.9726,0
449803.3174,0
449975.9777,0
450047.3226,0
450102.226,0
450133.3359,0
450421.7805,0
450505.9977,0
450792.8194,0
451013.7199,0
451082.7348,0
451798.33400000003,0
452032.8616,0
452212.5322,0
452684.2721,0
452936.9918,0
453046.19550000003,0
453132.297,0
453280.892,0
453463.1477,0
453488.8741,0
453528.2299,0
453873.83770000003,0
454429.6748,0
454468.0554,0
454516.7756,0
454824.6319,0
454929.2089,0
455016.8313,0
455179.4037,0
455258.4759,0
455278.27,0
455283.6747,0
455290.58759999997,0
455628.0295,0
456453.0284,0
456460.4502,0
456473.0482,0
456555.5501,0
456582.7688,0
456738.0948,0
456743.8155,0
456854.5779,0
456898.5159,0
456923.1136,0
457021.384,0
457117.8127,0
457401.4684,0
457541.4717,0
457561.5245,0
457750.0677,0
457984.8987,0
458310.9864,0
458626.4943,0
458745.6075,0
458827.9284,0
459099.8463,0
459118.3243,0
459318.2583,0
459614.5539,0
459625.17,0
459709.0148,0
459837.6189,0
459891.7088,0
459964.66370000003,0
460104.1988,0
460193.6553,0
460198.69310000003,0
460239.8974,0
460302.6677,0
460601.6595,0
460868.0807,0
460875.2473,0
461115.0596,0
461150.9621,0
461170.9707,0
461315.01639999996,0
461374.0428,0
461385.9515,0
461735.3122,0
461763.6113,0
461778.3756,0
461794.964,0
462173.0394,0
462442.7582,0
462449.0157,0
462470.4404,0
462827.4816,0
462870.3587,0
463153.999,0
463177.0233,0
463211.8006,0
463252.4276,0
463503.25502,0
463533.8015,0
463563.3998,0
464139.4894,0
464154.1699,0
464268.3922,0
464596.8968,0
464807.691,0
464851.1383,0
465180.2363,0
465196.583,0
465202.7043,0
465240.85730000003,0
465521.5618,0
465569.3742,0
465582.71129999997,0
465726.7659,0
465730.1641,0
465974.4024,0
466262.9303,0
466297.3113,0
466523.4384,0
466845.462,0
467060.0466,0
467309.2835,0
467442.0347,0
467562.8563,0
467665.276,0
467962.3841,0
468027.4914,0
468760.2133,0
469008.7341,0
469095.83400000003,0
469219.8716,0
469313.3837,0
469575.6631,0
469779.5245,0
470397.5752,0
470403.089,0
470607.9053,0
470890.5567,0
470960.8568,0
471332.962,0
471628.1271,0
471805.8436,0
472115.0379,0
472510.7453,0
472568.30022,0
472589.8922,0
472800.4639,0
472875.5433,0
472917.78859999997,0
472987.0274,0
473062.0553,0
473134.1409,0
473542.4807,0
473542.6237,0
473902.2097,0
474083.731,0
474431.19909999997,0
474472.981,0
474824.37690000003,0
474932.5701,0
474996.2631,0
475310.5859,0
475319.3839,0
475527.7922,0
475877.8439,0
475979.6733,0
476070.8124,0
476196.5987,0
476394.9292,0
476517.536,0
476550.0664,0
476564.2774,0
476676.6478,0
476679.4422,0
476812.1132,0
476857.3823,0
476989.1795,0
477011.642,0
477061.6034,0
477179.3158,0
477639.91130000004,0
477687.588,0
477811.5455,0
477867.4474,0
478280.4628,0
478750.5518,0
478790.8677,0
478809.7305,0
479116.4154,0
479143.4641,0
479453.396,0
479504.109,0
479575.4362,0
479648.6036,0
479743.3806,0
479781.28119999997,0
479940.8976,0
479954.28035,0
480229.2783,0
480232.3158,0
480607.0775,0
480613.9714,0
480645.4384,0
480668.5338,0
481037.5182,0
481209.7756,0
481216.2791,0
481365.7223,0
481408.5684,0
481676.2064,0
481696.8694,0
481813.9325,0
481820.7325,0
482022.5558,0
482057.9048,0
482305.3827,0
482555.65989999997,0
482722.1777,0
483082.19392,0
483146.6088,0
483151.4457,0
483791.614475,0
483832.1922,0
484011.4469,0
484074.78859999997,0
484143.2305,0
484206.0679,0
484316.0059,0
484462.3855,0
484474.1289,0
485002.7071,0
485304.994,0
485359.2202,0
485453.9115,0
485636.101,0
485816.3596,0
485828.4139,0
485903.9169,0
485905.1347,0
485945.2253,0
485997.2483166667,0
486003.2783,0
486056.0137,0
486405.7306,0
486632.2427,0
486709.8197,0
486736.72483333334,0
486736.8017,0
486738.44680000003,0
486781.6409,0
487136.2611,0
487209.3521,0
487294.7318,0
487307.4689,0
487320.2943,0
487399.3985,0
487401.7524,0
487526.23219999997,0
487638.0178,0
487829.4169,0
488086.4536,0
488286.0162,0
488314.8468,0
488590.8379,0
488734.6552,0
488872.6108,0
488891.4425,0
488931.5951,0
489296.6079,0
489573.1299,0
489626.93495,0
489808.4219,0
489862.6974,0
490134.91576,0
490228.18,0
490420.25195,0
490453.5833,0
490500.5031,0
490505.8294,0
490536.34140000003,0
490716.9793,0
491194.4235,0
491201.281,0
491288.458,0
491377.82779999997,0
492172.9784,0
492175.9345,0
492503.6114,0
492553.8845,0
492582.20279999997,0
492701.6037,0
493046.1657,0
493146.9085,0
493208.6134,0
493374.91675,0
493496.2562,0
493556.48829999997,0
493587.23945,0
493745.1164,0
493787.9673,0
494033.6122,0
494268.74470000004,0
494683.5791,0
494899.4126,0
494900.0717,0
494999.2769,0
495126.545,0
495171.6402,0
495546.2206,0
495656.1558,0
495883.39890000003,0
495898.8672,0
496178.285,0
496208.7361,0
496253.2891,0
496293.4408,0
496569.1228,0
496812.58008,0
496829.28489999997,0
497539.2454,0
497697.4289,0
497965.3462,0
498108.24809999997,0
498151.7743,0
498281.8461,0
498291.1015,0
498535.5253,0
498944.1188,0
499070.9329,0
499079.44909999997,0
499449.99569999997,0
499636.6019,0
499941.3675,0
500110.591,0
500610.080375,0
501094.6657,0
501246.7962,0
501332.6717,0
501452.1452,0
501505.889,0
501668.2721,0
501855.5352,0
501946.8675,0
501982.181275,0
502022.3828,0
502104.5869,0
502216.9182,0
502343.8281,0
502423.3894,0
502617.8742,0
502655.0949,0
503385.2618,0
503514.9221,0
503662.8653,0
503763.9866,0
503950.2929,0
504125.28914,0
504390.4141,0
504403.09739999997,0
504692.088,0
504982.1218,0
505013.8616,0
505029.917,0
505543.0392,0
505664.0733,0
505770.73840000003,0
506211.962,0
506216.2185,0
506247.6836,0
506331.7768,0
506476.652,0
506494.9155,0
506951.2537,0
507078.8652,0
507079.6438,0
507146.0229,0
507238.6144,0
507286.7363,0
507299.3674,0
507306.7601,0
507352.7759,0
507409.2955,0
507456.8985,0
507554.7991,0
507679.3751,0
507873.8226,0
507894.5345,0
507896.5302,0
507918.66240000003,0
508059.5154,0
508151.386,0
508177.4479,0
508814.1703,0
508869.3652,0
509046.6356,0
509086.5273,0
509124.5414,0
509332.9684,0
509387.459,0
509418.3966,0
509989.01780000003,0
510063.4368,0
510088.4775,0
510132.9791,0
510231.1129,0
510279.819,0
510310.8936,0
510651.8171,0
510661.7015,0
510680.4839,0
510757.4639,0
511139.842,0
511155.4685,0
511406.7377,0
511535.7909,0
512046.9163,0
512369.6723,0
512587.819,0
512913.8418,0
512941.3353,0
512944.0344,0
512972.3822,0
513016.669,0
513277.3228,0
513286.2421,0
513333.4369,0
513377.28740000003,0
513427.6166,0
513476.5429,0
513484.088,0
513988.3549,0
514123.3007,0
514153.8157,0
514279.2041,0
514371.6592,0
514440.5614,0
514456.1362,0
514844.5924,0
514919.3274,0
515004.8206,0
515009.6177,0
515080.1996,0
515543.5551,0
515550.1965,0
515561.3979,0
515633.2504,0
515643.087,0
515764.49820000003,0
515973.76780000003,0
516006.8999,0
516024.2031,0
516097.9062,0
516608.9243,0
516631.4953,0
516820.1855,0
516823.5615,0
516914.698,0
517124.6807,0
517127.9767,0
517250.4437,0
517385.1158,0
517499.47490000003,0
517624.77150000003,0
517877.5655,0
518095.4079,0
518111.6188,0
518137.6199,0
518302.9096,0
518368.0404,0
518478.0422,0
518762.4533,0
518964.2104,0
519079.9861,0
519090.29110000003,0
519123.9263,0
519323.6618,0
519340.5499,0
519355.766,0
519392.2296,0
519421.0958,0
519676.9465,0
519825.0576,0
519856.0612,0
519994.2281,0
520017.7741,0
520118.5266,0
520260.0223,0
520412.8892,0
520462.9712,0
520522.4948,0
520527.3155,0
520628.0957,0
520665.4701,0
520898.3049,0
520915.906925,0
520941.5713,0
521023.0544,0
521073.0888,0
521316.7486,0
521508.53893333336,0
521561.0954,0
521624.1803,0
521737.5827,0
521746.0075,0
521763.6546,0
521895.8244,0
522079.8137,0
522212.9563,0
522499.4142,0
522574.2987,0
522880.6262,0
522896.0326,0
522965.9303,0
523090.4264,0
523211.083,0
523252.3102,0
523311.4056,0
523324.96533333336,0
523339.2816,0
523630.8483,0
523642.334,0
523687.7657,0
523690.003,0
523763.5415,0
523765.2278,0
523908.7535,0
524472.5525,0
524544.7664,0
524547.1718,0
524671.9716,0
524978.1906,0
525101.5774000001,0
525134.2936,0
525168.8633,0
525319.7145,0
525369.2832,0
525403.5487,0
525484.2296,0
525566.2725,0
525570.5329,0
525576.5191,0
525714.6505,0
525749.8835,0
525816.1117,0
525833.5933,0
525856.6767,0
525968.4391,0
525977.1391,0
526213.7888,0
526331.3595,0
526341.7294,0
526863.783,0
526876.0637,0
526921.1267,0
527074.8226000001,0
527321.3737,0
527456.9099,0
527465.9136,0
527616.1472,0
527622.9777,0
527918.8917,0
527938.0483,0
527987.4694000001,0
528029.9819,0
528102.4948,0
528164.4022,0
528201.7199,0
528223.661,0
528256.4085,0
528423.103,0
528780.8778,0
528841.5828,0
528843.983425,0
528884.6159,0
528951.9312,0
529313.5672,0
529361.5564,0
529591.3261,0
529632.6596,0
529641.8654,0
529793.8625,0
529825.0242,0
529844.5012,0
530191.6003,0
530278.8303,0
530348.2898,0
530402.1439,0
530436.2781,0
530670.1843,0
530670.5203,0
530710.30545,0
530721.1407,0
530878.3077,0
530994.4857,0
531072.9447,0
531228.1766,0
531287.361,0
531362.1225,0
531560.842,0
531584.8159,0
531628.6036,0
531648.4481,0
531841.7079,0
531861.188,0
532055.7808,0
532138.7862,0
532417.9256,0
532674.661,0
532720.3782,0
532750.7753,0
532780.951,0
532789.718,0
532875.0274,0
532943.4676,0
533173.3226,0
533286.1729,0
533594.9805,0
533685.3643,0
533704.5423,0
533718.6913,0
534061.2629,0
534115.8305,0
534140.8932,0
534312.8016,0
534366.9844,0
534672.6285999999,0
534801.7506,0
534809.0154,0
534824.7009,0
535102.7141,0
535423.5037,0
535457.3319,0
535518.7873,0
535696.3552,0
535862.6868,0
535900.5486,0
535990.9199,0
536015.98784,0
536079.4892,0
536140.3989,0
536176.7836,0
536326.1753,0
536441.0079,0
536538.9749,0
536541.1401,0
536693.5160000001,0
536810.3978,0
537043.022,0
537140.4942,0
537239.4685,0
537471.7934,0
537617.9266,0
537668.7388,0
538056.5629,0
538216.149,0
538273.9207,0
538344.1324,0
538592.6504,0
538905.6852,0
538969.1484,0
539193.6236,0
539204.2437,0
539428.7618,0
539647.4755,0
539891.9369,0
539919.1314,0
540125.9608,0
540221.9453,0
540273.7259,0
540700.835,0
540800.9922,0
540903.1103000001,0
541221.2782000001,0
541295.1396999999,0
541384.7951,0
541396.0515000001,0
541908.4478,0
541951.3766,0
541960.7696,0
542068.9754,0
542105.4847,0
542128.826,0
542201.9953,0
542398.6293,0
542501.6688,0
542697.9392,0
543019.8994,0
543134.5447,0
543205.4989,0
543307.5925,0
543529.8019,0
543904.3542,0
543998.42,0
544029.0747,0
544159.5636,0
544242.0869,0
544542.4497,0
544587.2339999999,0
544802.618,0
545180.3445,0
545603.3935,0
545785.7779,0
545816.7564,0
546224.389,0
546453.4831,0
546508.8247,0
546732.1827,0
546963.9291,0
547284.405,0
547309.9357,0
547408.1497,0
547701.5159,0
547867.7292,0
548024.4456,0
548236.7564,0
548520.0291,0
548653.7864,0
548959.0779,0
548993.4878,0
548996.6445,0
549085.3284,0
549290.3625,0
549388.2683,0
549461.6189,0
550118.8075,0
550157.7438,0
550181.7727,0
550238.9897,0
550288.4569,0
550316.9842000001,0
550320.0797,0
550358.5836,0
550516.1112,0
550538.0684,0
550888.1575,0
551220.2793,0
551447.3626999999,0
551493.7923,0
551578.0591,0
551697.3884,0
551861.6681,0
551887.4499,0
551902.2424,0
551935.6189,0
551954.7901,0
552128.2381,0
552209.7484,0
552936.6577,0
552997.0443,0
553128.7797,0
553275.2997,0
553517.4638,0
553608.0046,0
553615.9211,0
553704.8481000001,0
553873.857,0
553907.8886,0
553975.6881,0
554143.5074,0
554205.1149,0
554432.053,0
554440.7753,0
554484.2748,0
554601.8,0
554677.1918,0
554904.5368,0
555262.2622,0
555507.5369,0
555539.1705,0
555750.5426,0
555775.9728999999,0
555796.488,0
555940.8536,0
556001.9714,0
556161.2781,0
556259.3782,0
556459.6805,0
556487.9328,0
556689.9976,0
556856.3715,0
556958.6296,0
557105.927,0
557238.9797,0
557319.4846,0
558076.0505,0
558175.576,0
558611.4321,0
558714.0062,0
558752.8991,0
558804.1415,0
558918.7281,0
558960.5612,0
559024.6282,0
559119.9083,0
559188.48545,0
559254.4121,0
559604.3574,0
560153.2256,0
560501.9653,0
560904.3041,0
561184.2516,0
561302.9966,0
561395.2138,0
561842.129,0
562072.8556,0
562119.0314,0
562194.482,0
562228.6688,0
562294.0874,0
562294.4114,0
562310.5246,0
562334.91784,0
562462.807,0
562552.2104,0
562639.7288,0
562950.777,0
563037.5189,0
563114.3262,0
563128.1506,0
563196.2328,0
563294.8964,0
563452.3061,0
564127.3895,0
564167.9534,0
564396.1117,0
564505.135,0
565085.7011,0
565136.4597,0
565278.9081,0
565294.4796,0
565424.8665,0
565513.9122,0
565674.1022,0
565692.6816,0
565936.4764,0
566005.6587,0
566295.9711,0
566679.8256,0
566767.4997,0
566829.6278,0
566997.7254,0
567025.3518000001,0
567079.7306,0
567360.7768999999,0
567378.707,0
567393.921,0
567630.3215,0
567734.0008,0
568462.2499,0
568798.2964,0
568976.5784,0
569101.844,0
569162.3668,0
569313.684,0
569405.5309,0
569659.9189,0
569823.3948,0
569826.8912,0
569837.5818,0
570028.2689,0
570311.2442,0
570715.7147,0
571074.6748,0
571188.0754,0
571234.579,0
571281.512,0
571744.6785333334,0
571938.6605,0
571970.364625,0
572027.9232,0
572248.8373,0
572262.6239,0
572632.0823,0
572662.3373,0
572762.9349,0
572932.9234,0
573387.2103,0
573455.3739,0
573483.6874,0
573920.4997,0
573931.2668,0
573963.1576,0
574051.4478,0
574064.7541,0
574153.5577,0
574916.4763,0
575170.51,0
575201.1455,0
575211.2185,0
575219.8416,0
575660.6455,0
575729.1256,0
576278.1821,0
576313.6317,0
576375.6529,0
576462.8504,0
576468.9397,0
577080.4793,0
577105.0204,0
577432.6159666667,0
577454.1691,0
577609.8918,0
577738.8568,0
578020.3081,0
578095.1964666666,0
578145.7581,0
578610.3419,0
578663.1909,0
578683.8332,0
578685.6421333334,0
578769.748,0
578856.2331,0
578868.4496,0
579258.2822,0
579284.5022,0
579493.5019,0
579916.6167,0
580109.4223,0
580178.8331,0
580480.2397,0
580583.8941,0
580753.3135,0
581259.5597,0
581609.2779,0
581779.631,0
581808.5945,0
581897.6324,0
582027.3619,0
582054.1009,0
582145.4332,0
582167.2679,0
582553.0161,0
582612.5586,0
582711.9094,0
582865.8543,0
582901.9197,0
582905.1984,0
583192.3316,0
583593.9748,0
583618.1495,0
583702.1208,0
583973.4159,0
584573.1058666667,0
584948.8671,0
585022.2458,0
585480.7123,0
585667.1667,0
585689.5811,0
585917.0609,0
586016.0152,0
586140.2188,0
586195.0974,0
586502.8763,0
586517.7993,0
586672.6838,0
586845.8312,0
587165.3572,0
587267.9376000001,0
587313.9823,0
587364.0386,0
587459.5221,0
587815.6652,0
587969.1285,0
588045.0346,0
588128.3824,0
588173.0034,0
588180.112,0
588442.3793,0
588550.8904,0
588897.8788666667,0
588919.533,0
588988.0676,0
589025.1138,0
589150.3466,0
589175.5359,0
589212.9603,0
589283.1163999999,0
589370.0841,0
589709.6694,0
590150.9969,0
590226.7319166666,0
590707.2172,0
590832.548,0
590848.6099,0
590899.149,0
590932.4706,0
591001.5792,0
591199.5413,0
591323.0667,0
591563.7025,0
591683.8248000001,0
591704.7021999999,0
591738.1992,0
591871.2213,0
592207.9705,0
592422.4203,0
592440.9665,0
592673.2516,0
592851.144,0
592983.1995,0
593055.76734,0
593113.8921,0
593279.7149,0
593290.3742,0
593482.2793,0
593539.5159,0
593552.4238,0
593626.2642,0
593640.3283,0
593687.2598,0
593906.3465,0
593910.022,0
593935.6384,0
593942.4006,0
594204.9721,0
594245.0782,0
594419.8104,0
594427.6863,0
594473.72,0
594759.9287,0
594954.847,0
595199.0651,0
595206.0189,0
595583.1369,0
595674.058,0
595864.4573,0
596063.9876999999,0
596208.0102,0
596321.3036,0
596368.5938,0
596593.1381,0
597105.5235,0
597119.6745,0
597133.4827,0
597206.8451,0
597227.9029,0
597261.785,0
597530.5675,0
597826.9905,0
597826.9957,0
598015.5764,0
598276.854,0
598321.1136,0
598556.4355,0
598663.4889,0
598766.2192,0
598939.76665,0
598947.1653,0
599194.0103,0
599297.1532000001,0
599451.9435,0
599652.4968,0
599724.5766,0
599732.1781,0
599752.7407,0
599846.0689,0
600002.6983,0
600222.291,0
600295.0643,0
600402.7301,0
600490.0158,0
600499.9978,0
600655.8598,0
600743.1196,0
600830.7881,0
600832.4438,0
600949.2871,0
600995.9012,0
601021.021,0
601221.362,0
601525.333,0
601568.4648,0
601739.3626999999,0
601863.1024,0
601876.2087,0
602033.8727,0
602047.6078,0
602050.7937,0
602163.8609,0
602183.5852,0
602226.9057,0
602258.3426,0
602266.9623,0
602282.6338,0
602560.6903,0
602579.5575,0
602604.7391,0
602620.5973,0
602682.9735,0
602801.4327,0
602844.7542,0
602886.391,0
602940.041,0
603023.9711,0
603068.7273,0
603178.4153,0
603214.3835,0
603433.827,0
603516.5237,0
603706.3453,0
604197.4706,0
604205.9171,0
604213.1261,0
604394.3102,0
604540.2274,0
604671.7805,0
604872.06,0
604987.5668,0
605078.6755,0
605095.1738,0
605117.2615666667,0
605182.6524,0
605276.7235,0
605356.4714,0
605523.8996,0
605533.0864,0
605844.4124,0
605894.5314,0
605894.894,0
605914.6622,0
605996.6352,0
606004.0189,0
606095.2759,0
606212.002,0
606258.5055,0
606305.0396,0
606421.4603,0
606449.0524333334,0
606515.9348,0
606643.712,0
606763.4823,0
606807.8337,0
606809.5529,0
606977.4166,0
607093.2764,0
607112.5124,0
607112.71,0
607117.9413000001,0
607186.1117,0
607281.8896,0
607296.767,0
607314.6434,0
607371.1317,0
607683.1264,0
607725.9435,0
607854.0171,0
608166.1507,0
608497.1788999999,0
608688.0098,0
608760.5713,0
608851.3584,0
608868.7745,0
608890.7844,0
609083.231,0
609125.4871,0
609137.6186,0
609271.2781,0
609364.9883,0
609446.3880333334,0
609452.3486,0
609744.4694000001,0
609753.9319,0
610004.4846,0
610180.9768,0
610245.4141,0
610275.4126,0
610381.567,0
610520.4629,0
610727.7598,0
610851.9092,0
610873.9817,0
610875.0091,0
610984.7149,0
611122.8086,0
611123.1763,0
611136.5957,0
611141.465,0
611218.3368,0
611368.4741,0
611431.9695,0
611437.5768,0
611568.6026,0
611689.7966,0
611841.6619,0
611881.3409,0
612077.1825,0
612359.8525,0
612405.52,0
612490.6184,0
612560.9207,0
612781.0202,0
612868.3788,0
612947.1559,0
612980.4488,0
612990.5718,0
613117.5406,0
613177.4144,0
613183.0501999999,0
613364.927,0
613580.9441,0
613750.0143,0
613873.3937,0
613969.372,0
614070.082,0
614120.3476,0
614211.3821,0
614222.6084,0
614258.0813,0
614381.7971,0
614516.8839,0
614536.4643999999,0
614608.1712,0
614610.3545,0
614622.0219,0
614624.783,0
614767.6558,0
614905.2233,0
615054.0812,0
615341.562,0
615380.0465,0
615381.7449666667,0
615502.9884,0
615511.5655,0
615549.512,0
615599.3821,0
615686.4976,0
615922.9799,0
615930.7372,0
615958.6542,0
616228.3088,0
616247.7289,0
616346.0589000001,0
616383.6038,0
616436.9823,0
616493.8119,0
616518.1332,0
616570.4308,0
616596.4055999999,0
616643.7759,0
616716.9735,0
617091.1242,0
617655.0192,0
617786.1928,0
617825.3315,0
617895.6147,0
617904.3658,0
618105.544,0
618239.9642,0
618306.9261,0
618532.6977,0
618701.5656,0
618748.1851,0
618831.224,0
618869.7809,0
619366.8152,0
619400.6507,0
619565.2752,0
619601.5017,0
619635.7443,0
619676.4246,0
619744.067,0
619771.9025,0
620102.0308,0
620255.3476,0
620622.164,0
620801.2091,0
620908.6349,0
620925.6406,0
621037.955,0
621049.5390999999,0
621098.923,0
621100.9401,0
621470.8738,0
621753.9761,0
621786.9712,0
621974.7390000001,0
622137.3707,0
622455.4327,0
622551.95,0
622840.0145,0
623042.5252,0
623219.8738,0
623420.2941,0
623497.9558,0
623530.2386,0
623543.7189,0
623599.3499,0
623671.9669,0
624124.2539,0
624178.6868,0
624255.382,0
624321.3153,0
624475.2887,0
624816.3008,0
624994.818,0
625059.8433,0
625300.0246,0
625340.4982,0
625579.9548,0
625648.4123,0
625677.615,0
625793.334,0
626252.8578,0
626754.9868,0
626760.779,0
626865.5168,0
627121.5174,0
627297.8825,0
627568.7599,0
627703.727,0
627718.7812,0
627865.7987,0
627922.3905,0
627926.9277,0
627946.2049,0
628077.9708,0
628093.0912,0
628194.6238,0
628393.3063,0
628414.552,0
628465.0365,0
628622.533,0
628680.6135,0
628754.4227,0
629337.7261,0
629383.2021999999,0
629451.9275,0
629620.3308,0
629649.2096,0
629652.3891,0
629706.2169,0
630029.8345,0
630197.5856999999,0
630727.6717000001,0
630752.9926666666,0
631069.9169000001,0
631084.7416,0
631104.9827,0
631178.1489,0
631351.5998,0
631516.3586,0
632225.7914,0
632466.524,0
632862.14,0
632867.4665,0
633085.7929,0
633300.219,0
633302.3071,0
633568.8365,0
634045.939,0
634139.8753,0
634262.333,0
634290.2345,0
634312.4773,0
634347.6782,0
634420.349,0
634482.7383,0
634691.3333,0
634757.312,0
635142.0548,0
635319.3229,0
635461.743,0
635493.0429,0
635823.1346,0
636133.0178,0
636150.7805,0
636218.7079,0
636287.7875,0
636589.4729,0
636598.7733,0
636631.0781,0
636774.2921,0
636943.8987,0
637037.6859,0
637145.9207,0
637464.578,0
637491.2171,0
637731.13,0
637827.1317,0
637936.1725,0
638418.8804,0
638440.8123999999,0
638503.4383,0
638632.0819999999,0
638650.7179,0
639006.4673,0
639027.5898,0
639076.0485,0
639171.8708,0
639291.9751,0
639376.7223,0
639500.5945,0
639578.4326,0
639755.2031,0
639821.2759,0
640099.7717,0
640106.9628,0
640289.7097,0
640317.3619,0
640506.3554,0
640516.9014,0
640569.9634,0
640664.9626,0
640789.0479,0
640977.2868,0
640983.6134,0
641064.1556,0
641144.503,0
641936.3896999999,0
642044.9727,0
642164.8515999999,0
642195.0854,0
642543.5231,0
642592.1973,0
642593.4924,0
642620.8312,0
642664.9017,0
642996.389,0
643189.3303,0
643191.8216,0
643363.1382,0
643483.8876,0
643502.2593,0
643857.5102,0
643929.260825,0
644186.3687,0
644292.9677,0
644417.8505,0
644713.5191,0
645094.8245,0
645176.0325,0
645328.4092999999,0
645366.5535,0
645660.4118,0
645665.3784,0
645885.3207,0
645984.6264,0
646038.1377333333,0
646064.4036,0
646097.2427,0
646120.8884,0
646536.491,0
646885.0461,0
647313.8252,0
647722.4936,0
647758.4082,0
647817.4474,0
647842.1212,0
647864.952,0
648201.6048,0
648347.2879,0
648396.5538,0
648557.3367,0
648569.9748,0
648653.2153,0
648799.0395,0
649279.458,0
649339.962,0
650065.0711,0
650106.8553,0
650185.8509,0
650535.4614666667,0
650545.7445,0
650799.91,0
651147.6816,0
651204.3094,0
651236.9968,0
651254.775,0
651269.6897,0
651432.6022,0
651571.3894,0
651596.4001,0
651882.0671,0
651942.8457,0
651988.1054,0
652521.3531,0
652545.2421,0
652603.0122,0
652612.586,0
652654.881,0
653090.1986,0
653132.1992,0
653236.8538,0
653287.0412666667,0
653332.268,0
653481.2369,0
653618.4442,0
653776.6315,0
654044.5054,0
654100.5731,0
654275.0272,0
654289.5862,0
654425.5572,0
654431.9625,0
654840.7445,0
654906.2609,0
655066.1876,0
655168.4514,0
655260.99214,0
655329.9025,0
655426.0593,0
655468.3729,0
655582.9676,0
655740.5732,0
655857.7002,0
655956.7362,0
656140.2964,0
656256.9034,0
656641.1565,0
656815.9763333333,0
656843.9801,0
656917.3409,0
656959.7369,0
657021.0926,0
657342.4698,0
657349.6085,0
657477.8796,0
657597.7893,0
657743.4768833333,0
658160.7589,0
658167.8906,0
658192.6584,0
658429.7174,0
658444.9139,0
658618.3576,0
658805.8383,0
659385.3612,0
659578.4409,0
659863.8242,0
659963.1367,0
660427.7072000001,0
660825.0718,0
660835.7476,0
661045.0128,0
661122.5922,0
661130.5612,0
661285.0848,0
661288.6965,0
661504.1434,0
661525.9234,0
661565.4861,0
661623.8721,0
661676.6867,0
662075.25026,0
662091.227,0
662106.6228666666,0
662122.4446,0
662358.9421,0
662635.0134,0
662951.2496,0
663157.2869,0
663263.2308,0
663436.7454,0
663810.206,0
663828.4151,0
663877.49225,0
664038.1266,0
664096.886,0
664097.4444,0
664183.8171,0
664425.234,0
664519.2344,0
664660.7262,0
664986.7827,0
665001.4469,0
665347.8991,0
665475.262,0
665493.1155,0
665702.5305,0
665720.6678,0
666244.2562,0
666398.0865,0
666477.4539,0
666567.0298,0
666632.5582,0
666960.6882,0
667115.5743,0
667473.5530333334,0
668484.2642,0
668664.9135,0
668948.9803,0
669074.9358,0
669143.3722,0
669322.2385,0
669376.675,0
669590.6713,0
669817.2339999999,0
670365.888,0
670447.5967,0
670579.1767666667,0
671089.8764,0
671362.1966,0
671409.9241,0
671438.4101,0
671459.0208,0
671643.7669,0
671888.2777,0
671927.0006,0
671985.4609,0
672025.282,0
672604.7127,0
672717.216,0
672909.9576,0
672941.2156,0
673407.717,0
673425.5977,0
673540.8651,0
673701.6845,0
673800.9345,0
673972.327,0
674055.3696,0
674119.6893,0
675011.5032,0
675034.1851,0
675094.6667,0
675105.0478000001,0
675310.4911,0
675380.9261,0
675442.8427,0
675702.2336,0
675831.2118,0
675989.7004,0
676076.3386,0
676247.6802,0
676309.6692,0
676384.6811,0
676561.058,0
676701.7368666667,0
676738.0273,0
676806.4805000001,0
676978.2616,0
677079.7693,0
677163.1394,0
677163.7626,0
677282.4519,0
677324.2682,0
677410.6632000001,0
677546.5752,0
677723.7484,0
677846.2087,0
677938.5156,0
678014.4743,0
678274.379,0
678392.9903,0
678516.913,0
678633.7861,0
679019.8937,0
679133.6102,0
679134.7561,0
679245.5942,0
679342.1105,0
679435.0867,0
679453.3124,0
679556.7614,0
679862.6667,0
680054.3814,0
680227.2509,0
680348.4413,0
680463.4932,0
680546.8392,0
680614.8804,0
680627.4426,0
680679.7389,0
680976.822,0
681268.9419,0
681383.5884,0
681468.2137,0
681483.968,0
681491.5723,0
681785.413,0
681905.7145,0
682102.5624,0
682132.3238,0
682171.4806,0
682213.2939,0
682786.7203,0
682938.718,0
682999.7171,0
683008.4567,0
683028.2636,0
683080.3055,0
683116.8394,0
683184.7506,0
683242.552,0
683290.9786,0
683426.3355,0
683715.2633,0
683811.5792,0
684016.0976,0
684023.1294,0
684214.3875,0
684231.7796,0
684324.135,0
684333.5246,0
684511.2191,0
684640.624,0
684748.9381,0
684939.3584,0
685074.05094,0
685362.1697,0
685515.5261,0
685605.9008,0
686033.3715,0
686328.8945,0
686488.5433,0
686827.4658,0
686833.22535,0
686906.1013,0
686919.2308,0
687212.0446,0
687262.9648,0
687508.8591,0
687516.4791,0
687603.3164,0
688320.557725,0
688446.5948,0
688601.1764,0
688715.4261,0
688738.5192,0
688763.7631,0
688844.9251,0
689015.6883,0
689154.2269,0
689164.4054,0
689343.7198,0
689449.2003,0
689449.3214,0
689519.573,0
689578.2197,0
689970.4403,0
689983.2561,0
690155.48,0
690158.7871,0
690215.9454,0
690294.6393,0
690318.8082,0
690371.3723333334,0
690385.6078,0
690436.6221,0
690473.4017,0
690505.6457,0
690600.240225,0
690686.6735,0
690775.162,0
690916.8754,0
690918.9409,0
690945.2036,0
691059.0665,0
691486.5866,0
691620.345,0
691863.9874,0
691896.1408,0
691989.5394,0
692020.7191,0
692081.347825,0
692186.6277,0
692192.8491,0
692278.2828,0
692357.5304,0
692395.0389,0
692401.2224,0
692507.3414,0
693064.6719,0
693319.5344,0
693373.4594,0
693398.5198,0
693545.2493,0
693547.6587,0
693754.3439,0
693875.8709,0
693898.9685,0
693928.6348,0
694168.7952,0
694225.0768,0
694234.8313,0
694362.7701,0
694421.4425,0
694501.5352,0
694587.3901,0
694594.0964,0
694733.8655,0
694889.0424,0
694896.8414,0
694979.1645,0
695008.4667,0
695031.6335,0
695056.2756,0
695195.8134,0
695272.1494,0
695368.804,0
695488.4609000001,0
695578.9367,0
695889.1801,0
695911.97,0
695981.4474,0
696304.9028,0
696425.3054,0
696440.8774,0
696528.8516,0
696552.3279333333,0
696561.4795,0
696625.2636166667,0
696871.2496,0
697055.5535,0
697073.1067,0
697335.6910999999,0
697544.8697,0
697555.0377,0
697909.1524,0
698103.4774,0
698105.5549999999,0
698222.3545,0
698239.8953,0
698283.5877,0
698669.006,0
698708.2061,0
698710.8043,0
698850.3628,0
699130.6084,0
699368.139,0
699549.6945,0
699575.7514,0
699768.2,0
699800.4617999999,0
700006.7947,0
700110.3734,0
700200.507,0
700247.20732,0
700406.3183,0
700419.8944999999,0
700488.6471,0
700564.6586,0
700658.8359,0
700790.5524,0
700807.6584,0
700821.2576,0
700911.0193,0
700967.4198,0
701050.443,0
701090.8405,0
701260.1918,0
701359.5382,0
701399.1794,0
701422.0146999999,0
701619.1531,0
701713.5527,0
701720.785,0
701787.0386,0
701800.7783,0
701881.1203,0
701896.025,0
701972.2901,0
702094.7993,0
702267.3486,0
702339.3094,0
702477.9809,0
702503.111,0
702551.137,0
702782.0445,0
702876.9158,0
703244.5671,0
703285.0496,0
703288.15,0
703674.0639,0
703801.1859,0
703818.0499,0
704056.1265,0
704258.1173,0
704358.8404,0
704378.8548,0
704472.9631,0
704707.9355,0
704790.7339999999,0
704792.5644,0
704905.4746,0
704918.791,0
705039.0192,0
705287.4363,0
705414.1108,0
705510.7434,0
705544.5303,0
705587.0733,0
705720.0113,0
706160.8718,0
706162.9709,0
706167.5804,0
706169.1057,0
706248.985,0
706326.4777,0
706561.457,0
706641.2615,0
707338.1521000001,0
707362.7538,0
707454.7757,0
707461.4211,0
707753.628,0
707948.6358,0
708580.8924,0
708626.7287,0
708713.7919,0
708734.1783,0
708742.4851,0
708849.5962,0
708852.5867,0
708874.9426,0
708913.5885,0
708932.7431,0
709151.8393,0
709191.683,0
709197.1088,0
709209.2259,0
709446.8794,0
709669.7808000001,0
709816.0794,0
710231.9922,0
710275.0563,0
710322.6832,0
710540.344,0
710599.5989,0
710801.0545,0
711034.4831,0
711148.3741,0
711167.3101,0
711231.7098,0
711513.3421,0
711634.9995,0
711863.4669,0
711980.8546,0
712509.0903,0
712520.9645,0
712641.5481,0
712735.3901,0
712847.1898,0
713119.2985,0
713126.9314,0
713288.1804,0
713562.7496,0
713569.0784,0
713803.6338,0
714152.6884,0
714180.6269,0
714305.0935,0
714378.1145,0
714464.5048,0
714470.722,0
714471.5479,0
714550.0905,0
714569.5761,0
714761.1780666667,0
714855.7295,0
714869.4839,0
714881.6089999999,0
715167.6205,0
715382.5903,0
715605.5908,0
716031.4911,0
716172.1567,0
716316.899,0
716638.8706333333,0
716692.9904,0
716813.0055,0
716951.7486,0
717038.9393,0
717208.4949,0
717246.6455,0
717378.0236,0
717514.5359,0
717612.4428,0
717867.0331,0
718113.9879,0
718138.4297,0
718191.8924,0
718296.8241,0
718303.5876,0
718586.7919,0
718613.1591,0
718764.4954,0
718904.5865,0
718957.3392,0
719012.3577,0
719039.111,0
719230.5327,0
719682.4557,0
719872.7805,0
719942.4492,0
720434.1753,0
720700.0971,0
720763.2798,0
720808.5027,0
720962.0738,0
721084.8415,0
721154.6452,0
721327.4012,0
721397.3695,0
721486.5855,1311.5992000000551
722416.166,0
722881.0268999999,0
722965.5271,0
722977.2005,0
722995.3388,0
723149.7204,0
723272.1075,459.55340000009164
723563.1997,0
723843.021,0
724305.6981,0
724423.6013,0
724487.9933,0
724907.6560833333,0
725624.7439,0
725932.5243,0
726047.2072000001,0
726144.1146,0
726165.0223,0
726263.7979,0
726537.1106,0
726567.4583,0
726575.7876,0
726597.126,0
726680.5572,0
726927.4871,0
726950.1826,0
727062.3917,0
727267.7755,0
727383.5613,0
727530.2549,0
727593.5753,0
727812.8389,0
728065.9827,0
728085.0802,0
728125.6636,0
728179.1454,0
728191.9387,0
728192.3808,0
728354.0893999999,0
728361.6304,0
728786.9346,0
728830.8304,0
728954.8659,0
728978.1388,0
729152.6853,0
729201.3013,0
729239.6078,0
729272.466,0
729659.0486,0
729679.2523,0
729747.5817,0
729786.8522,0
730323.5325,0
730332.5098,0
730541.7818,0
730577.283,0
730908.4956,0
730933.4019,0
730960.3343,0
731198.5963,0
731720.9782,0
731829.8909,0
731839.0829,0
731887.6984999999,0
732083.2136,0
732091.9128,0
732156.7314,0
732258.0139,0
732363.333,0
732366.1699,0
732384.1725,0
732545.9771,0
732628.9971,0
732641.8791,0
732935.673,0
733065.4714,0
733410.4625,0
733487.136875,0
733488.0504,0
733510.2679,0
733592.2042,0
733664.1895,0
733758.9297,0
733936.4094,0
734378.2234,0
734509.57925,0
734713.866,0
734965.4661,0
735380.1396,0
735486.6628,0
735682.4956,0
735738.1908,0
735748.5382,0
736136.6958,0
736196.75025,0
736273.7994,0
736303.2170166667,0
736421.2519,0
736487.9932,0
736912.2392,0
736921.9553,0
736942.7021,0
737198.156,0
737452.0660999999,0
737637.8694,0
738065.4717999999,0
738295.1945,0
738304.7357,0
738737.3498,0
738737.7267,0
739495.5914,0
739523.4811,0
739917.9527,0
739944.1693,0
740062.1474,0
740464.8613,0
740557.1547,0
740666.9871,0
741180.6513,0
741851.0916,0
742085.355,0
742143.7838,0
742146.1957,0
742343.6032,0
742481.8398,0
742611.4691,0
742660.1699,0
742660.3858,0
742665.2761,0
742689.2127,0
742836.3088,0
742855.6358,0
743187.872,0
743272.1938,0
743529.1575,0
743540.3306,0
743659.5776,0
744039.197,0
744304.0877,0
744458.0819,0
744606.2921,0
744660.7006,0
744811.2874,0
744943.9017,0
745050.5293,0
745627.8883,0
745926.1042,0
746166.5399,0
746286.4841,0
746450.1894,0
746648.0635,0
747622.7434,0
747639.6652,0
747798.193025,0
747939.3552,0
748342.0407,0
748524.8858,0
748648.9825,0
748714.9260333333,0
748876.4931,0
749551.169,0
749754.5145,0
750021.4577,0
750165.3821,0
750396.1388,0
750797.2061,0
750850.754,0
750939.462,0
750976.3376,0
751479.1611,0
751540.0455,0
751609.3176,0
751987.5473,0
752174.0395,0
752202.607,0
752263.0138,0
752420.5476,0
752613.7509,0
752709.8965,0
752890.0172,0
752895.2747,0
753334.8826,0
753737.704,0
753792.5798,0
753829.0736,0
753877.7682,0
753933.7334,0
753974.8798,0
754032.9524,0
754290.5316,0
754393.2078,0
754535.4148,0
754675.8388,0
754730.5001,0
754737.5611,0
755007.0161,0
755202.2471,0
755411.0946,0
755466.048,0
755602.6302,0
755784.1807,0
755784.9881,0
755969.7035000001,0
756080.8822,0
756223.3518,0
756375.3408,0
756753.4849,0
756966.1454,0
757165.8523,0
757244.6689,0
757247.7101,0
757473.3755,0
757778.7199,0
757895.6833,0
758046.0996,0
758341.994075,0
758429.7253,0
758493.2539,0
758635.9169,0
758744.8607,0
759184.1223,0
759313.9126,0
759361.7394,0
759414.4508,0
759448.6242,0
759497.4582,0
759642.9889,0
759650.5755,0
759651.8757,0
759711.6878,0
759728.2287,0
759954.6724,0
760209.6086,0
760406.6866,0
760513.54,0
760732.4847,0
760986.3034,0
761191.3816,0
761394.5018,0
761441.6336000001,0
761483.8151,0
761484.0824,0
762154.2716,0
762328.5714,0
762477.3985,0
762498.7531,0
762554.2693,0
762719.7072,0
762813.6902,0
762892.4103999999,0
762997.6415,0
763166.1768,0
763217.5856,0
763307.5278,0
763484.9548,0
763752.2784,0
763863.5983,0
764007.4321,0
764301.7548,0
764390.4183,0
764750.3832,0
764791.4371,0
764968.4682,0
765301.2071,0
765640.9825,0
765683.9,0
765765.1607,0
765870.3488,0
766147.0734999999,0
766471.2877,0
766653.4848,0
766912.7927,0
767205.1813,0
767414.7658,0
767421.5556,0
767461.0281,0
767492.1473,0
767764.3925,0
767793.6377,0
767850.8378,0
767906.0794,0
768054.7145,0
768177.1616,0
768300.8269,0
768695.363,0
768741.3946,0
768762.1975,0
769185.5325,0
769328.1267,0
769822.0555,0
770075.7825,0
770231.9143,0
770232.5177,0
770442.4412,0
770504.0396,0
770599.959,0
770625.4281,0
770634.2454,0
770841.3003,0
771142.4329,0
771146.139,0
771320.0838,0
771364.6236,0
771386.2477,0
771638.363,0
771999.9226,0
772048.7334,0
772129.2411,0
772455.4181,0
772499.0765,0
772610.0605,0
772664.7291,0
772697.0225,0
772714.2215,0
772888.8364,0
773051.4437,0
773119.6428,0
773208.8906,0
773464.5792,0
773474.4567,0
773530.5957,0
773582.6608,0
773712.9117,0
773743.1703,0
773839.4046,0
773918.4974,0
774058.8242,0
774268.7794,0
774413.8208,0
774567.6656,0
774673.8639,0
774695.6089,0
774714.8855,0
774773.3382,0
775005.4734,0
775242.4649,0
775317.737,0
775357.2792,0
775398.0328,0
775531.2925,0
775596.7756,0
775789.3363,0
775945.6053,0
776187.6841,0
776226.9353,0
776243.5745,0
776311.4333,0
776384.2512,0
776425.2734,0
776462.3397,0
776473.9874,0
776564.8999,0
777155.3438666667,0
777205.1508,0
777387.0043,0
777459.1045,0
-----Simulation END-----
