-----Simulation 0-----
172844.647,0
172866.1576,0
173245.8471,0
173252.3138,0
173525.3482,0
173586.18170000002,0
173692.7024,0
174088.3276,0
174141.8405,0
174336.5859,0
174366.9571,0
174631.15346666667,0
174803.2012,0
174934.0559,0
175007.7982,0
175065.0164,0
175087.8626,0
175129.4297,0
175279.7167,0
175383.2049,0
175408.0171,0
175531.1144,0
175565.2922,0
175581.4113,0
175629.21600000001,0
175645.9472,0
175728.6497,0
176024.495,0
176161.3294,0
176437.4011,0
176447.59,0
176480.0263,0
176609.9688,0
176671.7673,0
176675.59350000002,0
176993.16700000002,0
177261.75890000002,0
177717.8334,0
177972.6675,0
177989.5985,0
178031.4894,0
178119.2311,0
178147.5318,0
178381.616,0
178399.43660000002,0
178574.9046,0
178822.044,0
178832.17859999998,0
179042.174,0
179198.9176,0
179238.7708,0
179415.7458,0
179442.186,0
179584.6645,0
179712.2304,0
179834.5199,0
180027.2134,0
180433.0027,0
180525.4589,0
180768.696,0
180828.5937,0
181019.3938,0
181226.7701,0
181241.8865,0
181438.9838,0
181641.2708,0
182001.5622,0
182234.6987,0
182310.7216,0
182340.2478,0
182552.74790000002,0
182604.1084,0
182672.8923,0
182719.3226,0
182863.7248,0
182906.09960000002,0
182924.9739,0
183192.73810000002,0
183203.63326666667,0
183262.1146,0
183357.4371,0
183363.1552,0
183382.279,0
183396.7706,0
183420.9028,0
183644.5257,0
183823.2892,0
183839.0309,0
183863.2637,0
183937.995,0
183947.3045,0
183998.5802,0
184194.8938,0
184447.2481,0
184502.2416,0
184688.8541,0
184739.9187,0
185142.1924,0
185199.3542,0
185253.1508,0
185353.7507,0
185606.3289,0
185693.28710000002,0
185921.23440000002,0
186102.412,0
186178.7056,0
186247.644,0
186262.23253333333,0
186268.0912,0
186317.2372,0
186386.6211,0
186475.2952,0
186629.4078,0
186803.6265,0
186915.9537,0
187058.561725,0
187091.1077,0
187091.9855,0
187101.0876,0
187103.3294,0
187157.153,0
187217.4302,0
187621.79009999998,0
187911.0859,0
187976.44150000002,0
188043.4348,0
188248.191,0
188276.802,0
188328.224,0
188375.831,0
188511.4037,0
188929.6934,0
188994.8056,0
189021.1843,0
189026.6211,0
189032.6521,0
189151.0576,0
189559.3275,0
189820.7711,0
189848.85139999999,0
189984.3103,0
189999.6827,0
190123.0572,0
190253.022,0
190315.5956,0
190520.1426,0
190700.4216,0
190746.72639999999,0
190815.2767,0
190919.2367,0
190925.20919999998,0
190973.6423,0
191009.7586,0
191148.0982,0
191151.7856,0
191308.6069,0
191798.1493,0
191893.4358,0
191922.57880000002,0
192079.0081,0
192207.1984,0
192326.5382,0
192326.7613,0
192484.83909999998,0
192551.5724,0
192620.1123,0
192698.1156,0
192734.1059,0
192736.9556,0
192756.2961,0
192771.16999999998,0
192844.3914,0
192906.5761,0
193037.2086,0
193080.9658,0
193201.8063,0
193602.03470000002,0
194022.3209,0
194035.0215,0
194122.8677,0
194481.3642,0
194491.2598,0
194598.3672,0
194624.9484,0
194721.4652,0
194962.0823,0
195027.1359,0
195282.5833,0
195321.0845,0
195487.0214,0
195518.0926,0
195672.4018,0
195977.866,0
195993.9012,0
196087.0372,0
196396.68949999998,0
196465.45,0
196552.79570000002,0
196675.1579,0
196818.742,0
196857.7494,0
196873.3087,0
197175.47879999998,0
197515.48940000002,0
197541.7695,0
197740.7051,0
197765.2557,0
197891.9634,0
197900.1165,0
198098.5958,0
198101.7446,0
198184.7985,0
198407.04200000002,0
198487.9267,0
198725.8502,0
198765.633,0
199100.1296,0
199217.8573,0
199322.1711,0
199694.6472,0
199773.9633,0
200190.3931,0
200213.4379,0
200268.515,0
200644.5171,0
200746.1956,0
200871.3206,0
200926.6225,0
200990.67190000002,0
201025.7634,0
201139.0603,0
201204.043,0
201276.6165,0
201476.6478,0
201666.0624,0
201719.3621,0
201950.5515,0
202134.3506,0
202170.45853333332,0
202514.7927,0
202623.96039999998,0
202884.8777,0
203217.8334,0
203547.9581,0
203659.7498,0
203851.9848,0
204094.1988,0
204230.7112,0
204326.28830000001,0
204476.4373,0
204604.6869,0
205150.7206,0
205365.2597,0
205558.2386,0
205613.674,0
205796.5137,0
205847.3569,0
206055.986,0
206376.926,0
206461.949,0
206545.4546,0
206561.8046,0
206568.9189,0
206709.3182,0
206710.6065,0
206768.1951,0
206883.0386,0
207152.2621,0
207406.6226,0
207453.8341,0
207465.43180000002,0
207631.0687,0
207645.3591,0
207812.3625,0
207821.5309,0
208090.0684,0
208122.315,0
208368.7919,0
208745.0305,0
208864.4297,0
208977.0414,0
209021.2851,0
209202.3931,0
209546.2989,0
210024.001,0
210755.85950000002,0
210819.4672,0
210959.871925,0
211039.65529999998,0
211181.0591,0
211421.5554,0
211820.0444,0
212004.1683,0
212064.5939,0
212155.7746,0
212258.4699,0
212424.63199999998,0
212508.3406,0
212629.0123,0
213094.5725,0
213288.6196,0
213350.4923,0
213541.75650000002,0
213563.6004,0
213618.59470000002,0
214020.2108,0
214073.4754,0
214102.32270000002,0
214541.00400000002,0
215137.851,0
215639.16830000002,0
215777.7677,0
216794.1833,0
216880.5073,0
217234.05550000002,0
217294.7315,0
217341.5001,0
217346.4792,0
217538.4939,0
217668.52659999998,0
217985.302,0
218002.8222,0
218104.5348,0
218517.6708,0
218569.66700000002,0
218603.8063,0
218678.3374,0
218974.88118,0
219581.4596,0
219641.9805,0
219737.9975,0
219801.70020000002,0
219804.43660000002,0
219927.439,0
220128.9757,0
220331.4962,0
220354.4006,0
220507.1373,0
220523.96490000002,0
220530.5851,0
220724.07150000002,0
221021.6774,0
221245.0066,0
221416.2796,0
221459.4535,0
222008.4674,0
222544.4473,0
222587.66999999998,0
222927.4666,0
223220.0124,0
223456.55164,0
223472.6141,0
223476.6298,0
223493.6948,0
223747.1916,0
223864.9594,0
223877.2982,0
223896.6009,0
224334.7713,0
224904.40409999999,0
225179.456,0
225257.1074,0
225415.7587,0
225457.5676,0
226021.1356,0
226085.2934,0
226402.3211,0
226656.8206,0
226858.0121,0
227276.5004,0
227308.00329999998,0
227669.4738,0
227745.73239999998,0
227756.9026,0
228237.9684,0
228416.42738333333,0
229110.5975,0
229701.6085,0
230773.58299999998,0
231090.7702,0
231154.3028,0
231171.2752,0
232722.3615,0
232953.9204,0
233384.9726,0
233470.811,0
233527.6445,0
233716.1336,0
233832.77409999998,0
234001.852,0
234674.2765,0
235410.4189,0
235462.001,0
235723.2818,0
235871.7863,0
236005.6947,0
236070.5078,0
236369.4833,0
236411.1878,0
236499.8734,0
236609.23570000002,0
236673.7836,0
236704.7204,0
236749.9103,0
236761.4859,0
236857.7993,0
237730.664,0
237757.9757,0
237801.778,0
238276.5331,0
238298.245,0
238336.2279,0
238432.1761,0
238435.2406,0
238536.9909,0
238921.57069999998,0
238927.2526,0
238940.3951,0
239063.1204,0
239526.7177,0
239994.70106,0
240086.7455,0
240268.3112,0
240383.7684,0
240511.8277,0
240545.59653333333,0
240558.4634,0
240820.7193,0
241293.7235,0
241298.5682,0
241350.3469,0
241660.8335,0
242670.4201,0
242851.7622,0
243163.6205,0
243204.0709,0
243269.3966,0
243334.55435,0
243563.7894,0
243585.37780000002,0
244047.0762,0
244176.9272,0
244281.8364,0
244306.6918,0
244759.8548,0
244779.7082,0
245164.2007,0
245169.7241,0
245339.49348,0
245345.4112,0
245402.39783333332,0
245830.29773333334,0
245908.1114,0
246079.8283,0
246169.98248,0
246186.1613,0
246323.5708,0
246829.6785,0
246856.769,0
247058.9612,0
247511.0341,0
247615.7833,0
247625.6034,0
247683.6899,0
247944.4425,0
248353.0369,0
248438.0794,0
248552.5191,0
248861.0012,0
248941.2566,0
249006.3407,0
249505.5768,0
249559.6908,0
249656.5192,0
249683.3836,0
249757.063,0
249871.5471,0
249977.9933,0
250471.0565,0
250487.3106,0
250666.888,0
251069.3383,0
251134.7025,0
251193.9137,0
251571.4275,0
251605.6384,0
251645.9468,0
252253.9615,0
252361.7811,0
252908.5667,0
252931.2051,0
253068.3809,0
253312.2783,0
253410.6958,0
253533.5533,0
253561.7625,0
253628.17805,0
253681.4796,0
253904.3295,0
254038.6833,0
254335.47685,0
254417.6513,0
254485.6104,0
254574.1959,0
254723.50160000002,0
254912.6317,0
255183.4985,0
255306.84322,0
255316.44150000002,0
255446.91700000002,0
255467.6028,0
255789.4448,0
255805.3216,0
255831.2547,0
255935.9458,0
255982.9868,0
256046.1505,0
256186.6749,0
256348.9912,0
256466.5232,0
256557.49723333333,0
256901.4509,0
257129.91455,0
257217.3462,0
257325.0095,0
257330.9946,0
257553.9057,0
257648.8498,0
257678.4087,0
257713.93300000002,0
257813.391,0
257983.9838,0
258033.3003,0
258235.2979,0
258332.4857,0
258449.94,0
258602.8007,0
258609.3918,0
258618.7455,0
258632.3111,0
258856.7478,0
258947.9365,0
259035.5505,0
259419.3145,0
259481.3489,0
259492.7303,0
259577.4688,0
259583.5596,0
259888.4478,0
260127.1133,0
260229.1292,0
260244.614,0
260282.54619999998,0
260569.9571,0
260622.3227,0
260659.6993,0
260660.5277,0
260788.0128,0
261179.5671,0
261413.0565,0
261485.50579999998,0
261557.58490000002,0
261810.76140000002,0
261845.4395,0
262382.0445,0
262409.3048,0
262469.5305,0
262471.8715,0
262656.7089,0
262769.0046,0
262902.52150000003,0
262940.2165,0
263041.0604,0
263611.3059,0
263624.054,0
263646.7917,0
263739.4743,0
263869.3864,0
264065.011,0
264224.2078,0
264473.0364,0
264508.5243,0
264514.5979,0
264520.5118,0
264899.9867,0
264907.4969,0
264964.8852,0
264976.6599,0
265291.8562,0
265295.7193,0
265366.7692,0
265587.8692,0
265704.3925,0
265746.5554,0
265833.0194,0
265929.0846,0
265962.4825,0
266115.3075,0
266216.3298,0
266667.1172,0
266705.063,0
266764.569,0
266998.55819999997,0
267011.3441666667,0
267045.0453,0
267235.91359999997,0
267270.0189,0
267380.12690000003,0
267485.5835,0
267488.7762,0
268070.7087,0
268093.2998,0
268187.9349,0
268209.0672,0
268268.7912,0
268546.322,0
268745.0867,0
268853.69408,0
268916.5966,0
269115.1088,0
269264.6454,0
269619.0648,0
269801.70055,0
269849.5053,0
269906.1526,0
270115.8473,0
270167.2137,0
270225.9605,0
270484.4846,0
270521.8327,0
270575.703,0
270658.369,0
270833.5987,0
270863.4648,0
271079.5227,0
271735.70900000003,0
271824.0259,0
272107.262,0
272124.6963,0
272239.3649,0
272316.8944,0
272366.3974,0
272553.6986,0
272590.1332,0
272709.4663,0
272817.3878,0
272931.0329,0
273060.019,0
273174.9585,0
273394.521525,0
273594.9888,0
273654.8295,0
273667.95259999996,0
273735.8416,0
273848.8132,0
273948.2111,0
273957.5745,0
274012.94180000003,0
274132.3849,0
274221.9913,0
274750.5915,0
274824.4167,0
274825.0502,0
274834.7713,0
274837.7654,0
274870.6881,0
274902.2513,0
274979.594,0
275033.2799,0
275236.024,0
275479.4291,0
275545.5816,0
275576.89,0
276213.9224,0
276380.4706,0
276442.7138,0
276507.4151,0
276975.7792,0
277005.1116,0
277437.3105,0
277529.7501,0
277601.9242,0
277803.472,0
277840.67689999996,0
278512.6996666667,0
278734.9943,0
279251.9089,0
279379.4561,0
279414.3468,0
279672.025,0
279970.6139,0
280211.9986,0
280313.5652,0
280329.3618,0
280362.8896,0
280829.8905,0
281167.8083,0
281326.4351,0
281603.9667,0
281744.5927,0
282017.4743,0
282023.4518,0
282122.5952,0
282162.8715,0
282224.6629,0
282250.502,0
282254.4009,0
282818.57420000003,0
282995.06429999997,0
283071.0181,0
283083.1877,0
283276.9835,0
283286.2546,0
283519.9663,0
283824.0205,0
283827.2533,0
283877.8919,0
284362.2242,0
284928.5678,0
285082.1087,0
285250.6884,0
285298.6461,0
285299.0226,0
285368.5097,0
285659.9955,0
285708.3365,0
285729.4602,0
285925.72865,0
285970.4137,0
285987.8869,0
286013.0575,0
286136.5041,0
286197.3395,0
286335.3782,0
286499.5795,0
286569.2999,0
286782.7201,0
286805.5278,0
286831.2063,0
286942.1962,0
287242.5941,0
287526.394,0
287791.6273,0
287860.3663,0
287891.0676,0
287961.1274,0
288122.8452,0
288135.7818,0
288312.8333,0
288336.787,0
288460.2217,0
288496.0378,0
288772.3771,0
288838.1309,0
289080.7354,0
289171.9387,0
289190.1462,0
289643.2792,0
289712.1884,0
289720.9015,0
289754.7221,0
289848.3123,0
289958.7449,0
290080.3379,0
290482.0506,0
290849.3351,0
290915.4056,0
290936.331,0
291019.3857,0
291050.1468,0
291164.0514,0
291353.5603,0
291450.00399999996,0
291631.5061,0
291660.7492,0
291808.0172,0
291887.7843,0
292078.7533,0
292217.3468,0
292417.1808,0
292613.4585,0
292908.3342,0
293081.8211,0
293337.6754,0
293390.2247,0
293701.738,0
294267.5568,0
294439.22829999996,0
294672.77509999997,0
294945.9692,0
295191.9729,0
295600.9632,0
295647.5987,0
295952.7561,0
295991.9094,0
296065.1234,0
296073.75789999997,0
296125.9257,0
296235.4546,0
296273.74210000003,0
296277.2916,0
296359.5158,0
296361.2103,0
296517.0514,0
296707.7969,0
296787.0944,0
296795.2982,0
296833.2521,0
297080.2671,0
297345.5771,0
297446.14,0
297518.84609999997,0
298147.6206,0
298305.7921,0
298616.9858,0
298932.5555,0
299040.17209999997,0
299448.1274,0
299771.28599999996,0
299809.0726,0
300117.0223,0
300216.5129,0
300634.8325,0
300972.4112,0
301014.0059,0
301020.6145,0
301138.0953,0
301255.603,0
301424.3071,0
301691.8476,0
301785.3287,0
302274.3563,0
302317.4777,0
302635.4498,0
302944.8248,0
303002.6095,0
303091.7903,0
303263.8808,0
303384.5696,0
303435.6637,0
303723.4531,0
303792.0279,0
304004.5919,0
304032.3499,0
304374.2099,0
304514.84030000004,0
304522.9117,0
304543.7754,0
304554.8563,0
304684.81810000003,0
304748.0637,0
304769.8644,0
305253.398,0
305445.532,0
305497.6825,0
305552.7264,0
305940.2937,0
306009.3837,0
306536.9306,0
307120.1523,0
307288.9432,0
307516.211825,0
307728.691,0
307841.7309,0
308416.6767,0
308658.16260000004,0
308931.4828,0
309245.2821,0
309715.6994,0
309998.38838333334,0
310292.2463,0
310329.732,0
310681.251,0
311433.1979,0
311848.5194,0
312165.1572,0
312473.2791,0
312659.3842,0
312739.3725,0
312888.7139,0
312931.3406,0
312950.9991,0
313334.3208,0
313355.7354,0
314521.1001,0
314607.2552,0
314969.3179,0
315014.4768,0
315027.9829,0
315052.9599,0
315504.4685,0
315666.4722,0
315821.2956,0
315859.82790000003,0
316023.249,0
316105.1956,0
316131.7099,0
316244.9021,0
316311.4488,0
316771.6188,0
316824.8287,0
316988.1136,0
317154.8245,0
317214.2031,0
317233.488525,0
317555.270975,0
318155.0005,0
318356.0151,0
318426.8395,0
318586.4328,0
318826.7036,0
318844.6049,0
318857.9855,0
318978.6633,0
319511.9315,0
319559.7597,0
319806.7075,0
319848.4875,0
319863.3761,0
319936.1627,0
320005.282,0
320034.5041,0
320090.01769999997,0
320109.8249,0
320121.9383,0
320132.62202,0
320274.2621,0
320314.3129,0
320730.4096,0
320942.4611,0
321005.6194,0
321012.3781,0
321092.9457,0
321556.2975666667,0
321826.3916,0
322112.92720000003,0
322823.3061,0
322950.7404,0
323242.9061,0
323340.9642,0
323682.5123666667,0
323793.1424,0
323814.668,0
323962.8288,0
324055.7885,0
324057.629,0
324070.1004,0
324267.6222,0
324313.4023,0
324434.48943333334,0
324531.58508,0
324628.6326,0
324672.0984,0
324974.5012,0
325341.6951,0
325478.1286,0
326022.5021,0
326146.9036,0
327129.9496,0
327265.3913,0
327685.9579,0
327958.5868,0
327972.7962,0
327984.8216,0
328130.4659,0
328278.6996,0
328434.9339,0
328817.963,0
328966.9436,0
328969.6681,0
329448.5439,0
329491.3528,0
329555.7617,0
329671.733,0
329674.8288,0
330027.6112,0
330055.1481,0
330059.5094,0
330078.5449,0
330099.8648,0
330258.6219,0
330629.9172,0
330677.8411,0
330756.9599,0
330949.1578,0
330988.6263,0
331068.3202,0
331088.1564,0
331195.2884,0
331394.2343,0
331531.6712,0
331708.2632,0
331864.4563,0
331889.8772,0
331900.9207,0
331927.3628,0
332109.8697,0
332138.3016,0
332404.1276,0
332996.8192,0
333005.7186,0
333097.7358,0
333119.9408,0
333156.6777,0
333333.21144,0
333612.4153,0
333822.4504,0
334024.7288,0
334090.9685,0
334132.4643,0
334168.2354,0
335086.4702,0
335201.7133,0
335725.496675,0
335744.3241,0
335960.203,0
336128.4544,0
336279.6833,0
336355.9797,0
336741.9514,0
336927.7833,0
336930.0255,0
336946.5358,0
336993.6453,0
337013.2178,0
337479.0936,0
337559.3785,0
337678.3533,0
337741.2446,0
338035.1104,0
338055.3902,0
338113.84010000003,0
338415.7178,0
338462.4734,0
338731.1196,0
338743.838,0
338960.63163333334,0
339019.7238,0
339065.8411,0
339124.62823333335,0
339202.1005,0
339350.7212,0
339435.1935,0
339499.1242,0
339537.14426,0
339610.2548,0
339617.5952,0
339895.0397,0
339931.6935,0
339978.8179,0
340517.1386,0
341100.0292,0
341468.7473,0
341495.9168,0
341585.5146,0
341698.76159999997,0
342099.5597,0
342108.7662,0
342249.5845,0
342301.0932,0
342389.4612,0
342458.4901,0
342541.7392,0
342795.8888,0
342936.9469,0
343020.903,0
343053.2353,0
343124.4341,0
343141.6327,0
343671.6491,0
343794.5211,0
344224.22250000003,0
344298.6877,0
344938.1477,0
344949.1542,0
344971.6205,0
345017.2672,0
345493.6245,0
345570.0429,0
345655.5037,0
345752.6626,0
345798.2541,0
345861.9302,0
345910.574,0
345989.60970000003,0
346097.4582,0
346263.9564,0
346348.4403,0
346397.6577,0
346565.919,0
346584.5679,0
346745.3216,0
346863.5976,0
347140.3869,0
347370.6001,0
347378.0678,0
347405.4242,0
347540.16359999997,0
347747.77760000003,0
347762.2426,0
348031.4211,0
348176.104,0
348209.1455,0
348318.9713,0
348362.4054,0
348766.9404,0
348874.3495,0
349842.7827,0
349876.6579,0
350167.5183,0
350267.3165,0
350376.9693,0
350389.5248,0
350390.26159999997,0
350628.6596,0
350638.1878,0
350647.5317,0
350798.8179,0
351027.9747,0
351184.051,0
351189.0626,0
351302.4973,0
351388.517,0
351993.4903,0
352126.8939,0
352392.9187,0
352638.3988,0
352977.2598,0
353356.4829,0
353700.38049999997,0
353700.42949999997,0
353708.7276,0
353731.5092,0
353832.0627,0
354459.7481,0
354695.5434,0
354775.4321,0
354953.6485,0
355115.2814,0
355149.4983,0
355154.32039999997,0
355180.0269,0
355384.88049999997,0
355530.9947,0
355724.461,0
355921.1613,0
356042.4727,0
356046.4693,0
356370.0722,0
356373.7512,0
356397.8495,0
356480.5674,0
356499.9344,0
356548.3439,0
356556.4067,0
356728.5489,0
357074.75190000003,0
357148.8052,0
357434.7612,0
357540.19,0
357666.7304,0
358032.8913,0
358085.7867,0
358201.754,0
358298.6327,0
358393.26256666664,0
358625.1844,0
358753.391,0
358753.4351,0
358990.6301,0
359099.8814,0
359130.1548,0
359203.4592,0
359381.211,0
359711.4514,0
359713.8694,0
359816.2485,0
359961.9171,0
360014.3235,0
360082.431,0
360199.2192,0
360312.3289,0
360331.7435,0
360634.2307,0
360753.537,0
360915.9931,0
360974.6743,0
361028.8653,0
361260.5047,0
361317.5633,0
361486.145,0
361753.5609,0
361822.2869,0
361884.8941,0
361911.4599,0
362137.925,0
362253.9084,0
362265.5825,0
362298.1488,0
362430.0496,0
362612.78760000004,0
362777.1694,0
362852.1128,0
362998.7399,0
363144.306,0
363396.0819,0
363398.8459,0
363470.8468,0
363989.2158,0
364000.1055,0
364129.6262,0
364131.4213,0
364611.55460000003,0
364724.1077,0
365294.6647,0
365475.60493333335,0
365658.6564,0
365818.8283,0
365820.1287,0
366109.0688,0
366185.8576,0
366359.2444,0
366359.6143,0
366393.7447,0
366423.2119,0
366423.7027,0
366453.5921,0
366665.5915,0
366916.7968,0
366924.27760000003,0
366929.7554,0
367121.847,0
367300.128,0
367316.9347,0
367617.2067,0
367660.7443,0
367801.1586,0
368042.813,0
368194.8789,0
368211.1416,0
368248.8017,0
368387.672,0
368393.2145,0
368549.0192,0
368649.894575,0
368891.0585,0
369042.60946666665,0
369247.792,0
369622.82039999997,0
369660.40410000004,0
369677.8436,0
369728.11710000003,0
369729.828,0
369730.1621,0
369890.8459,0
369901.1863,0
370034.5687,0
370330.1664,0
370362.8202,0
370633.5286,0
371024.9691,0
371270.9549,0
371376.1038,0
371458.4395,0
371494.81799999997,0
371512.5458,0
371582.2205,0
371870.0692,0
371878.8088,0
371883.4767,0
371947.3755,0
372323.8356,0
372406.9504,0
372422.9338,0
372443.86340000003,0
372599.8275,0
372716.4104,0
372856.2501,0
373005.5749,0
373219.9336,0
373241.1948,0
373687.44,0
373703.2319,0
373744.8237,0
374002.3496,0
374169.5799,0
374175.2815,0
374285.18559999997,0
374402.2919,0
374533.3899,0
374582.2308,0
374802.2918,0
374830.6192,0
374831.0621,0
374880.2866,0
374932.1825,0
375035.20149999997,0
375269.8344,0
375350.60349999997,0
375623.4631,0
375641.22479999997,0
375795.9378,0
376036.5636,0
376074.6042,0
376506.6153,0
376541.9961,0
376782.7628,0
376896.7102,0
376897.0798,0
377008.8841,0
377446.356,0
377454.76,0
377535.2612,0
378150.385,0
378325.2763,0
378342.9512,0
378386.2,0
378400.3294,0
378459.786,0
378571.7073,0
378678.6449,0
378696.9381,0
378814.93330000003,0
378892.9559,0
378985.005,0
379263.6246,0
379356.3394,0
379540.2268,0
379773.09369999997,0
379806.2396,0
379865.21499999997,0
380538.6655,0
380589.5001,0
380606.66240000003,0
380637.4915,0
380767.7292,0
381175.4349,0
381184.211,0
381573.2059,0
381728.8648,0
381791.3728,0
382030.0108,0
382271.3363,0
383054.4999,0
383105.17949999997,0
383234.6728,0
383428.31570000004,0
383499.717,0
383578.79038,0
383711.9741,0
383784.4941,0
383953.9617,0
384189.1453,0
384272.6289,0
384559.79110000003,0
384648.5237,0
384838.9283,0
385003.3624,0
385045.0496,0
385163.7862,0
385282.87080000003,0
385627.6764,0
385638.9652,0
385790.9207,0
385924.02379999997,0
385938.5504,0
386142.0993,0
386358.9545,0
386791.6,0
386936.516,0
387190.5168,0
387256.0219,0
387383.92220000003,0
387624.43559999997,0
387738.2242,0
387792.0241,0
387944.4045,0
388062.08759999997,0
388259.5265,0
388496.5048,0
388651.3626,0
388719.07779999997,0
388732.6051,0
388765.8842,0
388939.5665,0
389024.02249999996,0
389042.4109,0
389277.9706,0
389562.991,0
389581.3393,0
389694.0232,0
389929.6681,0
390033.212,0
390372.2496,0
390516.8683,0
390655.2999,0
390815.14650000003,0
390947.1754,0
391235.6358,0
391384.0743,0
391497.256,0
391708.7006,0
391956.2906,0
392215.2226,0
392617.2464,0
392705.7784,0
392723.5957,0
392864.5109,0
392879.4171,0
392881.7761,0
392898.92590000003,0
393300.4011,0
393568.6359,0
394347.5203,0
394439.45279999997,0
394531.25190000003,0
395079.0903,0
395368.60970000003,0
395486.011,0
395781.75179999997,0
395799.8762,0
396288.66229999997,0
396554.2183,0
396563.1189,0
396588.3535,0
397119.7575,0
397313.4976,0
397376.91130000004,0
397503.0121,0
397856.0751,0
397865.25659999996,0
397979.548,0
398019.5825,0
398041.285075,0
398190.6237,0
398197.0512,0
398672.066,0
398676.231,0
398781.2743,0
399015.8334,0
399183.7664,0
399492.8422,0
399923.3518,0
400022.7579,0
400148.5391,0
400370.7804,0
400376.9669,0
400817.21259999997,0
400932.6718,0
401120.1003,0
401171.646,0
401229.02390000003,0
401283.4151,0
401388.0586,0
401404.7895,0
401525.4438,0
401677.8234,0
401727.5049,0
401786.0377,0
402009.3027,0
402231.0261,0
403064.1591,0
403103.0664,0
403122.7676,0
403135.7486,0
403342.4943,0
403679.14989999996,0
403815.35253333335,0
404217.8971,0
404341.5982,0
404358.4469,0
404451.7143,0
404821.9563,0
404954.4103,0
404966.3872,0
405179.3358,0
405225.0512,0
405327.1312,0
405438.72658,0
405660.244,0
405778.1026,0
405819.4381,0
406275.3282,0
406399.2626,0
406711.3968,0
406723.0437,0
406821.2808,0
406934.9471,0
407051.1972,0
407482.9785,0
407603.3334,0
407635.596,0
407680.5886,0
407775.3958,0
408064.3564,0
408603.7363,0
409016.5012,0
409033.3995,0
409288.8056,0
409812.4243,0
409812.66976,0
410021.86950000003,0
410472.3295,0
410574.502,0
410599.4784,0
410746.1926,0
410913.4247,0
410926.9092,0
411508.6653,0
411510.4241,0
411907.456175,0
412026.282,0
412034.8984,0
412077.1045,0
412579.0859,0
412609.26509999996,0
412623.0531,0
412780.3694,0
412837.0515,0
413229.142,0
413254.6425,0
413295.1185,0
413677.3108,0
413842.5966,0
414056.6131,0
414179.7544,0
414218.8907,0
414395.3039,0
414471.4105,0
414508.6019,0
414542.596,0
415028.2057,0
415146.224,0
415206.9438,0
415368.5763,0
415609.0824,0
415701.1446,0
415726.31799999997,0
415804.726,0
415864.012,0
416100.1961,0
416162.58660000004,0
416168.8253,0
416275.467,0
416466.5817,0
416502.0202,0
416695.5082,0
416797.85730000003,0
417067.5193,0
417402.6878,0
418182.7579,0
418348.3927,0
418392.6821,0
418896.1884,0
419600.8898,0
419817.0195,0
419962.3251,0
420172.7865,0
420311.7747,0
420418.438,0
420560.5565,0
420807.6907,0
421445.3287,0
421515.5105,0
421556.00549999997,0
421690.1025,0
421887.7112,0
422097.7392,0
422345.8481,0
422450.3281,0
422537.4236,0
422543.96366,0
422643.7413,0
422810.7621,0
422859.3549,0
423078.9841,0
423099.8775,0
423229.8856,0
423299.969,0
423345.8057,0
423457.7462,0
423527.7554,0
423869.9133,0
423912.8204,0
423935.558,0
423942.8887,0
423992.257,0
424414.2856,0
424558.1118,0
424598.187,0
424710.9907,0
424716.6215,0
425017.9202,0
425029.1156,0
425037.8075,0
425161.6288,0
425348.6296,0
426440.4343,0
426564.7389,0
426890.6745,0
426930.1744,0
427100.823,0
427204.5128,0
427405.0637,0
427465.1657,0
427696.7149,0
427872.8902,0
427949.2152,0
428244.494,0
428497.6566,0
428522.3192,0
428523.62679999997,0
429159.8315,0
429389.5475,0
429538.324,0
429558.5616,0
429870.4923,0
429998.1683,0
430113.2531,0
430316.27446,0
430718.5067,0
430978.7063,0
431026.3404,0
431043.6087,0
431146.7408,0
431195.8954,0
431474.556,0
431526.449,0
431759.7055,0
431991.43460000004,0
432360.5274,0
432542.5899,0
432947.7861,0
432967.9967,0
433205.7015,0
433429.4925,0
433527.2596,0
433587.1218,0
433715.6879,0
433723.5106,0
433920.7254,0
433987.625,0
434305.768,0
434939.4988,0
435083.7219,0
435394.9461,0
435400.13926666667,0
435440.3065,0
435625.755,0
435652.42960000003,0
435700.0257,0
435860.1282,0
436063.7091,0
436112.9663,0
436315.656,0
436445.2697,0
436569.5607,0
436571.7882,0
436616.4776,0
437168.9513,0
437692.1572,0
438078.0734,0
438126.3861,0
438236.2231,0
438251.6217,0
438398.2995,0
438429.2267,0
438711.88910000003,0
438858.3741,0
439014.7614,0
439019.3424,0
439142.928,0
439186.0299,0
439270.8098,0
439722.6574,0
439885.634,0
440053.634,0
440301.8399,0
440302.2676,0
440469.2962,0
440551.9534,0
440624.6743,0
440638.8238,0
440714.8378,0
440748.3683,0
440911.4563,0
440921.7726,0
441036.2301,0
441067.7173,0
441321.3851,0
441360.0565,0
441402.6737,0
441407.5556,0
441488.0797,0
441624.7717,0
441929.2611,0
441961.9886,0
442200.7665,0
442240.7417,0
442349.8653,0
442608.7412,0
442641.8659,0
442795.8625,0
442802.14650000003,0
442899.7298,0
442973.197,0
443200.542,0
443331.8409,0
443383.8647,0
443452.2385,0
443467.5371,0
443481.1947,0
443674.236,0
443703.3806,0
443970.4951,0
444058.0967,0
444285.6038,0
444293.5856,0
444350.5523,0
444406.8562,0
444549.8392,0
444716.9993,0
444734.51170000003,0
444791.1789,0
444890.422,0
444922.3561,0
444968.9963,0
444979.5294,0
445120.034,0
445250.115,0
445265.3309,0
445375.5721,0
445452.4244,0
445572.33770000003,0
445596.6062,0
445650.649025,0
446235.6597,0
446584.6964,0
446654.5674,0
446757.4964,0
446851.3385,0
446887.3225,0
446986.9256,0
447318.0807,0
447399.6476,0
447470.2422,0
447497.9584,0
447734.5131,0
448041.0481,0
448053.4029,0
448542.9252,0
448586.5483,0
448747.3025,0
448783.3226,0
448784.6077,0
449016.0636,0
449039.6705,0
449046.6555,0
449272.69180000003,0
449349.6216,0
449469.07779999997,0
449578.1325,0
450196.1004,0
450241.4285,0
450326.4167,0
450479.7803,0
450565.3605,0
450626.5585,0
450729.6607,0
450811.3563,0
451410.4365,0
451503.8896,0
451766.2458,0
451970.5685,0
452036.6782,0
452100.1783,0
452282.0199,0
452432.2327,0
452609.7815,0
452674.4584,0
452765.0449,0
453095.1775,0
453121.1307,0
453155.2655,0
453247.7284,0
453289.1375,0
453492.1674,0
453829.8025,0
454025.8723,0
454289.0712,0
454399.4978,0
454537.7845,0
454732.30460000003,0
454934.77390000003,0
454939.6538,0
455080.8724,0
455206.9786,0
455415.14029999997,0
455503.0672,0
455577.9577,0
455679.3855,0
455950.70636666665,0
455959.036,0
455985.3757,0
456019.3456,0
456040.449,0
456208.5985,0
456277.0203,0
456490.0301,0
456570.7475,0
457042.1001,0
457327.6675,0
457334.0932,0
457373.4604,0
457378.30090000003,0
457827.8887,0
457853.5889,0
457969.2193,0
458046.7929,0
458075.7222,0
458184.2968,0
458309.4103,0
458356.1063,0
458978.6358,0
459476.0897,0
459586.2663,0
459736.2728,0
459770.6531,0
459804.3352,0
459984.6104,0
460096.68189999997,0
460233.9892,0
460462.9419,0
460855.9895,0
460881.8801,0
460978.1045,0
461001.2275,0
461148.53500000003,0
461214.7495,0
461276.1733,0
461279.2379,0
461474.4821,0
461715.82,0
461766.5244,0
462021.663,0
462129.7541,0
462269.1568,0
462740.9343,0
462748.4342,0
462917.9805,0
462940.3709,0
462953.1811,0
463000.0069,0
463003.0957,0
463013.6346,0
463279.41740000003,0
463351.6266,0
463382.7541,0
463941.9903,0
463998.952,0
464093.8643,0
464125.9382,0
464130.36089999997,0
464347.3993,0
464403.7226,0
464449.5761,0
464514.4948,0
464545.9483,0
465257.4157,0
465464.3487,0
465767.7348,0
465821.8752,0
465923.6967,0
466212.2666,0
466262.1598,0
466382.3451,0
466602.8669,0
466688.0017,0
466846.0649,0
466851.6443,0
467103.0468,0
467262.9004,0
467732.5638,0
467914.9774,0
468104.4844,0
468223.2243,0
468353.9438,0
468411.8227,0
468533.3378,0
468667.2162,0
468943.8058,0
469359.3103,0
469365.1447,0
469563.4423,0
469690.2307,0
469933.2951,0
469984.8139,0
470034.0549,0
470054.322,0
470182.8691,0
470264.8615,0
470708.3802,0
470724.2822,0
471120.7346,0
471148.797775,0
471390.3235,0
471441.0455,0
471515.6209,0
471631.2912,0
471773.2748,0
472164.6439,0
472312.5899,0
472568.0943,0
472946.6682,0
473047.9684,0
473117.0046,0
473142.0303,0
473515.3841,0
473827.5796,0
474012.346,0
474097.1341,0
474139.5504,0
474236.8698,0
474304.5855,0
474316.0618,0
474654.35219999996,0
474684.5069,0
474706.2545,0
474866.677,0
474913.2423,0
475228.3645,0
475288.0073,0
475582.9816,0
475797.15,0
475963.9051,0
476175.2616,0
476280.9915,0
476290.21129999997,0
476320.6252,0
476563.26,0
477045.2521,0
477085.07896666665,0
477125.53928,0
477197.2097,0
477419.8024,0
477466.3187,0
477685.5001,0
477753.5147,0
477843.8823,0
477863.5751,0
478183.2607,0
478199.1783,0
478200.0304,0
478488.0469,0
478489.7737,0
478833.0017,0
478887.5916,0
479030.5506,0
479239.8747,0
479255.1824,0
479275.1522,0
479293.8937,0
479503.0869,0
479516.6952,0
479574.3329,0
479762.7853,0
479997.8214,0
480085.7219,0
480212.9023,0
480264.9496,0
480793.3974,0
480859.9826,0
480876.33160000003,0
481069.713,0
481398.12679999997,0
481505.7764,0
481616.56429999997,0
481618.6385,0
481953.0425,0
482031.5432,0
482032.0751,0
482519.3556,0
482644.2392,0
482648.5947,0
482967.3129,0
483108.1992,0
483291.1316,0
483686.9953,0
483794.7515,0
483845.6581,0
484028.3367,0
484053.2847,0
484659.0261,0
484814.0746,0
485276.9003,0
485564.90956666664,0
485690.21973333333,0
486000.993,0
486036.3977,0
486104.2923,0
486670.7783,0
486791.5358,0
486984.8783,0
487219.8134,0
487282.6247,0
487370.7461,0
487622.0933,0
487805.3652,0
487832.753,0
487978.3764,0
488011.9265,0
488024.9802,0
488055.7499,0
488411.5152,0
488448.6593,0
488706.0073,0
488725.33400000003,0
488754.4169,0
488971.9143,0
489024.1794,0
489115.9997,0
489290.9918,0
489376.0836,0
489430.436,0
489574.8624,0
489636.1932,0
490004.4885,0
490547.40009999997,0
490621.0028,0
490793.7255,0
490897.5585,0
490920.5137,0
491091.6223,0
491396.89029999997,0
491405.0972,0
491427.0518,0
491441.8803,0
491482.5578,0
492213.6461,0
492512.7969,0
492924.0976,0
493038.6289,0
493174.6312,0
493427.9447,0
493677.1079,0
493758.8758,0
494077.874,0
494349.7676,0
494463.47849999997,0
494583.2882,0
494612.6503,0
494743.82039999997,0
494888.9091,0
495105.9437,0
495417.3825,0
495581.4146,0
496015.9607,0
496318.1312,0
496471.9633,0
497150.7344,0
497158.7938,0
497330.5603,0
497395.5449,0
497993.2919,0
498505.8488,0
499357.6151,0
499461.6149,0
499771.2597,0
500247.3125,0
500483.74766,0
500546.5951,0
500655.4963,0
500783.9028,0
500985.056,0
501035.88945,0
501076.70053333335,0
501394.22479999997,0
501775.5025,0
501840.1947,0
501912.1827,0
502077.7949,0
502397.9095,0
502437.4547,0
503335.82660000003,0
503596.5713,0
503605.181,0
503626.8185,0
503811.6574,0
503874.596,0
504018.7267,0
504164.412,0
504229.45763333334,0
504361.8779,0
504457.144,0
504672.1508,0
504910.66552,0
505163.5889,0
505191.0158,0
505436.8621,0
505505.4067,0
505644.6922,0
505832.9635,0
506038.8407,0
506056.3142,0
506326.6793,0
506615.2955,0
506682.0739,0
506750.7875,0
506859.5238,0
506989.7558,0
507048.4459,0
507069.0711,0
507102.1053,0
507191.9746,0
507397.4181,0
507416.1966,0
507502.6483,0
507555.0775,0
507637.09739999997,0
507793.0713,0
508040.3899,0
508044.502,0
508047.78099999996,0
508118.94299999997,0
508525.0723,0
508537.3638,0
508694.9437,0
508808.0316,0
508876.0989,0
508924.30819999997,0
508989.744,0
509093.8436,0
509187.6782,0
509392.9737,0
509501.7832,0
509550.7176,0
509787.7083,0
509882.213625,0
509893.6242,0
510219.3833,0
510234.2063,0
510448.3485,0
510700.0246,0
511184.6643,0
511351.0758,0
511387.7618,0
511448.2688,0
511459.181,0
511698.36089999997,0
511757.4451,0
512057.41434,0
512157.4311,0
512271.3749,0
512683.2235,0
513168.6148,0
513207.245,0
513589.7115,0
513956.0408,0
514323.6543,0
514364.9432,0
514548.0403,0
515112.1809,0
515204.9949,0
515613.146,0
515761.4798,0
515849.0696,0
516304.1519,0
516501.7557,0
516612.8383,0
516744.2719,0
516827.1532,0
517011.5689,0
517031.0195,0
517177.7542,0
517471.2176,0
517515.9836,0
517636.8471,0
517686.7971,0
518160.19538,0
518306.662,0
518364.7037333333,0
518483.4253,0
518667.0164,0
518718.8842,0
518833.969,0
518975.0143,0
519530.6629,0
519560.87690000003,0
519988.15513333335,0
520360.8957,0
520775.8579,0
521084.7454,0
521119.8847,0
521284.0827,0
521351.3189,0
521384.556,0
521512.0648,0
521783.9564,0
522037.0292,0
522069.2563,0
522170.1187,0
522220.8341,0
522605.954,0
522699.33030000003,0
522731.4743,0
522759.3064,0
522763.4454,0
522774.5097,0
523019.78489999997,0
523185.1774,0
523278.4055,0
523311.1569,0
523428.42339999997,0
523445.85,0
523450.8206,0
523629.2538,0
523771.4108,0
523797.8035,0
524030.9983,0
524067.9194,0
524116.8957,0
524156.6541,0
524399.7238,0
524431.8985,0
524500.1764,0
524555.7762,0
525169.0335,0
525220.4666,0
525653.3494,0
525975.3588,0
526067.2715,0
526076.2129,0
526087.9899,0
526257.2376,0
526312.1603,0
526375.1201,0
526426.2469,0
526601.1533,0
526793.2185,0
526827.1243,0
527243.9724,0
527257.6679,0
527358.3173,0
527394.1409,0
527513.9592,0
527609.2848,0
528043.4694000001,0
528291.7849,0
528359.7104,0
528599.5439,0
528773.1409,0
528863.1652,0
528901.1414,0
528930.6507,0
529357.0632,0
529443.4016,0
529516.5673,0
529710.8375,0
529741.638,0
529927.1999,0
530085.1287666666,0
530086.8223,0
530199.6559,0
530351.61,0
530504.0991,0
530508.7371666667,0
530697.8626999999,0
530788.5629,0
531247.5197,0
531477.8844,0
531727.1147,0
531792.0236,0
531963.0021,0
532117.5684,0
532180.2191,0
532291.1156,0
532295.0785000001,0
532593.1746,0
532755.3976,0
533033.6971,0
533189.4454,0
533193.1597,0
533344.8016,0
533433.7802,0
533560.1304,0
533731.1942,0
533969.853,0
533983.6336000001,0
534408.3205,0
534585.5331,0
534616.6584,0
534681.8889,0
534793.6537,0
534864.1548,0
534935.2518,0
534986.7966,0
535093.7458,0
535160.7546,0
535170.9866,0
535430.8932,0
535443.6674,0
535608.3561,0
535666.8868,0
535669.3182,0
535678.9175,0
535878.83,0
535957.3482,0
536055.7999,0
536139.5358,0
536189.602,0
536305.1998000001,0
536478.6096,0
536595.8069,0
536690.7429,0
536727.5967999999,0
536774.5584,0
536853.5933,0
537090.9172,0
537186.8466,0
537262.9164,0
537473.7242,0
537492.3864,0
537716.8286,0
537733.4941,0
537742.9738,0
537869.6146,0
538163.2376,0
538316.6137,0
538426.7987,0
538861.7177,0
539002.7905,0
539191.5813,0
539201.7764,0
539317.415,0
539368.5101,0
539558.5589000001,0
539602.6727,0
539621.7594,0
539650.0148,0
539707.6598,0
539713.8741,0
539840.7056,0
539960.4461000001,0
539972.1925,0
540057.5055,0
540193.3752,0
540383.2102,0
540476.798,0
540551.3672,0
540668.3562,0
540835.3415,0
540920.1014,0
541212.7497,0
541372.2903,0
541389.1415,0
541452.1396999999,0
541467.0553,0
541510.1328,0
541657.9257,0
541727.6092000001,0
541873.9354,0
542028.8894,0
542204.6432,0
542367.8916,0
542425.6402,0
542468.5186,0
542474.0707,0
542496.0930999999,0
542672.5334,0
542677.9471,0
542923.7205,0
543124.7413999999,0
543165.4105,0
543397.9136,0
543729.6463,0
543766.0676,0
543828.3495,0
543879.498,0
543988.0849,0
544001.9715,0
544157.0371,0
544209.8923,0
544507.0074,0
544683.5633,0
544688.0876,0
544728.8615,0
544731.1907,0
544789.1356,0
544820.6379,0
544875.0217,0
545001.085,0
545225.2007,0
545493.0739,0
545577.5607,0
545660.8883,0
545692.2426,0
545907.2983,0
546009.7786,0
546558.1322999999,0
546678.9379,0
546741.9264,0
546844.4139,0
546908.1217,0
547070.5808,0
547093.1142,0
547401.3333,0
547726.3896,0
547766.1748333334,0
548278.2179,0
548426.0516,0
548676.3701,0
548695.9241,0
548705.5641,0
548808.2243,0
548962.4534,0
549411.7203,0
549637.0847,0
549863.0234,0
550263.8368,0
550366.9401,0
550420.3765,0
550758.3326,0
550931.4775,0
551152.7359,0
551173.2532,0
551179.1016,0
551253.4752,0
551446.2683,0
551952.729,0
551994.0138,0
552018.5246,0
552512.6465,0
552545.861,0
552833.08,0
553353.2902,0
553400.3144,0
553662.0623999999,0
553704.7714,0
553789.3494,0
553885.914,0
553907.3147,0
553990.0699,0
553993.1311,0
554150.1863,0
554169.9863,0
554627.6497,0
554877.4036,0
554934.4586,0
554979.0297,0
555288.209,0
555331.9261,0
555531.3284,0
555635.0252,0
555748.783,0
556319.0776,0
556325.7393,0
556519.7247,0
556607.5963,0
556864.7489,0
556883.4763,0
556951.7892,0
557153.9748,0
557196.8956,0
557313.8678,0
557781.7859,0
557859.1473,0
557955.1697,0
558003.5304,0
558280.2298,0
558437.05322,0
558450.4284,0
558551.7134,0
559009.2006,0
559117.0202,0
559513.7059,0
559668.7482,0
559875.7878,0
560670.7286,0
560841.9852,0
561079.5557,0
561117.4042,0
562109.1926,0
562226.1422,0
562256.5833,0
562505.9916,0
562768.8027,0
562829.6393,0
563459.8706,0
563539.9203,0
563636.8017,0
563738.2569,0
563841.7368,0
563928.0972,0
564203.5841,0
564368.8512,0
564462.1387,0
564518.2417,0
564987.3735,0
565003.0438,0
565380.5094,0
565543.9623,0
565605.4715,0
565664.2743,0
566097.165,0
566266.5813,0
566451.7683,0
566500.7335,0
566899.2612,0
566999.1222,0
567116.2635,0
567132.0563,0
567434.2308,0
567565.7284,0
567634.0636,0
567634.2083,0
567672.2091,0
567987.1418999999,0
568033.4627,0
568137.5822,0
568273.2296,0
568592.8301,0
568614.3975,0
568731.0224,0
568813.0921,0
568976.6959,0
569006.2655,0
569176.354,0
569432.2283,0
569528.0909,0
569630.9552,0
569865.0354,0
570185.3031,0
570334.1429,0
570445.2643,0
571078.1322,0
571093.3466,0
571412.9628,0
571651.4242,0
571827.1864,0
572060.9331,0
572379.7509,0
572443.0652,0
573186.7541,0
573469.4986,0
573662.8505,0
573667.2746,0
573972.7313,0
574005.8229666667,0
574223.1703,0
574433.1697,0
574538.8447,0
574655.4341,0
574664.9365,0
574670.1899,0
574928.9458,0
575119.0623999999,0
575366.3356,0
576153.4087666667,0
576277.3277,0
576369.1131666667,0
576552.74518,0
577076.5621,0
577118.4148,0
577223.2388,0
577420.2988,0
577555.8507,0
577714.4833,0
577797.80962,0
577799.165,0
577840.4032000001,0
577914.9804166667,0
578470.9964,0
578586.8031,0
578805.54,0
578913.9062,0
579097.3733,0
579214.5582,0
579386.515,0
579449.4698,0
579628.6692,0
579792.6174,0
579883.6775,0
580027.6248,0
580039.2192,0
580134.8942,0
580238.3127,0
580258.6792,0
580526.5044,0
580766.0188333334,0
581031.4024,0
581049.77282,0
581248.41945,0
581743.9833,0
582032.2004,0
582054.8438,0
582245.78,0
582700.9919,0
582708.6103000001,0
583193.4642,0
583673.0755,0
584330.1498,0
584348.1385,0
584607.3268,0
584820.5307,0
584842.5972,0
584869.9706,0
584896.7247,0
584963.4441,0
585033.1554,0
585134.8896,0
585506.8602,0
586346.0272,0
586809.8366,0
587042.9132,0
587425.0613,0
587786.0397,0
587902.4156,0
588593.509,0
588671.2644,0
588925.7925,0
589022.507,0
589219.3327,0
589227.3751,0
589237.3724,0
589516.432,0
589805.122,0
589937.659,0
590023.3706,0
590041.9147,0
590059.6245,0
590076.1848,0
590146.9595,0
590362.9023,0
590538.1654,0
590687.283,0
590844.5839,0
590917.5871,0
591277.6562,0
591317.7209,0
591553.8435,0
591887.1298,0
591947.8848,0
592659.3465,0
592859.5584,0
592946.1801,0
593063.0122,0
593079.8783,0
593206.9214999999,0
593256.4936,0
593996.8691,0
594071.8988,0
594244.3451,0
594472.8447,0
594493.0268,0
594611.1052,0
594635.5043,0
594888.5449,0
595022.7191,0
595040.3474,0
595067.5136,0
595108.2347,0
595130.4717999999,0
595926.7199,0
596322.6597,0
596324.9836,0
596491.006,0
596616.4031,0
596735.1727,0
597114.5187,0
597188.5244,0
597463.3398,0
597868.8595,0
597923.2049,0
598265.6971,0
598446.737,0
598518.9502,0
598520.694,0
598916.424,0
599104.7959,0
599270.3578,0
599329.801,0
599354.1206,0
599510.6498,0
600190.324875,0
600285.9044,0
600574.7893,0
600716.6875,0
600964.1066,0
601110.1871,0
601168.3239,0
601341.1226,0
601624.0751,0
601665.2642,0
601886.7163,0
601928.3223,0
602276.3114,0
602657.1088,0
602716.4563,0
602867.2035000001,0
602957.639,0
603042.1647,0
603043.0354,0
603171.7585,0
603292.7353000001,0
603293.0541,0
603332.3219,0
603425.4813,0
603479.5724,0
603615.2937,0
604112.3331,0
604884.6558,0
604976.2248,0
605087.724,0
605174.5208,0
605817.9596,0
605913.783,0
605933.3493,0
606143.8557,0
606495.8669,0
606637.4374,0
606669.56734,0
606722.744,0
606954.9118,0
606988.2869,0
607050.6825,0
607130.54,0
607261.1894,0
607275.743,0
607345.8218,0
607840.2255,0
608030.4114,0
608072.1742,0
608191.4868,0
608354.6214000001,0
608608.5297,0
609025.6492,0
609266.6163,0
609273.5654,0
609446.8261,0
609530.9036,0
609556.0973,0
609943.976,0
609996.3401,0
610045.142,0
610046.3318,0
610186.2473,0
610198.996,0
610371.6832,0
610416.501,0
610577.4716,0
610694.3316,0
610893.8356,0
611008.9583,0
611181.1378,0
611478.5527,0
611561.5952,0
611569.922,0
611906.0158,0
611914.909,0
612009.3792,0
612133.8071,0
612170.8136,0
612493.1997,0
612630.246,0
612768.2334,0
612937.9026,0
613162.6365,0
613345.3493,0
613356.9753,0
613375.8279,0
613421.6279,0
613480.6019,0
613501.7373,0
613526.5499,0
613554.4786,0
613596.868,0
613665.6744666666,0
613759.3918,0
613942.0096,0
614200.1657,0
614234.0852,0
614282.4033,0
614495.3259,0
615202.1073,0
615210.508,0
615334.1089,0
615342.0693,0
615504.0173,0
615710.7842,0
615974.1482,0
616011.1329,0
616101.2074,0
616580.8972,0
616611.9038,0
616650.5171,0
616763.4895,0
617148.1322999999,0
617199.6910999999,0
617464.9385,0
617490.1476,0
617602.8139,0
617754.3338,0
617986.6525,0
618040.6076,0
618209.0913,0
618289.3985,0
618291.6874,0
618395.2183,0
618585.9281,0
618627.1875,0
618666.0123,0
618678.7548,0
618690.2004,0
618718.6485,0
618803.6962,0
618982.0936,0
619020.2824,0
619102.0505,0
619221.7743,0
619443.6576,0
619506.9541,0
619652.2608,0
619777.6326,0
620558.5201,0
620790.2964999999,0
621225.401,0
621247.0871,0
621297.3652,0
621347.7065,0
621430.3275,0
621703.3219,0
621921.6961000001,0
621938.2735333333,0
622174.6669,0
622213.4871,0
622325.5248,0
622337.1435,0
622648.537,0
622848.8991,0
622872.4053,0
623117.0732,0
623303.6611,0
623307.8157,0
623587.2141,0
623834.9237,0
623868.9936,0
623889.8077,0
623918.2796,0
623939.5272,0
624085.6635,0
624429.8485333333,0
624509.2827,0
624709.8669,0
624856.8088,0
624867.3389,0
624893.6801,0
625169.052,0
625202.0288,0
625271.7582,0
625334.6002,0
625408.8768,0
625551.7325,0
625637.9751,0
625659.3824,0
625724.6797,0
625777.2261,0
625787.7646999999,0
625828.474,0
625899.2234,0
626123.1709,0
626143.4787,0
626310.2531,0
626311.063,0
626438.6309,0
626527.7759,0
626611.5973,0
626734.6997,0
626783.8358,0
626791.5622,0
626968.4092,0
626996.1478,0
627083.5336,0
627099.4482,0
627381.8185,0
627431.2385,0
627463.562,0
627706.9774,0
627736.3324,0
627882.8726,0
628065.316,0
628104.7952,0
628266.4862,0
628523.7051,0
628705.0764,0
628913.3216,0
628994.7809,0
629022.5744,0
629037.3413,0
629161.8975,0
629188.6043,0
629341.6978,0
629434.9863,0
629444.9984,0
629494.5107,0
629510.8044,0
629643.4794,0
629691.2656,0
629853.0766,0
630025.8994,0
630148.0639,0
630659.8042,0
630689.1405,0
630948.1656,0
631136.5077,0
631306.1013,0
631578.3529,0
631592.6978,0
631649.9481,0
631680.6046,0
631937.836,0
632260.8488,0
632348.0522,0
632393.9717999999,0
632823.2835,0
632832.8152,0
633163.3507,0
633230.953,0
633249.8438,0
633260.0649,0
633300.1299,0
633887.8804,0
634224.3814,0
634464.1478,0
634621.1083,0
634732.2341,0
634982.0265,0
634998.7974,0
635076.9359,0
635144.3802,0
635271.8846,0
635277.2744,0
635322.2185,0
635437.6558000001,0
635502.2663,0
635567.3992,0
635883.8387,0
636008.6906,0
637104.8281,0
637198.4739,0
637622.1701,0
637636.4436,0
637827.5302,0
638052.5281,0
638059.462,0
638842.0328,0
638954.5875,0
639065.2095,0
639512.9605,0
639544.774,0
639744.1074,0
639816.0435,0
639817.0375,0
639950.8902,0
640410.4744,0
640554.2853,0
640779.1098,0
640819.1022,0
640853.8531,0
641045.7919,0
641301.0972,0
641441.6221,0
641473.946,0
641516.355,0
641798.8757,0
641839.1321,0
641886.4603,0
641943.1778,0
641945.1577,0
641945.5062,0
641956.024,0
642026.6784,3854.7787000000244
642072.0755,0
642310.272,0
642371.4523,0
642402.4643999999,0
642427.0494,0
642685.4041,0
642860.3663999999,0
643170.7533,0
643640.3582,0
643686.081,0
643781.0278,0
643955.9125,0
644188.4548,0
644280.7182,0
644368.283,0
644411.6319,0
644465.0138,0
644573.3187,0
645389.6396,0
645491.3182,0
645552.9177,0
645591.8457,0
645658.3046,0
646015.6399,0
646163.2461,0
646402.5304,0
646514.986,0
646736.4901,0
646738.9096,0
646794.1778,0
646959.3069,0
647042.8632,0
647074.7549,0
647294.481,0
647306.2981,0
647317.3195,0
647640.4649,0
647685.2955,0
647889.5831,0
648342.4563,0
648480.9882,0
648812.1478,0
648841.0933,0
648885.8552,0
648931.7542,0
648995.1088,0
649219.311,0
649254.0567,0
650173.8220833334,0
650477.2666,0
650508.2672,0
650663.9336999999,0
651149.5043,0
652169.7599,0
652306.6049,0
652570.8003,0
652612.3913,0
652801.5373,0
653018.9995,0
653022.9001,0
653067.237,0
653273.225,0
653516.7125,0
653608.4584,0
653629.5424,0
653681.9357,0
653827.998,0
654574.8643,0
654695.8257,0
654708.7077,0
654859.0887,0
655123.9757000001,0
655169.6836999999,0
655297.1875,0
655422.671,0
655594.0423,0
656261.005,0
656370.5148,0
656678.3135,0
656722.2524,0
656775.1409,0
657263.0739,0
657270.8498,0
657291.161,0
657749.4854,0
658020.7661,0
658084.233,0
658128.3828,0
658258.5686,0
658261.3931,0
658980.5435,0
659051.1295,0
659083.6743,0
659228.7511,0
659505.2563,0
659582.2704,0
659812.0452,0
659853.25,0
660013.8056,0
660440.406,0
660905.6364,0
661106.4645,0
661107.3548,0
661546.068,0
661711.0353,0
661933.803,0
662005.0836,0
662684.4794000001,0
662864.5824,0
662984.286,0
663105.3189,0
663155.1556,0
663479.6104,0
663540.3643,0
663722.1243,0
663889.8137,0
663978.1462,0
664410.373,0
664459.3463,0
664795.7065,0
665624.7802,0
665802.7617,0
665803.1228,0
666250.225,0
666886.3525,0
667086.3407000001,0
667092.4938,0
667505.2066,0
667620.2862,0
668062.66004,0
668068.2696,0
668356.0065,0
669151.933,0
669641.12,0
669795.1592,0
670051.0028,0
670219.8467,0
670490.2491,0
670672.4922,0
670927.1747,0
671398.5118,0
671484.2567,0
671700.6401,0
671792.2731,0
672051.6388,0
672271.6867,0
672500.9512,0
672599.4941,0
672704.6559,0
672714.4603,0
674256.9042,0
674282.9887,0
674481.8207,0
675790.9678,0
675830.9466,0
675937.1818,0
676015.1482,0
676083.2062,0
676169.8965,0
676848.8155,0
676895.2979,0
676959.8107,0
677911.3076,0
678033.9742,0
678624.4583,0
678701.5146,0
678707.0919,0
678900.9763,0
678946.0153,0
678951.5692,0
678986.0004,0
678992.0895,0
679466.7152,0
679745.582,0
679805.2447,0
680075.4216,0
680594.7471,0
680912.2442,0
680934.7518,0
681682.1065,0
681743.0055,0
682536.8176,0
682625.807,0
682634.5786,0
682772.01,0
682871.9212,0
682945.3855,0
683011.3564,0
683268.9701,0
683290.4058,0
683353.21106,0
683521.0584,0
683660.1984,0
683848.1788,0
684214.9392,0
684373.3874,0
684625.4953,0
684702.6944,0
684764.6006,0
685077.6778,0
685135.9998,0
685221.1239,0
685232.7012,0
685273.0521,0
685405.6727,0
685488.7243,0
685734.0706,0
685796.2111,0
686047.4896,0
686074.2199,0
686213.2326,0
686421.0421,0
686762.1515,0
686800.4045,0
686929.9233,0
687078.5949,0
687172.4685,0
687330.7421,0
687481.1466,0
687750.0686,0
687756.8908,0
687761.1199,0
687828.5697,0
687852.1185,0
688113.9691,0
688150.2508,0
688887.0611,0
688980.8917,0
689030.9498,0
689234.4981,0
689675.7246,0
689692.3702,0
689897.1188,0
689901.90454,0
690485.3304,0
690527.5493,0
690661.988,0
690669.5033,0
690931.0327,0
691118.4493,0
691209.8148,0
691409.1781,0
692062.9473,0
692071.8084,0
692284.3104,0
692344.8723,0
692449.3524,0
692709.2488,0
693091.9508,0
693124.6514,0
693340.2466,0
693394.1122,0
693426.9669,0
693445.9491,0
693832.032,0
693899.4634,0
693966.7932,0
694010.8062,0
694030.5548,0
694098.29542,0
694138.7934,0
694273.181,0
694473.2524,0
694615.8561,0
694759.6716,0
694904.2594,0
694918.5863,0
694930.4213,0
695129.2682,0
695279.2452,0
695430.1887,0
695527.0763,0
695835.392,0
695907.3449,0
695947.8037,0
695992.0431,0
696444.413,0
696481.7385,0
696546.2867,0
696831.8992,0
696861.8596,0
696886.3779,0
696915.2436,0
696921.5269,0
697072.2628,0
697106.6099,0
697137.4581,0
697223.1609,0
697946.727,0
697948.6542,0
698046.9824,0
698174.5801,0
698365.0352,0
698400.9203,0
698591.2881,0
698624.7733,0
698709.0841,0
699051.9929,0
699096.755,0
699127.0449,0
699523.6761,0
699593.167,0
699630.0656,0
699698.1601,0
699769.4018999999,0
700247.9314,0
700261.0744,0
700372.2496,0
700401.6132,0
700443.737,0
700482.3608,0
700492.5342999999,0
700753.0660999999,0
700785.1786,0
700940.589,0
700973.714,0
701077.5571166667,0
701179.4463,0
701265.1434,0
701402.8698,0
701415.3188,0
701519.943,0
701672.4287,0
701750.9534,0
701886.4766,0
702226.2913,0
702582.9731,0
702638.606,0
702753.8854,0
702895.1698,0
703374.0995,0
703389.4712,0
703573.5708,0
703784.6191,0
703809.4245,0
703850.9336,0
703991.139,0
703993.3261,0
704134.3295,0
704503.8146,0
704594.8113,0
704731.2036,0
705091.5228,0
705235.244,0
705294.005,0
705521.0081,0
705531.541,0
705550.2727,0
705623.544,0
705982.2314,0
706374.797,0
706448.4236,0
706749.6449,0
706785.6294,0
706811.1879,0
706824.5985,0
707162.2086,0
707166.6318,0
707239.6993,0
707351.8434,0
707550.712,0
707556.2427000001,0
707691.8941,0
707980.4675,0
708105.8811,0
708119.0896,0
708260.5317,0
708406.6575,0
708608.601,0
708669.3535,0
708732.2789,0
708800.4688,0
708863.0624,0
709143.3577,0
709170.1794,0
709252.3151,0
709288.0715,0
709414.3097,0
709634.3857,0
710171.7665,0
710214.9756,0
710370.6849,0
710405.7503,0
710417.1425,0
710569.6655,0
710588.2525,0
710841.3049,0
711070.3277,0
711154.7445,0
711227.7076,0
711414.1516,0
711499.7974,0
711504.1077,0
711521.3195,0
711538.9203,0
711798.7687,0
712001.1272,0
712143.9392,0
712359.4855,0
712383.4537,0
712726.2492,0
712800.4855,0
713107.7733,0
713725.9783,0
713800.204,0
714072.9204,0
714196.8623,0
714453.9211,0
714597.5358,0
714656.0827,0
714709.3888,0
714931.5435,0
714989.5002,0
715047.548,0
715116.4091,0
715141.5721,0
715158.4861,0
715306.6976,0
715340.01,0
715587.0487,0
715700.0552000001,0
715903.8428,0
716109.758,0
716309.1591,0
716530.4133,0
716931.5219,0
716952.9837,0
717186.5373,0
717294.6442,0
717305.8629000001,0
717322.0041,0
717322.9736,0
717647.5581,0
717928.752,0
717978.8408,0
718437.3731,0
718889.1083,0
718911.9589,0
719103.2045,0
719176.1833,0
719452.2269,0
719465.4457,0
719525.4449,0
719812.8395,0
719931.2927,0
719944.1668,0
720129.2846,0
720166.0922,0
720500.5713,0
720609.8424,0
720624.8663999999,0
720783.8268,0
720805.2036,0
720966.9102,0
720994.3153,0
720997.0795,0
721005.9715,0
721044.8773,0
721067.8025,0
721190.7031,0
721342.7214,0
721362.3346,0
721987.5436,0
722102.4961,0
722243.9052,0
722492.6662,0
722534.2393,0
722702.8449,0
722768.6353,0
722890.5087,0
722929.7507,0
722995.0275,0
723009.7345,0
723271.9153,0
723297.9723,0
723302.571,0
723481.0442,0
723513.801,0
723570.3632,0
723602.3989,0
723916.6469,0
724123.0849,0
724150.5081,0
724435.6896,0
724637.8322,0
724678.6109,0
724702.6035,0
725180.8635,0
725192.2394,0
725509.7095,0
725580.2805999999,0
725583.6777,0
725589.0229,0
725743.6347,0
726011.8759,0
726432.6523,0
726525.8699,0
726647.7918,0
726858.5201,0
726892.3514,0
727068.4521,0
727131.733,0
727166.2687,0
727473.5142,0
727695.5184,0
727720.8219,0
728535.69,0
728883.9016,0
728991.1611,0
729188.3991333334,0
729635.2366,0
729649.7156,0
729823.4344,0
729898.2621,0
729957.4626,0
730018.9837,0
730198.0245,0
730198.871,0
730454.1196,0
730483.1793,0
730852.728,0
731150.0279999999,0
731272.0625,0
731315.8036,0
731974.9069000001,0
732018.8774,0
732562.4126,0
732564.4304,0
732700.4219,0
733060.7973,0
733379.6264,0
733761.722,0
733806.1034,0
733851.6261,0
733864.814,0
733977.3583,0
734066.5729,0
734469.8197,0
734633.4923,0
734817.476,0
735019.3352,0
735036.4026,0
735178.3281,0
735600.8463,0
735737.2187,0
735854.1925,0
736151.4585,0
736279.8313,0
736347.8662,0
736469.1666,0
736536.6237,0
736711.1043,0
736902.7636,0
737437.6199,0
737651.7097,0
737827.3911,0
737832.693,0
737910.028,0
738469.0107,0
738703.6728000001,0
739028.6484000001,0
739212.7016,0
739676.1181,0
740427.3352,0
740492.2379,0
740954.7371,0
740999.2795,0
741153.3003,0
741552.7466,0
741659.8245999999,0
741931.3886,0
742224.3814,0
742346.9515,0
742412.8493,0
742732.1273,0
742802.105,0
743181.2995,0
743283.7177,0
743717.5256,0
744036.107,0
744141.1282,0
744469.7359,0
744754.5605,0
744865.6637,0
744907.446025,0
744945.6353,0
745028.8819,0
745320.508,0
745563.3165,0
745798.7592,0
745945.0451,0
746272.8248000001,0
746309.8552999999,0
746336.4236,0
746651.585,0
746846.2246,0
747233.0771,0
747500.67875,0
747646.6313,0
748130.8558,0
748276.4444666667,0
748938.8613,0
748942.0996,0
749958.9022,0
750558.644,0
751125.3227,0
751310.9227,0
751577.3626999999,0
751677.9665,0
751689.1587,0
751983.4680999999,0
752289.0626000001,0
752355.2706,0
752611.0858,0
753073.8352,0
753350.691,0
753491.6359999999,0
753765.0049,0
753927.3551,0
754129.1579,0
754140.3173,0
754286.5081,0
754312.696,0
754521.3168,0
754615.0954,0
754703.3552,0
754837.8722,0
754918.5658,0
755380.1169,0
755429.4384,0
755458.2933,0
755919.3089,0
755924.3093,0
755961.4148,0
756195.0103,0
756460.4413,0
756542.9166,0
756621.6065,0
756706.8063,0
756982.9526,0
757362.6433,0
757363.3411,0
757519.1408,0
757557.2449,0
757604.2626,0
757638.8454,0
757793.9416,0
758387.4515,0
758543.6149,0
758915.1312,0
759171.8717,0
759580.3134,0
759673.9865,0
760165.0239,0
760227.3708,0
760281.9568,0
760468.7230666666,0
760566.2755,0
760577.4946,0
760995.6479,0
761245.5701,0
761871.4535,0
762035.1394,0
762117.8752,0
762279.9559,0
762478.5574,0
762579.8909,0
762869.4189333334,0
763034.7536,0
763038.6502,0
763210.7173,0
763266.9242,0
763493.6927,0
763893.804,0
764135.8459,0
764151.5645,0
764381.1758,0
764602.1657,0
764641.056,0
764811.7174,0
764836.4926,0
764888.9628,0
765050.2528,0
765247.4437,0
765264.4901,0
765421.7499,0
765443.3416,0
765468.5805,0
765975.3102,0
766010.3884,0
766148.5801,0
766526.540025,0
766573.9806,0
767204.0765,0
767280.8134,0
767490.7313,0
767573.9108666667,0
767922.728,0
768574.4063,0
768857.2743,0
768978.8312,0
769185.108,0
769254.8763,0
769797.4314,0
769831.9371,0
769960.2748,0
770064.032,0
770197.4535,0
770256.7923,0
770415.2938,0
770587.922,0
770698.317,0
770870.2129,0
770908.5355,0
771379.8112,0
771843.242,0
772130.6126999999,0
772263.493,0
772347.4406,0
772454.757,0
772638.1497,0
772693.3812,0
772745.6293,0
772777.5185,0
772813.1835,0
772936.3957,0
773053.2401,0
773062.878,0
773416.5231,0
773514.6869,0
773523.718,0
773782.9417,0
774031.8232,0
774240.1033,0
774605.4394,0
774662.6652,0
774771.3327,0
774836.7716,0
775270.1797,0
775311.2964999999,0
775375.1979,0
775583.1422,0
775601.3038,0
775615.861,0
775678.1163,0
775769.2579,0
776214.4481,0
776239.9484,0
776847.796,0
776936.6645,0
777167.4161,0
777292.1923,0
777519.9992,0
-----Simulation END-----
