-----Simulation 0-----
172859.2806,0
173000.4989,0
173087.3971,0
173343.96899999998,0
173390.6155,0
173438.6876,0
173830.4968,0
174111.3793,0
174251.6354,0
174325.005,0
174408.9882,0
174549.99606666667,0
174560.2892,0
174744.6206,0
174748.2125,0
175158.2385,0
175649.1355,0
175879.9139,0
175898.7632,0
175900.9565,0
175986.9181,0
176190.1528,0
176352.4801,0
176352.77289999998,0
176379.7616,0
176410.4985,0
176537.1283,0
176551.91580000002,0
176580.83909999998,0
176594.522,0
176772.259,0
176780.2555,0
177038.789,0
177064.4506,0
177115.4144,0
177515.3566,0
177673.1361,0
177836.6469,0
177884.20130000002,0
178008.0472,0
178089.7044,0
178101.5805,0
178102.5772,0
178126.7433,0
178167.9624,0
178207.46779999998,0
178255.74,0
178400.9313,0
178413.0109,0
178486.4198,0
178533.4742,0
178549.5877,0
178757.10129999998,0
178765.1783,0
178798.49839999998,0
178813.09350000002,0
178904.6291,0
179246.3742,0
179644.3179,0
179739.8152,0
179827.7503,0
180069.8274,0
180166.281,0
180176.0552,0
180419.5982,0
180597.8461,0
180600.9485,0
180617.7998,0
180900.0633,0
181005.3938,0
181136.9808,0
181193.7256,0
181203.7861,0
181367.4638,0
181416.1831,0
181621.3726,0
181691.7415,0
181880.846,0
182003.3774,0
182133.4338,0
182183.53753333332,0
182355.1999,0
182419.8989,0
182516.5262,0
182549.297,0
182613.6524,0
182731.16629999998,0
183150.3831,0
183214.8895,0
183247.2676,0
183291.6592,0
183797.2173,0
183942.2263,0
183947.3039,0
183989.1232,0
184075.92979999998,0
184150.678175,0
184192.2184,0
184261.778,0
184280.1562,0
184327.077,0
184478.8279,0
184817.71480000002,0
184886.3413,0
185133.22,0
185166.9805,0
185379.1727,0
185498.5859,0
185573.7328,0
185648.10950000002,0
185732.2317,0
185741.4939,0
185742.0579,0
185886.4855,0
185917.1515,0
185962.8749,0
186162.1734,0
186166.3895,0
186325.6754,0
186743.9132,0
186965.4655,0
187194.1435,0
187230.4296,0
187251.2252,0
187267.8984,0
187278.3592,0
187304.5488,0
187349.8639,0
187380.91710000002,0
187982.1011,0
187984.851,0
188013.0024,0
188135.1705,0
188281.95130000002,0
188441.5909,0
188489.98249999998,0
188656.39049999998,0
188841.5165,0
189390.2151,0
189545.3858,0
189945.84649999999,0
190006.3862,0
190044.1467,0
190209.2537,0
190252.4875,0
190316.0204,0
190693.337,0
190826.0367,0
191000.4334,0
191036.7256,0
191201.4777,0
191211.3176,0
191309.4236,0
191423.7116,0
191643.9328,0
191809.8468,0
191939.0459,0
192022.0329,0
192180.3369,0
192216.8084,0
192315.5924,0
192645.7495,0
193019.53230000002,0
193172.4105,0
193260.8701,0
193279.7789,0
193390.6162,0
193430.6431,0
193485.8094,0
193732.24790000002,0
193845.3233,0
194101.7551,0
194271.1398,0
194348.0577,0
194513.5329,0
194559.9001,0
194563.7224,0
194817.6951,0
194832.2383,0
194880.9134,0
194899.7559,0
194951.6179,0
195381.2106,0
195762.8666,0
195900.12410000002,0
195927.1464,0
196197.4987,0
196380.4029,0
196416.4064,0
196458.3613,0
196489.8757,0
196496.4581,0
196633.20380000002,0
196649.4032,0
197054.358,0
197149.1496,0
197223.4843,0
197271.1195,0
197360.6106,0
197533.1231,0
197592.7835,0
197687.7816,0
197886.1977,0
198118.9363,0
198191.9556,0
198222.8911,0
198311.3679,0
198519.5608,0
198613.7946,0
198846.9586,0
199060.4739,0
199291.7585,0
199299.8271,0
199640.3483,0
199693.1077,0
200081.605,0
200086.342,0
200321.3162,0
200374.8257,0
200576.7686,0
200652.6267,0
200965.6893,0
201015.0262,0
201299.6313,0
201498.3565,0
201955.8369,0
201979.14278333334,0
202047.3001,0
202134.5091,0
202208.5392,0
202250.5642,0
202664.39179999998,0
202948.6144,0
202956.3665,0
202996.0873,0
202998.41460000002,0
203017.5908,0
203083.9052,0
203140.2808,0
203563.7237,0
203613.5123,0
203715.1048,0
203981.5125,0
204142.3383,0
204335.5575,0
204459.048,0
204539.7615,0
204713.9919,0
204758.9193,0
204951.1914,0
205198.3055,0
205521.0437,0
205590.0465,0
205884.1264,0
206214.7021,0
206409.94986666666,0
206689.7727,0
206785.2183,0
206905.7199,0
207143.0117,0
207394.7978,0
207489.0265,0
207492.9103,0
207600.2179,0
207904.5789,0
208010.2304,0
208015.3854,0
208502.77531666667,0
208663.9362,0
208884.0067,0
209324.3423,0
209574.0956,0
209929.2633,0
210334.693,0
210359.40655,0
210386.3573,0
210484.9386,0
210591.08909999998,0
210699.2241,0
210827.3596,0
210898.6534,0
211089.7669,0
211246.9883,0
211498.7361,0
211773.7817,0
211887.3063,0
211991.7623,0
212331.6162,0
212382.9958,0
212387.4707,0
212388.6583,0
212396.5844,0
212492.2684,0
212575.4263,0
212810.6921,0
212908.1141,0
212915.37829999998,0
213007.8963,0
213204.8534,0
213243.14130000002,0
213531.7099,0
213565.5775,0
213679.0024,0
213732.0919,0
213877.9945,0
214011.9164,0
214420.7741,0
214468.0816,0
214478.2831,0
214495.4246,0
214509.4401,0
214547.9336,0
214559.04200000002,0
214632.2303,0
214945.67105,0
215099.108,0
215391.0311,0
215500.60080000001,0
215959.86359999998,0
216200.8326,0
216353.63150000002,0
216725.8909,0
216848.893,0
217224.8062,0
217652.3398,0
217976.3197,0
218397.42964,0
218434.9761,0
218797.9813,0
219015.7329,0
219102.7417,0
219113.6971,0
219251.0278,0
219302.79080000002,0
219520.9798,0
219705.867,0
219753.3752,0
220148.2069,0
220266.3719,0
220441.4693,0
220470.4677,0
220644.1358,0
220654.1722,0
220766.39669999998,0
220958.4258,0
221281.8094,0
221344.4646,0
221505.6422,0
221772.7888,0
221994.0183,0
222409.3971,0
222759.9457,0
222834.46409999998,0
223063.6703,0
223259.0952,0
223470.81290000002,0
223611.3371,0
223683.73810000002,0
223827.6074,0
224189.1276,0
225250.7172,0
225329.445,0
225344.6538,0
225381.9164,0
225441.58299999998,0
225828.9216,0
225933.7456,0
225933.9042,0
226154.1052,0
226638.1594,0
226727.3713,0
226741.0358,0
226758.6577,0
227252.78590000002,0
227858.2253,0
227964.8223,0
227992.5282,0
228116.4612,0
228310.64549999998,0
228595.0858,0
228685.8853,0
228686.4357,0
228704.9671,0
228899.17680000002,0
228982.1111,0
229400.4125,0
229407.9746,0
229628.8172,0
229789.143,0
229919.2602,0
230067.7281,0
230110.3042,0
230197.08490000002,0
230201.678,0
230312.4657,0
230318.7091,0
230661.06829999998,0
230664.9369,0
230873.4275,0
231039.506,0
231111.20043333335,0
231142.1765,0
231554.89,0
231590.9694,0
231893.3236,0
231934.8435,0
232114.3597,0
232130.2231,0
232193.1941,0
232424.4764,0
232490.4908,0
232807.9462,0
232845.412,0
233468.7359,0
233499.7453,0
233735.6461,0
233847.9699,0
234152.73369999998,0
234457.4588,0
234851.9541,0
234874.3658,0
235040.8976,0
235076.9757,0
235404.1283,0
235978.9024,0
235989.7074,0
236113.879,0
236161.7911,0
236472.9379,0
236633.70683333333,0
236645.5914,0
237690.551,0
237875.8817,0
237980.5716,0
238048.4013,0
238110.0068,0
238144.4848,0
238318.5566,0
238361.1779,0
238384.90529999998,0
238627.0628,0
239003.07760000002,0
239201.4762,0
239435.5327,0
239579.8994,0
239790.8261,0
239913.8081,0
240058.9071,0
240228.8127,0
240712.36609999998,0
240768.3851,0
240774.2184,0
240816.8221,0
240835.32288333334,0
240910.0263,0
241092.5887,0
241299.8389,0
241388.2684,0
241636.73619999998,0
241644.1493,0
241960.3761,0
242079.7644,0
242409.4558,0
242614.8371,0
242843.6659,0
242878.7118,0
243018.6831,0
243720.8608,0
243851.5654,0
243874.3162,0
243978.6163,0
243998.2653,0
244007.21480000002,0
244218.702,0
244381.23070000001,0
244446.3909,0
244486.15730000002,0
244493.3785,0
244710.6019,0
244818.4639,0
244917.9919,0
244995.4187,0
245199.8729,0
245450.8345,0
245508.1606,0
245547.8375,0
245559.8229,0
245715.1395,0
245793.1848,0
246171.71360000002,0
246280.0005,0
246585.7879,0
246700.0581,0
246715.9698,0
247069.317,0
247163.46659999999,0
247181.8245,0
247780.8109,0
247797.0869,0
247830.9499,0
247885.13880000002,0
248052.7557,0
248105.04570000002,0
248137.7641,0
248197.1923,0
248470.8551,0
248533.3127,0
248585.6591,0
248730.5766,0
248888.2353,0
249649.4593,0
249877.7741,0
249957.561,0
249990.1256,0
250043.1868,0
250194.9742,0
250579.3026,0
250684.764,0
250903.8394,0
250921.88880000002,0
251040.1645,0
251042.2268,0
251045.1677,0
251174.7639,0
251360.3677,0
251404.84840000002,0
251534.1958,0
251566.9078,0
251701.9006,0
251717.0103,0
251832.4027,0
251849.0099,0
252188.6261,0
252333.9525,0
252382.7033,0
252409.0191,0
252430.8551,0
252498.8693,0
253288.9695,0
253398.36190000002,0
253409.1187,0
253619.4304,0
253620.3423,0
253767.8625,0
253841.7525,0
254001.3788,0
254180.2725,0
255197.9847,0
255221.9498,0
255228.2809,0
255273.657,0
255302.48208333334,0
255428.5412,0
255505.4056,0
255548.7697,0
255569.0569,0
255669.6715,0
255767.2924,0
255871.84,0
255873.5735,0
256068.4757,0
256203.5216,0
256337.34,0
256403.9216,0
256487.2367,0
256598.4509,0
256632.3448,0
256675.5882,0
256693.1907,0
256746.3892,0
256792.5199,0
256953.6411,0
256962.62126666665,0
256977.6659,0
257029.2955,0
257153.1139,0
257326.2173,0
257374.7014,0
257389.96110000001,0
257451.7095,0
257469.6647,0
257589.5765,0
257681.7576,0
257917.17859999998,0
257942.4296,0
257963.0017,0
258074.9868,0
258413.34578,0
258512.8209,0
258520.4436,0
258592.3057,0
258709.2359,0
258711.3064,0
258963.9741,0
259079.58980000002,0
259080.7172,0
259097.6917,0
259101.3676,0
259266.1574,0
259324.8765,0
259399.7406,0
259409.776,0
259775.5412,0
259780.67859999998,0
259882.9478,0
260098.7918,0
260145.8579,0
260182.9068,0
260641.4639,0
260740.1552,0
261119.6544,0
261123.1214,0
261249.5364,0
261250.15885,0
261257.1578,0
261430.646,0
261444.3565,0
261475.3898,0
261490.7469,0
261521.8825,0
261570.2244,0
261736.2941,0
261741.8436,0
261847.5611,0
261850.5057,0
261894.9922,0
261972.2899,0
261996.8603,0
262009.39263333334,0
262378.034,0
262613.3715,0
262636.0857,0
262650.6703,0
262958.346,0
263318.1723,0
263358.4667,0
263377.8167,0
263423.251,0
263461.94180000003,0
263567.4909,0
263636.2132,0
264110.4632,0
264220.8947,0
264299.3375,0
264374.8739,0
264484.7061,0
264659.7943,0
264782.50179999997,0
264897.8936,0
264977.4764,0
265319.9004,0
265327.1433,0
265365.5446,0
265407.0678,0
265473.7328,0
265556.4852,0
265690.4954,0
265823.264,0
265879.2436,0
266044.0664,0
266118.3779,0
266259.159,0
266306.8002,0
266520.4043,0
266592.6903,0
266623.1977,0
266912.1188,0
266922.4097,0
266961.3619,0
267398.8571,0
267595.9848,0
267684.6781,0
267742.0705,0
267826.5499,0
267917.2025,0
268644.9928,0
268667.4248,0
268748.6895,0
268920.0677,0
268967.1258,0
268976.337,0
269014.447,0
269056.1159,0
269130.30449999997,0
269384.6668,0
269398.7241,0
269642.9729,0
269677.1422,0
269779.6246,0
269892.402,0
269900.7012,0
269943.5051,0
269943.9409,0
270152.8516,0
270284.3065,0
270399.1508,0
270690.6085,0
270889.3568,0
271261.8948,0
271320.4839,0
271454.865,0
271466.9676,0
271643.27760000003,0
272213.5554,0
272351.5203,0
272383.0482,0
272429.131,0
272595.7413,0
272911.4885,0
273051.0465,0
273158.666,0
273216.9666,0
273230.3211,0
273407.1621,0
273688.126,0
274035.399,0
274439.2494,0
274446.1871,0
274484.0152,0
274511.7662,0
274713.30700000003,0
274744.26066666667,0
275269.478,0
275551.1666,0
275565.7596,0
275698.8756,0
275734.35738,0
276048.7988,0
276114.505,0
276204.3392,0
276299.5291,0
276395.423,0
276460.8881,0
276610.0723,0
276824.8325,0
277012.719,0
277195.0722,0
277338.1812,0
277473.1808,0
277620.0636,0
277900.847,0
278000.0695,0
278283.5695,0
278325.1827,0
278423.8847,0
278554.3061,0
278580.6824,0
278639.7878,0
278712.4005,0
278830.4255,0
278921.83019999997,0
278961.6587,0
279010.5863,0
279152.9243,0
279399.5171,0
279442.21400000004,0
279460.2932,0
280146.7741,0
280414.1089,0
280454.0746,0
280869.6271,0
280945.022,0
281301.8005,0
281314.6554,0
281315.1597,0
281480.8271,0
281561.8219,0
281725.07409999997,0
281993.7104,0
282049.3097,0
282185.144,0
282340.8414,0
282514.25800000003,0
282738.0516,0
282744.1141,0
283032.1077,0
283291.5788,0
283594.833,0
283711.33770000003,0
283976.951,0
284071.7696,0
284493.7674,0
284847.81680000003,0
284905.2109,0
284985.354,0
285082.5075,0
285213.9008,0
285608.0811,0
285613.6274,0
285617.3999,0
285671.2326,0
285683.3277,0
285855.139,0
286014.1588,0
286085.6596,0
286154.2708,0
286317.4966,0
286323.2045,0
286367.0945,0
286522.2682,0
287086.9866,0
287191.6002,0
287209.7584,0
287210.1374,0
287230.9109,0
287347.5189,0
287354.6894,0
287455.6252,0
287482.9838,0
287489.2754,0
287799.4221,0
287989.6775,0
288414.8015,0
288579.6725,0
288694.3915,0
288712.6921,0
288771.9608,0
288918.81830000004,0
289045.0102,0
289219.9425,0
289545.262,0
289552.559,0
289690.1223,0
289803.4728,0
290097.6648,0
290182.4903,0
290262.2159,0
290269.9802,0
290303.6709,0
290319.7598,0
290455.1724,0
290469.3827,0
290499.52890000003,0
290515.6519,0
290563.3966,0
290609.72,0
290760.2045,0
290820.0342,0
290841.70149999997,0
290972.018,0
291020.8392,0
291077.4044,0
291151.8467,0
291170.2516,0
291186.2313,0
291264.8804,0
291694.0666,0
291723.9443,0
291775.2131,0
291857.5669,0
292021.2981,0
292127.168,0
292447.2563,0
292496.14410000003,0
292590.8741,0
292678.0674,0
292745.1385,0
293422.8348,0
294034.4801,0
294312.1577,0
294438.5494,0
294457.56039999996,0
294481.3916,0
294606.9907,0
294615.15088,0
294742.3697,0
294790.6546,0
295019.6044,0
295141.7332,0
295143.0882,0
295341.9977,0
295470.507,0
295487.2686,0
295816.886,0
295964.4477,0
296276.60120000003,0
296479.5641,0
296658.527,0
296735.4121,0
296980.9195,0
297011.0048,0
297467.1044,0
297590.486,0
297865.4271,0
298031.04845,0
298081.8389,0
298455.1071,0
298762.1261,0
298776.8199,0
299058.2612,0
299161.4409,0
299192.2298,0
299382.216,0
299490.3086,0
299558.4879,0
299572.49076666665,0
299849.91969999997,0
299853.7341666667,0
299907.294,0
300056.9425,0
300480.9557,0
300985.9771,0
301242.4818,0
301305.7292,0
301321.25800000003,0
301355.0504,0
301735.6225,0
301913.7953,0
302038.0845,0
302057.6002,0
302188.7429,0
302509.2281,0
302633.8017,0
303000.9099,0
303325.4325,0
303375.6204,0
303569.0748,0
303700.6988,0
304043.0683,0
304279.527,0
304394.10719999997,0
304516.672,0
304559.45290000003,0
304676.7213,0
304845.7608,0
305127.9682,0
305159.0273,0
305237.4716,0
305458.2311,0
305597.0831,0
305909.1364,0
306176.6227,0
306204.7675,0
306445.1339,0
306445.9806,0
306543.0269,0
306673.8233,0
306807.4717,0
306827.6619,0
306923.2645,0
307041.412,0
307265.6142,0
307400.0127,0
307418.47490000003,0
307568.8033,0
307764.5213,0
307887.41370000003,0
307929.0946,0
307969.8337,0
308010.5733,0
308048.26780000003,0
308202.37930000003,0
308270.3148,0
308321.2821,0
308426.3176,0
308624.8872,0
309151.5421,0
309175.1078,0
309247.1598,0
309405.68570000003,0
309791.9188,0
309799.2991,0
309834.6288,0
310132.2389,0
310247.24706666666,0
310251.3249,0
310288.4903,0
310446.0227,0
310535.7956,0
310846.58678,0
310883.684,0
310980.2803,0
310984.4064,0
311065.0403,0
311165.4904,0
311184.9969,0
311222.3319,0
311276.451,0
311440.9488,0
311452.5734,0
311524.99809999997,0
311736.6677,0
311741.9555,0
311769.7206,0
312155.8915,0
312474.767,0
312731.0526,0
312772.29839999997,0
313115.4352,0
313638.0084,0
313687.3773,0
313848.5132,0
314037.5395,0
314238.74,0
314662.3845,0
314816.5077,0
314824.6976,0
314850.64280000003,0
315584.0677,0
315717.62679999997,0
315948.3031,0
316444.2291,0
316491.8926,0
316558.8758,0
316563.7066,0
316903.7811,0
316934.2737,0
317150.4692,0
317154.3267,0
317781.7958,0
317866.4073,0
317940.2659,0
318107.2928,0
318457.9339,0
318623.3175,0
318644.9601,0
318705.0255,0
318766.1627,0
318862.6381,0
319279.42151666665,0
319469.7877,0
319717.9428,0
319870.3675,0
320175.1805,0
320691.9155,0
320754.7997,0
320765.71400000004,0
320768.7581,0
320871.8086,0
320916.0325,0
321207.8125,0
321540.3248,0
321736.9181,0
322010.56,0
322053.8203,0
322077.9789,0
322090.5475,0
322144.8354,0
322477.8098,0
322570.7507,0
322599.1407,0
322604.5634,0
322693.6185,0
322993.0047,0
323092.6909,0
323264.0518,0
323302.5519,0
323462.9971,0
323569.1455,0
323660.5599,0
323690.2058,0
323882.0449833333,0
324079.7401,0
324155.3864,0
324649.4013,0
324655.7707666667,0
324685.2927,0
324791.7,0
324850.6363,0
324883.1022,0
325236.0953,0
325605.1625,0
325605.2546,0
325744.4442,0
325880.98455,0
326055.2487,0
326254.231,0
326500.4403,0
326668.2376333333,0
326692.2031,0
326873.6297,0
326886.6442,0
326932.364,0
327092.7416,0
327136.7409,0
327495.4587,0
327528.5984,0
327572.4964,0
327649.4178,0
327950.00325,0
328153.95180000004,0
328342.0476,0
328629.051,0
328739.9752,0
328924.39040000003,0
329321.4452,0
329329.36,0
329479.06059999997,0
329614.5464,0
329643.8473,0
329692.3127,0
329806.5568,0
330180.137,0
330210.4174,0
330351.5273,0
330467.0597,0
330483.9368,0
330555.2456,0
330665.8064,0
330778.73219999997,0
330865.5473,0
331008.4687,0
331070.0461,0
331272.0949,0
331549.0782,0
331696.2521,0
331876.5123,0
331971.49450000003,0
331982.7421,0
332105.2399,0
332844.4228,0
332914.1791,0
332928.8431,0
332937.3331,0
332943.8949,0
332954.1521,0
333084.1916,0
333331.2957,0
333431.2734,0
333615.0049,0
333682.1529,0
333971.7872,0
334103.0215,0
334230.047,0
334350.9783,0
334432.15020000003,0
334475.14,0
334509.4437,0
334528.1142,0
334622.0422,0
334624.0097,0
334646.9974,0
335571.4399,0
335733.0273,0
335749.777,0
335987.278775,0
336245.6689,0
336427.6954,0
336428.3101,0
336475.091225,0
336571.9303,0
336639.2706,0
337163.2806,0
337494.3635,0
337595.355,0
337718.6791,0
337785.8031,0
337792.5595,0
337802.0584,0
337823.2596,0
338133.2537,0
338340.5749,0
338342.1453,0
338386.7388,0
338536.9368,0
338714.352,0
338755.6785,0
338787.27509999997,0
338873.496,0
338972.4439,0
339079.0743,0
339141.8361,0
339278.3514,0
339419.3563,0
339455.9169,0
339590.3054,0
339595.5994,0
339604.2773,0
339810.1139,0
339912.8332,0
340151.8907,0
340227.4666,0
340417.7701,0
340591.3711,0
340599.8907,0
340676.1449,0
340711.4926,0
340753.0401,0
340828.7398,0
340971.8018,0
341034.6683,0
341109.8748,0
341154.9376,0
341271.2066,0
341466.998,0
341545.836,0
341562.919,0
341788.1749,0
342240.1251,0
342491.6877,0
342509.7827,0
342578.517,0
342637.8884,0
342763.9257,0
342820.0029,0
342820.9521,0
342889.2561,0
343087.3368,0
343333.6278,0
343547.0666,0
343547.9864,0
343658.4559,0
343856.4581,0
343864.0602,0
343915.7379,0
344028.1529,0
344110.089,0
344161.8674,0
344191.6079,0
344337.476,0
344394.1782,0
344417.3485,0
344528.9256,0
344568.4671,0
344621.4183,0
344718.1605,0
344900.4448,0
344945.9929,0
345105.7935,0
345184.5006,0
345210.1343,0
345223.7094,0
345277.3979,0
345294.1337,0
345520.0562,0
345556.7802,0
345578.6844,0
345724.359,0
345890.5068,0
345959.10124,0
346035.036,0
346276.9827,0
346303.94328,0
346312.755975,0
346384.8342,0
346407.2455,0
346421.163,0
346578.7893,0
346615.5799,0
346624.8892,0
346892.92960000003,0
347192.048,0
347210.5442,0
347216.6889,0
347263.5708,0
347295.1972,0
347336.4253,0
347541.5174,0
347555.6101,0
347621.0429,0
347866.1186,0
348030.3741,0
348181.1611,0
348240.11710000003,0
348248.6914,0
348385.3689,0
348386.9146,0
348492.4632,0
348595.3646,0
348984.07050000003,0
349039.6471,0
349052.7965,0
349313.5387,0
349448.11710000003,0
349870.5412,0
349890.9496,0
350071.8833,0
350077.4115,0
350221.7809,0
350598.45889999997,0
350690.49820000003,0
350736.7944,0
350945.1001,0
351005.8264,0
351023.0681,0
351030.9661,0
351060.8959,0
351186.9619,0
351209.3398,0
351233.7098,0
351269.79130000004,0
351315.0816,0
351319.403,0
351447.5142,0
351530.388,0
351624.1812,0
351773.6507,0
351909.6261,0
352024.8627,0
352230.2827,0
352233.8324,0
352298.714,0
352590.2877,0
352659.4789,0
352726.8606,0
352745.4814,0
352807.5149,0
352946.2195,0
353130.0468,0
353389.5084,0
353413.3307,0
353470.6362,0
353719.2933,0
353878.3855,0
354210.8005,0
354476.1024,0
354502.0311,0
354566.5227,0
354584.3138,0
354893.7708,0
354930.8964,0
354957.4878,0
354985.0579,0
355069.2891,0
355112.2323,0
355301.61199999996,0
355330.76159999997,0
355382.2467,0
355488.1523,0
355673.0806,0
355863.8338,0
355954.18443333334,0
356016.3532,0
356053.90630000003,0
356127.411,0
356380.4169,0
356657.39256666665,0
356811.89890000003,0
356948.9429,0
357006.6764,0
357152.1643,0
357203.0269,0
357220.2936,0
357439.9267,0
357511.621,0
357516.7649,0
357972.0148,0
357987.3217,0
358000.4202,0
358175.1453,0
358201.8293,0
358404.4898,0
358481.412,0
358504.8036,0
358544.1342,0
358609.6136,0
358634.7808,0
358776.2337,0
359122.1262,0
359171.82889999996,0
359357.9702,0
359653.354,0
359715.7039,0
359772.89269999997,0
359810.66359999997,0
359860.6258,0
359988.2746,0
360037.288,0
360065.9218,0
360432.8112,0
360516.0614,0
360686.6115,0
360708.8319,0
360745.25190000003,0
361192.4798,0
361337.5001,0
361613.8884,0
361650.3448,0
361846.01,0
361947.5664,0
362265.0916,0
362376.2221,0
363257.4757,0
363265.1492,0
363269.628,0
363723.7513,0
363894.005,0
363957.8924,0
364098.0634,0
364128.376,0
364143.0953,0
364335.6595,0
364496.2611,0
364507.8315,0
364790.1979,0
364837.1412,0
364859.7726,0
364914.4972,0
364976.1335,0
365144.6041,0
365242.7839,0
365247.4043,0
365283.8405,0
365287.74,0
365315.7831,0
365376.5199,0
365687.7928,0
365712.0525,0
365834.6699,0
365865.6583,0
365879.5537,0
365982.0759,0
366360.4916,0
366400.3834,0
366721.1252,0
366868.6154,0
367006.0338,0
367869.1878,0
367931.2989,0
368266.94180000003,0
368395.3595,0
368734.6457,0
368960.0381,0
369600.1542,0
369669.4979,0
370040.1942,0
370304.7142,0
370335.2723,0
370584.9309,0
370948.0033,0
371011.6538,0
371016.0765,0
371143.873,0
371169.1971,0
371503.8724,0
371531.3696,0
371768.1063,0
371972.3385,0
372284.6645,0
372397.1672,0
372446.5963,0
372637.0074,0
372756.6687,0
372799.2339,0
372978.6317,0
372991.7091,0
373325.0377,0
373491.3089,0
373680.4880333333,0
373796.22490000003,0
373882.924,0
374231.196,0
374367.3462,0
374658.393,0
374767.4277,0
374939.665,0
375238.5799,0
375350.76159999997,0
375425.60719999997,0
375433.3883,0
375454.1105,0
376571.7949,0
376582.1931,0
376618.0538,0
376748.850925,0
376751.51376,0
377240.6926,0
377351.2374,0
377485.1288,0
378125.4683,0
378142.9855,0
378242.7708,0
378447.3701,0
378525.5673,0
378638.0725,0
378814.61939999997,0
378822.7928,0
378935.1131,0
379005.94758333336,0
379250.9153,0
379381.8672,0
379504.5903,0
379784.2577,0
379985.2779,0
380183.2638,0
380252.2554,0
380314.8164,0
380315.738,0
380559.7615,0
380611.00055,0
380775.68570000003,0
380779.7443,0
381138.30066666665,0
381158.9958,0
381265.65263333335,0
381295.7824,0
381311.6754,0
381873.3227,0
381887.1061,0
382175.8276,0
382196.4251,0
382325.5978,0
382376.8963,0
382436.5503,0
382463.19575,0
382785.2021,0
382903.5147,0
383158.6627,0
383339.0628,0
383484.7679,0
383993.1901,0
384410.1252,0
384432.6797,0
384459.7132,0
384475.5498,0
384637.2812,0
384859.1578,0
385113.1843,0
385325.1098,0
385861.75066,0
385873.0682,0
385880.3155,0
385884.0656,0
385944.0121,0
386387.184,0
386586.4374,0
386646.67590000003,0
386667.0833,0
386696.2846,0
386818.7246,0
386819.3754,0
386938.025,0
387215.6787,0
387228.9814,0
387251.7447,0
387347.5002,0
387357.6246,0
388005.8982,0
388298.5585,0
388450.7844,0
388637.9801,0
388767.1123,0
388854.2469,0
389216.2063,0
389276.16359999997,0
389369.3187,0
389647.0518,0
389837.2634,0
389928.3203,0
389928.4121,0
390005.5203,0
390032.4547,0
390232.9035,0
390397.7976,0
390748.3172,0
390823.7228,0
390829.4636,0
390842.28013333335,0
390862.0981,0
391209.1963,0
391269.64280000003,0
391289.115,0
391685.488,0
391965.1666,0
391976.8314,0
392158.9268,0
392330.97,0
392576.2281,0
392579.6732,0
392859.0499,0
392866.2141,0
392899.1262,0
392909.1085,0
393172.259,0
393229.105,0
393347.17339999997,0
394765.4715,0
394947.4151,0
394970.6328,0
395046.6831,0
395314.287,0
395364.6555,0
395385.901,0
395583.3527,0
395854.935,0
395867.09844,0
395941.9929,0
395957.1669,0
396168.3029,0
396177.7506,0
396226.2397,0
396252.53,0
396487.9069,0
396501.9484,0
396577.0151,0
396602.19070000004,0
396733.09010000003,0
396753.2065,0
397001.8294,0
397201.1327,0
397270.3351,0
397675.2121,0
397680.7526,0
397693.4982,0
397703.0357,0
397707.7528,0
397764.0571,0
397804.3136,0
397964.0088,0
398023.8659,0
398410.5002,0
398702.2412,0
398703.5234,0
398784.2273,0
398894.8852,0
399037.2316,0
399078.90009999997,0
399100.4419,0
399128.2446,0
399230.18940000003,0
399246.0385833333,0
399278.9329,0
399439.66000000003,0
399445.4147,0
399531.8413,0
399646.0731,0
399765.93570000003,0
399845.4471,0
399859.1615,0
399931.3366,0
400051.8149,0
400260.4495,0
400321.1941,0
400653.567,0
400704.0391,0
401207.357,0
401366.7571,0
401533.2927,0
402202.1249,0
402304.037,0
402310.3222,0
402453.0389,0
402517.4252,0
402534.6188,0
402578.4342,0
402657.9074,0
402704.55124,0
403572.8203,0
403739.239,0
403829.9277,0
403842.6553,0
403881.5305,0
403935.03489999997,0
403968.9665,0
404150.9033,0
404223.3596,0
404331.2879,0
404757.9993,0
405594.7676,0
405961.79720000003,0
406032.7771,0
406206.81169999996,0
406224.1528,0
406282.3575,0
406577.6138,0
407155.6373,0
407171.4862,0
407177.9021,0
407188.4529,0
407229.9914,0
407313.6826,0
407444.2578,0
407883.7494,0
407900.9514,0
408005.8584,0
408474.4517,0
408690.72990000003,0
408906.75789999997,0
409158.4426,0
409367.2636,0
409431.69920000003,0
409475.4004,0
409481.4486,0
409789.2915,0
409818.0051,0
410157.5952,0
410273.7909,0
410567.3802,0
410687.5797,0
410957.5307,0
411345.7416,0
411398.4688,0
411431.2862,0
412349.95279999997,0
412617.4748,0
412925.1854,0
412975.7955,0
413026.4937,0
413159.3677,0
413251.5335,0
413635.00549999997,0
413664.8913,0
413846.3331,0
413934.0905,0
414091.2083,0
414364.5456,0
414672.76,0
414783.9328,0
415022.2257,0
415158.4422,0
415185.4639,0
415532.4227,0
415568.5548,0
415593.3969,0
415984.6688,0
416131.9546,0
416150.4127,0
416171.72849999997,0
416295.9725,0
416327.1518,0
416378.1576,0
416458.9334,0
416469.0881,0
416882.987,0
417217.6653,0
417369.87100000004,0
417607.3796,0
417707.6334,0
417738.8367,0
417893.6576,0
417919.9915,0
418139.727,0
418296.21880000003,0
418317.5345,0
418748.3842,0
419079.399325,0
419269.0015,0
419323.0858,0
419555.6462833333,0
419792.028,0
419939.8274,0
419968.9268,0
420171.6101,0
420219.6801,0
420414.8992,0
420501.9462,0
420555.1085,0
420658.4305,0
420798.252,0
420822.451,0
420893.7047,0
420948.6471,0
420984.9104,0
421282.8094,0
421612.8687,0
421632.6304,0
421648.228,0
421687.6651,0
421935.4251,0
422083.0168,0
422144.4624,0
422163.8935,0
422382.9733,0
422495.051,0
422634.2354,0
422649.2694,0
422670.1716,0
422697.0972,0
422697.6743,0
422879.2511,0
422956.017,0
423125.1488,0
423185.0408,0
423264.0045,0
423613.6654,0
423721.5504,0
423924.5568,0
423965.0001,0
423978.3334,0
424026.163,0
424026.8612,0
424045.21140000003,0
424088.042,0
424250.6191,0
424281.9871,0
424315.1543,0
424337.2834,0
424384.603,0
424522.6423,0
424528.4776,0
425206.8907,0
425208.8101,0
425332.7233,0
425649.536,0
425784.2772,0
425815.28740000003,0
425911.6878,0
425949.2918,0
426263.2043,0
426298.9146,0
426458.4476,0
426489.5064,0
426552.9738,0
426640.1477,0
426831.0473,0
426858.5707,0
426910.0268,0
427146.5147,0
427283.9756,0
427353.8055,0
427355.5637,0
427361.2764,0
427422.5189,0
427830.1472,0
427919.2888,0
427960.0862,0
427979.0695,0
427982.5146,0
428073.4309,0
428124.3784,0
428258.5688,0
428372.3751,0
428492.9433,0
428540.7358,0
428597.8909,0
428633.208,0
428653.0868,0
428664.2442,0
428753.862,0
428875.8151,0
429005.57660000003,0
429024.216,0
429293.6935,0
429352.3946,0
429589.9774,0
429750.2192,0
429762.79709999997,0
429836.5677,0
429850.6057,0
430073.1246,0
430184.2176,0
430467.2671,0
430467.4096,0
430493.3029,0
430725.0213,0
430777.37288,0
430866.1729,0
430975.0259,0
431102.0443,0
431145.0388,0
431154.3485,0
431166.587,0
431345.6709,0
431366.2472,0
431415.1282,0
431465.7593,0
431665.3497,0
431940.2266,0
431954.7039,0
432195.1561,0
432343.6158,0
432606.4625,0
432920.9147,0
432968.5625,0
432970.2155,0
433014.5242,0
433135.3574,0
433189.3588,0
433249.3612,0
433354.0979,0
433636.7585,0
433782.2974,0
434139.976,0
434370.2408,0
434510.7967,0
434671.34140000003,0
434695.6042,0
434760.2414,0
434820.5222,0
435083.3571,0
435084.1091,0
435111.4385,0
435251.9293,0
435331.5034,0
435382.0688,0
435832.9756,0
435863.5587,0
435879.1964,0
436249.6598,0
436282.2567,0
436399.10120000003,0
436471.2833,0
436607.20279999997,0
436670.161,0
436759.3138,0
436970.2785,0
437116.7533,0
437124.2117,0
437200.5011,0
437288.0451,0
437343.4471,0
437371.3089,0
437469.4848,0
437485.915,0
437578.504,0
437636.2522,0
437881.9365,0
437920.1178,0
438180.5661,0
438308.1617,0
438346.25152499997,0
438472.4122,0
438519.6591,0
438538.66000000003,0
438568.0376,0
438716.83530000004,0
438747.9363,0
438809.8324,0
439588.1028,0
439608.5758,0
439747.4095,0
439780.7902,0
439980.9031,0
440193.4014,0
440248.5887,0
440306.14650000003,0
440375.7354,0
440473.0366,0
440648.6061,0
440776.7698,0
440833.0007,0
441136.8272,0
441247.2372,0
441565.4608,0
441614.65,0
441720.224,0
441777.1304,0
441782.0146666667,0
441782.7108,0
441932.6475,0
442124.1022,0
442542.6989,0
442599.0002,0
442687.53130000003,0
442695.2604,0
442796.7763,0
442875.76769999997,0
443216.9461,0
443376.46880000003,0
443556.8585,0
443670.4744,0
443766.0396,0
443914.5257,0
444377.9196,0
444639.2222,0
444739.7796,0
444826.2746,0
445056.5159,0
445162.5399,0
445211.4174,0
445272.0571,0
445355.9595,0
445386.612,0
445448.3287,0
445593.2196,0
445804.9129,0
446212.66359999997,0
446381.5034,0
446454.726,0
446507.8663,0
446508.0396,0
446814.8748,0
446893.449,0
447246.4545,0
447481.9134,0
447482.698,0
447541.6162,0
447612.898,0
447765.0222,0
447935.281,0
448219.7594,0
448283.3193,0
448291.1746,0
448333.82420000003,0
448691.4598,0
448958.5233,0
448969.7871,0
449053.13300000003,0
449181.4571,0
449309.42220000003,0
449326.5415,0
449847.5591,0
449855.87679999997,0
450234.6942,0
450309.8714,0
450589.8229,0
450885.2706,0
451321.1105,0
451394.98459999997,0
451463.4105,0
451682.0253,0
451725.8532,0
451733.1869,0
452355.6369,0
452432.80700000003,0
452582.8513,0
452717.9146,0
452854.3504,0
452855.1603,0
452991.2381,0
453118.3563,0
453136.88049999997,0
453201.0404,0
453375.4175,0
453648.53260000004,0
453938.3533,0
454029.8025,0
454030.7896,0
454263.7574,0
454482.01780000003,0
454579.2615,0
454924.8233,0
455222.2727,0
455478.9022,0
455942.4399,0
456101.3753,0
456557.1307,0
456575.56,0
456786.4335,0
456985.7589,0
457454.8557,0
457582.5512,0
457640.1682,0
457718.0071,0
457837.8192,0
457950.9729,0
458263.88899999997,0
458444.2089,0
458571.5931,0
458823.5038,0
458946.33160000003,0
459474.4336,0
459993.0047,0
460459.814,0
460475.4616,0
460622.1899,0
460769.0827,0
461011.6841,0
461041.5337,0
461115.3317,0
461316.5434,0
461571.8773,0
461760.6275,0
462004.8841,0
462267.3679,0
462606.7355,0
462707.9145,0
462746.1327,0
462762.29579999996,0
462885.3088,0
462963.6225,0
463156.7963,0
463300.2669,0
463337.2294,0
463652.3617,0
463800.6905,0
463992.2416,0
464005.3199,0
464063.0593,0
464225.7297,0
464383.6343,0
464634.0888,0
464978.2371,0
465185.0861,0
465229.3994,0
465250.471,0
465501.2944,0
465660.25293333334,0
466300.06680000003,0
466310.6524,0
466317.1079,0
466521.20050000004,0
466531.5431,0
466668.1112,0
466847.3676,0
466978.3362,0
467570.8325,0
467572.1359,0
467577.0896,0
467661.6878,0
467678.9303,0
467795.72849999997,0
468281.0563,0
468348.8101,0
468362.4058,0
468378.7564,0
468480.1682,0
468482.5034,0
468658.2202,0
469351.7365,0
469654.822,0
469811.1794,0
469920.5795,0
469977.657,0
470397.5094,0
470506.897275,0
470630.3184,0
470635.1446,0
470838.0897,0
470942.9452,0
471412.25426666666,0
471561.1135,0
471630.2659,0
471697.1105,0
471749.8817,0
472094.5069,0
472191.5599,0
472215.3691,0
472261.5248,0
472304.3453,0
472409.6741,0
472460.9901,0
472771.2958,0
472788.9526,0
472825.0715,0
472895.57050000003,0
472985.6462,0
473259.6431,0
473274.2643,0
473402.5259,0
473405.293,0
473434.6714,0
473497.93319999997,0
473521.5759,0
473672.8269,0
473898.25789999997,0
474051.704,0
474066.8724,0
474201.1923,0
474272.2591,0
474344.3658,0
474353.4353,0
474453.0187,0
474725.82779999997,0
474849.1996,0
475140.1538,0
475336.3176,0
475418.3198,0
475423.6321,0
475455.9895,0
475671.8736,0
475999.1538,0
476049.5809,0
476083.1185,0
476215.8131,0
476430.1383,0
476476.9209,0
476512.5935,0
476532.5309,0
476746.56779999996,0
476756.4795,0
476817.8211,0
476864.0109,0
476880.4861,0
476894.769,0
477132.9087,0
477209.3936333333,0
477369.4355,0
477477.9795,0
477491.8792,0
477553.4348,0
477596.9821,0
477801.86100000003,0
477816.5797,0
478025.4524,0
478175.2608,0
478215.9735,0
478338.2997,0
478343.9976,0
478359.7287,0
478373.92220000003,0
478515.23219999997,0
478788.6356,0
478840.346,0
478942.7773,0
479421.4717,0
479482.8404,0
479519.8672,0
479576.6337,0
479583.3162,0
479595.88800000004,0
479668.8337,0
479765.569,0
479923.4132,0
480201.7918,0
480568.9647,0
480641.6748,0
480707.6904,0
480784.6882,0
480851.4263,0
481031.1801,0
481177.1837,0
481178.8546,0
481317.7624,0
481656.071,0
481671.374,0
481717.3957,0
481767.6367,0
481825.2779,0
482141.1776,0
482685.7928,0
482798.3324,0
483105.5837,0
483311.0007,0
483631.13616,0
483707.5743,0
483918.7741,0
483996.0334,0
484000.2455,0
484180.8568,0
485024.3734,0
485254.3053,0
485463.6872,0
485520.6148833333,0
485550.1822,0
485619.7755,0
485839.9387,0
486471.9692,0
486474.927,0
486539.3882,0
486784.60970000003,0
486912.4935,0
486977.7211,0
487147.9175,0
487214.392475,0
487514.08,0
487771.2119,0
487807.5181,0
487840.0716,0
488308.74124,0
488510.18,0
488821.0085,0
488860.0654,0
488903.9619,0
488954.5621,0
488974.6222,0
489009.0379,0
489071.0581,0
489255.6077,0
489660.5848,0
489762.3976,0
489764.6082,0
489769.5289,0
489924.7631,0
490084.6814,0
490204.3764,0
490205.3415,0
490333.873,0
490386.1814333333,0
490428.7466,0
490537.0077,0
490717.7904,0
490838.3255,0
490864.4031,0
490935.6498,0
491054.3456,0
491303.484,0
491586.9382,0
491600.5244,0
491649.6781,0
491707.2351,0
491899.0915,0
491984.2475,0
491996.6228,0
492091.2596,0
492250.8223,0
492427.6822,0
492493.5172,0
492617.6063,0
492873.312,0
493258.7976,0
493425.7539,0
493524.1374,0
493806.7575,0
493811.6154,0
493866.8369333333,0
494275.3938,0
494280.0808,0
494468.1501,0
494472.0237,0
494840.3613,0
494913.9889,0
495057.2558,0
495406.4642,0
495830.6856,0
495914.9413,0
496144.5253,0
496255.0543,0
496269.9263,0
496315.6014,0
496339.3558,0
496628.3281,0
497037.76159999997,0
497297.6484,0
497314.2505,0
497605.0154,0
497713.6897,0
497934.7383,0
498673.0458,0
498773.4739,0
499110.3358,0
499146.1044,0
499154.202975,0
499599.7173,0
499617.9921,0
499705.3543,0
499910.9905,0
499943.2197,0
499953.34010000003,0
500204.5286,0
500233.4982,0
500293.8544,0
500392.2464,0
500443.5857,0
500545.6936,0
500587.2109,0
500689.152,0
500815.9846,0
501001.328,0
501379.363,0
501460.7862,0
501506.4018,0
501666.4434,0
501821.1622,0
501826.379,0
502002.7665,0
502099.1773,0
503220.28983333334,0
503296.1616,0
503348.4453,0
503384.5338,0
503616.5294,0
503772.939,0
504151.5423,0
504152.08609999996,0
504420.979,0
504454.295,0
505162.8938,0
505214.3384,0
505215.9504,0
505254.5187,0
505515.1385,0
505610.5326,0
505839.3452,0
505856.0281,0
505929.3469,0
506492.6199,0
506759.7469,0
506813.0659,0
506827.4023,0
506940.5896,0
507008.8286,0
507011.3786,0
507025.9027,0
507091.8735,0
507105.2234,0
507128.2087,0
507292.9675,0
507354.84010000003,0
507397.84,0
507402.0754,0
507977.89269999997,0
508112.6402,0
508423.2904,0
508460.601,0
508489.4462,0
508513.7733,0
508693.0412,0
508802.1555,0
508834.1358,0
508892.419,0
508961.52540000004,0
509231.8896,0
509364.5337,0
509448.83389999997,0
509521.5099,0
509521.6445,0
509551.5762,0
509587.9828,0
509650.9754,0
509755.50245,0
509867.6911,0
510023.6301,0
510196.4408,0
510243.8017,0
510372.74210000003,0
510408.9966,0
510479.8909,0
510556.5972,0
510887.4885,0
511060.1812,0
511101.6681,0
511126.7334,0
511272.8072,0
511369.7264,0
511375.1611,0
511532.7483,0
511610.6256,0
511737.8179,0
511775.8577,0
511838.8162,0
511859.0403,0
511914.9769,0
512129.7852,0
512537.8268,0
512706.9094,0
512964.298,0
513006.5546,0
513148.7092,0
513292.1092,0
513463.038,0
513491.7929,0
513512.2905,0
513680.18929999997,0
513724.4914333333,0
513820.482075,0
513834.6408,0
513929.6928,0
513952.925,0
514077.0923,0
514412.6783,0
514485.6824,0
514599.858,0
514648.7746,0
514700.2078,0
514771.1045,0
514818.62875,0
514826.80683333334,0
515097.2542,0
515498.3785,0
515752.5064,0
515813.512,0
515891.0663,0
516125.6175,0
516566.6496,0
516622.0292,0
516708.9196,0
517011.2583,0
517075.0102,0
517105.62690000003,0
517121.9621,0
517150.0099,0
517240.896,0
517347.8049,0
517436.0956,0
517441.1899,0
517481.389,0
517605.4476,0
518044.6716,0
518082.3188,0
518333.6052,0
518472.9046,0
518515.853,0
518677.143,0
518739.4116,0
518747.9047,0
519234.3028,0
519251.1031,0
519359.7615,0
519544.7146,0
519837.116,0
519873.3936,0
519881.413,0
519909.3213,0
519999.1236,0
520007.0569,0
520308.4983,0
520470.91610000003,0
520532.9072,0
520625.7134,0
520689.1315,0
520889.892,0
520938.7573,0
521015.5157,0
521071.6064,0
521206.9347,0
521424.424,0
521571.763,0
521734.9402,0
521870.7495,0
522921.1996,0
522951.02150000003,0
523063.2316,0
523065.29110000003,0
523125.1967,0
523126.7631,0
523133.9429,0
523392.4591,0
523640.6242,0
523645.01410000003,0
523743.5872,0
523749.3352,0
523876.594,0
524070.7004,0
524091.6634,0
524127.32440000004,0
524441.0231999999,0
524464.8517,0
524566.1411,0
524843.9343,0
524893.063,0
525157.5067,0
525160.3163,0
525172.4685,0
525197.9813,0
525250.7844,0
525285.3027,0
525382.7373,0
525459.8712,0
525525.9890000001,0
525922.0386,0
525954.3646,0
526058.7623,0
526239.0582,0
526347.2908,0
526646.2209,0
526674.5318,0
526676.0846,0
526837.808,0
526885.3243,0
527121.4688,0
527148.4866,0
527432.9885,0
527550.8905,0
527616.4983,0
527634.4796,0
527652.9617,0
527705.0797,0
527735.763,0
527823.6224,0
528108.5055,0
528312.6854,0
528649.8564,0
528702.4833,0
528706.9343,0
528864.1343,0
528901.5852,0
529003.4655,0
529139.3715,0
529370.5067,0
529468.6374,0
529608.6083,0
529849.3816,0
530078.9152,0
530094.8094,0
530140.1147,0
530276.1351,0
530324.3229,0
530462.2481,0
530641.6722,0
530668.3345,0
531063.7557,0
531253.0608,0
531408.4094,0
531463.1552,0
531620.0794,0
531736.9484999999,0
531956.4761,0
532040.7909,0
532177.4878,0
532177.9361,0
532192.7831,0
532219.0892,0
532411.4404,0
532479.6907,0
532511.1922,0
532881.1663,0
532899.3128,0
532924.7916,0
533018.0314,0
533128.3608,0
533212.3347,0
533371.7405,0
533694.2531,0
533743.5864,0
533797.6073,0
533890.4815,0
534344.5638,0
534353.4890000001,0
534353.7947,0
534512.2594999999,0
534725.9814,0
534741.7824,0
534786.627,0
534909.3384,0
534983.7082,0
535273.5781,0
535536.6776,0
535736.6738,0
535748.3752,0
535868.9665,0
536233.7602,0
536543.9597,0
536628.5632,0
536925.7394,0
537000.501,0
537044.2401,0
537103.8209,0
537197.5705,0
537331.0826,0
537376.107,0
537376.8319999999,0
537478.1359,0
537512.9743,0
537530.9755,0
537832.6069,0
538007.3813,0
538182.7728,0
538225.049,0
538241.4437,0
538246.5009999999,0
538358.8305,0
538398.5501,0
538736.53,0
538941.3348000001,0
538985.4016,0
538988.9214333333,0
539033.9655,0
539110.7103,0
539150.7987,0
539165.2116,0
539296.9223,0
539314.88,0
539392.8255,0
539550.9765999999,0
539880.0252,0
539965.5828,0
540313.0586,0
540572.7369,0
540586.3005,0
541022.3275,0
541068.7716,0
541086.1813,0
541090.5563,0
541253.4428,0
541272.0185,0
541532.3,0
541588.663,0
541792.1799999999,0
541827.95,0
541933.8785,0
541962.8628,0
541998.9729,0
542202.3527,0
542357.7619,0
542511.7378,0
542654.4123,0
542849.7184,0
542885.4493,0
542928.7894,0
542931.9733,0
543064.6195,0
543102.11,0
543180.254,0
543233.4134,0
543258.5655,0
543391.644,0
543674.2244,0
543838.7272,0
543850.3451,0
543882.9463,0
543965.6069,0
544162.3648,0
544186.1726,0
544312.0574,0
544415.8684,0
544448.7719,0
544734.3367,0
544965.0506,0
545143.0518,0
545157.4685,0
545358.5829,0
545425.4527,0
545487.8505,0
545553.3388,0
545618.2786,0
545740.7577,0
545915.3728,0
545957.4453,0
546250.9147,0
546645.6584,0
546771.3841,0
546918.5889,0
547027.4406,0
547103.8788000001,0
547594.2709,0
547975.7162,0
548052.6174,0
548099.3153,0
548568.4735,0
548641.2367,0
548854.2752,0
549167.0099,0
549230.7997,0
549283.28748,0
549377.9259,0
549599.2137,0
549953.5499,0
550322.4942,0
550467.1994,0
550487.3215,0
550605.8944,0
550635.7127,0
550657.5327999999,0
550671.7673,0
550823.7172,0
551005.7736,0
551293.7545,0
551519.8058,0
551614.0308,0
551977.727,0
552060.285,0
552168.7738,0
552176.7907,0
552270.2077,0
552281.9972,0
552303.8056,0
552381.443,0
552649.9094,0
552727.0288,0
552848.6866,0
552941.2078,0
553291.2376999999,0
553301.0388,0
553367.4333,0
553409.6474,0
553630.3687,0
553787.9074,0
554042.353,0
554081.0095,0
554114.0613,0
554115.8771,0
554270.8051,0
554681.3771,0
554719.8818,0
554724.4371,0
554774.312,0
554849.8625,0
554876.995,0
554901.4767,0
555414.4513,0
555479.4573,0
555638.4493,0
555651.1117,0
555814.1292,0
555851.327,0
555851.3371,0
556517.1106,0
556660.1039,0
556787.2032999999,0
556872.6198,0
556910.0749,0
557097.8207,0
557335.525,0
557693.813,0
557973.2643,0
557995.8056,0
558065.1811,0
558072.6793,0
558094.4107,0
558303.3026,0
558673.5887,0
558707.5614,0
558715.2077833334,0
558842.6396,0
559275.2773,0
559322.7888,0
559351.3814,0
559352.2278,0
559515.7494,0
559754.8481000001,0
560094.2933,0
560297.5532,0
560352.6735,0
560416.1384,0
560434.1437,0
560653.0594,0
560841.1558,0
560920.6855,0
560979.6118000001,0
561065.8236,0
561167.192,0
561422.4696,0
561432.152,0
561488.3488,0
561668.1962,0
562021.0482,0
562179.037,0
562188.6494,0
562464.7533,0
563439.0424,0
563670.2596,0
563987.1555999999,0
564083.7221,0
564204.7245,0
564319.7517,0
564323.9884,0
564424.7197,0
564444.4786,0
564485.4593,0
565336.3541,0
565337.8522,0
565683.6769,0
565684.8512,0
565710.0579,0
565908.3191,0
566058.0087,0
566476.4140999999,0
566491.1679,0
566690.2304,0
566781.3517,0
566866.1015999999,0
566866.905,0
567002.7058,0
567063.3466,0
567224.0134,0
567394.309,0
567438.8752,0
567741.4792,0
568102.2758,0
568271.134,0
568631.961,0
568708.4032000001,0
568886.2338,0
568971.9318,0
569006.7881,0
569186.4515,0
569319.9258,0
569337.7529,0
569340.8651,0
569715.4933,0
570160.6861,0
570352.4516,0
570389.4882,0
570399.4626,0
571024.2984,0
571289.7119,0
571607.2944,0
571679.5141,0
571858.8653,0
571945.8625,0
572103.0578,0
572265.2297,0
572561.4316,0
572630.5473,0
573591.0612,0
573615.8724,0
574364.1491,0
575211.4807,0
575357.6297,0
575581.1941,0
575613.832,0
575725.7716,0
576235.2051,0
576508.6374,0
576633.5758,0
577125.507,0
577259.1414,0
577293.0921,0
577308.853,0
577514.0769,0
577540.3809,0
577652.1152,0
577728.3205,0
577786.2801,0
578134.263,0
578538.3529,0
578566.3544,0
578583.0189,0
578590.9948,0
578619.8455,0
578786.08,0
578841.1876,0
578885.9383,0
579180.2774,0
579588.459,0
580073.28862,0
580325.8154,0
580353.7075,0
580625.1265,0
580690.3682,0
580768.9442,0
581027.5101,0
581385.6506,0
581462.0856,0
581474.0254,0
581598.7753,0
581657.3256,0
581872.917,0
581962.0607,0
582242.0612,0
582384.1254,0
582654.6847,0
582662.6087,0
582690.5008,0
582783.1878,0
582848.1336000001,0
583039.0468,0
583045.3421,0
583120.2758,0
583129.9702,0
583178.0517,0
583181.0515000001,0
583275.9708,0
583340.7338,0
583389.2943,0
584077.0728,0
584205.1843,0
584473.6852,0
584549.8214,0
584771.531,0
585024.0799,0
585043.9709,0
585596.3819,0
585619.3829,0
585652.8412,0
585891.2928,0
586162.996,0
586363.99205,0
586829.4640333334,0
586972.97,0
587095.6839,0
587171.3099,0
587248.0188,0
587732.7641166666,0
588004.2265,0
588032.4353,0
588120.5362,0
588216.9506,0
588267.2509,0
588454.0225,0
588640.9187,0
589657.3589,0
589723.3657,0
589738.7305,0
589779.5307,0
589794.2607,0
589914.5718,0
589982.9026,0
590126.7759,0
590225.0381,0
590371.5611,0
590583.9496,0
590728.488,0
590792.3894,0
590889.8942,0
591210.1871,0
591276.8454,0
591317.0274,0
591780.6527,0
592041.1559,0
592088.4737,0
592177.7043,0
592218.999,0
592332.5759,0
592337.9484,0
592532.4546,0
592712.1199,0
592714.2812,0
593145.7742,0
593262.9271,0
593690.6536,0
593711.6015,0
593723.0828333333,0
593866.8564,0
593891.6803,0
593948.0845,0
594022.6624,0
594267.26445,0
594343.1603,0
594612.3693,0
594617.5803,0
594640.626425,0
594662.3263,0
594789.1140000001,0
594923.2697,0
595091.3392,0
595099.7025,0
595150.0315,0
595434.4993,0
595454.0321,0
595586.6505,0
595779.4082,0
595966.5156,0
595996.021,0
596075.0358,0
596161.1964,0
596220.0296,0
596251.4744,0
596352.9335,0
596471.2106,0
596602.8739,0
596695.1901,0
596696.7008,0
596988.5676,0
597199.1777,0
597285.3937,0
597339.3711,0
597839.8675,0
597943.7196,0
598003.5672,0
598024.5129,0
598098.7356,0
598164.222,0
598370.1714,0
598473.8276,0
598495.7733,0
598551.606,0
598575.2477,0
598679.6722,0
598816.1937,0
598843.8931,0
599020.6786,0
599154.387,0
599235.4776,0
599275.0778,0
599566.4224,0
599639.2389,0
599770.5251,0
599864.0337,0
599864.6814,0
599978.3056,0
599991.3671,0
600139.8184,0
600153.1026,0
600292.2689,0
600464.5048,0
600798.762,0
600992.6186,0
601180.993,0
601364.3752,0
601399.8471,0
601546.5399,0
601614.5245,0
601784.1359,0
601805.0039,0
601888.812,0
602061.7645,0
602259.7343,0
602395.6745,0
602414.2677,0
602547.2324,0
602583.6423,0
602604.4815,0
602617.0036,0
602716.3079,0
602733.4724,0
602734.594,0
602743.5711000001,0
602974.2031,0
603012.7768,0
603122.4687,0
603475.5777,0
603503.0219,0
603503.7283,0
603547.3755,0
603649.8199,0
603716.5164,0
604002.9541,0
604073.3007,0
604467.0155,0
604766.4398,0
604794.8327,0
604806.8601,0
604885.3318,0
604890.7855,0
604958.7298,0
605497.3910000001,0
605911.3416,0
605921.1817,0
606057.3886,0
606343.8082,0
606376.1808,0
606785.6778,0
607017.2225,0
607060.2613,0
607229.3083,0
607399.1605,0
607652.4713,0
607668.9932,0
607718.1766,0
608200.2418,0
608200.5134,0
608214.078,0
608230.7024,0
608335.0823,0
608407.9003,0
608476.0841,0
608661.5336,0
608727.2127,0
608739.3667,0
608746.5674,0
608754.0326,0
608769.5424,0
608819.4704,0
608879.5024,0
609031.0777,0
609129.2472,0
609193.0127,0
609276.9464,0
609282.5085,0
609341.1203,0
609515.3304,0
609588.8838,0
609590.3382666666,0
609762.0832,0
609814.6345,0
610163.2581,0
610177.6591,0
610249.264,0
610309.9131,0
610619.5862,0
610725.3045,0
610880.0896,0
610917.3363,0
610946.4232,0
610983.8551,0
611099.4654,0
611105.5083,0
611120.8444000001,0
611185.2583,0
611392.5246,0
611418.1862,0
611504.6126,0
611603.2416,0
611605.9205,0
611987.174,0
612023.1648,0
612394.0059,0
612473.5716,0
612484.0884,0
612765.8579,0
612870.1831,0
613042.3196,0
613316.2808,0
613788.5929,0
613806.3201,0
613994.9638,0
614113.424,0
614128.4720000001,0
614156.6533,0
614192.0389,0
614205.3834,0
614247.5796,0
614297.045,0
614385.8513,0
614611.686,0
614618.7866,0
614780.6214,0
614837.3422,0
614947.5571,0
615053.2868,0
615336.701,0
615341.0679,0
615742.7988,0
615825.7644,0
615973.975,0
615986.8865,0
615991.7299,0
616073.6654,0
616338.0689,0
616513.1229,0
616527.0329,0
616590.6095,0
616805.7791,0
616950.8213,0
617103.7985,0
617288.1765000001,0
617372.6714,0
617649.4575,0
617658.7032,0
617874.196,0
617931.2978000001,0
617995.0102,0
618021.3127,0
618051.8195,0
618122.2076,0
618307.1472,0
618332.3499,0
618505.0377,0
618591.568,0
618744.5959,0
618790.9571,0
618792.3055,0
618832.9,0
619061.2558,0
619213.8761,0
619297.9724,0
619326.1266,0
619595.0194,0
620009.7591,0
620017.818,0
620034.0741,0
620085.9207,0
620363.6522,0
620428.8605,0
620488.1592999999,0
620528.2569,0
620601.9794000001,0
620651.3012,0
620750.4921,0
620798.3076,0
620851.3152,0
620858.7572,0
620864.9201,0
620902.2594,0
620903.0439,0
620959.466,0
620993.939,0
621153.4078,0
621275.0174,0
621428.7554,0
621463.6466,0
621648.8835,0
621698.3325,0
621814.3882,0
621828.5493,0
622117.1132,0
622145.2027,0
622211.8375,0
622830.3556,0
623206.7563,0
623236.6592999999,0
623244.211,0
623309.8422,0
623882.5218,0
623886.2853,0
623969.458,0
623993.9911,0
623994.6678,0
624070.3006,0
624228.7005,0
624262.4451,0
624373.2504,0
624413.0487,0
624490.6169,0
624704.1843,0
624801.452,0
624836.5303,0
625167.6926,0
625177.6332,0
625331.4455,0
625432.6811,0
625675.7422,0
626168.4315,0
626213.8589,0
626257.8541,0
626331.253,0
626434.0699,0
626782.4992,0
626923.0722,0
627278.051,0
627492.4725,0
627743.6717,0
627985.5221,0
628230.3358,0
628287.5473,0
629094.4254,0
629371.2998,0
629477.675,0
629619.1512,0
629810.059,0
630280.2975,0
630452.5379,0
630757.1597,0
630821.1234,0
631052.7807,0
631113.4683,0
631155.1498,224.44169999996666
631212.8174,0
631847.6249,0
631967.8935,0
632142.1115,0
632241.1246,0
632295.2519,0
632322.9097,0
632347.2282,0
632405.7438,0
632947.4131,0
633299.8594,0
633329.7169,0
633329.7717,0
633396.659,0
633423.763,0
633521.2771,0
633554.7754,0
634125.2544,0
634201.4151,0
634293.1514,0
635323.5608,0
635691.5294,0
635842.0936,0
636132.7198,0
636221.4913999999,0
636467.7206,0
636756.7630666667,0
636784.3181,0
636791.8014,0
636792.2632,0
637595.472,0
637648.6851,0
637721.9896,0
638021.9581,0
638224.3083,0
638300.90548,0
638585.2342000001,0
638617.7329,0
639080.5962,0
639216.0487,0
639287.4382,0
639378.8153,0
639472.0015,0
639533.4748,0
639542.3819,0
639735.8633,0
639807.3645,0
640394.4564,0
640405.2376999999,0
640636.4314,0
640806.0966,0
640987.2582,0
640996.9427,0
641183.6657,0
641266.1527,0
641488.8666,0
641517.0042,0
641601.5596,0
642158.3995,0
642197.4013,0
642388.2296,0
642471.5488,0
642618.4573,0
642682.4555,0
642949.6203,0
642970.7488,0
643260.8662,0
643275.204,0
643332.3072,0
643349.7861,0
643478.0802,0
643894.1154,0
643932.6412,0
643991.3838,0
643992.6572,0
644269.9134,0
644393.8846,0
644539.2327,0
644543.2182,0
644634.777,0
644732.7918,0
644765.8671,0
645267.8974,0
645433.1577,0
645609.1343,0
645860.0623999999,0
646068.4545,0
646254.7922,0
646256.37178,0
646296.339,0
646374.1254,0
646685.4436,0
646805.025,0
646861.9065,0
646952.734,0
647154.9174,0
647195.3452,0
647388.8092,0
647420.5529,0
647675.7056,0
647954.993,0
648099.1894,0
648183.1869,0
648638.3007,0
648769.708,0
648789.403,0
648836.585,0
648851.4057,0
649147.3441,0
649169.9007,0
649206.9284,0
649773.9229,0
649789.1370999999,0
649822.0562333333,0
649830.2513,0
649886.5027,0
650179.7921,0
650235.0777,0
650257.7033,0
650434.1169,0
650473.981,0
650598.4511,0
650670.8973000001,0
650786.87284,0
650826.1768,0
650902.6628,0
651047.8686,0
651240.2648,0
651336.65975,0
651432.1121,0
651659.4965,0
651962.8734,0
652034.7737,0
652055.8572,0
652155.9961,0
652196.5118,0
652418.2715,0
652456.3899,0
652629.4014,0
652726.6325000001,0
653100.5397,0
653104.5408,0
653107.6065,0
653332.3009,0
653392.7847,0
653536.4553,0
653644.8356,0
653711.4159,0
653743.2535,0
653824.5429,0
653904.5932,0
654070.4351,0
654099.56336,0
654154.0893,0
654216.9717999999,0
654337.3026,0
655010.8896666666,0
655118.7186,0
655176.5926,0
655359.846,0
655427.986,0
655470.3119,0
655742.8844,0
655860.9614,0
655877.7591,0
655964.3232,0
656120.5314,0
656208.5084,0
656218.7764,0
656343.7474,0
656348.0864,0
656431.6062,0
656624.4271,0
656924.2589,0
657108.8628,0
657111.6907,0
657240.1683,0
657258.8316,0
657542.3113,0
657738.8951,0
657739.1091,0
657887.3977,0
658041.0276,0
658047.3562,0
658261.8825000001,0
658412.5705,0
658676.7657,0
658710.2722,0
658833.8879,0
658883.1332,0
659141.9439,0
659406.9414,0
659496.5186,0
659535.4140999999,0
659931.0507,0
659976.103,0
660353.4252,0
660398.3242,0
660497.5604,0
660541.0834,0
660748.18106,0
660887.0703,0
661048.209,0
661321.4163,0
661339.8128,0
661653.0212,0
661784.3297,0
661785.6732,0
661920.4403,0
662089.4427,0
662239.0077,0
662470.1925,0
662872.7932,0
662978.16564,0
663070.4309,0
663215.7349,0
663230.839,0
663523.9918,0
664137.0882,0
664155.8186,0
664192.6318,0
664306.1549,0
665130.4479,0
665667.1865,0
665992.646,0
666054.1214000001,0
666130.6228,0
666173.5763,0
666609.4629,0
666730.3643,0
667004.0222,0
667014.6354,0
667239.9258,0
667517.5329,0
667689.9063,0
668050.3695,0
668138.9334,0
668674.2781,0
668831.754,0
668943.3397,0
668959.8008,0
669038.1523,0
669060.1501,0
669283.5271000001,0
669510.4006,0
669712.3662,0
670115.3957,0
670206.8694,0
670472.7606,0
670701.7174,0
670787.6672,0
670789.8023,0
670798.618,0
670948.5298,0
670952.9497,0
670997.8635,0
671283.6425,0
671327.0419,0
671372.1973,0
671459.6618,0
671485.6969,0
671608.9288999999,0
671679.1711,0
671798.9818,0
671968.2219,0
671979.9804,0
671996.5589,0
672049.6216,0
672075.6733,0
672081.0237,0
672147.2904,0
672174.9133,0
672383.78952,0
672434.7054,0
672501.6965,0
672606.08994,0
673051.1124,0
673202.2187,0
673401.0518,0
673496.5571,0
673582.1077,0
673604.689,0
673626.9616,0
673727.3754,0
674062.5534,0
674591.5681,0
674751.4685,0
674877.447,0
675347.7004,0
675384.8712,0
675519.2754,0
675757.5508,0
675797.2574,0
675802.164,0
675805.1084,0
675999.0964,0
676117.4871,0
676195.9067,0
676792.6751999999,0
676824.0537,0
676884.6247,0
677145.11868,0
677302.224,0
677326.6663,0
677329.3764,0
677344.0684,0
677377.9518,0
677544.5957,0
678012.3342,0
678021.9399,0
678109.5864,0
678199.2354,0
678363.7427000001,0
678510.9321,0
678620.428,0
678803.9234,0
678935.2141,0
678983.4172,0
678987.2229,0
679214.67,0
679322.0367,0
679520.9848,0
679593.86,0
679615.0465,0
679666.2732,0
679856.6658,0
679907.5258,0
680040.8663999999,0
680386.1056,0
680419.416,0
680461.9297,0
680480.7504,0
680690.3491,0
680720.7116333334,0
680816.583,0
680882.705,0
680968.9435,0
681171.5991,0
681755.3833,0
681870.7645,0
681884.5408,0
682032.4235,0
682042.9269,0
682078.3451,0
682172.0922,0
682281.7681,0
682339.8767,0
682415.7458,0
682698.6067,0
683198.00496,0
683491.3882,0
683516.7801,0
683534.9821,0
683626.7568,0
683686.112,0
683809.8391,0
683970.8163,0
684020.3847,0
684021.7624,0
684042.3119,0
684143.4994,0
684203.4257,0
684434.1585,0
684488.3722,0
684558.2795,0
684652.0985,0
684774.513,0
684933.3366,0
685002.053,0
685217.7971,0
685587.5198,0
685603.1999,0
685746.713,0
685903.5836,0
686077.5492,0
686088.2238,0
686206.9439,0
686670.7412,0
686675.629,0
686836.3813,0
687116.4874,0
687150.8034,0
687153.1141,0
687193.4425,0
687220.4467,0
687500.9747,0
687565.0543,0
687615.8415,0
687716.5012,0
687732.9707,0
687852.4481,0
687930.4371,0
688476.39225,0
688572.3234,0
688654.5187,0
688733.827,0
688749.1198,0
688754.4424,0
688772.9311,0
688870.2502,0
688949.5684,0
689016.9186,0
689024.7134,0
689031.819,0
689107.2212,0
689217.9638,0
689479.2355,0
689499.7124,0
689589.1816,0
689703.681,0
690167.6845,0
690328.7805999999,0
690535.2205,0
690543.76,0
690798.3792,0
691042.7163,0
691047.8402,0
691060.0621,0
691176.6353,0
691418.4503,0
691490.3315,0
691570.4964000001,0
691940.8011,0
692039.5508,0
692225.8287,0
692372.9025,0
692555.5125,0
692572.1737,0
692582.5967999999,0
692730.5603,0
692800.146,0
692888.9372,0
692902.7729,0
692996.6978,0
693149.294,0
693210.9106000001,0
693214.5998,0
693243.0552000001,0
693347.9972,0
693948.0161,0
694048.937,0
694316.714975,0
694319.0127,0
694368.5308,0
694384.7064,0
694421.7711,0
694522.8425,0
694564.8218,0
694893.0221,0
694900.0731,0
694962.8112,0
694965.2831,0
695300.2867,0
695640.8386,0
695692.3124,0
695862.2837,0
695989.5611,0
696131.313,0
696203.5329,0
696209.8185,0
696288.8678,0
696514.6946,0
696613.257,0
696692.3608,0
696697.486,0
696734.4379,0
696775.5623,0
696901.695,0
697050.8669,0
697084.7074,0
697100.9904,0
697282.698,0
697335.1557,0
697349.2447,0
697523.2887,0
697542.4425,0
697642.8405,0
697703.8021,0
697751.3629,0
697753.6021,0
697909.7765,0
697964.7364,0
698172.0294,0
698527.6661,0
698572.8306,0
698783.5219,0
698892.1093,0
699074.0556,0
699108.5495,0
699219.6125,0
699234.4619,0
699246.3822,0
699634.0854,0
699772.5666,0
699801.9328,0
699818.7332,0
700246.3374,0
700310.3678,0
700447.3052000001,0
700550.594,0
700762.6205,0
700768.6942,0
701226.1812,0
701451.3802,0
701528.4695,0
701557.0606,0
701893.8435,0
701988.1958,0
701990.5605,0
701994.5231,0
702317.9529,0
702549.4285,0
702879.8478999999,0
703172.3285000001,0
703218.1935,0
703431.0952,0
703489.5934,0
703537.0683,0
703564.008,0
703564.2101,0
703724.1874,0
703877.2184,0
703973.0555,0
704088.2768,0
704166.0186,0
704260.1123,0
704324.6485,0
704361.3992,0
704386.5271,0
704442.7017,0
704459.0059,0
704481.2956,0
704502.9844,0
704860.6499,0
704997.4405,0
705112.3397,0
705136.0077,0
705168.8506,0
705398.3602,0
705411.9577,0
705585.6487,0
705813.2327,0
706248.0071,0
706422.3404,0
706743.2084,0
706768.004,0
706927.948,0
706943.6107,0
706957.09,0
707067.3209,0
707241.1505,0
707390.9081,0
707473.1946,0
707743.8065,0
707804.1388,0
708266.3819,0
708341.2689,0
708522.1256,0
708536.1814,0
708802.8305,0
708941.8870999999,0
709038.4792,0
709133.8953,0
709674.7201,0
709994.8097,0
710041.786,0
710254.4784,0
710263.3566,0
710394.0933,0
710552.3482,0
710574.2193,0
710586.5699,0
710597.7661,0
710615.2699,0
710706.9363,0
711273.4708,752.3943999999901
711308.1839,0
711344.2499,0
711423.6760333333,0
711528.0935,0
711625.8439,0
711768.2603,0
711947.9442,0
712326.2488,0
712392.407,0
712623.6454,0
712657.9185,0
712800.9356,0
712851.3184,0
712938.916,0
713088.6557,0
713181.0169,0
713423.2404,0
713433.0325,0
713546.5287,0
713614.4068,0
713886.2376999999,0
714021.9283,0
714298.7874,0
714344.6163,0
714822.0586,0
715166.6217,0
715252.1299,0
715743.0875,0
715857.9963,0
715906.4507,0
715954.5192,0
716352.9236,0
716353.0838,0
716383.8408,0
716385.0324,0
716462.6241,0
716513.5309,0
716590.8049999999,0
716693.0749,0
716829.1232,0
716961.4403,0
717321.0254,0
717335.7544,0
717402.2895,0
717579.5354,0
717633.1477,0
717993.613,0
718207.8194,0
718240.7493,0
718445.5971,0
718495.1134,0
718716.5262,0
718736.6671,0
718773.6856,0
718842.8623,0
718900.1909,0
719148.9016,0
719429.0171,0
719443.5809,0
719460.2375,0
719498.1763,0
719551.0035,0
719764.5958,0
719830.5582,0
719887.5538999999,0
719932.8623,0
720091.4873,0
720116.0331,0
720264.9234,0
720348.9163,0
720524.0291,0
720525.0687,0
720529.0573,0
720570.2507,0
720641.6414,0
720674.3251,0
720804.0992,0
720942.2171,0
721004.5002,0
721086.0537,0
721142.2063,0
721314.6285999999,0
721381.6837666667,0
721494.3523,0
721614.2538000001,0
721737.5609,0
721802.7791,0
721849.4865,0
721854.8658,0
722196.1856,0
722296.2359,0
722596.0322,0
722692.548,0
722786.4939,0
722819.6458,0
723214.4555,0
723494.4039,0
723609.5573,0
723618.7342000001,0
723672.3532,0
723680.0108,0
723722.468,0
723890.0948,0
724128.4947,0
724204.3788000001,0
724305.9876999999,0
724334.52,0
724519.1410000001,0
724564.4702,0
724703.0634,0
724897.1543,0
724978.3662,0
725295.2716,0
725447.9134,0
725736.6588,0
725804.593,0
725855.8095,0
726038.0948,0
726187.1758,0
726303.3831,0
726361.4276,0
726422.4106000001,0
726588.73256,0
726751.6196,0
726898.7949,0
727098.5072999999,0
727378.5535,0
727811.2660000001,0
728212.5986,0
728385.5295,0
728391.2532,0
728412.4571,0
728464.1326,0
728533.6308,0
728681.6163,0
728717.7694,0
728745.0235,0
728753.197,0
728772.2641,0
728900.0887,0
728927.1366,0
729342.0786,0
729387.595,0
729459.6318,0
729491.4897,0
729825.3358,0
729851.4182,0
730032.6707,0
730069.55,0
730761.6216,0
730778.6396999999,0
730855.5946,0
730961.862,0
731108.7012,0
731127.8295,0
731161.0786,0
731845.0496,0
731953.6832,0
732271.0061,0
732620.3906,0
732637.7428,0
732713.3197999999,0
732797.7455,0
733024.2986,0
733056.4945,0
733440.1846,0
733498.7014,0
733580.8756,0
733642.2765,0
733969.052,0
734019.3971,0
734063.5022,0
734077.6410000001,0
734410.8049,0
734711.4026,0
735177.7575,0
735277.0555,0
735628.1432,0
735670.0761,0
735723.8724,0
735870.467,0
736105.91886,0
736352.5068,0
736376.3484,0
736462.9147,0
736494.7429,0
736694.7436,0
736721.264,0
737324.4561000001,0
737358.4254,0
737373.4224,0
737608.3314,0
737859.5526,0
738242.3183,0
738370.9549,0
738642.0689,0
738676.278,0
738860.5028,0
739032.579,0
739086.6205,0
739439.8987,0
739574.0888,0
739766.227,0
739972.4751,0
740674.9248,0
740761.9417,0
740768.8145,0
741042.3708,0
741698.8404,0
741762.6609,0
742008.583,0
742203.694,0
742407.7805999999,0
742550.9737,0
742688.066,0
743177.8694,0
743393.2085,0
743474.1796,0
743502.5572,0
743717.1122,0
743890.4622,0
743906.5693,101.94010000000708
744163.0831,0
744281.964,0
744388.2654,0
744408.8294166666,0
744544.2851,0
744628.0126,0
745222.5857,0
745365.5785000001,0
745580.134,0
745680.0627,0
745974.5564,0
746085.0773,0
746194.4664,0
746284.1493,0
746675.431,0
746947.7297,0
747305.3043,0
747306.001,0
747345.2483,0
747383.7358,0
747430.8728,0
747461.9973,0
747672.0339,0
747796.7751,0
747879.6262,0
748044.9731000001,0
748638.6299,0
748816.6692,0
748977.4033,0
749066.2001,0
749827.3257,0
749833.0467,0
749856.0367,0
749941.6575,0
750016.2878,0
750430.6509,0
750648.6251,0
750798.1265,0
750914.3133,0
750968.7341,0
751378.1336,0
751593.27965,0
751637.3516,0
751722.5444,0
751987.8501,0
752185.3881,0
752270.8818,0
752298.9221,0
752373.4901,0
752579.3069,0
752608.1476,0
752633.5522,0
753066.0739,0
753111.7776,0
753427.0694,0
753464.0744,0
753658.0989,0
753900.0406,0
754018.9755,0
754076.3419,0
754182.6539,0
754261.6705,0
755077.89,0
755269.0803,0
755518.6333,0
755736.4413,0
755770.995,0
755831.0915,0
755963.0327,0
756448.7014,0
756725.4762166666,0
756840.6226,0
757077.8302,0
757229.2465,0
757240.1557,0
757327.1616,0
757369.5448,0
757428.4087,0
757495.5524,0
757528.214,0
757621.8213,0
757799.3716,0
757986.0213,0
758054.1439,0
758154.4989,0
758165.0688,0
758325.9034,0
758380.9016,0
758443.2499,0
758469.6057,0
758621.4488,0
758716.8437,0
758888.5582,0
758903.9592,0
758983.5923,0
759330.7832,0
759436.0693,0
759477.2857,0
759652.1765000001,0
759752.5120999999,0
759841.4234,0
759860.283,0
760223.1244,0
760255.9595,0
760501.745,0
760515.7051,0
760552.5165,0
760900.945,0
760979.5679,0
761046.5674,0
761051.4178,0
761081.053,0
761138.8488,0
761296.6542,0
761368.4984,0
761507.4182,0
761605.2163,0
761856.627,0
761949.2758,0
761996.4889,0
762017.2517666667,0
762034.1854,0
762222.1423,0
762278.717,0
762513.1836,0
762728.3719,0
762990.9068,0
763337.5828,0
763377.5531,0
763379.0946,0
763461.4683,0
763498.7312,0
763747.7893,0
764020.5875,0
764373.5398,0
764605.0366,0
764762.0471,0
764766.0868,0
764959.0058,0
764977.0545,0
765013.9423,0
765125.4931,0
765312.1849,0
765322.6663,0
765383.3317,0
765714.4039,0
765770.8264,0
765774.96832,0
765804.2881,0
765805.8136,0
765814.3946,0
765826.7008,0
765881.8634,0
765976.2314,0
766114.38485,0
766442.8586,0
766521.3032,0
766543.5804,0
766605.2384,0
766750.3408,0
766848.744,0
766869.0898,0
767033.6488,0
767148.5012,0
767181.7779,0
767236.1415,0
767271.6533,0
767588.8252,0
767639.4997,0
767779.9786,0
768017.3143,0
768098.4997,0
768145.1937,0
768208.8682,0
768235.7001,0
768346.3364166666,0
768452.3715,0
768481.424,0
768502.9076,0
768513.9231333333,0
768535.5497,0
768592.2304,0
768731.7477,0
768878.7367,0
768893.783,0
769028.853,0
769281.076,0
769370.2599,0
769392.7044,0
769532.8991,0
769631.3568,0
769883.128,0
769906.8044,0
770308.8148,0
770340.7023,0
770424.6001,0
770461.6622,0
770495.3,0
770549.2041,0
770610.2239,0
770640.062,0
770858.8891,0
770936.3666,0
771138.7009,0
771340.5535,0
771426.5616,0
771542.557,0
771785.378,0
771949.1233,0
772183.1389,0
772221.3059,0
772240.0501,0
772311.8502,0
772417.1162,0
772578.5076,0
772582.7062,0
772609.868,0
772632.9776999999,0
772658.3133,0
772702.2735,0
772726.5109,0
772963.7263,0
773376.4563,0
773450.6392,0
773645.2038,0
773772.3958,0
773783.87436,0
773855.0819,0
773870.3547,0
773972.9038,0
774072.9031,0
774173.0836,0
774323.7126,0
774800.2025,0
774906.7482,0
774906.8692,0
775187.4203333333,0
775209.7904,0
775238.1172,0
775260.592,0
775329.2151,0
775362.8692,0
775565.529,0
775623.499,0
775861.6757,0
775897.606,0
776111.0726,0
776192.4822666667,0
776222.2134,0
776268.8445,0
776337.5387,0
776401.1704,0
776682.7081,0
776958.3961,0
776975.1204,0
777114.5744,0
777192.7421,0
777443.1535,0
777458.453,0
-----Simulation END-----
