-----Simulation 0-----
172936.0395,31951.290700000012
173131.5897,0
173492.6227,0
173514.4623,0
173589.5299,0
174135.192,0
174141.9556,0
174179.3856,0
174367.81,0
174456.30479999998,0
174478.9543,0
174514.8112,20167.8444
174572.055,0
174655.1732,23774.152099999978
174659.8418,26942.630799999984
174690.8368,0
174859.113,20760.679600000003
175028.9991,27893.295399999974
175074.5521,0
175106.8143,20051.71609999999
175139.9964,0
175200.4069,19416.25330000001
175278.3712,0
175353.1907,23425.320399999997
175631.90529999998,0
175694.5644,21953.25529999999
175718.8086,0
175752.9524,19852.672699999996
175797.707,21699.834900000016
175798.4073,0
175873.1901,0
176017.5513,0
176075.6597,0
176217.1387,20301.29602000001
176335.7009,0
176411.4008,0
176473.7018,0
176476.9753,0
176483.3119,0
176785.8862,0
176816.309,0
176915.8302,0
176995.32390000002,0
177014.0022,0
177130.2208,23445.2482
177145.5248,0
177163.9904,21768.80369999999
177259.9362,0
177263.9367,0
177343.2162,30674.9626
177389.4054,23473.7549
177548.5613,0
177582.8378,0
177656.7909,0
177746.2384,0
177748.4996,0
177793.1181,0
177863.7099,25341.774199999985
177929.87410000002,0
178456.1945,20866.341200000024
178519.0822,0
178645.3328,0
178698.7335,0
178700.5606,0
178821.565,30383.6814
179063.7439,0
179086.634,0
179127.7037,23160.454000000027
179173.3586,0
179402.6556,0
179637.3606,25149.358600000007
179656.4549,34727.981300000014
180125.33980000002,0
180164.3485,0
180465.541,0
180471.6005,0
180639.9291,0
180682.6645,0
180824.5693,24805.626366666664
180980.3966,22708.858500000002
181378.111,0
181462.4585,0
181478.2112,23143.728499999997
181780.9455,23835.694500000012
181810.707,0
181819.45799999998,0
181895.2123,0
181919.994,0
182173.7362,0
182186.4258,29732.930599999992
182459.4657,0
182540.0856,1562.9421999999904
182833.6641,0
182922.2776,2022.6750000000175
182922.4834,3506.302100000001
182956.7116,25958.737200000003
182967.997,24248.23000000001
183006.2682,0
183156.2711,27426.09480000002
183261.0624,0
183369.8292,22091.146999999997
183375.0123,24967.82699999999
183390.5444,0
183535.772,29.18210000000545
183727.0193,4036.383300000016
183739.6081,0
183800.5366,25373.085099999997
183810.0018,0
183852.8089,24612.21549999999
184026.1206,1250.1147000000055
184120.9752,0
184201.4593,25042.1201
184426.1736,0
184699.4284,1415.5970000000088
184834.9796,40193.34520000001
184870.9036,0
184988.096,0
184990.3807,0
185119.0966,27208.31879999998
185199.628,0
185207.0229,1063.3325000000186
185540.987,34221.447399999975
185710.4678,9580.951700000005
186066.0312,29805.222500000003
186075.1351,3073.534000000014
186083.0619,25651.463099999994
186104.0403,26242.91459999999
186173.3961,28002.621200000023
186316.4939,24531.070399999997
186444.4619,0
186681.689,10058.202600000019
187042.1887,1129.0466000000015
187227.7737,14.14979999998468
187239.3551,2762.409799999965
187372.0984,30916.839199999988
187500.3429,0
187568.1901,1855.466000000015
187614.4805,2213.5391999999993
187978.8772,697.1285999999964
188057.1995,694.8365999999805
188089.6253,26171.271500000003
188114.266,2407.4796999999962
188132.8568,24965.720100000006
188243.9467,0
188568.1453,588.2644000000146
188766.004,26150.913899999985
189139.0375,29523.030300000013
189242.1705,28420.35440000001
189545.754,31481.177399999986
189772.8891,29005.406199999998
189818.6944,0
189967.097,26963.21430000002
189999.7577,25.425399999978254
190151.7142,26618.742700000003
190203.0363,2850.2682000000204
190450.2859,7904.776299999998
190857.3404,27590.830399999977
190964.0438,34016.403500000015
191111.854,28046.281799999997
191567.8492,33842.81410000002
191728.62,29051.556099999987
191811.8151,28183.2518
192024.11,32908.264999999985
192099.26929999999,0
192107.3578,29451.038119999983
192294.876,5930.542300000001
192367.4636,27476.28389999998
192450.1982,28974.64870000002
192451.6279,28469.088499999983
192972.0694,3297.5477000000246
193010.7062,5072.515999999974
193156.9062,8921.453799999988
193308.69,5757.82640000002
193341.9375,27878.21299999999
193541.2195,5465.953700000013
193764.3938,31345.67929999999
193780.5633,28645.243199999997
193868.9497,37467.908400000015
194216.2402,6258.405399999989
194240.6806,29783.172699999996
194284.9898,5473.457500000019
194439.6318,6196.403699999995
194676.3116,29780.659799999994
194789.7346,29743.7653
194899.808,3295.9330999999947
195395.1076,4516.713599999988
195408.7244,4497.2093999999925
195610.576,29148.002000000008
195796.2449,32456.26019999999
195850.7915,7215.009699999995
195945.8066,28157.577300000004
196150.9023,34441.94624999998
196198.9642,0
196433.6229,28369.286099999998
196476.8195,0
196814.9857,10427.74059999999
196858.7814,4932.151100000017
196876.7107,30575.981299999985
196923.2801,29243.51000000001
196960.4596,5990.425524999999
197051.953,0
197162.8456,9504.828000000009
197249.8523,0
197359.9314,33799.76310000001
197523.1176,0
197588.1969,4472.74430000002
197947.3713,29570.481100000005
197958.4821,12116.047899999976
198003.0337,33195.616100000014
198019.9548,34300.6747
198053.7283,6157.1127999999735
198497.2852,34611.03110000002
198554.8223,35989.66493999999
198852.9334,37100.7628
198905.3165,6460.031999999977
198958.9152,5838.155999999988
198996.7531,30508.789099999995
199006.0699,15408.300799999997
199103.7421,8418.562799999985
199182.7414,31108.039300000004
199286.061,8370.457599999994
199344.2725,36732.422099999996
199557.6641,7106.1086999999825
199663.7136,41747.31899999999
199726.2769,35207.4099
199865.9442,33261.22690000001
199877.4597,8638.821200000006
200069.3101,11670.073100000009
200137.4174,7998.350100000011
200472.6977,33407.09459999998
200581.6495,7425.267599999992
200610.9439,8277.829900000012
200925.9765,38430.3351
201002.5699,31851.95689999999
201036.3153,7044.964299999992
201048.2655,36248.8119
201121.3095,29138.953700000013
201208.0984,31444.56209999998
201439.3432,0
201459.7783,32740.857300000003
201558.3623,36073.889400000015
201650.7992,30897.377100000012
201732.329,15952.735199999996
201808.719,15540.827475000027
201810.8367,31760.193600000028
201891.9838,20379.76489999998
202067.5952,11900.291500000021
202096.29,32957.090200000006
202162.2264,12717.260900000023
202181.0363,0
202342.2159,33815.894700000004
202372.2269,7043.481499999994
202470.852,11759.268900000025
202492.7824,29880.23000000001
202568.4271,13131.150099999999
202644.3922,14208.126900000003
202742.3817,10414.97099999999
202826.7843,30463.330199999997
202981.6556,8956.163300000015
202996.1374,30669.668800000014
203006.8962,12714.421000000002
203092.6616,36308.35209999999
203165.5648,12081.993400000007
203441.7308,31293.022800000006
203585.652,6583.548899999994
203625.1678,6686.249099999986
203686.8668,11161.81839999999
203863.9181,6860.924100000004
203962.7712,11432.21609999999
203991.6469,7513.387400000007
204037.2198,35978.49353333333
204249.7354,31776.709499999997
204355.0259,29936.054999999993
204384.4233,31979.93789999999
204621.3219,5764.226300000009
204942.3411,6046.677100000001
205025.4857,34980.982499999984
205247.2934,10325.511800000007
205562.9207,7919.643099999987
205696.8088,30393.9571
205744.5455,6993.959499999997
205807.4572,52290.4436
205992.17,39963.51820000002
206177.4997,35658.50259999998
206190.8843,36518.316900000005
206284.5332,8450.61989999999
206380.1226,12757.08230000001
206403.1322,30170.210299999977
206592.238,0
206708.0131,11972.176600000006
206820.6185,33437.17520000003
206908.2267,13841.774349999992
206910.1822,18917.766200000013
207103.9572,32065.750499999995
207165.4791,8602.987800000003
207525.8076,41077.75839999999
207611.6677,13440.901599999983
207669.1587,35971.711899999995
207705.1193,13592.769299999985
207853.0767,35120.05740000002
208118.9557,21274.448600000003
208578.5804,8011.694400000008
208591.0199,30881.020300000004
208689.7012,33219.048100000015
208898.0665,13541.958499999979
208925.5622,31549.97729999997
209092.2808,36875.42570000002
209119.3265,36811.52369999999
209128.0057,8625.4185
209265.805,34628.04149999999
209305.783,39254.59419999999
209318.3827,39206.645099999994
209762.9881,37930.82309999998
209892.1625,38533.77720000001
210003.008,31444.7151
210109.7463,18474.350199999986
210244.8512,31912.7782
210345.7577,31146.788299999986
210347.1341,9191.104200000002
210405.0683,613.6916000000201
210485.8074,9900.780800000008
210575.13,16764.920199999993
210654.3952,31031.605100000015
210773.8465,12488.884100000025
210973.5894,16842.279899999994
211148.2302,0
211191.8081,17661.521099999984
211402.4137,40289.567899999995
211449.7759,32647.979300000006
211558.7635,14511.157399999996
211666.1714,32460.231700000004
211999.6603,12563.025599999994
212042.8723,37792.19159999999
212200.0989,18820.513200000016
212296.3595,32972.424499999994
212364.7548,38050.721099999995
212398.5619,36530.2377
212692.2553,33829.336099999986
212837.5825,31058.55679999999
212933.2889,31805.626100000023
212947.919,42163.61229999998
213062.1776,11944.162299999996
213088.8349,37670.74999999997
213107.8309,15091.7641
213168.7299,30280.533200000005
213298.6069,35466.919200000004
213336.9109,10287.727999999974
213425.3614,34910.8235
213520.3876,33335.27119999999
213684.0693,9391.2157
213737.6212,9182.616799999989
213758.9667,11184.716799999995
213790.3033,10781.16889999999
213940.7609,11604.825499999977
213979.5756,35087.43950000001
213992.4585,32220.152700000006
214032.719,34326.97630000001
214078.4081,32147.486399999994
214141.5362,44844.67870000002
214171.8978,18224.766900000017
214525.6902,12694.434800000017
214779.4572,32602.988400000002
214789.8182,21359.255399999995
214890.5224,11980.229800000001
215077.4584,11299.032600000006
215138.9519,39891.274799999985
215181.4324,34394.7249
215425.1923,8860.62890000001
215454.3513,39517.7138
215543.9737,3476.5319000000018
215553.0835,36705.71470000001
215663.8607,17965.34599999999
215676.3683,39029.267900000006
215764.6292,17540.156799999997
215823.9393,35682.1593
215988.8075,40129.50719999999
216103.1908,33184.9596
216132.318,20380.4718
216327.9355,18104.28
216630.4423,33188.99369999999
216631.0308,29855.36500000002
216789.6043,32273.43609999999
216904.2376,14489.296399999992
216973.732,18484.18239999999
216997.0511,11234.748099999997
217037.7604,29859.276299999998
217237.6212,37864.7629
217318.9089,44810.08070000002
217686.9141,15026.791199999978
217775.1718,12536.824300000007
217988.003,32994.1079
217999.5571,34838.709900000016
218170.8175,10850.344400000002
218174.0102,28840.013199999987
218207.5401,11455.8131
218322.6303,20803.877499999973
218490.9206,17745.270500000013
218690.2338,33090.200899999996
218761.5017,0
218845.6797,30533.068
219129.9845,22307.532799999986
219151.3757,35439.6428
219379.0912,42750.2543
219431.4474,11296.480100000015
219680.8838,13869.670600000012
220053.2608,31305.407099999982
220069.6804,47138.72100000002
220074.2701,10760.512299999973
220347.6004,11698.271000000008
220514.1825,49967.125100000005
220572.4019,18989.94099999999
220736.3613,34880.605299999996
220746.5987,21230.555599999992
220872.5535,32137.047700000025
220986.0443,31989.025400000013
221062.9135,48818.784199999995
221067.1986,20042.536499999987
221303.0913,40561.15340000001
221386.759,35494.711699999985
221659.9345,17232.295799999993
221716.26,31743.187200000015
222098.9626,19443.775200000004
222270.7327,36102.6201
222285.5316,12068.421799999982
222399.0751,14826.41889999999
222460.2368,23103.45080000002
222545.2,19004.324699999997
222594.5944,16679.579499999993
222658.5985,14132.278699999995
223050.8998,43422.69690000001
223092.8479,35483.317299999995
223181.8062,18533.33409999998
223313.4927,17531.850000000006
223402.9442,33571.51249999998
223463.9537,33051.47360000003
223515.8686,32556.598399999988
223519.4841,44546.273799999995
223714.9174,4743.652399999992
223792.7536,33277.6378
223838.7964,13425.8021
224009.7716,16468.5637
224012.9566,35345.620400000014
224022.5694,18299.564500000008
224031.0938,40981.06230000002
224248.0337,38281.003400000016
224278.7056,31686.68649999998
224298.0894,18829.9173
224413.0023,11346.046199999982
224443.5567,33233.89969999998
224464.7622,33334.244999999995
224471.769,35889.08679999999
224592.8405,48100.24179999999
224607.3646,32826.15220000001
224703.6364,42288.811799999996
224876.5363,15743.455199999997
224975.4014,33001.596300000005
225026.0815,37967.9792
225126.5109,33496.6912
225147.2043,38659.3719
225155.7728,38470.42970000001
225908.1843,32495.565099999978
226024.0365,40087.41869999998
226100.7201,23214.679800000013
226144.9668,17804.28719999999
226212.4482,31516.180400000012
226343.5455,25242.610000000015
226366.467,35774.322000000015
226488.0751,34696.30049999998
226503.529,37603.6685
226658.9168,17956.549
226692.0243,14542.954899999982
226695.6503,44084.37240000002
226707.6183,36515.5925
226844.9592,34330.15100000001
226890.0927,36116.50730000003
226895.4994,16086.69630000001
226936.2668,47143.5215
227597.958,13145.118500000011
227803.4875,23795.532199999987
228042.3013,19469.40479999999
228080.5313,17541.730699999986
228202.7928,16073.256999999983
228437.8607,28725.2218
228564.926,34074.5257
228574.3289,13643.786499999987
228690.3528,19274.68709999998
228913.9268,18296.00159999999
228960.969,39951.539699999994
229022.9903,20634.417199999996
229160.4275,25364.53409999999
229217.7308,16547.819899999973
229218.8409,16623.358100000012
229230.9258,49441.17417499999
229366.517,42585.811799999996
229384.156,11331.2261
229505.3584,38579.93769999998
229530.2382,34187.66439999998
229660.9328,39541.856
229706.3142,13522.986999999994
229731.1778,26156.189600000012
230205.6564,35466.874500000005
230249.6148,35475.761
230286.4552,43042.033399999986
230563.9068,14261.484800000006
230621.4656,37594.8786
230672.6386,50939.9112
230680.9536,40145.5845
230763.9842,52746.08290000001
231556.6344,25458.840600000025
231787.3835,13065.90519999998
231800.7526,41982.35500000001
231943.2681,15704.344199999992
231987.6245,12571.315600000002
232628.2026,42660.4345
232725.5497,40350.225200000015
232759.1614,37624.68050000002
233080.2141,13316.062250000017
233132.7166,21010.9148
233477.0837,44358.5367
233642.7104,29335.843900000007
233884.1945,14898.515400000004
233974.6308,14945.60010000001
234029.3008,38669.09210000001
234055.2865,39009.44939999998
234170.6045,15020.89049999998
234594.3172,46041.58379999999
234664.7563,44834.292200000025
234757.1035,40390.9547
234798.6219,38005.547900000005
234858.2502,39856.83600000001
234867.1424,23783.484200000006
235041.2962,32150.000300000014
235439.4135,23975.351999999984
235491.5246,46209.61600000001
235631.4499,39708.72840000002
235707.7808,38278.59419999999
235787.3551,15861.403399999981
236029.3154,16849.733899999992
236109.668,20330.7267
236224.372,22305.23610000001
236431.1724,18724.045400000003
236700.3585,16905.900800000003
236763.0507,36928.860199999996
237276.8802,17676.425620000024
237761.5431,16976.267099999997
237820.2383,36691.688999999984
238137.5804,31960.581200000015
238200.5436,27395.981700000004
238242.0855,24312.575899999996
238297.6258,42670.140000000014
238492.8056,29875.2414
238521.7522,42494.0024
238649.2313,23497.42260000002
238807.6146,18880.728700000007
238943.0391,43921.93969999999
239206.878,40387.830400000006
239267.5949,20776.2347
239446.3065,0
239514.6701,42177.1476
239675.0954,18819.254799999995
239771.0932,18803.074499999988
239785.2475,48687.01329999999
239933.1439,16707.7647
240101.7641,41545.360799999995
240200.749,45583.36580000003
240316.5364,41772.250500000024
240323.5607,41307.02840000001
240635.4421,49665.148999999976
240664.2702,43071.808300000004
240708.4984,44382.12340000001
240735.867,37813.205474999995
240771.757,35458.811400000006
240858.372,44178.83989999999
240902.0596,18890.237600000022
241012.7837,43507.087499999994
241049.0446,44155.297899999976
241085.0364,50507.79520000002
241098.2961,47399.77129999999
241415.4287,0
241445.6367,44691.74720000001
241508.4192,40763.9743
241546.6043,40880.76150000002
241575.8828,26139.224799999996
241712.6702,44261.77159999998
242135.0699,27279.3664
242788.1494,22738.016100000008
242850.0331,28185.334499999997
242901.5311,43053.7715
243237.6525,47326.597099999984
243286.1761,21333.71980000002
243531.0136,21223.53409999999
243707.2956,42965.701700000005
243715.0435,39041.37299999999
243725.7073,42891.6336
244176.0075,24107.7659
244358.776,26240.487800000003
244456.9938,43883.8621
244665.4503,44089.624099999986
245089.3385,24863.9516
245679.65,22141.016399999993
245971.3491,24143.672300000006
246327.57,24579.995200000005
246358.5528,45553.4393
246783.3784,48635.97569999998
246795.38,25581.5656
246912.539,23294.87539999999
247079.8688,47834.13579999999
247194.7751,24483.9798
247267.1476,45725.77609999999
247292.2968,49875.39690000002
247306.8033,34503.2531
247599.6811,22899.70889999997
247615.6464,35230.85740000001
248154.5569,32841.32699999999
248260.1318,49215.34599999999
248260.349,36640.491299999994
249203.4688,49226.59270000001
249450.2778,48816.18900000001
250054.1758,0
250162.9771,49047.18909999999
250462.2414,26516.368599999987
250664.6171,26956.53409999999
251121.4979,49781.75779999999
251263.4762,26312.993199999997
251712.5157,50891.72159999999
252324.436,55334.72052499998
252329.3446,51104.82510000002
252440.9684,24106.490900000033
252447.0483,26930.492
252620.3196,51357.043000000005
252628.4994,28472.357400000008
252755.9208,54900.08229999998
253032.3558,26013.286200000002
253591.7873,26398.822599999985
253876.9274,47984.49789999999
254044.718,28671.334600000002
254303.1493,56622.9068
254858.8287,34159.643100000016
254914.1413,50525.727199999994
255153.3992,56130.55500000002
255315.3105,27223.807579999993
255522.3741,52253.067099999986
255540.3152,53581.3046
255588.0482,31817.7126
255920.2121,53617.19440000001
255976.3457,53323.68710000001
256098.514,51707.21530000001
256116.2377,51162.88010000001
256683.3902,57893.01319999999
256708.2352,54756.3713
256958.6191,27346.85190000001
257139.6218,38752.60620000001
257159.2679,34797.5907
258040.4773,31836.635899999994
258106.199,55251.865699999995
258170.1784,53485.05590000001
258366.4926,28857.12354999999
258408.4224,54934.80100000001
258446.6946,51683.99059999999
258468.8874,57647.59516
258708.3454,52935.93239999999
259220.8936,23879.086899999995
259678.5659,38239.8272
259920.545,29353.55680000002
260010.2271,51991.86745999998
260228.3939,29774.50940000001
260271.7013,34543.32089999999
260366.6067,29769.485400000005
260382.7136,38715.40179999999
260664.8047,35967.1476
261026.5297,36414.484800000006
261194.6988,35511.942700000014
261337.266,52353.1728
261372.8469,30401.016799999983
261473.6811,31046.972099999984
261537.0081,0
261596.1637,59970.75210000001
261691.56,53467.17079999999
261732.1913,34530.40193333334
261874.0986,61107.5368
262043.1772,37624.36070000002
262103.1955,54957.105699999986
262127.2263,52002.5276
262142.2726,54628.59289999999
262302.4952,57142.3591
262391.2958,52467.608800000016
262747.7816,58714.3946
263220.4819,64194.28720000002
263224.9162,40461.606299999985
263865.2582,32566.60739999998
264344.5098,34990.31469999999
264780.1839,31593.72080000001
264816.4912,32428.477799999993
265076.9635,32291.209399999992
265537.8893,66304.01229999997
265816.933,54616.82490000001
265992.0078,0
266176.1203,44041.005200000014
266332.6766,31707.383300000016
266391.1175,64165.35269999999
266556.8503,44100.01120000001
266713.7804,53917.75779999999
266793.559,32458.711299999995
267110.8293,32908.96539999999
267138.137,43396.45079999999
267180.4714,59288.97979999997
267418.3523,54733.72876000003
267853.6706,56974.9436
268107.5171,55371.69510000001
268305.8407,37113.46789999999
268754.4231,31775.946600000025
268973.965,54737.25640000001
269031.933,32791.48190000001
269328.3224,50166.453099999984
269374.5932,38313.673300000024
269445.9371,35369.13269999999
269504.4035,61333.70860000001
269563.5759,34615.94459999999
269596.59400000004,0
269842.696,35709.36170000001
269928.7658,40108.672099999996
270065.7158,56093.822600000014
270309.2768,33855.68729999999
270341.7311,37904.61329999997
270563.7295,32503.55190000002
270703.2132,33213.645499999984
271126.5891,39158.12239999999
271233.0943,36608.84
271270.6948,56551.845700000005
271337.3023,39117.38949999999
271670.0697,34213.15399999998
271703.4204,63126.296700000006
271824.5581,70223.24590000004
271872.1794,66705.64920000001
272241.6139,60862.75689999998
272245.074,34236.5846
272279.3875,34612.60320000001
272351.0082,34895.53349999999
272446.594,34028.24669999999
272670.2144,49742.7334
272749.1411,34642.493200000026
272985.5191,35251.51609999998
273068.6193,35983.766
273192.02,41163.1667
273264.9426,35412.6115
273885.1723,58737.558899999975
274448.8917,63766.05109999998
274514.4264,36011.06529999999
274570.1871,61762.399799999985
274705.4905,34528.54040000003
274751.1779,36842.90790000002
274789.7252,63143.2169
274875.801,51298.71889999998
274954.8938,59047.15380000003
275368.8027,69390.2151
275600.2479,33110.01330000002
275905.2856,68975.83429999999
275910.9338,61246.49059999999
275966.4958,33949.25609999997
276021.6167,61949.6103
276178.4114,35667.69519999999
276188.2951,34552.2371
276321.1109,65303.20460000003
276454.6289,32573.32500000001
276828.1428,32460.05169999998
276915.3041,62784.693499999994
277188.9557,58233.293599999975
277320.0794,34289.829
277376.2376,59826.09519999998
277512.0976,34512.590599999996
277516.4108,36882.41560000001
277651.2436,34308.18239999999
278000.88300000003,0
278140.2239,37338.428139999975
278264.8398,59994.47290000002
278666.3926,64059.78640000001
278808.8858,64028.941499999986
278856.4872,63100.64849999998
278939.4515,34260.60750000001
279344.9464,39203.15380000003
279707.4449,34126.86369999999
279753.7712,60286.55303333336
279806.8426,33442.90809999997
279933.587,66409.01509999999
280311.6119,0
280335.3733,38179.61439999996
280588.3156,60593.52239999996
280747.0774,68409.2452
280765.9024,70734.01290000003
280842.1808,59544.92059999998
280943.5334,0
280998.6909,63020.98939999999
281155.4757,49970.97710000002
281215.4056,34620.9405
281266.5397,61963.27450000003
281406.8964,62767.20690000002
281488.1887,34559.89749999999
281874.0619,41848.53039999999
281874.5036,59697.600399999996
281904.7312,62552.15109999999
282003.7301,34437.30309999999
282203.2327,60988.33719999998
282336.6168,64101.64060000001
282405.0495,35181.28820000001
282531.9919,33952.48510000002
282863.0601,63180.85188
282938.7911,75150.84199999998
283001.5066,69336.89710000003
283048.1671,62912.758300000016
283130.5102,34886.54150000002
283145.3228,40640.542000000016
283176.1913,61975.688599999994
283338.8015,61697.94409999999
283568.9288,78580.01000000001
283598.8922,0
283878.4964,32944.1997
284068.2995,59087.91540000003
284127.5988,34882.024999999965
284155.3156,36778.53389999998
284342.4596,64373.97390000001
284475.3963,63566.85350000003
284511.5673,44979.5306
284606.0906,0
284757.9559,33075.519499999995
284802.8714,64921.59970000002
284806.6845,58953.53979999997
284846.1666,35293.152
284963.9711,56072.35150000002
285109.3266,66357.59539999996
285203.5271,57072.2034
285257.9444,49049.5465
285410.0103,63965.052200000035
285416.4534,34128.543600000005
285493.512,61409.59819999998
285554.1623,35617.34740000003
285561.5707,33324.807099999976
285633.0872,64020.91275000002
285788.3712,57582.09419999999
285938.7988,37277.653899999976
286118.1866,57696.61340000003
286150.6204,57278.60202000002
286302.4411,71045.47200000001
286328.5914,60589.45749999999
286508.8565,58924.88652499998
286569.2749,74456.41750000001
286723.3736,69343.75939999998
286776.8153,57325.35340000002
286839.3123,40800.669799999974
287151.1317,35959.504400000034
287154.0965,68731.42419999998
287431.964,43158.564199999964
287664.1079,61916.182499999995
287778.9287,59552.4032
287919.2831,42763.854300000006
288024.9468,65245.1911
288184.7738,57492.24475000001
288233.9802,58033.4583
288271.3963,60528.51580000002
288283.8499,37679.08519999997
288350.1653,41948.77179999999
288589.6913,48975.462
288682.1441,57708.740699999966
288832.1764,62721.35933333333
288924.2623,54545.84770000001
289176.4655,59950.98609999998
289442.9404,45698.777700000035
289616.9528,57642.65160000004
289680.0612,37693.8597
289690.2068,70258.88939999999
289752.8609,39201.101200000034
289764.8252,55284.08310000002
289922.4363,34597.61910000001
289978.7069,69025.21159999998
290158.225,59564.380599999975
290224.3006,39379.93550000002
290296.1406,39759.990299999976
290348.827,57013.10559999998
290531.3357,54146.80559999999
290545.5867,63635.2181
290657.6664,53824.01149999999
290709.0895,35712.06940000001
290719.2081,53807.34269999998
290806.3668,35949.11350000001
290873.3886,56880.61145
291218.7573,38114.97289999999
291295.8937,72112.3088
291319.4248,55419.12309999997
291371.1461,35323.28960000002
291538.3801,67074.9914
291557.1978,37866.60330000002
291660.1422,68743.71040000001
291676.1079,36104.787699999986
291973.1095,54784.08870000002
292011.2438,37350.65399999998
292030.6154,53336.29130000001
292083.073,37569.40519999998
292230.3454,32115.45139999999
292241.7106,32204.374699999986
292290.728,42987.01390000002
292302.3938,53741.585100000026
292335.0313,46809.83739999996
292492.8851,54004.9424
292642.0342,53967.86319999999
292691.7876,53430.19019999998
292700.6861,61234.5846
292766.3903,60252.331600000034
292767.401,38384.94750000001
292881.2633,32802.75759999998
292949.5067,51766.98390000002
293238.0287,71592.85880000002
293300.4674,53888.344500000036
293327.6679,34662.92550000001
293330.1538,40523.779699999955
293430.6312,35301.269700000004
293478.2116,37252.77779999998
293600.3644,81099.74260000003
293684.1774,59256.65539999999
293816.2682,70161.1619
293846.559,60462.3731
293854.4551,30482.37340000004
293864.2312,33285.34469999999
293878.8186,42392.37789999999
293986.1693,56010.59520000001
294019.3743,33865.013800000015
294099.801,56551.50379999998
294177.3749,28215.21789999999
294228.3484,0
294309.5842,55441.745399999985
294507.6057,45514.57050000003
294738.972,36237.9823
294759.8035,51291.54193999997
295001.1296,32762.31270000001
295095.5533,44972.411900000036
295340.6786,77363.4669
295605.2291,55856.5655
295622.7283,54604.07050000003
295654.8786,51614.41099999999
295678.9869,34636.01310000001
295785.4274,51711.66889999999
295840.131,66766.5325
295979.4382,50125.644299999985
296069.9026,51777.25709999996
296226.1653,70995.3271
296255.6489,55215.31629999998
296264.6116,55745.722299999994
296281.4296,30153.947199999995
296411.5468,71981.81880000001
296464.2366,60890.17139999999
296514.5033,40422.77799999999
296690.5813,57524.0233
296715.0016,30182.098999999987
296976.102,51303.73800000001
297008.5496,33018.52510000003
297228.9232,57837.55990000002
297501.0548,45373.92569999999
297696.446,33782.2672
297743.4133,36882.431100000016
297769.1912,36312.96290000001
297789.9845,29584.230900000024
297809.7054,29612.713899999973
297874.8614,41204.148199999996
297898.0456,50668.437399999995
297900.0487,38184.21859999999
297904.7915,51991.15459999998
297968.7237,64582.86779999998
298007.2057,41305.693
298017.2738,57164.551800000016
298136.4543,35411.31719999999
298202.8201,50951.711899999995
298272.715,50048.33930000002
298293.744,49876.981499999994
298327.8104,63424.83400000003
298403.7853,66208.99859999999
298411.327,45253.79759999999
298573.5381,49780.1704
298812.1002,29030.604699999967
299043.7239,49419.942099999986
299077.3032,60542.735400000034
299099.0055,55855.47450000001
299115.607,38694.21000000002
299181.2195,50047.84580000001
299294.3231,29758.816899999976
299379.7843,76816.0847
299396.8139,74251.88829999999
299471.8307,50505.6231
299634.3607,30071.900200000033
299867.5664,46039.258
299919.4263,49917.366299999994
299983.8437,51856.35260000001
300367.4982,63215.34309999997
300441.1643,59641.67869999999
300580.1668,59820.02189999999
300635.8943,60845.74729999999
300854.2436,51601.212499999994
301023.2711,32721.082600000023
301147.8321,43792.04740000001
301159.6144,50169.07980000001
301206.4993,56851.57290000003
301231.5362,49480.23509999999
301259.1589,34421.59909999999
