-----Simulation 0-----
172895.78149999998,0
173059.3868,0
173128.0149,0
173334.36248333333,0
173402.9466,0
173485.7949,0
173816.4939,0
174045.0222,0
174056.5137,0
174069.8042,0
174245.7277,0
174286.8252,0
174581.9971,0
174597.2812,0
174618.951,0
174894.49,0
174918.1428,0
175148.4992,0
175171.2165,0
175297.0159,0
175318.6545,0
175468.5624,0
175527.9643,0
175576.1714,0
175577.1404,0
175705.3094,0
175829.4404,0
176288.0975,0
176323.10570000001,0
176610.8029,0
176636.0531,0
176653.9018,0
176655.6867,0
176705.28100000002,0
176735.3711,0
176790.5222,0
176842.2088,0
176896.6748,0
177033.66999999998,0
177468.6765,0
177577.073,0
177703.1378,0
178098.4898,0
178138.7617,0
178219.7603,0
178272.024,0
178286.4054,0
178290.9043,0
178417.02419999999,0
178505.5758,0
178530.2048,0
178682.4026,0
178767.5882,0
178927.3426,0
179055.6361,0
179100.4267,0
179243.436,0
179386.6035,0
179430.6263,0
179518.8746,0
179522.4703,0
179784.1972,0
179946.6883,0
180082.5786,0
180216.77169999998,0
180445.1841,0
180487.3791,0
180687.68420000002,0
180888.0726,0
181068.5806,0
181146.08000000002,0
181327.8175,0
181399.7665,0
181432.6494,0
181605.957,0
181672.8105,0
181765.59866000002,0
181768.12099999998,0
182045.2538,0
182075.9851,0
182291.9522,0
182563.6582,0
182749.0596,0
182775.4561,0
182942.586,0
183011.8935,0
183014.038,0
183057.6921,0
183090.3255,0
183283.55109999998,0
183528.5111,0
183688.4258,0
183700.7064,0
184230.1566,0
184256.8253,0
184354.979,0
184453.6815,0
184496.3977,0
184556.4622,0
184660.7605,0
184788.6934,0
184835.9003,0
185423.94150000002,0
185442.0289,0
185459.4929,0
185521.2096,0
185670.3728,0
186105.0986,0
186364.8859,0
186388.4324,0
186740.5465,0
186758.8859,0
186970.7592,0
186979.9087,0
187061.4801,0
187090.2777,0
187243.06040000002,0
187352.6709,0
187374.29369999998,0
187663.5429,0
187671.9487,0
188030.5227,0
188088.7173,0
188678.527,0
188832.6599,0
188918.53399999999,0
189055.5661,0
189142.3197,0
189175.4,0
189487.5305,0
189509.3242,0
189796.7182,0
189878.8801,0
189897.6983,0
190050.0294,0
190125.5595,0
190274.5177,0
190280.9271,0
190414.176,0
190574.8222,0
190660.0535,0
190738.43170000002,0
190769.4928,0
190821.1199,0
190885.9692,0
190938.9956,0
191028.3813,0
191393.6451,0
191958.2965,0
192061.3316,0
192153.1575,0
192249.9166,0
192330.5075,0
192425.037,0
192908.5436,0
193038.8391,0
193160.4845,0
193204.2574,0
193286.2559,0
193397.099,0
193576.8164,0
193624.4307,0
193645.0504,0
193855.6141,0
193902.0065,0
193943.5689,0
194120.2562,0
194367.7584,0
194408.1316,0
195076.191,0
195197.8037,0
195260.1255,0
195416.32559999998,0
195542.157,0
195773.3375,0
195889.2159,0
195957.6656,0
196269.1608,0
196494.6279,0
196598.8055,0
196622.2385,0
196667.9057,0
196707.7662,0
197826.7766,0
197872.9206,0
198414.3584,0
198553.4623,0
198620.1664,0
198806.4427,0
198824.6949,0
198984.2793,0
199238.98609999998,0
199364.5835,0
199394.9706,0
199455.2249,0
199481.5742,0
199571.5501,0
199694.1676,0
199728.649,0
199754.7227,0
199829.1564,0
199905.5912,0
200005.2029,0
200037.3807,0
200195.97389999998,0
200269.8719,0
200296.8176,0
200814.7188,0
200901.0495,0
201158.1418,0
201322.577,0
201438.2278,0
201843.2061,0
201861.8565,0
201959.2873,0
201977.8542,0
202030.3334,0
202046.4999,0
202056.5584,0
202353.54080000002,0
202400.39370000002,0
202583.4626,0
202615.6797,0
202687.5171,0
202802.5896,0
202893.2653,0
203004.0525,0
203005.37339999998,0
203023.48440000002,0
203248.4233,0
203300.4793,0
203309.2173,0
203352.1158,0
203474.0001,0
203474.0456,0
203685.278,0
203987.7462,0
204183.9235,0
204247.9199,0
204345.8291,0
204533.7694,0
204819.94650000002,0
205034.2188,0
205054.0197,0
205234.7159,0
205405.6034,0
205533.8954,0
205593.3655,0
205651.5381,0
205861.0875,0
206105.289,0
206167.07929999998,0
206192.7524,0
206464.7613,0
206489.2855,0
206744.4021,0
206788.9549,0
207062.34029999998,0
207127.4434,0
207154.11190000002,0
207201.5456,0
207236.3781,0
207742.8192,0
208040.8825,0
208115.3444,0
208191.0608,0
208232.273,0
208250.76799999998,0
208291.7103,0
208568.21289999998,0
208618.7644,0
208619.7052,0
209334.2688,0
209483.9161,0
209510.8431,0
210297.6011,0
210530.9582,0
210608.6073,0
210822.473,0
210912.577,0
211215.18099999998,0
211376.02909999999,0
211713.4217,0
211836.7537,0
211958.6058,0
211969.5309,0
212097.863,0
212293.60570000001,0
212471.098,0
212485.7465,0
212503.1614,0
212513.1212,0
212658.4218,0
212914.31012,0
212995.7997,0
213158.3588,0
213188.3658,0
213423.28112,0
213604.9383,0
213908.4686,0
214062.7612,0
214079.0019,0
214131.0576,0
214756.0625,0
214816.8072,0
215030.5887,0
215037.9011,0
215260.8568,0
215571.5531,0
215595.81,0
215854.376,0
216064.9352,0
216075.90933333334,0
216248.4088,0
216365.3767,0
216419.6606,0
216477.9243,0
216479.8927,0
216487.8502,0
216563.6439,0
216646.5232,0
216704.1703,0
216859.7887,0
216883.42681666667,0
217191.8304,0
217245.7497,0
217391.01140000002,0
217534.4335,0
217655.4823,0
217968.6591,0
218023.7276,0
218253.407,0
218293.0313,0
218301.3739,0
218310.555,0
218596.3834,0
218821.9483,0
218865.6502,0
218920.73729999998,0
218940.9277,0
219163.1064,0
219668.57630000002,0
219676.8046,0
219683.6325,0
219829.1724,0
220126.4485,0
220290.08130000002,0
220651.5314,0
220788.9093,0
221152.23450000002,0
221565.0398,0
221792.0455,0
222086.772,0
222189.3113,0
222301.09366666665,0
222354.6615,0
222452.6475,0
222496.78876666666,0
222567.0095,0
222586.3669,0
222648.63390000002,0
223336.0689,0
223501.4573,0
224472.369,0
224499.4046,0
224751.8038,0
224883.6104,0
225312.62526,0
225374.3197,0
225433.6915,0
225607.1194,0
225786.5691,0
225892.3554,0
225907.2553,0
225977.0249,0
225980.1249,0
226581.5802,0
227014.8275,0
227287.728,0
227294.2114,0
227536.72340000002,0
227650.00890000002,0
227806.2125,0
227908.2196,0
227927.997,0
228015.2534,0
228148.5953,0
228177.9365,0
228336.6341,0
228394.6066,0
228410.986,0
228927.1916,0
229147.8593,0
229872.7235,0
229917.25089999998,0
229957.4638,0
229989.8131,0
230046.5178,0
230461.9228,0
230563.56329999998,0
230626.3724,0
230819.5494,0
231288.49589999998,0
231310.7679,0
231421.9596,0
231623.30116666667,0
231624.1085,0
231761.3882,0
231938.5643,0
232073.785,0
232242.5275,0
232921.02740000002,0
233075.6754,0
233261.3983,0
233287.8873,0
233427.5505,0
233684.2007,0
233789.1039,0
233826.8329,0
233969.9498,0
234348.7146,0
234380.2335,0
234705.4618,0
234733.8022,0
235127.2387,0
235558.7175,0
235570.1015,0
235680.8026,0
235752.2907,0
235983.7849,0
236031.26679999998,0
236152.8261,0
236429.2124,0
236546.6692,0
236555.75884999998,0
236879.6072,0
236953.5157,0
236957.4069,0
237014.0768,0
237068.4377,0
237451.3908,0
237479.76313333333,0
237549.7643,0
237730.2238,0
237885.1126,0
238007.36729999998,0
238059.6155,0
238118.6147,0
238677.4633,0
238985.948,0
239011.8447,0
239048.564,0
239175.7765,0
239367.37905,0
239519.0974,0
239837.9386,0
239922.3895,0
239929.2726,0
240102.7877,0
240108.0391,0
240500.0379,0
240570.7863,0
240584.2777,0
240817.1107,0
241047.9749,0
241070.5576,0
241280.3989,0
241291.5149,0
241599.904,0
241654.6853,0
241686.4077,0
241703.3344,0
241912.2527,0
241925.3201,0
242202.2392,0
242388.4656,0
242441.2012,0
242646.0088,0
242664.942,0
243023.7086,0
243110.9633,0
243503.5998,0
243968.2374,0
244429.5869,0
244510.41766666668,0
244521.8216,0
244549.4217,0
245094.3597,0
245117.5581,0
245159.3152,0
245164.0149,0
245244.5635,0
245324.3043,0
245645.9103,0
245871.9122,0
245872.0255,0
245969.1277,0
246410.3167,0
246475.9103,0
246753.76870000002,0
246782.801,0
246960.8552,0
247210.63760000002,0
247221.6177,0
247258.8001,0
247417.079,0
247472.0476,0
247567.5625,0
247579.93839999998,0
247801.046,0
247840.4553,0
247855.82189999998,0
247973.805,0
247973.9424,0
248003.0336,0
248026.4716,0
248055.7611,0
248116.4995,0
248208.2719,0
248487.1554,0
248743.4766,0
249201.5252,0
249522.7376,0
249577.66139999998,0
249754.85090000002,0
249817.4909,0
249892.84159999999,0
249913.6335,0
249934.8999,0
249943.7261,0
249953.5191,0
250251.9428,0
250445.8956,0
250605.54619999998,0
250665.1176,0
251141.5051,0
251437.8234,0
251451.0882,0
251593.6305,0
251605.744,0
251990.5502,0
252109.5602,0
252208.34960000002,0
252208.7808,0
252423.325,0
252452.8084,0
252546.0974,0
252548.4643,0
252551.5729,0
252810.3824,0
252818.24300000002,0
252821.2676,0
253016.6104,0
253133.4239,0
253193.12,0
253193.72149999999,0
253301.13,0
253302.8638,0
253316.7411,0
253399.9202,0
253773.6906,0
253799.4992,0
253913.9225,0
254046.9308,0
254219.16820000001,0
254690.4789,0
254756.476,0
254759.2964,0
254933.3284,0
254939.494,0
255116.1953,0
255126.8903,0
255191.7703,0
255381.04489999998,0
255636.0755,0
255647.5188,0
255658.3995,0
255687.3793,0
255801.1206,0
255861.9036,0
255870.4112,0
256081.9113,0
256492.2468,0
256527.4523,0
256717.4507,0
256823.9272,0
256884.399975,0
256906.8095,0
257181.1522,0
257214.1995,0
257308.4278,0
257425.8382,0
257439.8735,0
257525.25043333333,0
257987.7743,0
258146.0353,0
258195.9071,0
258543.407,0
258696.6715,0
258702.986,0
258728.7917,0
258783.5336,0
258970.4205,0
259043.8266,0
259190.095,0
259215.8728,0
259305.098,0
259457.7128,0
259722.0417,0
259843.1902,0
259924.5263,0
259928.2824,0
259973.4722,0
260061.7205,0
260107.92680000002,0
260171.6235,0
260185.6372,0
260194.8371,0
260239.4257,0
260339.10210000002,0
260478.0265,0
260482.2172,0
260560.9383,0
260808.6679,0
260863.86849999998,0
260941.6745,0
261129.48619999998,0
261144.6559,0
261229.84649999999,0
261334.34363333334,0
261393.65653333333,0
261516.3194,0
261530.8544,0
261616.3722,0
261633.9605,0
261750.9982,0
261752.36115,0
261759.7983,0
261803.97,0
262269.0734,0
262289.8451,0
262308.7183,0
262425.8445,0
262431.596,0
262474.7946,0
262480.8828,0
262537.63910000003,0
262608.2011,0
262667.05850000004,0
262727.74439999997,0
262763.0371,0
262796.5979,0
263048.2017,0
263136.9264,0
263570.9737,0
263898.2036,0
264259.8912,0
264388.21499999997,0
264401.9757,0
264421.6086,0
264519.1093,0
264644.615,0
264659.2395,0
264765.8702,0
264890.4201,0
265182.1711,0
265386.8727,0
265890.0016,0
266017.2083,0
266052.16240000003,0
266175.2794,0
266466.66260000004,0
266521.5948,0
266542.6732,0
266583.006,0
266583.0063,0
266595.829,0
266756.46270000003,0
266868.4926,0
267198.5304,0
267224.3766,0
267262.9433,0
267312.9684,0
267551.5034,0
267584.1006,0
267774.8672,0
267791.6494,0
267948.939,0
268193.6879,0
268255.8687,0
268615.9081,0
269073.3211,0
269094.1923,0
269158.3357,0
269296.998,0
269387.4716,0
269388.876,0
269726.4931,0
269856.6987,0
269932.6093,0
269975.1239,0
270025.3454,0
270025.7845,0
270584.8402,0
270638.0887,0
270878.3096,0
270912.8506,0
270969.1482,0
271186.6421,0
271187.198,0
271247.91386,0
271325.6283,0
271900.5216,0
272155.3818,0
272322.7713,0
272640.5264,0
272674.144,0
272752.0473,0
272859.4041,0
272884.7433,0
272933.7919,0
273056.1483,0
273155.5111,0
273765.1349,0
273890.9507,0
274066.8351,0
274203.7981,0
274394.4609,0
274506.4993,0
274749.40206666663,0
274761.6687,0
274866.134,0
275154.9206,0
275175.7879,0
275213.1541,0
275348.9988,0
275439.102,0
275523.4527,0
275527.1126,0
275563.996,0
275727.7245,0
275756.7212,0
275814.0831,0
275951.9905,0
275977.2195,0
276009.2879,0
276163.2917,0
276187.2133,0
276327.3222,0
276338.5359,0
276408.1589,0
276433.50430000003,0
276519.6618,0
276875.8061,0
276964.4766,0
277048.3702,0
277186.503,0
277290.1389,0
277294.0996,0
277439.35349999997,0
277461.7902,0
278214.2515,0
278770.2238,0
278797.7382,0
279079.7791,0
279161.9224,0
279275.7135,0
279375.1125,0
280199.3064,0
280311.87899999996,0
280323.5232,0
280445.22609999997,0
280453.1694,0
280534.6212,0
280662.766,0
280771.55090000003,0
280816.6548,0
281267.7449,0
281310.0201,0
281571.1977,0
281831.5397,0
282002.7599,0
282036.5691,0
282468.2646,0
282590.4564,0
282860.3531,0
282865.7168,0
282987.97250000003,0
283323.2174,0
283483.8155,0
283707.2573,0
283775.4979,0
283981.9297,0
284015.733,0
284072.0659,0
284081.529,0
284516.7699,0
284664.3246,0
284827.2613,0
284900.0407,0
284964.5702,0
285151.2415,0
285212.964,0
285302.56649999996,0
285453.28630000004,0
285478.2171,0
285503.5926,0
285524.8347,0
285623.7601,0
285697.9068,0
285775.4363,0
285782.1226,0
285974.0013,0
285984.0389,0
286115.2435,0
286262.3496,0
286271.4209,0
286389.0467,0
286505.4347,0
286601.1105,0
286639.9723,0
286856.50930000003,0
286921.1423,0
287475.1413,0
287555.2649,0
287587.4616,0
287638.5917,0
287988.9966,0
287999.9496,0
288221.9506,0
288294.548,0
288532.0263,0
288672.5861,0
289469.63879999996,0
289663.6337,0
289702.6382,0
289767.8832,0
289792.2939,0
290772.7888,0
290797.9709,0
290861.3154,0
291028.8657,0
291173.7185,0
291235.2763,0
291279.7281,0
291456.0376,0
291459.015,0
291584.0405,0
291615.3129,0
291804.9997,0
292121.846,0
292276.4021,0
292556.5232,0
292579.35620000004,0
292642.091,0
292697.2424,0
292781.5479,0
292831.8696,0
292877.4532,0
292908.0616,0
292994.02520000003,0
293060.7416,0
293248.9665,0
293718.7587,0
293931.8495,0
294339.9388,0
294410.87,0
294531.35860000004,0
294699.784,0
294796.1332,0
294902.5597,0
295073.712475,0
295093.0382,0
295122.506,0
295441.17220000003,0
295587.2045,0
296228.0856,0
296257.8431,0
296382.6801,0
296741.6569,0
296751.4793,0
296835.2192,0
296843.1632,0
296903.1742,0
296972.5032,0
296991.08739999996,0
297469.11710000003,0
298010.5932,0
298091.1044,0
298318.0462,0
298420.39226,0
298625.4686,0
298646.015125,0
298665.18,0
298714.9815,0
298783.1648,0
299153.9864,0
299171.7251,0
299236.2614,0
299390.2951,0
299392.3476,0
299529.1877,0
299864.451,0
300240.9219,0
300313.3295,0
300409.0188,0
300609.9393,0
301192.8823,0
301270.7293,0
301334.3497,0
301359.9109,0
301471.9665,0
301473.17133333336,0
301615.1275,0
301849.1183,0
301889.3173,0
301938.924,0
301977.7229,0
302691.11126,0
302721.6469,0
302723.1572,0
303194.0711,0
303469.9448,0
303485.24895,0
303584.8037,0
303686.5049,0
303701.3595,0
303878.55,0
303956.3066,0
304094.9425,0
304188.90989999997,0
304267.9205,0
304414.3785,0
304479.092,0
304652.2798,0
304717.3697,0
304782.0474,0
305459.4703,0
305479.2024,0
305592.7853,0
306064.50419999997,0
306285.6399,0
306466.8859,0
306473.2824,0
306517.2183,0
306653.6029,0
306781.8927,0
306798.524,0
306984.3368,0
307158.9952,0
307334.2236,0
307433.4964,0
307575.2092,0
307642.0303,0
307931.3351,0
308197.4518,0
308224.3348,0
308483.2691,0
308623.3334,0
308840.1036,0
308873.2954,0
308972.1186,0
309263.8734,0
309270.3363,0
309376.38430000003,0
309626.48230000003,0
309744.09369999997,0
309979.0003,0
310000.273,0
310083.6863,0
310303.06070000003,0
310304.0294,0
310437.4201,0
310472.6908,0
310639.94920000003,0
310779.1635,0
311122.4993,0
311520.2531,0
311663.3791,0
311738.023,0
311942.5835,0
312009.6873,0
312042.1735,0
312143.753,0
312356.2911,0
312522.3953,0
312673.9489,0
312790.8319,0
312972.04,0
313436.1739,0
313481.8941,0
313737.2394,0
313829.9651,0
314088.0789,0
314099.7508,0
314146.897,0
314359.0566,0
314418.9231,0
314453.3399,0
314453.425,0
314473.0579,0
314519.5653,0
314687.96400000004,0
314887.52416666667,0
315007.1205,0
315393.985,0
315404.9334,0
315460.6619,0
315625.1746,0
315859.3113,0
316007.85535,0
316353.918,0
316405.8879,0
316719.6336,0
316807.1916,0
317024.96869999997,0
317151.9773,0
317180.5825,0
317273.9933,0
317349.3954,0
317363.7172,0
317447.5595,0
317464.4941,0
317635.008,0
317828.3927,0
318397.3734,0
319006.4757,0
319189.0578,0
319262.813,0
319500.073,0
319941.9653,0
319955.913,0
320135.4038,0
320193.754,0
320442.61939999997,0
320518.7733,0
320658.1798,0
320714.4715,0
321060.7451,0
321118.6890333333,0
321181.3776,0
321658.3507,0
321755.5142,0
321802.4848,0
321827.6823,0
321836.1945,0
321978.146,0
322004.3023,0
322244.8004,0
322614.0578,0
322847.9675,0
323324.33785,0
323351.9174,0
323424.1853,0
323534.8922,0
323691.23,0
323818.9249,0
323849.05090000003,0
324084.4358,0
324159.6068,0
324820.6446,0
324823.5469,0
325029.9928,0
325040.4436,0
325191.6364,0
325302.378,0
325406.4717,0
325411.6718,0
325541.2099,0
325695.436,0
325714.3015,0
325742.93815,0
325767.1821,0
325783.9649,0
325875.83988,0
326188.5496,0
326322.967,0
326607.8799,0
326658.1786,0
327023.3905,0
327186.731925,0
327365.1546,0
327467.278,0
327558.435,0
327570.3833,0
327590.5511,0
327912.0893,0
328032.7576,0
328533.2667,0
328602.9053,0
329224.5863,0
329252.7904,0
329255.4391,0
329415.7772,0
329765.9467,0
330169.268,0
330348.0841,0
330429.7533,0
330517.2208,0
330558.8689,0
330592.9725,0
330659.6103,0
330697.0851,0
330701.3127,0
330780.8964,0
330816.1245,0
331099.2103,0
331215.72490000003,0
331372.4026,0
332018.5693,0
332024.014,0
332256.0862,0
332256.2176,0
332312.6874,0
332315.4447,0
332512.0739,0
332794.037,0
332882.0325,0
332888.8403,0
333129.45759999997,0
333183.2912,0
333296.0553,0
333390.0254,0
333507.31070000003,0
333620.2205,0
333737.6257,0
333847.8213,0
333958.2346,0
334010.3471,0
334315.0034,0
334627.4621,0
334857.2624,0
335252.7977,0
335336.01879999996,0
335614.3742,0
335623.3966,0
335647.6185,0
335797.2404,0
335814.5387,0
335877.1342,0
335907.1638,0
336021.4139,0
336148.43929999997,0
336269.9487,0
336296.4308,0
336521.6334,0
336704.9875,0
336750.6015,0
336945.6487,0
337021.0142,0
337164.3689,0
337328.7894,0
337352.1447,0
337955.9022,0
338163.9187,0
338215.3275,0
338382.2111,0
338391.32180000003,0
338395.493,0
338406.2666,0
338533.8561,0
339054.1481,0
339074.5711,0
339159.9499,0
339266.9586,0
339569.44273333333,0
339695.5007,0
339742.93559999997,0
340009.9642,0
340040.7639,0
340095.85730000003,0
340156.5238,0
340183.1453,0
340214.4852,0
340244.9577,0
340281.1138,0
340448.10730000003,0
340462.1217,0
340988.59380000003,0
341079.3569,0
341334.3384,0
341697.9677,0
341727.2916,0
341730.4736,0
341746.7307,0
341775.2282,0
341856.3515,0
341956.2059,0
342056.0378,0
342139.9734,0
342199.1716,0
342282.9503,0
342366.8748,0
342475.2785,0
342722.2929,0
342780.3226,0
342862.1568,0
343173.7806,0
343188.4977,0
343211.13800000004,0
343334.7176,0
343492.24396,0
343780.511,0
343782.542,0
343845.681,0
343849.7785,0
343883.1226,0
344013.2986,0
344203.5767,0
344235.6929,0
344325.0699,0
344578.7003,0
344579.2523,0
344615.8441,0
344729.0115,0
344992.1867,0
345185.092,0
345309.3011,0
345401.6889,0
345470.841,0
345524.34140000003,0
345793.8862,0
345800.8978,0
345979.4564,0
346043.174,0
346064.2928,0
346081.52,0
346202.94,0
346298.2588,0
346509.2365,0
346576.1971,0
346619.5662,0
346687.2612,0
346800.405,0
346872.3069,0
347055.35435,0
347114.1518,0
347391.2312,0
347397.9085,0
347556.4565,0
347639.8473,0
347703.0095,0
347973.1169,0
347988.4,0
348086.9008,0
348321.0185,0
348419.0,0
348482.5846,0
348577.2314,0
348999.579,0
348999.8969,0
349001.6477,0
349266.1224,0
349283.32050000003,0
349350.5115,0
349363.6578,0
349549.3426,0
349571.47,0
349655.13670000003,0
349663.2792,0
349721.6241,0
349723.6664,0
349931.5392,0
349980.946,0
350148.1131,0
350263.3708,0
350326.4581,0
350407.92949999997,0
350526.3873,0
350571.9031,0
350572.9771,0
350853.7083,0
350945.24450000003,0
350972.10349999997,0
351026.736,0
351519.7111,0
351546.7551,0
351549.9247,0
351728.7468,0
352034.8464,0
352076.4896,0
352133.02509999997,0
352169.7228,0
352744.1941,0
353182.0793,0
353235.2352,0
353368.6203,0
353369.4802,0
353579.5201,0
353586.7626,0
353754.2559,0
353771.27760000003,0
353813.3265,0
353880.2171,0
354039.445,0
354308.4381,0
354468.8971,0
354514.6198,0
354569.7529,0
354656.9482,0
354701.4056,0
354719.0883,0
354910.0562,0
355094.0796,0
355270.8152,0
355361.9774,0
355406.9828,0
355474.5403,0
355648.2118,0
355933.4965,0
356344.2921,0
356450.7199,0
356517.638,0
356646.0046,0
356684.3406,0
356808.7007,0
356943.6285,0
356986.2883,0
357043.2011,0
357077.1888,0
357187.7668,0
357271.65969999996,0
357283.3105,0
357299.2371,0
357688.2058,0
357822.7747,0
357872.0146,0
357873.1313,0
357943.0061,0
358071.5417,0
358325.1452,0
358621.4865,0
358734.1929,0
358802.9826,0
358951.642,0
358973.3378,0
359369.856,0
359426.6365,0
359495.6025,0
359536.0302,0
359546.30700000003,0
359840.7747,0
360082.9592,0
360124.3018,0
360216.0669,0
360247.2277,0
360366.5373,0
360469.2068,0
360712.1095,0
360905.354,0
361049.1253,0
361065.9087,0
361257.5416,0
361494.5083,0
361757.2748,0
361778.1937,0
361893.2815,0
362408.5452,0
362563.0026,0
362669.3337,0
362706.6248,0
363091.13899999997,0
363164.23956666666,0
363969.07065,0
364137.2742,0
364333.0558,0
364391.1311,0
364429.6564,0
364430.8243,0
364433.9912,0
364452.9354,0
364732.3393,0
365276.6153,0
365380.8425,0
365692.3402,0
365761.7996,0
365795.9802,0
365912.1605,0
366049.4151,0
366279.7478,0
366311.1448,0
366392.3292,0
366563.7327,0
366653.8969,0
367370.1041,0
367403.71869999997,0
367470.7131,0
367504.3834,0
367626.5544,0
368114.174,0
368273.3818,0
368655.5627,0
368783.5772,0
368895.3636,0
369073.4922,0
369130.5207,0
369156.0923,0
369266.3115,0
369284.7819,0
369437.078,0
369492.0904,0
369499.9369,0
369818.1359,0
369888.062,0
369914.6927,0
370084.8101,0
370764.0009,0
370989.62450000003,0
371248.9835,0
371447.53489999997,0
371870.6616,0
371953.0593,0
372206.2754,0
372487.6655,0
372596.043,0
372775.2223,0
372843.8593,0
373083.3516,0
373155.1076,0
373328.6064,0
373362.596,0
373362.6545,0
373465.0639,0
373557.8876,0
373714.7073,0
373739.4205,0
373822.8896,0
373947.9499,0
374177.7676,0
374254.8999,0
374333.7434,0
374541.948,0
374690.4763,0
374791.3688,0
374852.5084,0
374947.287,0
374995.8984,0
375007.0834,0
375124.6812,0
375365.9297,0
375533.205,0
375624.7462,0
375815.8523,0
376119.0799,0
376501.2764,0
376716.89686,0
376994.269,0
377017.9579,0
377509.73840000003,0
377806.1387,0
378198.5167,0
378426.57779999997,0
378469.8342,0
378505.4051,0
378574.6495,0
378638.2624,0
378739.8739,0
379074.833,0
379156.8224,0
379652.7677,0
379921.9365,0
380014.7502,0
380126.7446,0
380309.0572,0
380392.4903,0
380395.4615,0
380630.7707,0
380638.6733,0
380728.3991,0
381136.9426,0
381358.8162,0
381471.6651,0
381560.3508,0
381784.75789999997,0
382133.8338,0
382135.105,0
382154.6122,0
382389.0065,0
382490.9096,0
382555.14890000003,0
382603.2116,0
382901.0319,0
383193.3729,0
383370.14732,0
383398.8709,0
383406.8314,0
383822.3856,0
383920.5207,0
383967.12309999997,0
384013.525,0
384776.8079,0
384828.8171,0
385041.0415,0
385042.8858,0
385175.8162,0
385517.9818,0
385589.1051,0
385610.44920000003,0
385745.9706,0
385757.8812,0
385829.2941,0
385898.6891,0
385909.79709999997,0
385985.2416,0
386143.049,0
386227.6224,0
386320.6788,0
386330.2999,0
386386.6813,0
386517.0298,0
387047.234,0
387047.69180000003,0
387193.0656,0
387258.8947,0
387264.1354,0
387373.1467,0
387731.908,0
387830.8186,0
387841.224,0
388212.9894,0
388333.8961,0
388550.046,0
388616.0269,0
388668.8715,0
388737.90009999997,0
388890.3328,0
388921.6186,0
389145.0368,0
389266.41515,0
389286.6246,0
389448.0669,0
389515.2182,0
389776.332,0
389846.0507,0
389940.1534,0
390338.0842,0
390430.4126,0
390540.5949,0
390561.2875,0
390572.8542,0
390763.9316,0
390766.6595,0
390784.5909,0
390810.6711,0
390842.129,0
391091.9351,0
391577.6061,0
391652.0416,0
391779.2565,0
391861.1169,0
391876.071,0
392246.6825,0
392390.6087,0
392465.1371,0
392488.7103,0
393296.8342,0
393357.0565,0
393422.38481666666,0
393478.9139,0
393535.7682,0
393690.94310000003,0
393981.9408,0
394089.5983,0
394239.5151,0
394240.1709,0
394280.0831,0
394417.2414,0
394574.5855,0
394716.3262,0
394842.8879,0
395107.8595,0
395222.3552,0
395272.145,0
395302.1117,0
395610.9474,0
395783.1176,0
395867.0079,0
396253.9402,0
396332.0419,0
396538.7527,0
396701.1261,0
396874.7763,0
396915.5643,0
397166.8735666667,0
397253.53952,0
397257.436,0
397330.2787,0
397391.1164,0
397745.8402,0
397932.9663,0
397984.9327,0
398030.7192,0
398434.1756,0
399004.8759,0
399158.1615,0
399344.2786,0
400042.6908,0
400107.1561,0
400885.3356,0
401074.6369,0
401190.3062,0
401378.6844,0
401387.8882,0
401574.6181,0
401630.5185,0
401765.0003,0
402103.219,0
402258.7251,0
402262.7977,0
402449.8533,0
402587.2498,0
402791.4604,0
402995.4107,0
403591.5773,0
403694.3144,0
403714.1452,18.651550000009593
403934.5482,0
404163.3408,0
404602.1053,0
404672.1496,0
404818.1221,0
404857.7587,0
405289.6581,0
405450.2374,0
405695.7337,0
405715.0285,0
405804.6452,0
406043.5403,0
406104.1112,0
406150.93559999997,0
406198.8475,0
406209.0157,0
406299.59380000003,0
406737.5252,0
406741.1372,0
407017.163,0
407104.2608,0
407159.8162,0
407337.8831,0
407551.6474,0
407804.4364,0
407986.3149,0
408156.7571,0
408161.5569,0
408303.37690000003,0
408365.9132,0
408469.3743,0
408853.402,0
409346.4172,0
409349.03740000003,0
409762.6345,0
409764.7968,0
410248.68776666664,0
410329.6149,0
410631.8877,0
410761.716,0
410813.0331,0
410940.4103,0
411060.4471,0
411090.7151,0
411323.7137,0
411401.6552,0
411540.4447,0
411778.5071,0
411811.1738,0
412207.1299,0
412572.395,0
412639.6079,0
412957.677,0
413097.384,0
413474.6252,0
413795.2325,0
413870.6288,0
414125.9416,0
414345.0865,0
414451.3506,0
414705.9326,0
414910.5415,0
415098.2315,0
415140.8806,0
415163.7367,0
415261.7506,0
415569.3782,0
415632.3106,0
415788.6651,0
415977.40035,0
416431.90489999996,0
416572.3411,0
416847.02,0
416871.4372,0
416881.0382,0
417073.09380000003,0
417186.60719999997,0
417196.9221,0
417221.0165,0
417310.143,0
417777.8753,0
417779.0662,0
417874.0734,0
417908.1994,0
417921.5783,0
418331.1068,0
418509.0529,0
418616.5719,0
418956.7316,0
419004.1349,0
419101.0531,0
419189.3361,0
419644.5022,0
419911.3017,0
419923.63159999996,0
419935.458,0
420339.3286,0
420368.7606,0
420632.23589999997,0
420771.0269,0
420800.8102,0
420879.173,0
421029.3413,0
421113.4461,0
421185.22620000003,0
421417.0819,0
421477.4186,0
421516.9338,0
421572.142,0
421893.9466,0
421961.2218,0
422203.3484,0
422405.9363,0
422700.2782,0
422985.1104,0
423208.0292,0
423397.3087,0
423436.3968,0
423457.4144,0
423658.6899,0
423869.2512,0
424051.8486,0
424143.4679,0
424212.606,0
424333.3321,0
424456.5159,0
424466.2348,0
424470.83238333336,0
424767.7644,0
424906.9278,0
424984.9139,0
425099.6731,0
425203.0073,0
425330.9464,0
425402.1719,0
425432.9435,0
425615.2646,0
425721.2646,0
426003.321,0
426003.7521,0
426034.2979,0
426061.4716,0
426103.4895,0
426167.2433,0
426294.509,0
426307.957,0
426326.032,0
426357.8715,0
426512.5383,0
426615.2591,0
426804.2414,0
426842.4529,0
426912.96869999997,0
427148.9285,0
427325.4109,0
427448.5365,0
427509.6788,0
427613.2657,0
427833.716,0
427894.5504,0
427923.3219,0
428120.0262,0
428252.8966,0
428477.889,0
428678.1799,0
428688.5863,0
428797.1834,0
429055.0995,0
429160.9541,0
429301.4598,0
429323.1393,0
429449.3748,0
429518.76,0
429669.0072,0
429736.708,0
429765.9919,0
429766.3615,0
429826.441,0
429853.6784,0
430282.688,0
430355.0342,0
430649.1694,0
430805.4257,0
430844.7113,0
430948.0578,0
430962.44279999996,0
431061.6509,0
431100.0584,0
431100.3089,0
431112.7707,0
431156.607,0
431285.2284,0
431388.198,0
431610.47239999997,0
431704.5266,0
431718.95,0
431760.7934,0
431813.553,0
432049.9069,0
432239.73829999997,0
432485.894,0
432497.448,0
432578.1044,0
432767.0845,0
433147.5561,0
433171.0836,0
433196.606,0
433418.51780000003,0
433484.6423,0
433498.8551,0
433568.4395,0
433839.3642,0
433990.9326,0
434098.5806,0
434210.8523,0
434426.6086,0
434639.1013,0
434712.3257,0
434758.6429,0
435006.5508,0
435087.3775,0
435394.6255,0
435622.2075,0
435873.4007,0
436079.4089,0
436081.5838,0
436210.6368,0
436442.3546,0
436556.0048,0
436681.05842,0
436867.7203,0
437057.10730000003,0
437120.0285,0
437132.8588,0
437164.1033,0
437215.76159999997,0
437255.9462,0
437256.8428,0
437409.2985,0
437670.6422,0
437766.3997,0
437799.889,0
437919.7021,0
437950.1494,0
438139.82389999996,0
438172.7847,0
438279.7369,0
438393.3304,0
438452.0321,0
438482.9224,0
438514.2525,0
438742.5219666667,0
438895.8466,0
438952.2378,0
438960.2153,0
438977.5624,0
439290.2531,0
439528.3125,0
440015.9594,0
440151.3216,0
440301.88300000003,0
440342.8421,0
440381.4794,0
440432.8209666667,0
440452.10329999996,0
440476.4533,0
440534.7695,0
440754.2764,0
441173.5547,0
441214.5021,0
441219.8186,0
441322.5209,0
441489.058,0
441520.2508,0
441531.7564,0
441811.2939,0
441943.68559999997,0
441946.015,0
442255.6015,0
442337.5305,0
442495.0751,0
442533.3226,0
442554.65410000004,0
442813.5159,0
443031.7078,0
443366.9148,0
443561.7483,0
443609.2706,0
443663.3019,0
443780.6319,0
443975.0923,0
443990.47990000003,0
444004.3568,0
444020.3658,0
444120.6186,0
444259.5627,0
444385.644,0
444452.2755,0
444782.6196,0
444868.14,0
445087.475,0
445095.97676,0
445276.1938,0
445322.1743,0
445357.9034,0
445408.65260000003,0
445680.15119999996,0
445701.9426,0
445793.024,0
445874.9214,0
446153.5594,0
446214.2574,0
446281.1003,0
446353.8301,0
446403.8071,0
446857.6509,0
446960.2414,0
446990.643,0
447267.4909,0
447340.69,0
447627.5512,0
447870.9853,0
447925.269,0
447996.1859,0
448047.9881,0
448054.50430000003,0
448212.2866,0
448407.8651,0
448502.2845,0
448573.2983,0
448820.602,0
448942.5943,0
448943.9241,0
449008.6555,0
449049.6434,0
449104.1983,0
449342.8724,0
449710.45530000003,0
449718.0209,0
449807.206,0
449847.7676,0
449850.3814,0
449862.60730000003,0
450011.4944,0
450058.3052,0
450376.03969999996,0
450477.3166,0
450642.0125,0
450692.1477,0
450880.6539,0
451333.89,0
451393.1414,0
451646.5535,0
451685.7271,0
452371.2047,0
452483.1924,0
452592.7612,0
452724.0393,0
452791.1274,0
452826.2992,0
453055.658,0
453452.4194,0
453635.90599999996,0
453733.5401,0
453847.7796,0
454010.92,0
454151.4989,0
454157.511,0
454236.1052,0
454243.1552,0
454290.4575,0
454389.0423,0
454441.3133,0
454599.5786,0
454994.3,0
455033.7817,0
455204.1455,0
455241.5206,0
455608.5517,0
455897.5539,0
456105.692,0
456508.2562,0
456584.8736,0
456644.3022,0
456785.7429,0
456900.0284,0
457095.0611,0
457147.0991,0
457476.975,0
457853.7233,0
457906.17720000003,0
457907.5896,0
457975.4376,0
458189.76170000003,0
458382.4398,0
458581.0392,0
458603.1312,0
458679.3649,0
458691.6532,0
458728.9938,0
458730.1487,0
458747.5596,0
458842.41610000003,0
459137.1459,0
459403.1026,0
459455.1236,0
459676.0911,0
459805.14989999996,0
459921.6399,0
460118.8473,0
460175.5807,0
460242.9072,0
460339.88399999996,0
460608.8613,0
460763.2091,0
460856.3284,0
461025.0782,0
461298.9478,0
461447.814,0
461538.00049999997,0
461647.889,0
461753.73840000003,0
461762.9853,0
461862.49723333336,0
462077.6538,0
462428.37930000003,0
463036.6458,0
463127.4755,0
463628.7084,0
463760.9892,0
463762.0421,0
464012.66469999996,0
464052.28969999996,0
464099.9889,0
464329.1912,0
464558.48970000003,0
464592.2231,0
464756.8042,0
464781.324,0
464789.2979,0
464983.4717,0
465007.7389,0
465040.1348,0
465051.5711,0
465053.9246,0
465100.2345,0
465185.80205,0
465314.5465,0
465364.1199,0
465652.5295,0
465790.0912,0
466176.83019999997,0
466379.8528,0
466383.3701,0
466385.3708,0
466545.8896,0
466652.16762,0
466778.908,0
467015.0245,0
467037.3493,0
467100.4371,0
467147.526,0
467660.0021,0
467838.2532,0
467987.4081,0
468028.3971,0
468081.0089,0
468796.3647,0
468904.2244,0
469314.8489,0
469336.0361,0
469559.2673,0
469578.64,0
469651.6611,0
469708.6282,0
469878.8526,0
470087.3061,0
470217.0235,0
470241.4282,0
470302.8317,0
470404.865,0
470524.4906,0
470698.7385,0
471168.9322,0
471397.0609,0
471431.9245,0
471600.347,0
471762.6445,0
471769.9095,0
471785.3416,0
471788.04,0
472109.6868,0
472152.9038,0
472457.9333,0
472467.1263,0
472552.4298,0
472638.2462,0
472709.3285,0
472731.5478,0
472933.74852,0
472982.3525,0
473193.8716,0
473501.0102,0
473635.2861,0
473645.214,0
473664.4477,0
473706.2394,0
473787.7723,0
473832.5331,0
473877.6283,0
474083.4825,0
474604.267,0
474691.7815,0
474880.14890000003,0
474887.8601,0
475062.9208,0
475195.87080000003,0
475361.3663,0
475481.1256,0
475571.7765,0
475594.4046,0
475600.9722,0
475870.6709,0
476013.5812,0
476085.3572,0
476278.2636,0
476344.05819999997,0
476572.777,0
477084.7709,0
477193.6348,0
477246.7986,0
477440.5602,0
477480.9659,0
477510.5024,0
478311.5503,0
478334.8433,0
478595.4203,0
478677.7478,0
478719.0967,0
478824.9346,0
478920.6605,0
479075.5083,0
479193.2531,0
479247.9607,0
479462.5095,0
479519.155,0
479587.1484,0
479743.5914,0
479810.9742,0
479843.5375,0
480345.6622,0
480437.7863,0
480521.9671,0
480552.5528,0
480649.56460000004,0
480890.2146,0
480993.0957,0
481221.0094,0
481390.1052,0
481583.5473,0
482117.3852,0
482290.4794,0
482363.763,0
482523.7054,0
482552.7764,0
482664.35982,0
483247.9868,0
483525.2509,0
483750.8377,0
483846.834,0
483886.1238,0
484176.2982,0
484186.7788,0
484266.2927,0
484325.3001,0
484464.0128,0
484623.0933,0
484632.1981,0
484721.3567,0
484897.9119,0
485115.9006,0
485565.6777,0
485852.2391,0
486282.4054,0
486300.7563,0
486355.78260000004,0
486577.1724,0
486657.9928,0
486758.2065,0
486808.3423,0
486891.7572,0
486919.8589,0
487088.27910000004,0
487193.7163,0
487456.4723,0
487464.4188,0
487713.8118,0
487851.3788,0
487894.4309,0
488013.8225,0
488284.7681,0
488284.95759999997,0
488391.1634,0
488399.0754,0
488494.4326,0
488628.4247,0
488805.5314,0
489532.9919,0
489727.9652,0
489753.7355,0
490027.4124,0
490072.7891,0
490080.82039999997,0
490482.1773,0
491038.94779999997,0
491046.4256,0
491081.5605,0
491168.4607,0
491194.4183,0
491211.1578,0
491392.5573,0
491519.3852,0
491794.13673333335,0
492159.4203,0
492160.8091,0
492344.7846,0
492365.01170000003,0
492389.3268,0
492651.8925,0
492676.9051,0
492707.9168,0
492813.4731,0
493013.9746,0
493185.6386,0
493210.5692,0
493282.0535,0
493330.9731,0
493555.8176,0
493900.747,0
494158.9751,0
494226.1478,0
494282.6144,0
494556.1237,0
494556.5611,0
494814.079,0
494846.3907,0
494871.9185,0
494899.3853,0
495015.3971,0
495147.1931,0
495148.185,0
495385.4799,0
495562.67725,0
495566.0755,0
495652.0729,0
495858.657275,0
496117.2571,0
496175.0351,0
496338.4965,0
496373.45302,0
496458.5561,0
497007.1665,0
497333.8518,0
497584.5279,0
497639.4923,0
497971.43024,0
498116.6329,0
498307.1729,0
498437.1154,0
498631.0558,0
498672.8043,0
498701.7493,0
498921.8555,0
499476.6604,0
499642.5897,0
499749.2621,0
500664.1114,0
500817.5095666667,0
500864.7587,0
500973.038,0
500976.9825,0
500991.9302,0
501003.9426,0
501055.1301,0
501163.5372,0
501225.4928,0
501501.396,0
501515.523875,0
501533.2731,0
501573.8987,0
501905.4335,0
501951.7978,0
502131.2765,0
502146.3294,0
502369.6739,0
502458.6655,0
502549.6245,0
502672.289,0
502719.4902,0
502854.8962,0
503043.7235,0
503381.6453,0
503550.0182,0
503618.1818,0
503622.1458,0
503671.4146,0
503771.5115,0
504305.9839,0
504485.3953,0
504660.69,0
504704.67689999996,0
504789.8569,0
504925.118,0
505022.1768,0
505127.33400000003,0
505316.5821,0
505391.6794,0
505497.6274,0
505534.4486,0
506045.9575,0
506077.1385,0
506375.16229999997,0
506376.6321,0
506505.7381,0
506512.2559,0
506525.5728,0
506532.0678,0
506676.2944,0
507030.6782,0
507213.6667,0
507336.8763,0
507339.7839,0
507340.4417,0
507485.2741,0
507537.8598,0
507739.1543,0
507918.247,0
507981.5999,0
508153.1836,0
508628.3343,0
508673.4995,0
508720.9457,0
508727.72089999996,0
508728.601,0
509072.5302,0
509249.39366,0
509264.0896,0
509283.7809,0
509397.0054,0
509653.7279,0
509744.6796,0
509771.6705,0
509794.1648,0
509884.7386,0
510070.1816,0
510336.3765,0
510549.2494,0
510682.6708,0
511103.8423,0
511220.0721,0
511273.41599999997,0
511285.6496,0
511645.1436,0
511657.9618,0
511703.5054,0
511780.3164,0
511846.66240000003,0
511927.5552,0
511947.2063,0
512240.0838,0
512267.181,0
512357.7436,0
512388.1724,0
512644.5072,0
512648.83915,0
512705.1321,0
512715.7108,0
512793.6346,0
512872.4844,0
512948.355,0
512985.0907,0
513479.9333,0
513541.3908,0
513633.7104,0
513739.5319,0
513829.5713,0
513881.33312,0
514212.9145,0
514371.8011,0
514372.7657,0
514375.1674,0
514446.6522,0
514533.3561,0
514578.8041,0
514633.254,0
514655.4093,0
514713.7719,0
514731.9428,0
514795.7385,0
515345.5237,0
515692.2797,0
515695.5725,0
515752.76769999997,0
515785.4598,0
515874.026,0
516039.9959,0
516251.712,0
516344.4302,0
516629.7499,0
516635.6139,0
516867.4628,0
517001.2671,0
517092.1057,0
517126.3546,0
517530.3699,0
517550.7686,0
517631.28740000003,0
517636.12,0
517780.8576,0
517875.0423,0
517999.1863,0
518040.8395,0
518087.7702,0
518125.6483,0
518149.1254,0
518186.0933,0
518332.3182,0
518529.8427,0
518584.1799,0
518755.4891,0
518890.1061,0
518945.123,0
519135.6098,0
519162.2127,0
519254.2254,0
519365.4899,0
519489.1672,0
519586.2128,0
519625.838,0
519809.093,0
519845.36340000003,0
519936.5437,0
520029.4077,0
520263.6327,0
520393.2934,0
520496.5436,0
520606.8678,0
520661.0089,0
520747.64,0
520799.0231,0
521027.8233,0
521053.1524,0
521105.8196,0
521238.0528,0
521576.2699,0
521606.8951,0
521690.4291,0
521734.9861,0
522161.846525,0
522179.17110000004,0
522249.8852,0
522291.2586,0
522338.958,0
522374.0953,0
522492.6866,0
522564.4322,0
522600.2619,0
522733.3771,0
522813.972,0
522933.3033,0
522950.1858,0
523153.5832,0
523208.0797,0
523275.6292,0
523698.953,0
524424.8529,0
524444.1938,0
524590.7596,0
524662.9842,0
524673.5945,0
524693.988,0
524748.0286,0
524784.3038999999,0
525094.8514,0
525208.5196,0
525248.5205,0
525780.0851,0
525821.990125,0
525835.3641,0
525890.4148,0
525897.5308,0
526074.2261,0
526282.1752,0
526419.8094,0
526429.4136,0
526580.6642,0
526625.9196,0
526705.0069,0
526822.7928,0
527032.608,0
527079.9771,0
527117.2364,0
527180.8933,0
527458.5082,0
527541.5744,0
527668.0864,0
527740.959,0
527796.2409,0
527987.1055,0
528120.8382,0
528430.5930999999,0
528440.5752,0
528509.4453,0
528625.4988,0
528785.4972,0
528847.6544,0
528855.7495,0
528921.6758,0
528964.0636,0
529144.7374,0
529228.8368,0
529235.8129,0
529376.8858,0
529441.9498,0
529568.6245,0
529895.6192,0
530308.2324,0
530393.4734666666,0
530433.71845,0
530600.0917,0
530742.9949,0
530847.4629,0
530936.7379,0
530965.2276,0
531025.3974,0
531193.6802000001,0
531387.6606000001,0
531602.4124,0
531606.0215,0
531695.3683,0
531881.4656,0
531883.1635,0
531925.0641,0
532157.1612,0
532213.6035,0
532589.3864,0
532591.3123,0
532602.3184,0
532664.5694,0
532676.9905,0
532720.289,0
532826.646,0
532962.1347,0
532969.1697666667,0
533159.0808,0
533542.8225,0
533677.5537,0
533703.6099,0
533712.1957,0
533758.7476,0
534021.3716,0
534143.0904,0
534250.3257,0
534261.3246,0
534564.6727,0
534866.7128,0
534913.27405,0
535170.8843,0
535181.8326,0
535328.0063,0
535477.4714,0
535561.383,0
535718.7179,0
536184.8133,0
536357.0648,0
536589.8947000001,0
536703.8165,0
537027.8951,0
537158.1869,0
537182.6475,0
537415.5622,0
537517.2682,0
538263.852,0
538530.4856,0
538792.5907000001,0
538838.0506,0
539086.5823,0
539170.6251,0
539358.4835,0
539481.3805,0
539486.8883,0
539491.4518,0
539495.5043,0
539767.1689,0
539859.9557,0
539983.0415,0
540175.6898,0
540303.0333,0
540563.0329,0
540659.4316,0
541050.9363,0
541087.8866,0
541469.8687,0
542193.9523,0
542205.3011,0
542635.1277,0
542726.4107,0
542960.0946,0
543173.7339999999,0
543232.0697999999,0
543275.9045,0
543434.9126,0
543594.4113,0
543941.9621,0
543964.9238,0
544024.5934,0
544087.4757,0
544147.5733,0
544326.2197,0
544348.3636,0
544423.9315,0
544632.1033,0
544663.5242,0
544758.4745,0
544781.7567,0
544786.5503,0
544875.1788999999,0
544987.396,0
545120.8156,0
545380.2074,0
545543.415,0
545610.0202,0
545673.7673,0
545807.8697,0
545851.9844,0
545948.731,0
545974.3042,0
546029.509,0
546096.2207,0
546117.2296,0
546127.6763,0
546129.7272,0
546145.9665,0
546227.0694,0
546345.1976,0
546541.4896,0
546990.5348,0
547072.3387,0
547183.9131,0
547249.658,0
547574.5351,0
547709.765,0
547777.9207,0
547871.2738,0
548031.9748,0
548118.7093,0
548442.2432,0
548533.4928,0
548549.688,0
548572.9211,0
548576.8386,0
548649.3283,0
548683.8148,0
548717.0051,0
548734.8461,0
548820.1927,0
548987.9362,0
549019.9629,0
549101.9332,0
549139.5197000001,0
549466.0022,0
549722.7898,0
549740.5122,0
549787.3597,0
550143.8535,0
550346.2126,0
550614.6604,0
550648.5430000001,0
550862.0856999999,0
550883.5076,0
550955.1756,0
551010.3619,0
551224.0181,0
551435.377,0
551476.3132,0
551481.6113,0
551544.3193,0
551759.5377,0
552117.3187,0
552196.8164,0
552209.3922,0
552306.2,0
552618.2676,0
552743.1887,0
552948.0882,0
552992.8021,0
553146.2366,0
553353.8008,0
554134.2671,0
554248.0694,0
554316.799,0
554440.0556,0
554464.9303,0
554491.847,0
554670.7198,0
554708.7292,0
554791.9782,0
554911.2169,0
555768.2815,0
555826.3043,0
555855.0261,0
555988.7347,0
556232.7985,0
556419.6287,0
556427.3785,0
556432.12705,0
556630.5178,0
556835.9702,0
556882.2605,0
556991.1011,0
557201.1411,0
557222.8388,0
557297.1979,0
557674.9364,0
557933.0421,0
558191.1115,0
558458.4571,0
558645.3746,0
559153.5294,0
559533.7068,0
559739.9429,0
559881.9771,0
559930.2584,0
559996.5454,0
560095.026,0
560139.4265000001,0
560576.7501,0
560613.1378666667,0
560694.3905,0
560726.4923,0
560833.8982,0
560869.6167,0
561065.3849,0
561470.7405,0
561592.17,0
561721.8693,0
562397.8152,0
562423.9435,0
562515.8515,0
562623.5684,0
562946.2236,0
562993.207,0
563144.7687,0
563248.475,0
563694.6802000001,0
563867.5846,0
564313.2417,0
564732.3309,0
564768.5653,0
564779.09,0
565106.8159,0
565714.3984,0
565719.78595,0
565938.6224,0
566112.1344,0
566189.8472,0
566256.2457,0
566328.5743,0
566397.3033,0
566421.5924,0
566865.4804,0
567010.9713,0
567232.818,0
567338.9096,0
567501.1035,0
567505.9736,0
567521.9413,0
567563.0574,0
567572.115,0
567623.2275,0
567637.1219,0
567882.3221,0
567937.2886,0
568209.5221,0
568320.6666,0
568643.0285,0
568767.7002,0
568860.7066,0
568905.0054,0
569077.8841,0
569310.6617,0
569443.9549,0
569576.2479,0
569678.2867,0
569789.1787,0
570079.8388,0
570128.6370999999,0
570395.7289,0
570597.3671,0
570633.6305,0
570718.9018999999,0
570755.8986833333,0
570766.5599,0
570814.3265,0
570980.2555,0
570986.34796,0
571266.3251,0
571307.5811,0
571469.7676,0
571516.3311,0
571534.2313,0
571535.737,0
571606.313,0
571911.3575,0
571988.0298,0
572099.9593,0
572149.877,0
572213.1042,0
572269.3773,0
572349.7766,0
572491.0798,0
572547.1790833334,0
572981.6116,0
572996.2457,0
573147.1835,0
573300.1239,0
573316.6661,0
573445.8973,0
573526.5501,0
574018.7697,0
574129.2396,0
574473.3497,0
574615.6587,0
574759.3091,0
575803.1251,0
575811.6996,0
575935.8695,0
576104.8105,0
576153.2056,0
576209.5643,0
576727.586,0
576877.5958,0
576977.2076,0
577127.8239,0
577130.6355,0
577649.4483,0
577907.7124,0
577946.069,0
578126.2328,0
578177.6786,0
578239.2169,0
578241.304,0
578299.2079,0
578562.8601,0
578590.6867,0
578687.5729,0
578823.0513,0
578862.2051,0
578935.5625,0
579336.1291,0
579435.0709,0
579594.2673,0
579708.0369,0
579900.056,0
579970.6897,0
579985.7017,0
580442.9869,0
580630.9588,0
580948.60888,0
581211.5755,0
581234.174,0
581344.4157,0
581424.6813,0
582232.7035,0
582330.7456,0
582406.9218,0
582617.6349,0
582689.6023,0
582774.5346,0
582801.6747,0
582966.747,0
583077.9702,0
583181.6304,0
583399.1701,0
583690.6358,0
583752.1895,0
584092.009,0
584123.5835,0
584213.7125,0
584216.887,0
584447.2938,0
584523.2223,0
584894.9227,0
585183.3696,0
585280.1846,0
585369.8524,0
586028.1356,0
586185.791,0
586425.8514,0
586687.1,0
586776.8829,0
586789.1817,0
586802.8971,0
587005.0068,0
587133.5111,0
587200.7497,0
587249.3943,0
587342.0168,0
587346.2717,0
587404.7914,0
587496.1945,0
587626.5953,0
587643.835,0
587817.0893,0
587859.5241,0
587861.9211,0
587865.7798,0
587870.6319,0
587924.2313,0
588186.9105,0
588206.7724,0
588361.2519,0
588401.0197,0
588776.6831,0
589009.3015000001,0
589041.3257,0
589125.5807,0
589243.1107,0
589371.4538,0
589534.0482,0
589575.492,0
589589.4573,0
589899.5736,0
589943.4996,0
590045.1129000001,0
590073.0795,0
590347.8097999999,0
590437.1796,0
590690.0562,0
590763.2099,0
590777.3879,0
590895.3303,0
591360.5722,0
591518.4484999999,0
591525.9547,0
591734.0056,0
591746.8325,0
591753.4215,0
591903.1085,0
592059.05585,0
592648.5009,0
592717.7715,0
592722.7308,0
592849.6611,0
592886.2373,0
593071.2079,0
593161.5095,0
593240.5293,0
593759.8455,0
593759.8497,0
593762.7024,0
593814.1634,0
593892.5157,0
593993.5671,0
594203.4988,0
594260.3267,0
594499.61192,0
594629.9552,0
594731.7344,0
594751.7749,0
594786.5471,0
594985.763,0
595134.2025,0
595176.3082,0
595189.7006,0
595288.7011,0
595329.9386,0
595409.7753,0
596168.956,0
596200.0369,0
596285.0117,0
596290.8775,0
596557.7323,0
596584.4465,0
596692.033,0
596740.1033,0
596824.5002,0
596846.5421,0
596961.1679,0
597020.8317,0
597092.8561,0
597130.6142,0
597200.3063,0
597405.9763,0
597515.5561,0
597596.1204,0
597625.1677,0
597754.6472,0
597884.5394,0
598034.7836,0
598052.0345000001,0
598109.1959,0
598312.9817,0
598671.1295,0
598686.7898,0
599051.3637,0
599079.3594,0
599339.0393,0
599501.5903,0
599575.2383,0
599726.0618,0
599744.5036,0
599959.1107,0
600121.7738,0
600215.1919,0
600248.7064,0
600336.4833,0
600555.7687,0
600802.2834,0
600890.0458,0
601052.8101,0
601095.7318,0
601791.3672,0
601917.4175,0
602115.9187,0
602163.7139,0
602188.0933,0
602398.5391,0
602444.22314,0
602477.758,0
602814.6386,0
602818.3333,0
602983.6531,0
603062.2273,0
603366.3889,0
603367.4224,0
603776.9854,0
603944.1194,0
604129.0574,0
604234.5424,0
604416.6901,0
604592.01714,0
604604.5913,0
604720.7842,0
604737.4567,0
605043.1399,0
605107.3332,0
605220.3745,0
605540.0535,0
605560.6983,0
605933.0233,0
605975.336,0
606052.9033,0
606154.6955,0
606202.5033,0
606427.3944,0
606551.2257,0
606566.7226,0
606642.1436,0
606959.37,0
607095.3286,0
607278.9341,0
607320.5776,0
607473.5332,0
607514.492,0
607620.0767,0
607693.3467,0
607789.6764,0
607822.7032999999,0
607842.6754,0
608263.2214,0
608447.5216,0
608549.6955,0
608563.8758,0
608624.0313,0
608930.975,0
609194.7731999999,0
609219.3145,0
609382.2359,0
609405.7447,0
609870.7075,0
609945.7239,0
609965.5247,0
610385.1096,0
610411.4823,0
610534.5457,0
610674.813,0
610729.4295,0
610788.4927000001,0
610884.9583,0
610941.5318,0
611058.8345,0
611254.3387,0
611318.6363,0
611400.5458,0
611567.1157,0
611615.8324,0
611825.0,0
611853.4999,0
611902.4018999999,0
612019.344,0
612108.4782,0
612242.2274,0
612297.5853,0
612428.6245,0
613056.6827,0
613172.5953,0
613204.9933,0
613329.6812,0
613479.0695,0
613492.6424,0
613648.6262,0
613649.1809,0
613805.6616,0
613843.8702,0
614071.3247,0
614077.1857,0
614414.6799,0
614465.6585,0
614497.1037,0
614684.7473,0
614707.1194,0
614817.0535333334,0
614862.8896,0
614964.9324,0
614965.2052,0
615074.3078,0
615237.4369,0
615360.4613,0
615410.046,0
615440.5681,0
615449.4712,0
615512.8181,0
615552.0278,0
615620.8288,0
615765.4549,0
615928.0984,0
615959.5681,0
616133.2471,0
616237.2792,0
616237.9898,0
616253.8371,0
616268.5942,0
616485.7755,0
616550.6855,0
616989.449,0
616998.2513,0
617006.343,0
617039.39514,0
617395.4918,0
617410.8287,0
617413.654,0
617714.0267,0
618013.0555,0
618099.063,0
618498.7276,0
618643.6742,0
618696.5976,0
618785.9251999999,0
618876.5206,0
618989.177,0
618990.2203,0
618994.1749,0
619043.1395,0
619180.5873,0
619203.954,0
619213.4481,0
619653.2038,0
619662.8321666666,0
619682.7992,0
619725.5646,0
619834.0121,0
619850.1081,0
619868.4903,0
620013.1205,0
620299.159,0
620319.7392,0
620390.4296,0
620553.6545,0
620927.781,0
620976.0789,0
621006.9364,0
621228.6843,0
621261.2518,0
621336.7135,0
621435.3705,0
621530.2666,0
621535.671,0
621641.4802,0
621703.492,0
621705.9635,0
621791.9222,0
621811.0969,0
622065.0974,0
622243.3046,0
622708.7666,0
622959.8408,0
622967.9045,0
623283.3378,0
623405.401,0
623626.237,0
623817.8386333333,0
623852.8911,0
623945.0824,0
624126.1384,0
624167.6722,0
624209.1168,0
624251.7207,0
624254.1196,0
624261.8834,0
624496.967,0
624824.5591,0
624963.7748,0
625198.9621,0
625281.9964000001,0
625605.8891,0
625678.3476,0
625846.9911,0
626027.8502,0
626030.6855,0
626272.8811,0
626782.8896,0
626880.8853,0
627327.6677999999,0
627332.7376999999,0
627401.7948,0
627588.6552,0
627609.0489,0
627867.8323,0
627987.3363,0
628109.3499,0
628673.5793,0
628752.5127,0
628756.0116,0
629069.746,0
629152.0928,0
629813.7201,0
630195.6063,0
630226.3127,0
630374.9465,0
630663.2958,0
630704.1763,0
630855.4776,0
630871.7043,0
630921.4038,0
631189.8135,0
631319.1143,0
631335.5334,0
631359.7063,0
631397.0217,0
631725.481,0
631835.7827,0
631986.6292,0
632085.5942,0
632347.7875,0
632551.7844,0
632826.7798,0
632827.5367,0
632840.1212,0
632909.3984,0
632928.0017,0
632991.1721,0
633036.3395,0
633282.7959,0
633307.4124,0
633399.4082,0
633412.427,0
633656.132,0
633658.1532000001,0
634575.6959,0
634653.8021,0
634728.99,0
634849.1474,0
634911.0368,0
634927.6413,0
635098.0389,0
635121.0821,0
635203.0037,0
635306.1819,0
636174.5807,0
636343.2718,0
636742.9746,0
636894.829,0
636985.742,0
637015.6331,0
637123.8577,0
637311.5788,0
637379.0947,0
637380.8975,0
637785.7041,0
637881.5133,0
637885.2237,0
638261.0172,0
638317.0222,0
638368.7473,0
638427.4739,0
638517.1972,0
638884.3171,0
639059.9048,0
639113.6489,0
639173.2488,0
639251.5707,0
639287.5033,0
639378.2299,0
639586.6046,0
639647.1602,0
639747.1757,0
640040.7564,0
640203.4527,0
640221.563,0
640293.6672,0
640323.6489,0
640552.3403,0
640575.8979,0
640880.9111,0
640897.2372,0
641058.0067,0
641273.7025,0
641544.5041,0
641615.384,0
641624.048,0
641626.5744,0
641627.1768,0
641773.7685,0
641880.7119,0
641884.7916,0
642094.0813,0
642108.2603,0
642257.30165,0
642321.0237,0
642330.9238,0
642404.03915,0
642526.0517,0
642556.9407,0
643275.3016,0
643475.6334833333,0
643655.0666,0
643722.247,0
643729.6167,0
643758.0853,0
643857.3784,0
643985.6549,0
644070.561,0
644141.5599,0
644433.7309,0
644619.3463,0
644821.1625,0
644959.4144,0
644959.439,0
645088.5316,0
645192.4654,0
645216.3329,0
645369.0349,0
645384.5963,0
645396.5766,0
645674.7484,0
645683.9188,0
645768.9076,0
646310.6751,0
646384.8175,0
646461.7596,0
646676.8162,0
646691.7635,0
646807.135,0
646810.6781166666,0
647059.6463,0
647128.7537,0
647151.9738,0
647178.0115,0
647333.0778,0
647716.6042,0
647994.8517,0
648107.7701,0
648336.1252,0
648795.6188,0
648871.4659,0
649120.5097,0
649164.8476,0
649530.3445,0
649618.3318,0
649777.5989,0
649956.9396,0
650102.8058,0
650590.404,0
650601.8283,0
650644.5973,0
650904.434,0
650982.2201,0
651275.9296,0
651386.8704,0
651400.3025,0
651480.8278,0
651599.0097333334,0
651824.7967,0
651840.9190666666,0
651884.6566,0
652031.7768999999,0
652457.7461,0
652657.9361,0
652791.7963,0
653254.4248,0
653324.6173,0
653384.322,0
653587.3261,0
653626.7111,0
653703.4748,0
653730.1003,0
653840.3163,0
653866.0113,0
653978.9748,0
654777.7394,0
654874.329225,0
654909.117,0
655081.1357,0
655791.1586,0
655854.7457,0
656130.9158,0
656140.856,0
656243.7235,0
656317.464,0
656331.5599,0
656385.0355,0
656422.0538,0
656498.4587,0
657046.1385,0
657099.8756,0
657131.9945,0
657229.8894,0
657401.416,0
657597.6295,0
657968.4724,0
658133.2646,0
658224.44225,0
658248.2844,0
658958.7029,0
659084.2315,0
659098.2935,0
659111.8754,0
659163.0143,0
659224.1519,0
659440.499,0
659622.7102,0
659867.7378,0
659991.5468,0
660111.7563,0
660334.3931,0
660728.0843,0
660902.8895,0
661235.4135,0
661467.2461,0
661485.2346,0
661639.8282,0
661916.3052,0
661936.4722,0
662176.5133,0
662289.5579,0
662422.1788999999,0
662607.8293,0
662917.3297,0
663044.5387,0
663218.6881,0
663322.1651,0
663353.5952,0
663493.4924,0
663699.7651,0
663788.193,0
663928.0979,0
664054.8467,0
664161.253,0
664205.935,0
664596.97,0
664664.5037,0
665184.7402,0
665241.6393,0
665505.755,0
665548.46775,0
665614.2676,0
665928.2686,0
666294.1641,0
666300.0811,0
666453.7264,0
666641.5378,0
666736.3718,0
666904.7203,0
667238.6396,0
668080.564725,0
668210.2304,0
668540.5154,0
668603.6052,0
668643.009,0
668700.845,0
668846.6149,0
668908.6718,0
669011.1577,0
669291.5563,0
669381.2034,0
669600.87606,0
669690.0519,0
669970.9734,0
670008.0388,0
670022.8467,0
670132.249,0
670328.0021,0
670397.026,0
670501.3996,0
670594.8481000001,0
670883.8101,0
671306.9553,0
671459.8297,0
671663.7568,0
671699.9046,0
671971.678,0
671974.8393,0
672478.7344,0
672555.9171,0
672580.7627,0
672611.3114,0
672729.2856,0
672981.7117,0
673070.804,0
673175.8428,0
673264.9404,0
673302.6598,0
673499.6965,0
674000.6027,0
674347.8597,0
674400.937,0
674403.3883,0
674552.3196,0
674587.2002,0
674664.6694,0
674683.2525,0
675019.6928,0
675062.2674,0
675062.8416,0
675128.7101,0
675408.2888,0
675530.244,0
675565.7868,0
675582.147,0
675698.5296,0
675844.3222,0
676055.3289,0
676299.4163,0
676531.2559,0
676668.002975,0
676949.2311,0
676973.1456,0
677121.0049,0
677475.4187,0
677554.2733,0
677849.9811,0
677956.97,0
678164.354,0
678253.1775,0
678343.2981,0
678505.9553,0
678544.6555999999,0
678589.5699,0
678907.7493,0
679482.2943,0
679926.4373,0
679929.8759,0
680475.601,0
680508.7445,0
680650.5427,0
680797.33,0
680814.6903,0
681175.3376,0
681438.6361,0
681561.9201,0
681861.86,0
681867.83394,0
681901.6909,0
682326.8526,0
682411.8313,0
682556.8845,0
682789.138175,0
682881.6927,0
682949.0929,0
683049.5897,0
683076.0838,0
683113.8546,0
683262.5485,0
683321.8449,0
683334.3463,0
683559.4453,0
683563.7747,0
683640.2876,0
683700.7073,0
683766.6751,0
683878.9628,0
683906.7626,0
683914.3807,0
683928.6679,0
683956.4812,0
684350.2549,0
684401.7889,0
684614.4219,0
684747.7844,0
684922.0785000001,0
685025.6248,0
685026.1026,0
685111.0915,0
685234.7745,0
685398.3695,0
685509.3794666666,0
685612.1309,0
685724.5907000001,0
685751.4127,0
685758.708,0
685931.6893,0
686016.3082,0
686114.2775,0
686290.2555,0
686369.0352,0
686431.3105,0
686470.9102,0
686555.2562,0
686960.7745,0
686987.2079,0
687018.0927,0
687063.5191,0
687125.2274,0
687138.1729,0
687352.4996,0
687703.2246,0
687741.8656,0
687744.8239,0
687766.6242,0
687891.8222,0
687917.7889,0
687956.9416,0
688170.4812,0
688208.7961,0
688410.7752,0
688467.1822,0
688566.9463,0
688725.7315,0
688754.9898,0
688993.4859,0
689032.9881,0
689205.145,0
689357.7167,0
689628.6357,0
689740.1247,0
690116.2419,0
690577.8545,0
690647.3671,0
690699.5882,0
691113.3366,0
691228.1107,0
691685.1315,0
691719.6596,0
691811.0697,0
691848.1085,0
691958.6595,0
692210.2351,0
692239.7614,0
692296.1003,0
692460.7815,0
692468.5349,0
692656.165,0
692848.1322,0
692853.3975,0
692859.7639,0
692954.4562,0
693002.2526,0
693097.1029,0
693232.3200000001,0
693414.4021,0
693776.9437,0
693876.0998,0
694174.2862,0
694692.8087,0
694707.5856,0
694713.2871,0
694749.9084,0
694865.7926,0
695154.2621,0
695191.6534,0
695295.7851,0
695329.9113,0
695421.4597,0
695527.4003,0
695533.9006,0
695632.6131,0
695731.058,0
695781.3751,0
695808.6332,0
695938.4257,0
695940.6429,0
696033.7312,0
696080.6981,0
696147.9915,0
696221.8417,0
696224.6776,0
696264.0255,0
696390.2617,0
696612.66,0
696664.1793,0
696664.8948,0
696686.0368,0
696692.3194,0
696975.1424,0
696976.9774,0
697062.621,0
697120.0229,0
697537.2995,0
697611.8493,0
697735.5194,0
697976.5439,0
698078.4757,0
698126.9084,0
698442.394,0
698443.5024,0
698513.8635666666,0
698625.9152,0
698712.3052000001,0
698931.8476,0
698954.041,0
698969.7911,0
699087.6401,0
699195.91444,0
699356.2951,0
699391.2435,0
699396.154,0
699468.4193,0
699480.6910999999,0
699481.8777,0
699879.1663,0
700390.7384,0
700399.2221,0
700475.0951,0
700559.7436,0
700629.1208,0
700735.4792,0
700822.8682,0
701153.1391,0
701314.9986,0
701334.2562,0
701394.8704,0
701465.632,0
701468.0759,0
701515.1821,0
701568.9366,0
701659.118,0
701766.3196,0
701896.5419000001,0
701898.3661,0
701938.55488,0
702221.9334,0
702483.0478000001,0
702506.1369,0
702559.0937,0
702681.9892,0
702955.2749,0
703046.6475,0
703072.781,0
703158.9611,0
703471.8406,0
703618.9065,0
703678.4613,0
703836.4552,0
703861.8585,0
703961.0082,0
704047.4754,0
704049.4202,0
704062.509,0
704189.4862,0
704294.4844,0
704312.1847,0
704489.7749,0
704729.3783,0
704763.4136,0
705222.2198,0
705331.8571,0
705457.4882,0
705587.9722,0
705604.2429,0
705625.018,0
705645.2349,0
706118.3254,0
706135.4566,0
706310.2951,0
706631.2632,0
706674.6957,0
706698.3035,0
706776.9946,0
706848.8282,0
706965.0585,0
707003.2263,0
707022.9929,0
707027.6424,0
707189.4873,0
707198.5979,0
707246.848,0
707267.6249,0
707342.4976,0
707589.0076,0
707619.0699,0
707670.1691,0
707838.4303,0
707915.4764,0
707957.4307,0
708051.8701,0
708078.1341,0
708224.2695,0
708473.2371,0
708509.9642,0
708684.7559,0
708704.2422,0
708727.4569,0
708923.6016,0
708977.8454,0
709770.7518,0
709950.7299,0
710015.6555,0
710260.5881,0
710461.7433,0
710523.5486,0
710810.5638,0
710910.0879,0
710947.2374,0
711008.9049,0
711117.8443,0
711307.4725,0
711621.4463,0
711647.698,0
712404.2001,0
712542.5367,0
712974.2006999999,0
713386.3633,0
713495.0189,0
713668.0553,0
713761.9924,0
714256.4421,0
714990.9471,0
715187.2159,0
715333.2966,0
715719.9211,0
715942.4812,0
716228.0377,0
716717.5305999999,0
716771.4762,0
716842.9822,0
717212.1982,0
717373.3499,0
717528.4212,0
717604.5532,0
717877.7643,0
717949.6729,0
718288.0103,0
718377.7009,0
718523.0707,0
718664.4957,0
719011.3983,0
719449.6728000001,0
719963.5009,0
720041.5605,0
720231.1929,0
720373.2708,0
720504.3268,0
720686.0313,0
720704.5498,0
721143.8652,0
721590.4495,0
721778.09,0
721863.4398,0
721871.4962,0
721883.7052,0
722053.1785,0
722286.9578,0
722420.9557,0
722577.7112,0
722631.4461000001,0
722646.8882,0
722714.6299,0
722946.7373,0
722987.1763,0
723082.0464,0
723233.2304,0
723235.1677,0
723253.9148,0
723622.7099,0
723697.8633,0
723857.3234999999,0
723988.3758,0
724488.8469,0
724516.4743,0
724886.4867,0
725172.0338,0
725494.7118,0
725531.839,0
725613.7868,0
725735.9206,0
725737.4799,0
725749.3869,0
725876.004,0
725908.5919,0
726373.5998,0
726407.6464,0
726490.7572999999,0
726548.5643,0
727011.1253,0
727093.9957,0
727244.50035,0
727287.6294,0
727384.4456,0
727596.7677,0
728616.5549,0
728714.0225,0
728749.1463,0
729321.8784,0
729339.1592999999,0
729713.8438,0
729969.1876,0
730081.6562,0
730751.0705,0
730852.5353166667,0
730875.2363,0
731031.7651,0
731404.5337,0
731426.3296,0
731545.0323,0
731639.6532000001,0
731796.5471,0
731804.1683,0
731854.299,0
731914.7865,0
731962.525,0
731993.1331,0
732017.8924,0
732032.377,0
732220.8423,0
732547.9335,0
732929.902,0
733039.4526,0
733065.2311,0
733195.2826,0
733246.042,0
733264.4614,0
733289.96924,0
733393.1444,0
733433.1451,0
733655.5286,0
733799.5013,0
733877.0815,0
733887.9294,0
734092.9098,0
734264.7592,0
734309.1742833334,0
734576.1651,0
734822.907,0
734829.6879,0
734883.4419,0
734971.4929,0
735163.4765,0
735170.4551,0
735280.8593,0
735288.3934,0
735436.0215,0
735856.5206,0
735889.5155,0
735951.0152,0
735979.8523,0
736049.9059,0
736084.3976,0
736192.2952166667,0
736196.3845,0
736224.8304,0
736296.9019,0
736377.9322,0
736556.1749,0
736574.662,0
736611.8918,0
736620.6611,0
736744.0305,0
736849.4527,0
736989.2167,0
737058.1856,0
737112.3735,0
737139.7194000001,0
737149.252,0
737253.7089,0
737430.7524,0
737667.7397,0
737685.3776,0
737688.6173,0
737749.8521,0
737753.2767,0
737757.8637,0
737884.262,0
738044.4018,0
738078.4991,0
738206.6676,0
738301.5962,0
738411.265,0
738616.1444,0
738755.8992,0
738771.3192,0
738827.3112,0
738895.1541,0
739023.914,0
739039.2413,0
739405.0903,0
739544.4733,0
739662.9983,0
740011.1138,0
740018.5471,0
740448.6454,0
740644.3927,0
740951.6684,0
741075.2694,0
741091.7157000001,0
741141.3277,0
741349.6611,0
741359.7705,0
741369.3085,0
741613.0415,0
741649.0305,0
741753.6344,0
741997.2222,0
742051.1052,0
742121.0814,0
742151.5252,0
742390.5864,0
742443.355825,0
742757.065,0
742815.4702333333,0
743051.16622,0
743284.1993,0
743377.1558,0
743494.3846,0
743696.0825,0
744056.3843,0
744314.9021,0
744651.49,0
745022.3912,0
745138.2876,0
745341.8569,0
745365.7447,0
745402.4863,0
745533.4106,0
745541.4318,0
745634.2437,0
745676.0339,0
745695.3955,0
745761.5631,0
745815.5474,0
745913.9169,0
745979.0348,0
746167.9689,0
746176.123,0
746181.3299,0
746311.119,0
746378.4308,0
746459.3934,0
746543.3931,0
746557.7872,0
746603.2342,0
747337.5084,0
747803.1696,0
747896.9915,0
748125.2386,0
748129.2806,0
748282.06785,0
748765.597,0
749282.9306,0
749338.4462,0
749371.2541,0
749507.8279,0
749562.2202,0
749707.6759,0
749719.6498,0
749767.9982,0
749788.5692,0
749867.9884,0
749885.16212,0
749937.4221,0
749971.4832,0
750002.076,0
750042.495,0
750418.8491,0
750732.6546,0
750762.6002,0
750839.3279,0
751066.1577,0
751258.9644,0
751631.22395,0
751699.4872,0
751900.7786,0
751967.3515,0
751978.3203,0
752046.5309,0
752341.2429,0
752349.1464,0
752392.5745,0
752400.3827,0
752632.4034,0
752699.1202,0
752761.0016,0
752761.7352,0
752775.6293,0
752889.8727,0
752895.5808,0
753053.4356,0
753499.3955,0
753596.3365,0
753625.6026,0
753651.5783,0
753968.6224,0
754061.4545,0
754106.7945,0
754175.9986,0
754224.1557,0
754293.088,0
754352.598,0
754409.7896,0
754503.484,0
754645.109,0
755501.2277,0
755543.439275,0
755827.6438,0
755845.0971,0
755931.2867,0
756147.0378,0
756416.4164,0
756427.3676,0
756567.5603,0
756604.5695,0
756741.123,0
757444.1894,0
757445.2911,0
757447.8008,0
757515.5559,0
757994.0317,0
758184.4287,0
758368.3363,0
758511.4603,0
758599.7639,0
758680.8282,0
758741.2399,0
758770.0118,0
759003.9382,0
759531.2617,0
759574.555,0
760214.4203,0
760263.5721,0
760497.619,0
760508.2969666667,0
760602.8649,0
760633.2777,0
760705.0891,0
760777.0903,0
760858.9812,0
760977.0856,0
761045.5694,0
761062.1815,0
761291.4949,0
761356.3373,0
761432.3427,0
761581.3336,0
761621.6886,0
761659.1596,0
761815.5287,0
761986.9602,0
762041.2998,0
762412.5266,0
762466.5788,0
762503.0037,0
762629.2426,0
762773.6363,0
762903.9532999999,0
763151.1112,0
763366.7408,0
763486.0541,0
763595.0244,0
763973.9644,0
763982.3353,0
763984.2417,0
764162.1954,0
764227.9527,0
764233.6365,0
764247.7383,0
764413.8556,0
764741.5853,0
764748.2628,0
764796.7933,0
764838.8774,0
764884.1479,0
764978.8852833334,0
765472.1371,0
765473.7436,0
765486.3068,0
765650.2585,0
765652.7197,0
765895.9879,0
765972.2595,0
766059.101275,0
766082.892,0
766129.8916,0
766131.4665,0
766385.7485,0
766448.7253,0
766457.3701,0
766520.7629,0
766660.4734,0
766911.8306,0
766935.874,0
767025.6562,0
767428.1056,0
767868.3038,0
767961.6294,0
768486.1042,0
768817.4908,0
769034.5384,0
769042.8642666667,0
769085.5409,0
769143.7183,0
769174.0886,0
769183.6801,0
769326.3651,0
769491.5198,0
769851.4113,0
770252.3659,0
770385.6455,0
770404.0595,0
770736.6947999999,0
770874.7505,0
771100.449,0
771206.49,0
771340.9606,0
771357.4526,0
771472.0981000001,0
771666.0819,0
771733.1635,0
771871.7893,0
772009.1856,0
772138.0531,0
772271.7266,0
772615.6907,0
772718.1316,0
772992.088,0
773046.7163,0
773058.591,0
773082.486,0
773109.8344,0
773207.1411333333,0
773268.2179666667,0
773280.9026,0
773325.5025,0
773354.9697,0
773396.525875,0
773400.1813,0
773403.8995,0
773446.4506,0
773674.1639,0
773719.135,0
773734.4416,0
773764.9251,0
773916.066,0
773980.5059,0
774100.4092,0
774447.4453,0
774524.9262,0
774798.6817,0
775011.1759,0
775106.521,0
775141.9888,0
775142.6636,0
775318.7825,0
776001.0274,0
776177.8182,0
776281.0569,0
776322.0268999999,0
776352.6947,0
776423.9301,0
776561.7736,0
776638.7382,0
776670.2598,0
776717.4859,0
777191.7027,0
777235.0626,0
777281.8207,0
777311.1425,0
777517.3458,0
-----Simulation END-----
