-----Simulation 0-----
172901.1622,0
172990.2284,0
173089.5113,0
173160.9847,0
173252.7617,0
173427.0142,0
173475.05060000002,0
173529.0169,0
173722.8513,0
173810.143,0
173820.3907,0
173847.1879,0
173875.7251,0
174032.8087,0
174039.8058,0
174141.1617,0
174163.9113,0
174210.62219999998,0
174235.97710000002,0
174381.4711,0
174432.2168,0
174484.5988,0
174492.9356,0
174604.0126,0
174689.2926,0
174704.319,0
174942.9502,0
174966.5137,0
174992.4574,0
175331.8439,0
175392.1174,0
175392.8816,0
175499.9978,0
175580.6977,0
175656.2794,0
175747.21850000002,0
175875.3967,0
176101.7744,0
176216.8015,0
176505.575,0
176620.3534,0
176742.6675,0
176936.9258,0
176973.13880000002,0
177367.1215,0
177433.7289,0
177468.3762,0
177537.5562,0
177596.5129,0
177735.266,0
177973.1819,0
178062.5909,0
178090.10570000001,0
178090.9618,0
178124.2017,0
178160.046,0
178342.907,0
178472.6533,0
178478.7697,0
178825.5679,0
179155.1147,0
179239.4722,0
179502.27360000001,0
179565.9465,0
179660.5405,0
179680.0747,0
179696.1402,0
179782.6797,0
179853.5297,0
180144.8775,0
180268.8919,0
180371.0756,0
180531.8081,0
180754.8971,0
180794.0575,0
180943.4388,0
181050.5756,0
181104.6053,0
181137.6667,0
181172.74733333333,0
181248.79320000001,0
181282.82140000002,0
181330.3373,0
181652.5364,0
181812.6834,0
182033.8939,0
182034.43589999998,0
182115.5308,0
182277.9078,0
182355.401,0
182621.0188,0
182890.76630000002,0
182924.104,0
182984.86680000002,0
182999.641,0
183007.3522,0
183050.10499999998,0
183380.2399,0
183434.10940000002,0
183444.2784,0
183628.44150000002,0
183714.4667,0
183849.639,0
183857.4411,0
183946.5376,0
184151.77909999999,0
184210.5926,0
184332.5248,0
184456.4586,0
184752.2952,0
184960.175,0
185199.46573333335,0
185393.16590000002,0
185406.1197,0
185481.5675,0
185499.8827,0
185527.8451,0
185675.1435,0
185702.9767,0
185753.7048,0
185859.9754,0
185865.95679999999,0
185931.12589999998,0
185966.714,0
185987.4848,0
186019.68420000002,0
186118.3917,0
186132.5328,0
186189.7072,0
186357.8039,0
186419.9118,0
186421.888,0
186639.7353,0
186648.1323,0
186912.3766,0
187150.8776,0
187491.814,0
187956.77419999999,0
188088.9193,0
188367.3472,0
188445.61729999998,0
188529.59480000002,0
188570.4834,0
188670.918,0
188684.51799999998,0
188685.766,0
188781.7405,0
188800.9221,0
188809.7338,0
189079.1231,0
189119.0146,0
189631.0932,0
190262.196,0
190501.25586666667,0
190541.2133,0
190797.4887,0
190830.7604,0
190891.39059999998,0
190982.4831,0
190983.6128,0
191088.4525,0
191207.1806,0
191227.2322,0
191339.6393,0
191399.1051,0
191959.3323,0
192017.1176,0
192018.61920000002,0
192130.1958,0
192495.6544,0
192580.3074,0
192710.9092,0
192778.65110000002,0
192832.3169,0
193047.0216,0
193059.5123,0
193304.00280000002,0
193406.5467,0
193549.82319999998,0
193564.4516,0
193578.1612,0
193617.6526,0
193655.9796,0
193659.9704,0
193747.9929,0
193783.5425,0
193816.2567,0
193912.6797,0
194107.7434,0
194117.2077,0
194172.0452,0
194241.1947,0
194282.9466,0
194289.1321,0
194560.8606,0
194632.9327,0
194727.1003,0
194768.4654,0
194932.8775,0
195042.7891,0
195346.4881,0
195455.4074,0
195797.5844,0
196034.5013,0
196060.1132,0
196382.6851,0
196444.4221,0
196551.0405,0
196582.3687,0
196634.1116,0
196641.5583,0
196757.8797,0
196899.0083,0
196928.9524,0
197362.0142,0
198104.45630000002,0
198463.25,0
198501.7202,0
198644.3727,0
198656.83419999998,0
198736.23930000002,0
198757.01799999998,0
198792.1616,0
198800.8567,0
198933.043,0
198956.8895,0
199326.0661,0
199418.7975,0
199684.4289,0
199772.1291,0
200074.8177,0
200330.6277,0
200499.9917,0
200590.8068,0
200806.9498,0
200833.2672,0
200950.4781,0
201219.1247,0
201239.9736,0
201248.78840000002,0
201295.8675,0
201519.0447,0
201533.4228,0
201574.204,0
201709.9147,0
202179.8282,0
202212.7289,0
202490.5618,0
202549.9878,0
202731.37660000002,0
203263.12290000002,0
203461.4887,0
203516.1048,0
203521.06339999998,0
204101.4651,0
204271.8373,0
204448.9362,0
205031.2718,0
205188.97259999998,0
205757.3111,0
205763.633,0
206034.4488,0
206195.6157,0
206272.6725,0
206493.464,0
206586.5584,0
206801.9387,0
206880.8884,0
206921.71659999999,0
207013.0845,0
207066.4034,0
207080.3886,0
207119.02,0
207179.9893,0
207282.677,0
207531.0816,0
207673.2919,0
207680.3052,0
207893.2477,0
207989.137,0
208459.7961,0
208541.9909,0
208843.7697,0
209034.0037,0
209082.78149999998,0
209160.4364,0
209224.9622,0
209369.4291,0
209405.523,0
209814.6309,0
209830.68469999998,0
209921.8516,0
209933.7137,0
210041.7897,0
210221.3887,0
210321.4737,0
210407.6951,0
210489.6701,0
210816.3646,0
210926.5072,0
210969.6974,0
211217.37696666666,0
211344.8099,0
211863.04690000002,0
212073.353125,0
212388.6046,0
212391.1248,0
212831.2983,0
213315.9321,0
213438.5584,0
213510.0394,0
213689.385,0
213757.2114,0
213787.1917,0
213979.1586,0
213999.9118,0
214139.5924,0
214183.8863,0
214216.6115,0
214300.05603333333,0
214359.2628,0
214672.3878,0
214686.36680000002,0
214796.0332,0
214891.2177,0
214929.6245,0
214951.66,0
214959.6851,0
215026.9681,0
215173.327,0
215205.2449,0
215329.437,0
215347.86430000002,0
215444.4056,0
215449.1929,0
215958.1488,0
216139.9174,0
216412.4653,0
216441.6696,0
216552.4004,0
216579.98570000002,0
216671.9441,0
216864.3498,0
217039.2045,0
217103.05560000002,0
217249.0109,0
217461.8806,0
217712.29116,0
217735.63689999998,0
217943.053,0
218200.4417,0
218212.202,0
218361.03230000002,0
218732.3078,0
218813.4728,0
218856.8244,0
218909.4416,0
219056.5682,0
219075.2303,0
219125.7855,0
219251.86599999998,0
219310.8637,0
219473.0864,0
219539.34889999998,0
219746.8555,0
220203.5997,0
220232.1795,0
220412.8687,0
220520.941,0
220527.5947,0
220620.8634,0
221205.3381,0
221568.21779999998,0
221676.0677,0
221720.9571,0
222007.7941,0
222070.4054,0
222162.5192,0
222442.8553,0
222498.9218,0
222921.33,0
223046.3627,0
223358.1001,0
223637.3656,0
223793.6442,0
223831.0258,0
224087.1696,0
224093.22881666667,0
224176.3821,0
224177.0436,0
224517.8002,0
224862.8952,0
225003.7032,0
225036.0606,0
225094.2521,0
225181.2287,0
225425.01870000002,0
225490.5289,0
225532.8627,0
225691.0115,0
225849.7948,0
225858.9881,0
226020.9735,0
226060.7525,0
226085.4122,0
226368.5445,0
226399.3326,0
226664.13569999998,0
226801.5816,0
226863.31076666666,0
227019.7432,0
227131.3912,0
227164.54330000002,0
227626.386,0
227810.1919,0
228176.8442,0
228388.055,0
228763.62290000002,0
229105.531,0
229230.7428,0
229320.4451,0
229321.892,0
229350.16629999998,0
229531.0902,0
229585.8455,0
230009.0904,0
230139.9461,0
230154.6936,0
230237.0095,0
230266.4638,0
230402.4512,0
230425.53340000001,0
230511.9529,0
230899.4504,0
230955.5963,0
231155.1948,0
231245.9983,0
231287.984,0
231353.26260000002,0
231408.7231,0
231499.9272,0
231554.3041,0
231730.5914,0
231797.1113,0
231842.12829999998,0
232043.4586,0
232311.1747,0
232420.007825,0
232549.9733,0
232915.4512,0
233183.6544,0
233351.2128,0
233565.0448,0
233695.9114,0
233749.6615,0
233790.0969,0
234407.5851,0
234478.3287,0
234810.2167,0
234863.6131,0
235630.12013333334,0
235788.6026,0
235961.8248,0
236062.475,0
236084.1648,0
236098.4102,0
236139.6657,0
236416.2365,0
236491.6152,0
236793.6519,0
236961.0696,0
237014.7286,0
237291.7682,0
237306.547,0
237441.6077,0
237499.7617,0
237536.37410000002,0
237816.6172,0
238261.9282,0
238286.5512,0
238521.168,0
238646.1758,0
238808.94770000002,0
238838.7549,0
238976.0369,0
239136.9782,0
239371.472,0
239441.6823,0
239475.79450000002,0
239483.8184,0
239525.201,0
239596.3374,0
239672.0542,0
239710.3282,0
239838.5313,0
239923.86849999998,0
240384.1738,0
240588.47759999998,0
240687.1971,0
240692.3739,0
240966.3583,0
241003.0149,0
241083.921425,0
241249.7928,0
241348.3581,0
241352.915,0
241435.73450000002,0
241473.59793333334,0
241526.9785,0
241528.85330000002,0
241549.5311,0
241667.9333,0
241689.6741,0
241878.1141,0
241889.2458,0
242271.3751,0
242358.01760000002,0
242599.0782,0
242693.361,0
242757.8905,0
242773.2324,0
242908.8219,0
242986.7315,0
243406.1771,0
243617.2069,0
244020.5013,0
244146.6797,0
244299.1293,0
244360.6395,0
244538.718,0
244612.7984,0
244676.7182,0
244814.9575,0
244941.3113,0
245132.0474,0
245203.6315,0
245280.8735,0
245418.5192,0
245423.8034,0
245486.0924,0
245633.2941,0
245770.8006,0
245921.6508,0
245970.1072,0
246380.299,0
246411.3343,0
246713.4827,0
247366.3149,0
247463.0875,0
247673.8749,0
247769.38809999998,0
247783.3015,0
247819.04869999998,0
248104.4787,0
248155.9983,0
248190.826,0
248362.2144,0
248540.67273333334,0
248838.8351,0
248873.8481,0
248908.2163,0
248973.9339,0
249075.9479,0
249316.0648,0
249643.7874,0
250078.301,0
250131.8066,0
250265.3598,0
250512.4036,0
250566.8383,0
250656.9558,0
250758.7262,0
250840.28149999998,0
250939.477,0
251057.3785,0
251132.8988,0
251549.14549999998,0
251769.1004,0
251795.7147,0
251815.8663,0
251954.9018,0
252027.1261,0
252143.439,0
252320.2703,0
252376.4922,0
252384.8665,0
252459.3749,0
252489.0686,0
252548.5178,0
252654.2818,0
252755.6712,0
252913.8197,0
253342.3705,0
253343.081,0
253374.8377,0
253482.9533,0
253823.6825,0
253863.7604,0
253925.60566666667,0
254013.5419,0
254088.2331,0
254201.5954,0
254249.2223,0
254633.7954,0
254687.8048,0
254698.2712,0
254708.36359999998,0
254708.7034,0
255011.0011,0
255030.4689,0
255196.6876,0
255340.2113,0
255558.49229999998,0
255566.4778,0
255735.788,0
256069.7566,0
256189.6925,0
256294.7748,0
256546.5403,0
256901.8981,0
257154.6899,0
257167.6928,0
257193.0299,0
257255.0355,0
257321.6032,0
257700.3841,0
257776.0948,0
257783.1097,0
257869.2993,0
258061.8814,0
258315.8155,0
258384.9751,0
258437.11320000002,0
258454.831,0
258754.23129999998,0
258758.0409,0
258826.92,0
259117.7971,0
259168.3011,0
259203.7108,0
259229.4346,0
259334.02740000002,0
259378.1067,0
259588.1313,0
259735.63150000002,0
259879.64860000001,0
259898.7149,0
259937.1218,0
259993.2741,0
260456.5833,0
260635.11310000002,0
260810.1647,0
261006.54989999998,0
261088.5318,0
261230.3229,0
261235.7081,0
261294.564,0
261436.6538,0
261516.793,0
261549.0191,0
261591.1114,0
262063.5368,0
262077.4863,0
262212.95889999997,0
262388.8887,0
262708.1675,0
262826.45889999997,0
262866.5485,0
262891.1002,0
262906.9618,0
262986.7875,0
263254.5408,0
263488.8824,0
263526.2269,0
263528.4092,0
263868.956,0
264007.2075,0
264062.0763,0
264171.7339,0
264202.0119,0
264345.1469,0
264372.32649999997,0
264418.9709,0
264449.3251,0
264689.7802,0
264962.1322,0
265385.7085,0
265612.75789999997,0
265763.5558,0
265787.2395,0
265845.9268,0
265876.9297,0
266046.4871,0
266143.4472,0
266533.96140000003,0
266731.0965,0
266792.7278,0
266795.2247,0
266877.972,0
267072.765,0
267120.4723,0
267133.6358,0
267156.9486,0
267387.9313,0
267408.8247,0
267426.092,0
267557.3291,0
267557.8863,0
267963.5945,0
267998.7737,0
268046.0063,0
268105.7544,0
268358.2819,0
268386.3287,0
268426.4686,0
268526.2505,0
268581.17,0
268851.9027,0
269108.6805,0
269146.7333,0
269147.21880000003,0
269388.0988,0
269466.3694,0
269497.0687,0
269523.2584,0
269991.1634,0
270289.3471,0
270331.8814,0
270457.4355,0
270796.4877,0
270896.6332,0
270933.4467,0
270977.1665,0
271017.2601,0
271175.0685,0
271334.3881,0
271491.2451,0
271522.21869999997,0
271552.1368,0
271581.3265,0
271624.1688,0
271914.3709,0
271950.6715333333,0
272506.9209,0
272741.1597,0
273032.6915,0
273437.0101,0
273538.7502,0
273639.8357,0
273706.666,0
273711.3139,0
273775.2937,0
273808.6433,0
273826.62069999997,0
273934.6281,0
274044.0379,0
274214.9034,0
274310.2663,0
274349.6043,0
274523.9226,0
274629.8764,0
274731.2746,0
274769.6477,0
274799.3692,0
274887.6817,0
274904.4127,0
274993.39509999997,0
275167.9371,0
275326.5749,0
275444.1529,0
275510.3578,0
275659.4324,0
275773.3055,0
275857.9257,0
276182.17,0
276316.4543,0
276410.2006,0
276503.05689999997,0
276513.9476,0
276624.1493,0
276681.4256,0
277006.1568,0
277270.394,0
277421.2639,0
277625.6947,0
277888.175,0
277891.5029,0
277898.9917,0
278062.5733,0
278195.9472,0
278568.0796,0
279065.2141,0
279107.4297,0
279129.0719,0
279375.9849,0
279563.0904,0
279743.603,0
279953.3831,0
280018.29099999997,0
280216.9145,0
280234.0199,0
280388.88300000003,0
280404.7643,0
280421.4917,0
280604.7925,0
281359.48230000003,0
281497.1995,0
281602.4239,0
282184.5902,0
282271.8348,0
282318.4144,0
282321.082,0
282444.5283,0
282458.601,0
282598.1399,0
282646.4082,0
282766.1121,0
282838.7281,0
282949.7988,0
282995.8771,0
283017.5033,0
283172.8176,0
283199.0342,0
283233.3294,0
283307.5526,0
283398.9991,0
283610.6475,0
283704.21510000003,0
283724.6889,0
283921.5919,0
283932.3307,0
283984.2226,0
284012.3486,0
284083.4052,0
284096.24820000003,0
284100.0756,0
284159.1751,0
284228.70389999996,0
284272.6149,0
284283.39029999997,0
284312.5157,0
284408.02520000003,0
284485.5193,0
284736.5881,0
285359.1172,0
285721.3978,0
285799.0777,0
286176.1913,0
286448.3527,0
286857.0956,0
286880.3299,0
287072.5623,0
287177.2578,0
287250.901,0
287893.1905,0
288022.9633333333,0
288084.681,0
288184.6188,0
288282.90020000003,0
288291.1625,0
288292.109,0
288473.8502,0
288561.5925,0
288736.6019,0
288760.8299,0
289463.9166,0
289548.5096,0
289633.2375,0
289650.8365,0
289694.6392,0
290229.5209,0
290309.5903,0
290414.3591,0
290536.5685,0
290647.8433,0
290827.4643,0
291170.1211,0
291543.7621,0
291641.65020000003,0
291700.08629999997,0
291701.1905,0
291783.4634,0
292118.7307,0
292200.9752,0
292239.68799999997,0
292434.67110000004,0
292514.58160000003,0
292593.7372,0
292952.8551,0
293072.8575,0
293505.0775,0
293661.6779,0
293814.782,0
294240.217,0
294244.0676,0
294325.0911,0
294440.4098,0
294455.6447,0
294829.4897,0
295210.2306,0
295242.1816,0
295393.8578,0
295548.7759,0
295796.0127,0
295860.6516,0
295892.637,0
295953.2985,0
296097.5733,0
296305.6379,0
296672.9362,0
296763.358,0
296808.838,0
296898.7922,0
297334.4413,0
297448.6657,0
297459.21499999997,0
297704.5001,0
297712.4575,0
297974.9482,0
298004.4671,0
298109.8948,0
298245.966,0
298292.111,0
298490.2516,0
298754.92720000003,0
298917.2989,0
299019.6246,0
299023.9017,0
299366.3704,0
299618.3907,0
299801.8245,0
299813.7814,0
299896.3727,0
299916.1108,0
300085.3001,0
300168.5846,0
300208.1161,0
300357.3756,0
300461.162,0
300480.905,0
300497.2406,0
300583.9004,0
300620.3047,0
300713.3846,0
300716.2461,0
301197.1779,0
301405.6999,0
301533.4287,0
301584.5621,0
301667.46499999997,0
301695.4178,0
301708.8943,0
301795.8632,0
301845.1894,0
301937.7648,0
301968.0416,0
302679.3919,0
302775.9681,0
302860.143975,0
302960.2455,0
303183.8783,0
303198.6204,0
303267.63034,0
303301.7393,0
303323.2094,0
303648.9937,0
303671.8034,0
303911.6311,0
303980.0817,0
304026.5448,0
304107.56090000004,0
304264.1595,0
304449.2459,0
304464.7837,0
304641.2498,0
304665.2338,0
304774.9181333333,0
304791.5316,0
305252.349,0
305536.8189,0
305759.6947,0
305942.5178,0
306119.568225,0
306241.5526,0
306505.44539999997,0
306541.946,0
306614.9025,0
306814.5383,0
307102.0508,0
307165.50179999997,0
307218.4892,0
307308.0273,0
307695.81810000003,0
307833.52078,0
307975.5244,0
308155.246,0
308332.784,0
308567.7979,0
308588.7211,0
308605.1686,0
309152.5883,0
309188.5063,0
309538.747,0
309619.3207,0
309627.5144,0
309649.2277,0
309781.8501,0
310317.49792,0
310422.2499,0
310633.6984,0
310889.766,0
311035.3996333333,0
311153.1803,0
311164.7085,0
311181.6114,0
311255.9592,0
311281.2228,0
311355.6387,0
311405.1224,0
311557.061,0
311789.9079,0
311929.2305,0
312108.8539666667,0
312207.9441,0
312281.0701,0
312545.0522,0
312577.1733,0
313093.2966,0
313155.2011,0
313406.5885,0
313800.5455,0
313918.2229,0
314059.0518,0
314121.9714,0
314289.38352,0
314549.32790000003,0
314591.9331,0
314806.2978,0
314901.4826,0
314926.7045,0
315157.01159999997,0
315199.68,0
315321.38049999997,0
315485.1487,0
315654.6878,0
315675.887025,0
316200.2578,0
316244.3513,0
316260.527,0
316307.4408,0
316480.5335,0
316557.1037,0
316665.5011,0
316678.0746666667,0
316679.1803,0
316731.2654,0
316780.4909,0
317296.6202,0
317345.3967,0
317366.9098,0
317463.5088,0
317505.2327,0
317645.5785,0
317846.7164,0
317875.9253,0
317884.1445,0
318042.1791,0
318386.7907,0
318404.8461,0
318503.0319,0
318793.0069,0
319073.2408,0
319207.452,0
319397.8429,0
319473.1557,0
319681.5049,0
319825.2723,0
319978.8156,0
320189.9175,0
320418.8426,0
320435.2728,0
320667.8086,0
320676.0957,0
320677.4272,0
320687.7208,0
321080.8531,0
321358.3792,0
321492.7302,0
321563.7205,0
321616.728,0
321638.7985,0
321646.2472,0
321928.86939999997,0
322124.3291,0
322197.3918,0
322337.1058,0
322562.7339666667,0
322718.6086,0
322827.444,0
322877.75049999997,0
322895.2414,0
323041.6568,0
323048.1834,0
323077.7857,0
323134.4175,0
323386.895,0
323398.5632,0
323453.9311,0
323458.2094,0
323471.3454,0
323660.9655,0
323845.8477,0
324193.9204333333,0
324361.2933,0
324518.7458,0
324574.4318,0
324909.98470000003,0
325036.101,0
325116.4671,0
325266.7264,0
325441.2043,0
325519.563,0
325583.7471,0
325616.17960000003,0
325619.9892,0
325634.63121666666,0
325687.4879,0
325748.1687,0
326076.9701,0
326348.4699,0
326450.4526,0
326673.6192,0
326797.06669999997,0
326933.3983,0
327277.3463,0
327364.9572,0
327789.2598,0
328186.1204,0
328239.5549,0
328260.6334,0
328364.219,0
328507.4515,0
328515.0626,0
328600.38,0
328875.4644,0
329030.2202,0
329122.0031,0
329388.8346,0
329431.2348,0
329488.30449999997,0
329620.1871,0
330085.0402,0
330369.8576,0
330371.291,0
330403.7057,0
330457.9265,0
330586.54709999997,0
330755.1633,0
330987.68559999997,0
331407.8925,0
331421.2854,0
331427.67339999997,0
331561.841,0
331928.7286,0
331928.7758,0
332096.6569,0
332105.7651,0
332318.9019,0
332470.5297,0
332553.4543,0
332682.9461,0
332730.4051,0
333094.1969,0
333114.8992,0
333196.48195,0
333290.2694,0
333354.1384,0
333683.4093,0
333824.5585,0
333985.7007,0
334741.47,0
334951.8475,0
335270.50179999997,0
335294.0438,0
335579.2208,0
335580.5825,0
335613.3482,0
335651.0596,0
335735.1958,0
336049.6024,0
336200.0114,0
336210.5558,0
336230.064,0
336313.8579,0
336364.7721,0
336387.1189,0
336505.8976,0
336520.3416,0
336582.6211,0
336622.0456,0
336638.229,0
336644.6618,0
336689.7364,0
336754.5081,0
336792.7308,0
336939.7067,0
337263.671,0
337547.346,0
337600.8832,0
337749.5351,0
337896.8061,0
337998.0609,0
338077.9809,0
338111.6637,0
338174.9538,0
338369.5407,0
338372.8173,0
338562.8027,0
338669.3854,0
338827.238,0
338836.2306,0
338896.4966,0
338899.1208,0
338914.6482,0
338982.3019,0
339130.5655,0
339218.9649,0
339253.3923,0
339381.1065,0
339654.0929,0
339824.2225,0
339931.4555,0
340048.643,0
340207.566,0
340281.4231,0
340381.5753,0
340400.89890000003,0
340425.75738,0
340482.8517,0
340542.7259,0
340557.5641,0
340623.1256,0
340633.9743,0
340674.1457,0
341195.184,0
341198.2757,0
341354.9693,0
341584.7477,0
341726.289,0
342131.1375,0
342313.8096,0
342317.8121,0
342457.7101,0
342643.1086,0
342714.9962,0
342859.6482,0
342955.3309,0
343039.7758,0
343046.62309999997,0
343172.7798,0
343202.419,0
343284.85349999997,0
343759.7581,0
343813.9744,0
343864.941,0
343882.9625,0
343935.5648,0
343945.709625,0
344174.244,0
344399.8946,0
344406.5849,0
344470.2962,0
344639.1315,0
344672.8405,0
344731.3247,0
344896.4269,0
344992.5971,0
345234.6485,0
345242.4367,0
345267.115,0
345458.6055,0
345515.5351,0
345729.74580000003,0
345892.1559,0
345931.2566,0
345992.3069,0
346208.3901,0
346259.7162,0
346478.3412,0
346530.3199,0
346601.4415,0
346659.1204,0
346854.1644,0
346887.3575,0
346933.5227,0
347030.9236,0
347214.6163,0
347291.0176,0
347502.5634,0
347582.1646,0
347911.53859999997,0
348029.6331,0
348512.65619999997,0
348549.395,0
348586.347,0
348589.8265,0
348620.7965,0
348932.5726,0
349025.6181,0
349060.8263,0
349233.9502,0
349414.7135,0
349635.1459,0
349906.9814,0
349918.9721,0
350204.354,0
350274.2297,0
350287.5323,0
350375.5973,0
350388.7959,0
350460.6312,0
350608.8762,0
350609.7893,0
350765.0753,0
351125.8125,0
351152.6614,0
351192.5554,0
351221.9485,0
351326.5872,0
351491.4225,0
351521.498,0
351884.5357,0
352053.4324,0
352099.1602,0
352129.3487,0
352133.4877,0
352256.09768,0
352261.9593,0
352374.207,0
352581.3665,0
352652.1506,0
352656.6023,0
352734.962,0
353266.8808,0
353562.019,0
353768.00789999997,0
354044.7975,0
354237.1202,0
354238.1946,0
354268.1986,0
354297.1181,0
354344.0565,0
354545.0227,0
354601.33129999996,0
354715.0228,0
354985.99210000003,0
355206.3121,0
355336.0737,0
355367.1622,0
355519.2696,0
355519.7454,0
355581.7746,0
355582.76,0
355678.994,0
355709.9402,0
355847.5427,0
355908.1797,0
355918.9093,0
355959.978,0
356081.3518,0
356122.404,0
356303.3329,0
356449.3016,0
356514.4389,0
356776.8963,0
356939.0573,0
356962.59979999997,0
356997.71408,0
357233.9708,0
357446.6494,0
357533.1706,0
357549.1849,0
357557.6756,0
357622.1508,0
357645.8907,0
357716.8804,0
357727.6869,0
357811.0242,0
357909.699,0
357981.1705,0
358214.59979999997,0
358255.8727,0
358319.0144,0
358432.5873,0
358474.0348,0
358519.5158,0
358520.1077,0
358554.9209,0
358628.4915,0
358647.72,0
358745.7489,0
358842.6447,0
358874.5063,0
358932.1093,0
359121.1002,0
359312.6221,0
359357.3191,0
359400.6398,0
359679.543,0
360397.6338,0
360564.731,0
360645.2561,0
360869.39780000004,0
361122.1139,0
361172.4580666667,0
361309.8329,0
361441.3975,0
361791.1111,0
361963.4493,0
362392.6103,0
362587.1731,0
362612.3129,0
362806.1559,0
362914.717,0
363159.9412,0
363267.74199999997,0
363299.60109999997,0
363300.8481,0
363591.89256666665,0
363720.9607,0
363876.6996,0
363902.4598,0
363967.5262,0
364670.9562,0
364694.7305,0
365231.4557,0
365297.0229,0
365411.9088,0
365571.77520000003,0
365622.1957,0
366147.3232,0
366476.8117,0
366704.23,0
366935.125,0
367042.6341,0
367061.1455,0
367318.70499999996,0
367421.5875,0
367519.35349999997,0
367767.80689999997,0
367863.1971,0
367940.4653,0
367993.1889,0
368145.2544,0
368151.8641,0
368154.6808,0
368466.6106,0
368532.2824,0
368988.6211,0
369117.3709,0
369333.3457,0
369582.8736,0
369600.7564,0
369881.8809,0
369899.4947,0
370260.4816,0
370330.9944,0
370347.7364,0
370359.88529999997,0
370376.3746,0
370533.4128,0
370613.1943,0
370785.10490000003,0
370785.7493,0
370906.0102,0
371509.4732,0
371540.7686,0
371631.5437,0
371817.21259999997,0
371842.8166,0
371944.0648,0
372033.3033,0
372265.2242,0
372272.7605,0
372277.4489,0
372320.74439999997,0
372387.1524,0
372476.9209,0
372499.1067,0
372752.4322,0
372889.4605,0
372947.7064,0
373007.8584,0
373070.6332,0
373095.1868,0
373349.594,0
373350.4252,0
373531.7364,0
373714.6597,0
373946.6939,0
373956.7929,0
374203.1485,0
374289.3234,0
374331.3231,0
374684.5223,0
374710.0029,0
375078.024,0
375088.7296,0
375143.9018,0
375212.1646,0
375410.5416,0
375889.2904,0
376108.59849999996,0
376167.88,0
376328.7681,0
376679.8554,0
377218.7529,0
377309.86089999997,0
377377.824,0
377382.273,0
377426.4674,0
377677.2014,0
377787.26670000004,0
377833.4581,0
378445.8217,0
378687.174,0
378729.82759999996,0
378754.0562,0
378885.7071,0
379161.6017,0
379257.9186,0
379424.8541,0
379696.4808,0
380349.6052,0
380539.7754,0
380656.920825,0
381066.5817,0
381251.17590000003,0
381477.80449999997,0
381554.3714,0
381623.5723,0
381897.964,0
382054.2969,0
382248.184,0
382309.743,0
382637.4736,0
382656.461,0
382769.7679,0
382804.6242,0
383172.08785,0
383205.60970000003,0
383217.3625,0
383227.8955,0
383525.05819999997,0
383612.4029,0
383682.626175,0
383827.6969,0
383845.2375,0
383863.5804,0
383897.4361,0
384083.2631,0
384168.3457,0
384366.0357,0
384420.7682,0
384431.4865,0
384567.4959,0
384854.46109999996,0
384958.1483,0
385026.2018,0
385039.824,0
385048.82173333335,0
385049.54156,0
385164.019,0
385175.9829,0
385243.3499,0
385415.2067,0
385770.10023333336,0
385795.2676,0
385982.1962,0
385991.5431,0
386266.7939,0
386329.9104,0
386454.0885,0
386883.1168,0
386906.948,0
386941.6547,0
387176.796,0
387198.3809,0
387471.881,0
387485.401,0
387574.9984,0
387688.641,0
387841.5506,0
387933.772125,0
387976.8235,0
387985.1445,0
388209.417,0
388209.6677,0
388233.3825,0
388333.1223,0
388342.0695,0
388385.61699999997,0
388432.4304,0
388473.8761,0
388499.6033,0
388527.8889,0
388673.9569,0
388723.0326,0
389403.0543,0
389522.1232,0
389542.003,0
389599.0404,0
389621.5575,0
389738.6953,0
389808.0072,0
389996.0534,0
390621.673,0
390777.5081,0
391164.03969999996,0
391243.5541,0
391271.0289,0
391283.8058,0
391302.39318,0
391462.8685,0
391479.4326,0
391693.1482,0
391915.624,0
391988.3877,0
392030.998,0
392056.59,0
392181.39932,0
392198.7233,0
392352.34160000004,0
392474.6331,0
392569.4866,0
392601.9728,0
392743.081,0
392840.8951,0
393201.049,0
393318.28198333335,0
393450.3017,0
393529.884,0
393691.7628,0
393897.9933,0
394231.1114,0
394439.9776,0
394564.9293,0
394691.3296,0
394774.5094,0
394824.39214999997,0
394925.0707,0
394996.9371,0
395056.8935,0
395164.58019999997,0
395248.5389,0
395287.9355,0
395758.3905,0
395918.0761,0
395983.02533333335,0
396046.1349,0
396213.4776,0
396354.5476,0
396578.0209,0
396653.5215,0
396751.3342,0
396990.3698,0
397050.01029999997,0
397292.9006,0
397295.6786,0
397544.7066,0
397638.7398,0
397736.3586,0
397841.9289,0
397850.7268,0
398697.9531,0
398744.34239999996,0
399039.5354,0
399154.4402,0
399332.2092,0
399569.5785,0
399647.6068,0
399719.8173,0
399825.6435,0
400159.311,0
400343.1134,0
400412.1222,0
400461.2551,0
400498.4921,0
400498.8795,0
400723.6196,0
400733.2521,0
400755.9147,0
400787.4728,0
400812.8154,0
401032.4688,0
401043.2743,0
401112.1802,0
401324.1343,0
401392.9872833333,0
401511.9744,0
401766.614,0
401851.6444,0
401852.7944,0
401891.9615,0
402046.157,0
402312.1004,0
402737.5642,0
402744.442,0
402770.96869999997,0
402997.5363,0
403082.2531,0
403118.1683,0
403223.8542,0
403265.7362,0
403451.0049,0
403589.3879,0
403864.05726000003,0
404268.7634,0
404327.1566,0
404415.2356,0
404431.1215,0
404608.6583,0
404639.8723,0
404723.1749,0
404826.7415,0
404877.6654,0
404985.6775,0
405060.5437,0
405064.4984,0
405168.3367,0
405277.9371,0
405290.44241666666,0
405462.93559999997,0
405568.627,0
405731.5171,0
405866.8357,0
406231.4271,0
406259.6969,0
407061.5957,0
407113.0218,0
407278.972,0
407446.1198,0
407538.21488,0
407779.6608,0
407789.0801,0
407801.0063,0
407956.0102,0
407998.846,0
408152.8308,0
408175.5372,0
408245.086125,0
408272.0384,0
408476.7153,0
408510.828,0
408544.8374,0
408717.2348,0
409012.6876,0
409023.50190000003,0
409233.6659,0
409380.9709,0
409452.9582,0
409654.3334,0
409816.18913333333,0
409911.2963,0
409971.92319999996,0
409995.4954,0
411040.907,0
411093.6238,0
411121.9896,0
411144.7452,0
411886.1738,0
411953.4097,0
412114.8855,0
412148.6677,0
412354.7606,0
412460.48,0
412476.6751,0
412490.4541,0
412599.8456,0
412755.2388,0
412780.87,0
412796.4977,0
412949.9412,0
413238.7488666667,0
413321.7506,0
413330.3575,0
413421.0751,0
413539.33400000003,0
413675.0822,0
413701.4998,0
414130.2112,0
414147.9334,0
414159.925,0
414174.0615,0
414278.0142,0
414561.7869,0
414971.2988,0
415007.4398,0
415227.3455,0
415466.2145,0
415568.9753,0
415581.237425,0
415587.542,0
415677.4036,0
416027.3676,0
416078.4628,0
416261.4351,0
416305.261,0
416378.6631,0
416425.9907,0
416434.3548,0
416739.1346,0
417261.0022,0
417643.591,0
417801.0208,0
418031.1847,0
418683.691,0
418712.7416,0
418965.1294,0
418980.8007,0
419512.0907,0
419728.8265,0
419901.5203,0
419912.3489,0
420034.8892,0
420111.6491,0
420333.2525,0
420418.6476,0
420521.7035,0
420734.902,0
420834.1115,0
420897.4018,0
421195.647,0
421415.3896,0
421575.9067,0
421605.6054,0
421745.0149,0
422228.2625,0
422294.3987,0
422311.7544,0
422399.2601,0
422560.7538,0
422782.8461,0
422818.0098,0
422842.4208,0
423015.7798,0
423070.31826,0
423129.8016,0
423342.7483,0
423495.6409,0
423546.0638,0
423546.2178,0
423879.3608,0
424097.099125,0
424373.9503,0
424489.5432,0
424494.1584,0
424594.9576,0
424783.2535,0
424907.7195,0
424914.2463,0
424942.1413,0
425022.2348,0
425073.281,0
425079.9022,0
425082.5823,0
425146.5858,0
425499.2075,0
425707.5417,0
425712.361,0
426016.6493333333,0
426069.8053,0
426079.5844,0
426094.4094,0
426198.3311,0
426220.1663,0
426267.5595,0
426280.4463,0
426326.5941,0
426412.0242,0
426472.4958,0
426981.86504,0
427019.6956,0
427034.9831,0
427070.4165,0
427077.7074,0
427590.4086,0
427762.0932,0
427986.9598,0
428043.4523,0
428124.5283,0
428291.2749,0
428348.1566,0
428459.8848,0
428531.6302,0
428707.5291,0
428895.4575,0
428930.5355,0
428957.4613,0
429172.2272,0
429263.5088,0
429330.4279,0
429384.4958,0
429634.4593,0
429831.9413,0
430130.0098,0
430438.1904,0
430661.3548,0
430675.8539,0
430694.0345,0
430715.3689,0
430729.692,0
430880.5457,0
430928.3527,0
431066.2951,0
431238.8194,0
431272.7626,0
431428.3204166667,0
431440.7796,0
431457.2395,0
431562.5964,0
431703.1866,0
431765.5282,0
431914.8148,0
431984.2583,0
432039.2205,0
432118.692,0
432426.2401,0
432587.7671,0
432672.5543,0
432733.0134,0
432762.9208,0
432764.46140000003,0
432800.6101,0
433018.4615,0
433126.778,0
433632.6068,0
433910.3559,0
433959.1375,0
434147.4277,0
434148.4501,0
434415.6889,0
434456.6816,0
434505.2941,0
434612.900325,0
434640.9827,0
434659.409975,0
434807.3544,0
434992.3514,0
434992.7596,0
435155.0821,0
435256.1359,0
435278.7591,0
435315.6243,0
435374.1156,0
435390.889,0
435395.1154,0
435409.1261,0
435888.81059999997,0
435972.7526,0
436080.48250000004,0
436195.7858,0
436233.2627,0
436279.9843,0
436384.8197,0
436409.7529,0
436905.3012,0
436932.1653,0
437147.21,0
437223.1152,0
437400.1977,0
438214.2226,0
438324.5155,0
438479.75800000003,0
438511.2176,0
438528.5804,0
438685.295,0
438764.97459999996,0
438795.1793,0
438892.6053,0
439046.0113,0
439194.15,0
439243.6182,0
439249.5687,0
439257.914,0
439351.3331,0
439401.9313,0
439574.2696,0
439909.9196,0
440332.2594,0
440439.6951,0
440693.8958,0
440769.80819999997,0
440891.5056,0
440912.2121,0
441391.9021,0
441392.2536,0
441631.1865,0
441939.4176,0
441978.0425,0
441993.0844,0
442012.3571,0
442175.347,0
442642.2117,0
442809.577,0
442935.5581,0
443015.8937,0
443064.7647,0
443151.8012,0
443158.4266,0
443581.4065,0
443587.2447,0
443740.4548,0
443757.363,0
443763.7375,0
443802.8396,0
443998.102,0
444027.6536,0
444149.3945,0
444172.8315,0
444197.0838,0
444358.3839,0
444363.5297,0
444400.86089999997,0
444677.3428,0
444823.6951,0
445248.7786,0
445526.5826,0
445756.4212,0
445827.9699,0
446476.4656,0
446516.1691,0
446798.126,0
446865.76170000003,0
446886.3195,0
446897.1475,0
446965.8076,0
447112.9648,0
447184.9328,0
447364.0174,0
447527.773,0
447742.5304,0
447789.3444,0
447866.4346,0
447898.4012,0
448040.63659999997,0
448143.254,0
448186.49,0
449030.7099,0
449081.4615,0
449097.751,0
449287.408,0
449306.1131,0
449313.2417,0
449433.96606666665,0
449459.7685,0
449573.3815,0
449657.1727,0
449887.7792,0
449989.4723,0
450297.3486,0
450329.1879,0
450441.4268,0
450480.4661,0
450483.4898,0
450487.0242,0
450820.4612,0
450821.566,0
450827.7339,0
451104.5567,0
451148.8726,0
451377.9178,0
451735.4696,0
451756.6635,0
451762.3347,0
452124.2626,0
452128.0737,0
452163.8421,0
452430.6848,0
452648.5433,0
452793.57779999997,0
452962.7141,0
453386.4679,0
453388.1495,0
453511.35360000003,0
453689.7696,0
453706.2116,0
453919.1769,0
453962.2807,0
454054.786,0
454171.1509,0
454337.9605,0
454451.3447,0
454563.4325,0
454592.4586,0
454642.5293,0
454651.8826,0
454736.5796,0
454866.18200000003,0
454960.41130000004,0
454992.2536,0
455201.4245,0
455203.9942,0
455227.416,0
455364.2422,0
455583.5997,0
455718.496,0
455765.8804,0
456010.0616,0
456326.501,0
456424.8467,0
456512.264,0
456635.9463,0
456674.4507,0
457129.8292,0
457267.262,0
457375.4882,0
457429.6594,0
457655.2977,0
457843.51529999997,0
458015.216,0
458367.9901,0
458428.676,0
458895.0898,0
458961.3101,0
459059.2846,0
459259.14029999997,0
459261.5515,0
459623.516,0
459631.4546,0
459927.90009999997,0
460582.2587,0
460914.8379,0
461091.1275,0
461338.4541,0
461362.3298,0
461547.3955,0
461548.8229,0
461569.1186,0
461773.5711,0
462155.3102,0
462163.501775,0
462528.1126,0
462774.3137,0
462778.6585,0
462823.4371,0
462882.4734,0
462901.5161,0
462901.6949,0
462946.3912,0
463093.0576,0
463183.7399,0
463254.782,0
463270.61069999996,0
463417.3654,0
463511.962,0
463721.94203333335,0
463914.6962,0
464040.6715,0
464072.7357,0
464102.2496,0
464111.0615,0
464247.4783,0
464337.1211,0
464699.0632,0
464928.5309,0
465024.56440000003,0
465162.3895,0
465341.586,0
465400.5873,0
465433.5515,0
465461.7316,0
465506.278,0
465508.10109999997,0
465852.8706,0
465926.8151,0
465968.1842,0
466408.6571,0
466733.7942,0
466742.6816,0
466753.0286,0
466843.3042,0
466872.7657,0
466929.917,0
467132.9078,0
467438.6634,0
467447.7473,0
467729.739,0
467800.6848,0
467811.132,0
468024.0936,0
468120.819,0
468250.6824,0
468314.9155,0
468369.5492,0
468379.1751,0
468429.2924,0
468584.5541,0
468734.8545,0
468738.62690000003,0
468934.6466,0
469025.7618,0
469035.0783,0
469081.75789999997,0
469085.05,0
469096.39890000003,0
469184.4013,0
469577.6348,0
469601.4986,0
469672.8024,0
469725.09338333335,0
469777.5404,0
469825.8521,0
470003.77520000003,0
470040.5015,0
470233.6172,0
470471.9839,0
470660.7528,0
470729.9246,0
471059.8551,0
471581.2116,0
471862.44310000003,0
471939.2869,0
471945.7241,0
472211.3718,0
472288.0125,0
472290.1997,0
472352.5852,0
472437.5042,0
472906.63910000003,0
473062.1468,0
473494.5215,0
473601.6121,0
473629.9102,0
473728.40020000003,0
473741.0889,0
473928.9192,0
473972.2721,0
474372.8465,0
474506.1158,0
474578.1044,0
474643.7005,0
474712.7,0
474833.8181,0
475557.4976,0
475562.6175,0
475706.8662,0
475869.7291,0
475943.33400000003,0
476337.7644,0
476515.2589,0
476903.725,0
476948.9262,0
476958.5048,0
477291.5048,0
477396.0909,0
477426.2822,0
477427.9023,0
477455.0022,0
477641.6754,0
477653.7035,0
477826.88159999996,0
477904.5591,0
477966.5506,0
478006.587,0
478151.4388,0
478157.3602,0
478320.7221,0
478486.0195,0
478833.7034,0
478838.0189,0
478889.3286,0
478994.5558,0
479100.3436,0
479331.8918,0
479389.2527,0
479429.5013,0
479501.98,0
479559.2413,0
479651.2844333333,0
479702.1596,0
479806.3554,0
479872.5087,0
479944.9849,0
480017.9061,0
480377.7294,0
480504.3486,0
480576.8882,0
481055.0101,0
481175.7443,0
481576.2414,0
481706.5908,0
481835.6551,0
481995.8735,0
482337.6542,0
482565.6045,0
482672.91980000003,0
482737.0801,0
482801.9311,0
482962.4243,0
483227.5721,0
483322.5828,0
483399.2666,0
483477.7293,0
483521.2684,0
483735.821,0
484064.6279,0
484066.9603,0
484132.629,0
484232.5809,0
484545.9287,0
484647.6744,0
484674.24853333336,0
484993.35970000003,0
485294.2239,0
485303.5168,0
485465.8638,0
485481.1372,0
485545.1717,0
486094.5111,0
486120.43744999997,0
486535.6737,0
486603.863,0
486929.6978,0
486985.308,0
487091.80700000003,0
487257.735,0
487309.7804,0
487797.9157,0
487820.729,0
488452.8598,0
488520.3414,0
488611.1633,0
488649.85349999997,0
488696.6099,0
489108.493,0
489265.0568,0
489275.6307,0
489584.1984,0
489674.0202,0
490285.4922,0
490586.52009999997,0
490981.788425,0
491107.6234,0
491121.3981,0
491448.34376666666,0
491470.6569,0
491745.72250000003,0
491831.043,0
491850.74844,0
491916.4116,0
492069.2556,0
492126.7026,0
492604.3265,0
492802.0583,0
492841.6838,0
493056.5438,0
493487.6231,0
493530.4882,0
493876.3285,0
493911.9556,0
494123.3833,0
494262.5001,0
494402.268,0
494519.4744,0
494667.8768,0
494940.3088,0
495224.40653333336,0
495310.9668,0
495861.6864,0
496016.0226,0
496040.6016,0
496043.1776,0
496093.0727,0
496173.3823,0
496307.02868,0
496310.25549999997,0
496406.9117,0
496529.72719999996,0
496569.3416,0
496650.4278,0
496652.444,0
496854.2109,0
496893.1629,0
497018.4733,0
497176.8031,0
497335.0204,0
497468.0395,0
497617.9261,0
498101.0173,0
498130.37453333335,0
498234.566,0
498252.9322,0
498541.7165,0
498685.1323,0
498872.7137,0
499068.8161,0
499145.3564,0
499334.8207,0
499488.224,0
499668.1341,0
499754.2611,0
500041.8413,0
500358.7523,0
500451.262,0
500732.8411,0
500739.9487,0
501011.979,0
501104.5614,0
501138.6385,0
501177.0964,0
501473.3094,0
501875.1685,0
502077.2254,0
502279.5155,0
502336.683,0
502355.8289,0
502568.8372,0
502572.9929,0
502745.0325,0
502765.2256,0
502877.0135,0
502926.0029,0
502987.185,0
503061.9498,0
503333.5049,0
503557.96869999997,0
503749.9153,0
504042.3602,0
504119.5353,0
504432.7618,0
504524.30255,0
504662.9131,0
504826.2751,0
505423.2269,0
505429.567,0
505615.8517,0
505656.51780000003,0
505668.3183,0
505852.8583,0
505860.8285,0
505933.70543333335,0
505971.3568,0
505987.4773,0
506012.4394,0
506207.3406,0
506303.8464,0
506332.1331,0
506799.1651,0
506800.7946,0
506907.6221,0
507091.5367,0
507206.3039,0
507381.45530000003,0
507710.9486,0
507736.8759,0
507744.0795,0
507997.1108,0
508032.2182,0
508141.3589,0
508279.751,0
508319.8733,0
508551.0071,0
508722.0045,0
508734.4172,0
508756.8974,0
509333.2528,0
509434.8139,0
509442.0304,0
509605.203,0
509846.0663,0
510144.4692,0
510324.0423,0
510530.7319,0
510623.9337,0
510679.1064,0
510794.8851,0
510902.9251,0
510996.9117,0
511086.6943,0
511345.14650000003,0
511396.5594,0
511421.4792,0
511567.9082,0
511622.8174,0
511965.50186666666,0
512052.0759,0
512357.03859999997,0
512377.9231,0
512516.1307,0
512637.5452,0
512655.4037,0
512710.8644,0
512838.3327,0
512880.9748,0
513049.4129,0
513071.5284,0
513223.3824,0
513482.0358,0
513634.6105,0
513666.564,0
513727.6326,0
513783.8172,0
513883.6469,0
514049.2524,0
514451.3277,0
514499.9419,0
514521.8727,0
514612.9701,0
514679.3678,0
514835.3521,0
514894.9371,0
515119.8658,0
515204.1475,0
515247.4602,0
515311.1695,0
515320.1621,0
515435.9061,0
515634.711,0
515654.9815,0
515701.1738,0
515838.6867,0
515843.88523333333,0
515921.4316,0
516048.6165,0
516234.22860000003,0
516793.74820000003,0
516937.05449999997,0
516974.2551,0
517082.6706,0
517120.0977,0
517168.9907,0
517193.04579999996,0
517226.0967,0
517291.1338,0
517344.1747,0
517404.1438,0
517428.5624,0
517553.2646,0
517578.0835,0
517618.976,0
517791.0777,0
517990.0722,0
518000.5124,0
518059.8226,0
518380.2339,0
518386.5892,0
518473.2326,0
518496.8838,0
518515.1932,0
518624.33389999997,0
518766.1263,0
518786.27520000003,0
518826.3954,0
518861.13,0
518933.7035,0
518981.0369,0
519001.1185,0
519095.0641,0
519115.59849999996,0
519245.1732,0
519438.2054,0
519494.414,0
519509.7601,0
519529.6243,0
519536.3254,0
519641.8357,0
519695.9205,0
519729.8583,0
519898.0923,0
520031.5809,0
520133.208975,0
520361.8733,0
520381.3787,0
520441.3392,0
520604.3005,0
520700.1264,0
520749.2099,0
520796.5837,0
520895.6732,0
521097.4824,0
521169.1361,0
521235.0241,0
521342.7803,0
521456.8868,0
521588.2839,0
521748.0516,0
521791.5438,0
521842.7236,0
521991.34109999996,0
522200.4928,0
522541.3234,0
522616.4751,0
522633.8966,0
522754.3773,0
523173.0064,0
523213.0497,0
523386.6219,0
523417.20383333333,0
523462.0575,0
523664.8851,0
523668.8216,0
523754.3013,0
523768.9903,0
523972.7153,0
524137.04469999997,0
524207.9114,0
524385.5625,0
524479.8717,0
524482.118,0
524642.0662,0
524725.62335,0
524726.0128,0
524744.5005,0
524980.0901,0
525146.0785000001,0
525224.9127,0
525276.7044,0
525683.5972,0
525803.3639,0
525803.6956,0
525825.3978,0
525851.7171,0
526231.0801,0
526265.8695,0
526288.7996,0
526514.5930999999,0
526581.3271,0
526582.1939,0
526601.5798,0
526703.6464,0
527122.5813,0
527224.1977,0
527249.2318,0
527284.0342999999,0
527468.9474,0
527504.3126,0
527543.0304,0
527766.0016,0
527955.3771,0
528054.4672,0
528062.378,0
528343.2774,0
528394.10656,0
528514.7686,0
528666.9006,0
528696.0108,0
528717.4598,0
528766.9553,0
528822.5639,0
528937.6444,0
529072.5768,0
529317.5995,0
529367.4663,0
529384.9584,0
529391.735,0
529462.2205,0
529631.3525,0
529707.6845,0
530055.52752,0
530161.8196,0
530188.5823,0
530188.6469,0
530214.3714000001,0
530302.6271,0
530507.7969,0
530666.8234,0
530707.5221,0
531014.2572999999,0
531135.1213,0
531322.7504,0
531334.1682,0
531579.6716,0
531698.7853,0
531765.2648,0
531882.9425,0
532029.6056,0
532047.7636,0
532241.9669,0
532331.9509,0
532389.2423,0
532448.4502666667,0
532471.3252,0
533055.9531,0
533087.2492,0
533357.6377,0
533409.3565,0
533547.3884,0
533656.6077,0
533956.7493,0
534100.8458,0
534338.3487,0
534755.6842,0
534769.4067,0
534886.3324,0
534906.0613,0
534971.2505,0
535055.9784,0
535326.4519,0
535363.9606,0
535661.944,0
535685.6821,0
535720.3432,0
535826.4781,0
535826.4944,0
535882.6417,0
535938.7356,0
536075.2237,0
536281.9796,0
536549.3648,0
536963.1921,0
537220.8465,0
537289.9157,0
537665.1103000001,0
537729.833,0
537736.9648,0
537805.2519,0
537878.202,0
537910.5701,0
538043.5399,0
538120.1738,0
538213.555,0
538335.8103,0
538413.7127,0
538669.0428,0
538917.3706,0
539093.0235,0
539150.3983,0
539224.3101,0
539235.2661,0
539306.4881,0
539344.9693,0
539574.0152,0
539583.7043,0
539640.718,0
539683.9875,0
540626.7597,0
540684.4182,0
540827.2988,0
540879.7428,0
540900.2295,0
540965.8258,0
541066.1363,0
541303.5065,0
541443.9944,0
541477.3244,0
541888.5262,0
541970.828,0
542009.2313,0
542032.9462,0
542484.3881999999,0
542573.4256,0
542744.8008,0
542849.3496,0
542891.4052,0
543074.4477,0
543125.4581,0
543201.6066,0
543314.6169,0
543386.3688,0
543659.9909,0
543699.9868,0
543949.9005,0
544055.5912,0
544090.9333,0
544597.4765,0
544691.3443,0
544915.1452,0
544918.9558,0
545027.713425,0
545097.2489,0
545099.4583,0
545572.5771999999,0
545641.1769,0
546073.1771,0
546331.8141,0
546436.5724,0
546444.3911,0
546570.9654,0
546673.9398,0
546724.6631,0
546740.8528,0
546977.0687,0
547009.5595,0
547290.7354,0
547469.5351,0
547739.1557,0
548010.0999,0
548061.2938,0
548117.6504,0
548200.3225,0
548254.1986,0
548355.7302,0
548883.8436,0
548950.788925,0
549048.6489,0
549109.4301,0
549277.1483,0
549282.8384,0
549338.3803,0
549411.3479,0
550100.4077999999,0
550377.8219999999,0
550450.4025,0
550479.1035,0
550753.3633,0
550989.866,0
551201.268,0
551762.9764,0
551796.9092999999,0
551866.0549999999,0
551927.5241,0
551991.0697,0
552235.043,0
552411.98584,0
552416.0586999999,0
552458.982,0
552637.6984999999,0
552854.5191,0
552870.5446,0
552928.5039,0
553021.5253,0
553073.3451,0
553139.7534,0
553591.1333,0
553598.0567,0
553672.4069000001,0
553697.0686,0
553893.3362,0
553895.3177,0
554483.433,0
554516.5541,0
554554.7474,0
554819.1409,0
554829.0204,0
554829.0206,0
554905.5486833333,0
555013.7577,0
555147.9416,0
555216.2393,0
555231.7148,0
555697.9449,0
556021.8607,0
556420.5933,0
556466.6782,0
556524.1109,0
556532.1063,0
556573.8504,0
556805.4288999999,0
557009.9645,0
557056.82,0
557097.286,0
557203.8082,0
557238.3546,0
557500.9673,0
557846.817225,0
558082.5943,0
558249.8695,0
558512.7893333334,0
559050.9922,0
559163.7475333334,0
559451.8794,0
559467.6581,0
559666.2359,0
559667.05374,0
559667.8237,0
559741.1494,0
559749.2497,0
560111.6834,0
560125.3349,0
560128.0643,0
560391.2137,0
560612.4408,0
560744.6668,0
560760.868,0
560866.0485,0
560922.4904,0
561145.4845,0
561208.3787,0
561211.7092,0
561236.3016,0
561451.8046,0
561479.0472,0
561491.875,0
561943.3021,0
562309.1457,0
562620.291,0
562702.4827,0
562714.8632,0
562762.5182,0
563006.1555,0
563115.2173,0
563274.588575,0
563465.4425,0
563512.5833,0
563617.1242,0
563651.6105,0
563672.7449,0
563754.6302,0
564027.4055,0
564033.8975,0
564275.4758666666,0
564423.0113,0
564568.6351,0
564749.8558,0
564805.1936,0
564841.317,0
565236.6465,0
565389.2332,0
565608.2721,0
565886.4675,0
565946.6669,0
566340.2161,0
566898.9791,0
567050.5419,0
567074.9354,0
567077.9114999999,0
567119.2494,0
567210.6233,0
567303.778,0
567310.5035999999,0
567481.7357666667,0
567577.0558,0
568132.137,0
568452.6825,0
568453.3557,0
568814.9614,0
568900.8657,0
569042.1335,0
569087.8491,0
569816.4217,0
569857.4824,0
569908.5314,0
570054.2627166667,0
570518.5065,0
570769.1829,0
570928.7634,0
570940.1833,0
571019.1788,0
571082.6376,0
571082.8401,0
571135.1299,0
571321.9064,0
571707.9642,0
571739.9355,0
571763.4672,0
571768.7677,0
572050.0606,0
572199.5985,0
572405.7195,0
572483.0695,0
572977.5854,0
572989.9951,0
573143.4680999999,0
573305.0453,0
573306.5961,0
573340.6001,0
573499.8375,0
573794.0503,0
573999.2898,0
574043.1945,0
574092.6206833334,0
574201.744,0
574609.47798,0
574878.0206,0
574886.3778,0
574893.545,0
574967.128,0
575144.1926,0
575289.8638,0
575577.8057,0
575644.1749,0
575668.6087,0
575888.365,0
576261.8794,0
576433.1668,0
576596.4382,0
576747.7419,0
576759.8635,0
577003.5138,0
577521.9833,0
577622.4416,0
577712.8391,0
578092.5876,0
578354.1592,0
578527.5117,0
578533.9495999999,0
578547.3077,0
578811.768,0
578995.9365,0
579027.4278,0
579141.9808,0
579212.3055,0
579270.4946,0
579394.2009,0
579409.8701,0
579454.2637,0
579931.3131,0
579949.6368,0
580043.2574,0
580080.2387,0
580318.4393,0
580587.7693,0
580688.4203,0
581001.1272,0
581396.2803,0
581675.8096,0
581817.352725,0
581949.5221,0
581951.0928,0
581956.7873,0
582063.1333,0
582128.8997,0
582364.1666,0
582376.2356,0
582546.4384,0
583123.0334,0
583292.7543,0
583805.7803,0
584128.1535,0
584242.1555999999,0
584496.3058,0
584747.0993,0
584765.1343,0
584851.7283,0
585100.2862,0
585523.4021,0
585557.849,0
585642.1555,0
585665.5595,0
585700.0729,0
585831.3865,0
586054.5277,0
586821.6489,0
586847.7744,0
586867.9967,0
586906.8698,0
586921.0848,0
587256.004,0
587263.418875,0
587584.1034,0
587754.0626,0
587860.1321,0
588040.4042,0
588095.4276,0
588287.5179,0
588459.7987,0
588814.8809,0
588909.3881,0
588946.9453,0
589311.6308,0
589466.538,0
589644.7809,0
589657.3578,0
589718.1583,0
589758.6786,0
590430.5184,0
590655.9787166667,0
590724.149,0
590792.4574,0
590886.4885,0
590888.1813,0
590889.0996,0
590922.706,0
591585.3142,0
592384.3974,0
592922.0334,0
592950.0629,0
593046.5687,0
593105.2902,0
593194.961,0
593390.1494,0
593499.0451,0
593874.2392,0
594057.2157000001,0
594212.1214000001,0
594259.6796,0
594325.4598,0
594439.8041000001,0
594442.5873,0
594454.87298,0
594535.0205,0
594569.67204,0
594580.9239,0
594814.4033,0
594898.8812,0
595039.6626,0
595220.0547,0
595224.7089,0
595282.4565,0
595485.4494,0
595505.3526,0
595591.4075,0
595953.5854,0
595994.7683,0
596048.5085,0
596222.9189,0
596338.5920833333,0
596508.7888,0
596539.631,0
596686.1541,0
597071.0199,0
597336.9211,0
597581.4978,0
597614.2383,0
597744.6855,0
598140.6654,0
598415.6824,0
598558.2695,0
598603.2212,0
598603.2526,0
598631.0338,0
598930.5454,0
599106.8881,0
599113.1611,0
599188.6521,0
599205.4646,0
599307.6904,0
599356.8678,0
599573.7058,0
599723.7187,0
599939.3089000001,0
600441.3471,0
600530.8335,0
600561.401,0
600658.5412,0
600670.0869,0
600688.6056,0
600771.7654,0
600852.7499,0
601040.7676,0
601048.3403,0
601381.1049,0
601383.6683,0
601517.6744,0
601636.7686,0
601866.435,0
601913.416,0
601965.2199,0
601971.9236,0
602172.2153,0
602289.6042,0
602333.6737,0
602466.4062,0
602652.6807,0
602947.3160999999,0
602948.0156,0
603003.5472,0
603126.1264,0
603188.2308,0
603368.4407,0
603435.1564,0
603543.9524,0
603817.974,0
603932.6646,0
604233.2679,0
604346.1008,0
604581.902,0
604629.4968,0
604884.375,0
604893.5805,0
604975.5575,0
604991.4847,0
605113.3058,0
605197.5266,0
605264.9781,0
605284.0315,0
605499.7568,0
605594.4315,0
605869.6627,0
606144.7394,0
606194.284,0
606217.0442,0
606404.10034,0
606406.2313,0
606483.4218,0
606609.6801,0
606712.0185,0
606734.8418,0
606943.0148,0
606956.6725,0
607214.3273,0
607237.9808,0
607341.069,0
607348.024,0
607565.1432,0
607610.9993,0
607808.8178,0
607864.9691999999,0
607894.4814,0
608200.673,0
608284.6894,0
608401.462,0
608497.9135,0
608529.2376,0
608537.566,0
608568.1307,0
608625.988,0
608742.4756,0
608784.1809,0
608809.8047,0
608883.9923,0
609102.9416,0
609263.9505,0
609378.0848,0
609544.1925,0
609544.4231,0
609852.3627,0
609860.9992,0
610021.0996,0
610061.7839,0
610223.2056,0
610525.0266,0
610631.7954,0
610723.5724,0
610744.0995,0
610794.2902,0
610796.2601,0
610858.4631,0
610911.6936,0
610924.6116,0
611060.943,0
611224.5508,0
611287.7312,0
611311.6222,0
611354.6741,0
611759.0575,0
611798.4662,0
612213.9413,0
612228.8768,0
612496.9164,0
612504.6947,0
612539.6876000001,0
612548.4153,0
612694.9116,0
612770.2543,0
612818.6919,0
612857.4975,0
613271.704,0
613462.0286,0
613642.7416,0
613733.5326,0
613782.57,0
614043.8243,0
614109.7729,0
614337.829,0
614436.0771999999,0
614582.9866,0
614624.8845,0
614633.1039,0
615278.5098,0
615305.1003,0
615376.2626,0
615448.1606,0
615615.8092,0
615911.335,0
616029.1802000001,0
616134.3764,0
616157.7167,0
616194.2735,0
616219.2754,0
616289.2821,0
616491.5264,0
616580.6843,0
616603.3064,0
616656.6188,0
616682.5581,0
616683.8684,0
616877.0765,0
616891.8185,0
616952.4244,0
617138.8114,0
617502.2383,0
617532.8347,0
617683.6086,0
617860.9568,0
617927.8818,0
617953.9422,0
618324.3551,0
618464.4012,0
618840.4143,0
618944.94,0
619012.1984999999,0
619015.2499,0
619126.4169,0
619311.2428,0
619511.3643,0
619514.1163999999,0
619642.0964,0
619712.0896,0
619731.1642,0
619744.5001,0
620060.9953,0
620082.4569,0
620268.5135,0
620485.3935,0
620563.6748,0
620701.0345,0
620828.0651,0
620880.42392,0
621083.3209,0
621152.4109,0
621563.0055,0
621677.4237,0
622027.7852,0
622298.5778,0
622300.9861,0
622384.8518,0
622472.2438,0
622488.4482,0
622613.6755,0
622668.9919,0
622963.7436,0
623220.7615,0
623363.4214,0
623399.0754,0
623482.1108,0
623489.8501,0
623913.4479,0
623984.927,0
624005.8457,0
624019.6893,0
624164.7855,0
624356.3741,0
624521.9766,0
624580.4099,0
624654.4377,0
624669.5382,0
624915.5202,0
624943.5436,0
625343.5587,0
625397.1596,0
625425.9202,0
625452.7418,0
625474.8114,0
625521.2172,0
625584.5739,0
625642.4384999999,0
625699.1576,0
625970.2751,0
626252.8444000001,0
626567.6172,0
627232.322,0
627265.4728,0
627546.0529,0
627746.8848,0
627895.0707,0
628439.6051,0
628584.6379,0
628619.5061,0
628630.1855,0
628822.6794,0
628950.4071,0
629653.4958,0
629923.8896,0
629962.4201,0
630060.4548,0
630109.6794,0
630178.9086,0
630622.6468,0
630642.8222,0
631180.8639,0
631283.232,0
631391.3374,0
631625.3697,0
632048.6448,0
632513.2286,0
632644.3017,0
632652.4783,0
632938.1244,0
632990.9525,0
633051.8501,0
633205.5138,0
633257.0593,0
633648.0970000001,0
633685.1048,0
633820.7899,0
633860.8392,0
634275.9991,0
634544.4627,0
634581.2279,0
634626.4499,0
634626.4969,0
635527.3718,0
635577.0438,0
635584.4949,0
635639.1867,0
635641.5967999999,0
635782.3274,0
635825.8628,0
635882.8548,0
635911.3034,0
635915.7343,0
636207.384,0
636403.65798,0
636425.5734,0
636435.8137,0
636498.9797,0
636632.1104,0
636715.2704,0
636715.8042,0
636865.59475,0
636995.9047000001,0
637047.4149,0
637057.9908,0
637219.0935,0
637298.3745,0
637631.5505,0
637751.4837,0
637912.309,0
638314.8777,0
638371.2319,0
638378.6383,0
638442.3595,0
638534.7794,0
638925.6126999999,0
638995.1795,0
639122.0774,0
639251.0926,0
639314.0188,0
639528.4,0
639929.4167,0
639949.5853,0
640140.0009,0
640444.8422,0
640570.418,0
640596.5268999999,0
640758.7338,0
640774.8041,0
641190.899,0
641210.4152,0
641284.05,0
641329.21208,0
641382.3265,0
641761.3074,0
641767.8473,0
641827.0388,0
641928.7507,0
641980.6558,0
642393.3406,0
642492.9185,0
642538.179,0
642938.8695,0
643077.4169,0
643709.54795,0
644066.044,0
644081.7598,0
644142.9543,0
644590.9807,0
644702.0181,0
644832.3448,0
644854.0552,0
645397.9052,0
645538.0362,0
645627.1016,0
645792.3016,0
645929.7498,0
646028.4345,0
646095.2447,0
646306.3832,0
646574.419,0
646642.3138,0
646911.7962,0
647174.3925,0
647349.5668,0
647604.2669,0
648224.1257,0
648326.0588333333,0
648326.9717,0
648435.4354,0
648440.2025,0
648499.5961,0
648585.863,0
648650.8691,0
648821.5393,0
649029.8035,0
649220.0917,0
649325.2543,0
649501.0889,0
649508.3889,0
649544.1358,0
649589.0495,0
649615.7565,0
649934.5002,0
650079.3453,0
650086.1161,0
650317.4949,0
650381.7719,0
650394.2660000001,0
650515.6523,0
650746.6046,0
650758.2917,0
650984.3407,0
651122.9669,0
651207.7858,0
651336.0272,0
651576.2388,0
651895.9837,0
652138.5296,0
652233.4293,0
652236.1486,0
652366.0189,0
652491.8912,0
652510.8625,0
652821.8799,0
652835.7502,0
652844.0353,0
652862.775,0
652924.982,0
653423.3488,0
653777.8566,0
653865.2145,0
654214.2004,0
654349.233,0
654562.5418,0
654600.4791,0
654611.863275,0
654853.7726,0
654871.5642,0
655147.591,0
655299.1958,0
655367.8407000001,0
655424.2426,0
655444.2387,0
655589.1605,0
655589.7228,0
655623.7292,0
655858.3363,0
655902.8556,0
656132.2237,0
656200.902,0
656323.8958,0
656413.0525,0
656530.0384,0
656532.0978999999,0
656553.0616,0
656791.2934,0
656818.9509,0
657072.6417,0
657237.8145,0
657303.5333,0
657399.7733,0
657412.3245,0
657568.9838,0
657830.1441,245.31640000001062
658138.1771,0
658495.2616,0
658723.0291,0
658824.1712,0
658939.8098,0
659012.7766,0
659023.5109,0
659597.5011,0
659665.71928,0
659948.9674,0
660062.3298,0
660171.1342,0
660664.2815,0
660665.7125,0
660773.7088,0
661019.9843,0
661052.2929,0
661174.877,0
661199.3494,0
661236.6113,0
661400.2829,0
661673.4949,0
661770.8715,0
661970.6415,0
662034.1089,0
662150.2895,0
662379.3421,0
662438.2027,0
662511.2748,0
662604.8927,0
662650.0831,0
662681.4891,0
662945.4906,0
663011.7211,0
663020.7652,0
663616.9657000001,0
663695.6521,0
664069.1803,0
664140.1406,0
664332.754,0
664793.4434,0
664811.8328,0
664983.7959,0
664986.4715,0
665016.615,0
665044.7276,0
665057.8618,0
665127.7975,0
665175.8227,0
665198.4653,0
665275.6711,0
665579.7511,0
665806.3259,0
665927.6629,0
665986.118,0
666211.5946,0
666219.2390000001,0
666805.7848,0
666956.4245,0
667124.4316,0
667517.0192,0
667853.2834,0
668143.2361,0
668163.5249,0
668309.7808,0
668403.418725,0
668879.5501999999,0
668894.6712,0
668956.1964,0
669201.5227,0
669214.4506,0
669456.4972,0
669559.6725,0
669623.173,0
669773.591,0
670145.7945,0
670385.3968,0
670683.6913,0
670768.8231,0
670950.3715,0
671089.133,0
671215.4493,0
671272.0338,0
671466.6269,0
671654.6114,0
671720.3998,0
671899.5617,0
671902.8351,0
672070.2312,0
672129.1172,0
672166.6135333333,0
672274.0377,0
672386.7805,0
672465.1218,0
672513.1635,0
672621.8107,0
672921.48955,0
672922.5035,0
673265.5359333333,0
673639.2041,0
673653.9671,0
673695.5666,0
673785.518,0
673834.1949,0
673946.2299,0
674473.6369,0
674513.042,0
674581.5318,0
674867.5519,0
674881.7737,0
675061.0199,0
675614.4275,0
675765.8481,0
675979.4124,0
676038.4137,0
676221.0534,0
676242.9558,0
676290.0989,0
676464.1533,0
676477.8319,0
676599.7295,0
676869.7682,0
676991.0382,0
677009.3617,0
677059.6897,0
677086.1276,0
677263.6336000001,0
677288.6421,0
677445.5953,0
677601.2253,0
677941.9469,0
677995.4839833333,0
678143.5898,0
678165.4223,0
678249.8218,0
678254.4857,0
678314.4549,0
678452.0265,0
678478.4637,0
678534.9321,0
678989.0656,0
679069.0166,0
679212.381875,0
679213.066,0
679392.4704,0
679671.988,0
679691.8925,0
679724.0455,0
679766.6679,0
679846.7126,0
680173.9476,0
680356.3127,0
680554.281,0
680653.3412,0
680821.1095,0
681032.1429,0
681078.4885,0
681168.0475,0
681431.1349,0
681553.6514,0
681761.9474,0
681769.8501,0
681814.7661,0
681956.0879,0
682064.1627,0
682082.1263,0
682302.4582,0
682502.6893,0
682564.4659,0
682624.7681,0
682695.1745,0
682696.2841,0
682746.5981,0
683011.9622,0
683128.5216,0
683366.1334,0
683639.8808,0
683947.1372,0
684366.0122,0
684369.3497,0
684524.326,0
684581.8406,0
684623.5256,0
684692.4922,0
685097.7206,0
685332.0848,0
686070.9674,0
686151.701,0
686237.9123,0
686471.5478000001,0
686479.7077,0
686577.6052,0
686643.4425,0
686656.0984,0
687018.7268,0
687200.9602,0
687313.5208,0
687313.9441,0
687483.8422,0
687766.0331,0
687821.6666,0
687959.9147,0
687961.827,0
687968.4727,0
688064.9994,0
688180.791,0
688235.9748,0
688322.506,0
688387.6165,0
688533.4614,0
688544.4901,0
688554.34,0
688608.0804,0
688632.3336,0
688641.4471,0
688800.778,0
689121.2988,0
689178.2465,0
689262.8427,0
689410.9931,0
689978.0122,0
690146.85255,0
690451.8559,0
690548.6976,0
690606.8915,0
690691.4232,0
690963.07,0
691007.1159,0
691120.9875,0
691385.4212,0
691487.0412333333,0
691583.0678,0
691641.1344,0
691728.6487,0
691762.6807,0
691884.5874,0
691929.4304,0
691956.4239,0
692065.6116,0
692079.9243,0
692158.9235,0
692383.9481,0
692472.0854,0
692918.5349,0
692960.0621,0
693013.5287,0
693153.9295,0
693159.4434,0
693451.1359,0
693552.8914,0
693693.4373,0
693821.1206,0
693844.9369,0
693896.0722,0
693931.2317,0
694008.0513,0
694302.0248,0
694303.763,0
694864.8947,0
694952.4499,0
695046.5012,0
695050.4987,0
695202.824,0
695217.1436,0
695311.3717,0
695736.8126,0
695779.3455,0
695876.7827,0
696073.4174,0
696099.5514,0
696105.2203,0
696531.994,0
696678.9978,0
696680.7442,0
696684.3427,0
697273.605,0
697292.9958,0
697403.4895,0
697444.6472,0
697453.8886,0
697488.3515999999,0
697861.0024,0
697969.2933,0
698058.8772,0
698088.1568,0
698375.4924,0
698379.6395,0
698386.3245,0
699076.2587,0
699820.3793,0
699941.3289,0
700003.6528,0
700074.7601,0
700144.9316,0
700186.1679,0
700234.1381,0
700258.1077,0
700292.9603,0
700431.8717,0
700478.7107,0
700502.79536,0
700527.9928,0
700563.2071,0
700715.7553,0
700726.9487,0
700923.0253,0
701188.0425,0
701368.2942,0
701544.9159,0
701576.4146,0
701714.3936,0
701951.3922,0
702172.6383,0
702491.7128,0
702547.7484,0
702863.6598,0
702885.8637,0
702988.3133333334,0
703035.3947000001,0
703138.6666,0
703265.7907,0
703309.9903,0
703374.7913,0
703440.0858,0
703543.911,0
703550.9457,0
703844.2262,0
703999.8536,0
704093.4979,0
704230.8282,0
704246.782,0
704327.8289,0
704502.0912,0
704564.9332,0
704567.7754,0
704598.0591,0
704604.5946,0
704744.2128,0
704800.5055,0
704844.9401,0
704848.7017,0
704857.9367,0
704978.3989,0
705045.0673,0
705152.7191,0
705233.3679,0
705317.2126,0
705330.1324,0
705341.6131,0
705514.1149,0
705699.9732,0
705840.3573,0
705886.6984,0
705906.7497,0
706016.1253,0
706095.7091,0
706128.8663,0
706137.539,0
706163.1803,0
706414.1136,0
706627.1841,0
706907.6674,0
707054.8481000001,0
707146.3085,0
707382.2566,0
707526.7456,0
707540.9186,0
707678.3127,0
707907.5444,0
707924.8836000001,0
707992.6957,0
708286.3477,0
708415.4422,0
708444.3429,0
708462.1033,0
708480.0063,0
708643.8989,0
708730.4774,0
708977.3771,0
709570.3887,0
709737.7904,0
709841.6036,0
709869.7161,0
709946.1605,0
710072.645,0
710402.3342,0
710496.6589,0
710507.2484,0
710509.5558,0
710539.3442,0
710610.1208,0
710727.3393999999,0
710786.5266,0
711002.0660999999,0
711148.9902,0
711452.0408,0
711673.1505,0
711717.6777,0
711727.4617,0
711731.5427,0
711774.4793,0
711989.4838,0
712151.2585,0
712241.6554,0
712312.4122,0
712382.9624,0
712523.2736,0
712566.7206,0
712638.5102,0
712775.2604,0
712794.0492,0
712806.4917,0
713096.4931,0
713323.5381,0
713519.7932,0
713639.6021,0
713777.3071,0
713789.2618,0
713989.7652,0
713992.6977,0
714361.5334,0
714432.5641,0
714526.3553,0
714624.9161,0
714714.111,0
714905.2606,0
714939.8818,0
715047.682,0
715078.0586,0
715084.7099,0
715475.4401,0
715604.7964,0
715646.3053,0
715827.7052,0
715904.9241,0
715968.8004,0
716027.2823,0
716414.5369,0
716574.9854,0
716891.1491,0
716910.7876,0
717032.2669,0
717274.8688,0
717306.0546,0
717467.4084,0
717677.8608,0
717732.0675,0
717924.2663,0
718231.6925,0
718832.287,0
718907.6037,0
718995.5964,0
719023.8643,0
719103.9355,0
719439.8075,0
719483.3016,0
719518.0873,0
719645.3023,0
719666.7786,0
719670.8633,0
719699.0467,0
719766.7885,0
719772.441,0
720005.4343,0
720172.9113,0
720249.5568,0
720350.4769,0
720444.5198,0
720822.6842,0
721019.9865,0
721177.9357,0
721251.5717,0
721489.1707,0
721573.3847,0
721593.8984,0
721606.125,0
721938.7184,0
722019.2807,0
722112.9018,0
722130.3847,0
722271.7666,0
722419.4402,0
722474.8478999999,0
722984.39692,0
722995.8781666667,0
723240.5152,166.24290000007022
723300.0783,0
723384.3962,0
723593.7202,0
723962.6723,0
724242.907,0
724522.9015,0
724861.1926,0
724959.6488,0
725020.3228,0
725097.9979,0
725176.4804,0
725451.7002,0
725620.5929,0
725689.8634,994.3322000000626
726004.5151,1481.123033333337
726005.0439,0
726350.7279,0
726413.916,0
726626.2226,0
726676.7358,0
726878.8233,0
727016.99,0
727147.3855,0
727578.9104,0
727584.7866,0
727729.3295,0
727749.8262,0
727900.2731,0
727934.2172,0
728015.0479,0
728099.4437,0
728161.5848,0
728226.5481,0
728335.3599,0
728462.5624,0
728589.494,0
729226.1163999999,0
729429.8297333333,0
729438.2986,0
729487.7614,0
729564.7557,0
729862.7233,0
729978.4853000001,0
730066.076,0
730195.0697999999,0
730231.0289,0
730633.7315,0
730913.3985,0
731085.2803,0
731108.1528,0
731109.3054,0
731161.7763,0
731183.5076,0
731348.357,0
731570.3271,0
731747.3663,0
731910.8176,0
732026.0004,0
732704.181,0
732727.7219,0
732735.58038,0
732909.0537,0
732918.51215,0
733121.625,0
733436.1421,0
733476.4645666666,0
733538.7725,0
733949.8804,0
734153.3746,0
734239.5548,0
734501.2399,0
734565.711725,0
734687.6219,0
734839.8443,0
735039.286,0
735276.3959,0
735369.6878,0
735551.1964,0
735554.5902,0
735809.5282000001,0
735936.7166,0
736140.0771999999,0
736271.9543,0
736410.9288,0
736497.5302,0
737054.1292,0
737137.1364,0
737252.2201,0
737423.3989,0
737795.1155,0
737888.6674,0
738004.6364,0
738310.4924,0
738418.3828,0
738467.4153,0
738486.2085,0
738635.7258,0
738955.3206,0
739081.1705,0
739133.2579,0
739296.5665,0
739452.9152,0
739881.1027,0
740013.4664,0
740031.4707,0
740197.6918,0
740247.4248,0
740394.0533,0
740552.7178,0
740717.3172,0
740751.812,0
740937.6643000001,0
741251.275,0
741591.186,0
741692.2733,0
742717.6521,0
742896.8275,0
743286.6815,0
743317.7783,0
743496.6554,0
743501.5887,0
743563.1599,0
743723.059,0
743902.5482,0
744093.0411,0
744161.0332,0
744186.1486,0
744213.9449,0
744590.0194,0
744616.5584,0
744725.2882,0
744726.701,0
744939.0506,0
745031.5074,0
745085.1659,0
745196.6275,0
745611.4717,0
745646.0622,0
745647.0828,0
745660.1103000001,0
745889.2461999999,0
745917.7506,0
745926.127,0
745945.7736,0
746015.6197,0
746037.842,0
746889.3004,0
747203.1405,0
747213.5586,0
747758.839,0
748147.0169,0
748383.8774,0
748395.5703,0
748405.1164,0
748498.08768,0
748542.241,0
748546.92736,0
748874.2477,0
749107.9863,0
749192.562,0
749358.8288,0
749399.4327,0
749477.022175,0
749520.2292,0
749521.7624,0
750230.9708,0
750372.9546,0
750527.6781,0
750629.8284,0
750792.9864,0
750798.6162,0
750916.8383,0
751023.0891,0
751150.3236,0
751247.2503,0
751253.8337,0
751456.6631,0
751561.2863,0
751709.2276,0
751754.3821,0
751783.9356,0
751972.4953,0
752050.7831,0
752211.3879,0
752306.0771,0
752494.246,0
752620.0398,0
752743.6433,0
752779.7815,0
752934.4624,0
753001.4765,0
753333.4344,0
753472.6616,0
753693.3174,0
753966.141,0
754104.8893,0
754235.2274,0
754241.0275,0
754299.7472,0
754533.397,0
755402.0325,0
755498.5226,0
755675.2842999999,0
755735.4444,0
755868.8946,0
755890.4952,0
755995.9333,0
756411.5967,0
756560.7157000001,0
756618.488,0
756633.7995,0
756695.9005,0
756842.1384,0
757256.1675,0
757672.4615,0
757697.2345,0
757705.5064,0
758508.1476,0
758663.9689,0
759321.1606000001,0
759515.1178,0
759569.3782,0
759615.656625,0
759840.5022,0
760083.5371,0
760149.3359,0
760162.26,0
760264.223,0
760355.0819,0
760380.8866,0
760452.1804,0
760734.861,0
761546.0225,0
761577.9549,0
761795.97,0
761975.8564,0
762147.0248,0
762392.8558,0
762408.0912,0
762925.7879,0
762977.3017,0
763201.0267,0
763343.8092,0
763523.6568,0
763638.4003,0
763844.2158,0
763875.1494,0
763926.1925,0
763962.3551,0
764277.5328,0
764429.9706,0
764592.724,0
764662.4568,0
764767.2152,0
764985.9927,0
765134.6819,0
765309.0128,0
765351.6489,0
765857.0641,0
765965.8956,0
766036.3071,0
766142.3273,0
766201.0362,0
766660.4069000001,0
766714.8350333333,0
766716.3845,0
766760.5854,0
766881.7649,0
767143.7893000001,0
767237.2604,0
767261.5316,0
767720.8998,0
767760.4183,0
767815.3347,0
768018.8779,0
768043.2849,0
768398.8108,0
768470.1624,0
768471.9911,0
768546.2705,0
768694.0763,0
768771.145625,0
768900.7543,0
768918.3608,0
769085.4052,0
769191.7982,0
769193.6457,0
769314.0676,0
769379.3131,0
769591.0725,0
769724.119,0
769933.6788,0
770118.971,0
770227.2701,0
770312.9701,0
770532.4100333333,0
770558.9154,0
770671.6136,0
770672.8835,0
770677.3859999999,0
770961.9365,0
771024.9209,0
771042.8238,0
771188.9096,0
771202.7399,0
771488.4261,0
771522.7659,0
771816.7909,0
771977.4731000001,0
772005.8224,0
772087.4999,0
772262.7444,0
772388.5603,0
772407.4578,0
772503.2324,0
772689.8708,0
772741.8605,0
772919.6513,0
773057.9912,0
773291.7086,0
773596.8758,0
773818.9144,0
773931.7527,0
773948.7694,0
773965.2101,0
774118.1709,0
774172.6456,0
774176.07,0
774203.9777,0
774259.0711000001,0
774431.3765,0
774462.5293,0
774543.0339,0
774599.8801,0
774698.8302,0
774722.5116,0
774742.5757,0
774753.7996,0
774785.3225,0
774830.2967,0
774957.7604,0
775097.4365,0
775153.4512,0
775274.4715,0
775298.1719,0
775307.6776,0
775467.1059,0
775483.2844,0
775585.9853000001,0
775899.0048,0
776167.1653,0
776219.3506,0
776230.2086,0
776421.5636,0
776881.3397,0
776921.7019,0
776986.8216,0
777224.0854,0
777304.5132,0
777338.7116,0
777339.9999,0
777452.9345,0
-----Simulation END-----
