-----Simulation 0-----
172854.2996,0
172874.3929,0
172940.4374,0
173058.5083,0
173121.7874,0
173127.0823,0
173189.1215,0
173201.8991,0
173412.1108,0
173469.68593333333,0
173475.6929,0
173657.0973,0
173892.45870000002,0
173961.8788,0
173989.1826,0
174050.0246,0
174059.9262,0
174136.2734,0
174210.1055,0
174342.7336,0
174377.79602,0
174413.957,0
174591.3298,0
174601.9346,0
174704.9253,0
174708.01929999999,0
174848.41629999998,0
175088.1359,0
175139.1276,0
175212.6707,0
175263.9526,0
175287.23739999998,0
175311.8718,0
175396.2929,0
175415.926,0
175443.2531,0
175461.3988,0
175520.9175,0
175583.4577,0
175634.5887,0
175814.5914,0
175925.5194,0
175933.6534,0
176036.6123,0
176050.9705,0
176113.3847,0
176261.6194,0
176282.76559999998,0
176336.8357,0
176456.4165,0
176570.66999999998,0
176723.2858,0
176763.8567,0
176787.0278,0
176809.7181,0
177126.164,0
177325.588,0
177674.21169999999,0
177928.843,0
177971.23930000002,0
177986.6778,0
178295.8353,0
178430.2317,0
178524.9088,0
178678.8181,0
178761.311,0
178803.4067,0
178847.2047,0
178871.6898,0
178987.18893333332,0
179245.0473,0
179407.805,0
179450.23739999998,0
179631.6779,0
179770.6775,0
180009.6893,0
180028.6345,0
180197.80533333332,0
180210.426,0
180245.8881,0
180286.1637,0
180333.2414,0
180397.4612,0
180412.8615,0
180552.93959999998,0
180633.4593,0
180683.55109999998,0
180739.5174,0
180850.79129999998,0
180932.39250000002,0
181040.8595,0
181085.5587,0
181188.1637,0
181190.1983,0
181330.8549,0
181410.953075,0
181435.2107,0
181438.3093,0
181451.6785,0
181499.1036,0
181540.79580000002,0
181548.6869,0
181558.3931,0
181567.7259,0
181694.6328,0
181764.3151,0
181782.4306,0
181788.5758,0
181976.0539,0
182242.5435,0
182283.5333,0
182322.0283,0
182329.7465,0
182349.7612,0
182368.0971,0
182462.0019,0
182551.1956,0
182608.23859999998,0
182732.2152,0
182765.5456,0
182774.7624,0
182784.2505,0
182787.3029,0
183174.2737,0
183249.9752,0
183308.0614,0
183637.91820000001,0
183756.69939999998,0
183767.0782,0
184157.2852,0
184235.27,0
184539.1462,0
184588.9864,0
184745.4129,0
184851.2358,0
184906.66950000002,0
184952.1054,0
184982.83120000002,0
185364.2282,0
185399.9443,0
185409.02240000002,0
185458.4364,0
185547.01,0
185553.9038,0
185599.5377,0
185629.9601,0
185682.098,0
185832.3953,0
186071.5332,0
186285.5231,0
186330.3041,0
186331.2161,0
186423.2818,0
186555.9569,0
186834.7346,0
186982.9901,0
186986.0251,0
187002.6044,0
187213.7922,0
187515.7391,0
187535.8537,0
187539.9752,0
187540.56530000002,0
187579.84,0
187664.5899,0
187826.0602,0
187941.85869999998,0
187958.38760000002,0
188252.1059,0
188389.5219,0
188429.7495,0
188530.3031,0
188671.8156,0
188697.6741,0
188710.5893,0
188786.1599,0
188991.2763,0
189106.3657,0
189363.475,0
189373.3949,0
189515.4026,0
189580.6142,0
189586.157,0
189806.5524,0
189825.4205,0
189893.8657,4942.590375
189946.6261,0
189978.3764,0
190285.9096,0
190304.2425,0
190382.6007,0
190387.8933,0
190401.8437,0
190613.22710000002,0
190758.0707,0
191032.0944,0
191047.3929,0
191088.6311,0
191235.7943,0
191285.97950000002,0
191304.9822,0
191314.2292,0
191467.66700000002,0
191492.8143,0
191511.9683,0
191566.865,0
191599.0776,0
191673.1495,0
191738.303,0
191762.3796,0
191838.161,0
191869.64010000002,0
191932.7654,0
191951.239,0
192133.6528,0
192319.902,0
192362.8567,0
192469.1481,0
192524.29869999998,0
192562.8307,0
192584.1448,0
192738.5001,0
192838.6319,0
193006.7673,0
193122.1754,0
193266.4703,0
193336.9722,0
193465.732,0
193632.847,0
193668.9138,0
193747.13,2357.6294000000053
193808.062,0
193876.1843,0
194327.4214,0
194453.3147,0
194788.8977,0
194824.29570000002,0
194846.4108,0
194859.8596,0
194928.604,0
194967.9419,0
194982.0031,0
195183.4124,0
195421.7541,0
195448.4461,0
195451.7188,0
195623.6937,0
195859.06650000002,0
195864.35330000002,0
195997.3882,0
196098.9523,0
196220.08980000002,0
196442.3863,0
196459.7024,0
196542.2895,515.9867000000086
196622.62099999998,0
196687.7562,0
196806.9473,0
196896.6054,0
197030.3039,0
197116.2831,0
197360.67369999998,0
197362.3753,0
197612.97269999998,0
197926.28029999998,0
197991.5012,0
198106.1372,0
198419.3881,0
198830.8716,0
199055.5406,0
199201.65899999999,0
199213.0794,0
199268.5779,0
199377.0508,0
199567.8094,0
199750.1771,0
199777.8008,0
199864.152,0
199881.2715,0
199920.4332,0
200087.0311,0
200213.8273,0
200245.5925,0
200310.3798,0
200491.0994,0
200516.0508,0
200672.5819,0
200704.0927,0
200819.7917,0
200836.1442,0
200860.2009,0
200877.6642,0
200882.525,0
201065.0773,0
201165.9725,0
201167.88559999998,0
201201.8688,0
201365.1515,0
201409.80969999998,0
201481.7398,0
201561.8493,0
201723.9121,0
201744.8286,0
201772.2229,0
201906.935,0
202468.9861,0
202523.5969,0
202549.16314000002,0
202736.4411,0
202808.0492,0
202809.4519,0
202821.0951,0
202824.7574,0
202993.54009999998,0
203033.6574,0
203090.8062,0
203294.0719,0
203416.4724,0
203461.2985,0
203484.7555,0
203629.7194,0
203707.0269,0
203756.54855,0
203846.6515,0
203882.3507,0
203909.436,0
204232.303,0
204336.39556666667,0
204487.2028,0
204598.53696666667,0
204699.1325,0
204912.9425,0
204955.711,0
205196.6833,0
205418.6888,0
205527.37660000002,0
205575.0625,0
205794.0766,0
206044.2056,0
206055.19908,0
206170.5115,0
206224.4659,0
206470.8543,0
206592.80479999998,0
206614.0897,0
206703.0135,0
207512.1483,0
207525.3628,0
207538.7677,0
207692.7723,0
207711.90039999998,0
207714.14870000002,0
207742.0149,0
207764.1145,0
207815.2852,0
207833.6676,0
207841.610275,0
207920.5923,0
208014.8936,0
208190.88640000002,0
208375.9871,0
208438.0046,0
208567.9789,0
208675.502975,0
208750.8961,0
208783.3126,0
208934.30476666667,0
208979.0904,0
208980.5598,0
209022.8676,0
209191.1524,0
209498.52289999998,0
209512.4216,0
209634.2637,0
209638.6619,0
209680.3149,0
209720.1151,0
209743.6924,0
209857.2311,0
210012.3424,0
210427.0028,0
210428.9013,0
210780.6951,0
210803.8227,0
210831.8166,0
210928.3307,0
211037.2903,6500.3209749999805
211271.7662,0
211487.9458,0
211689.0277,0
211714.3089,0
211777.0612,0
211949.6996,0
212173.3522,0
212198.1195,0
212334.9908,0
212399.8654,0
212698.1385,0
212793.298,191.0285000000149
212795.9225,0
212816.2511,0
212816.30550000002,0
212896.2787,0
212897.58323333334,0
212952.06900000002,0
212978.0588,0
213012.5872,0
213113.2958,0
213343.4106,0
213381.3909,0
213443.95823333334,0
213529.7768,0
213663.1526,4470.619600000005
213862.0817,0
213952.7081,1079.191119999974
214083.08833333332,0
214163.626,0
214212.2427,0
214303.8462,500.71060000002035
214350.66330000001,0
214553.9378,0
214616.2163,2856.7730666666757
214666.8566,0
214690.2563,0
214783.0594,0
214915.35460000002,0
215122.7319,0
215155.4714,0
215231.8983,0
215246.7579,0
215251.0338,0
215309.09149999998,0
215515.1974,0
215646.0582,0
215741.0595,0
216502.6901,0
216624.3232,0
216929.7326,0
217042.8511,0
217380.8727,0
217463.8024,0
217504.3249,0
217520.9276,0
217526.9255,0
217683.8143,0
217693.1887,0
217900.4843,0
217988.4708,0
218029.30670000002,0
218294.7127,0
218397.8413,0
218750.9107,0
218873.41592,0
219136.1442,2187.813700000028
219246.94936666667,0
219557.5113,0
219769.4271,0
219770.732,0
219829.163,0
220045.9426,0
220086.9078,0
220284.381,0
220457.6954,0
220458.0907,0
220500.4736,0
220542.5072,0
220562.5575,0
220597.8492,0
220781.27575,0
221221.7514,0
221343.0553,0
221400.6154,0
221455.7224,0
221531.472,0
221567.0244,0
221619.8141,0
221680.823,0
221770.5159,0
221811.2966,0
221839.6149,0
222297.5484,0
222320.44079999998,0
222529.6816,0
222558.7304,2965.94650000002
222597.068,0
222615.2759,0
222617.2039,0
222896.5759,853.5823000000091
222986.0544,0
223056.0485,0
223130.2444,0
223200.6296,0
223579.39370000002,0
223649.0969,0
223737.08825,0
223781.6248,0
223803.1662,0
224082.588,0
224195.3317,0
224253.1674,0
224330.4339,0
224420.926,0
224442.4595,0
224491.608,0
224511.22,0
224599.3737,0
224623.2646,0
224652.9662,0
224721.6323,0
224992.4687,0
225186.7628,0
225242.9296,0
225353.6184,0
225431.7879,0
225467.0544,0
225633.309,0
225695.9878,0
225711.68959999998,0
225972.6656,0
226346.2352,0
226372.49469999998,0
226446.6021,0
226750.5927,0
226899.11563333333,0
226909.02419999999,0
226925.2575,0
226933.93961666667,0
227470.272,0
227509.49725,0
227608.9997,0
227718.4774,0
228094.6233,0
228196.1728,0
228340.5814,0
228416.9774,0
228519.3618,0
228725.891,0
228849.2516,0
228911.899,0
229038.7243,0
229054.9486,0
229349.9453,0
229390.1887,0
229633.7382,0
229658.3315,0
229812.9198,0
229952.42489999998,0
230240.06653333333,0
230251.36479999998,0
230340.5325,0
230470.3743,0
230594.569,0
230671.021,3153.862200000003
230703.418,0
230723.5898,0
230785.408,0
230852.8298,0
230866.077275,0
231125.4761,0
231154.0566,0
231313.173,0
231770.3488,0
231813.5835,0
231817.0914,0
231989.2114,0
232030.0079,0
232173.4773,0
232174.4199,0
232740.4995,0
232951.33980000002,0
233159.72580000001,0
233506.8786,0
233517.5721,0
233567.5196,0
233610.2219,0
233628.6955,0
233683.28889999999,0
233702.59649999999,0
233737.7838,11279.453800000018
233747.3833,0
233747.85986666667,0
233808.6958,1750.2571999999927
234227.96676666668,0
234655.31,0
234770.2281,7649.182399999991
235167.4614,0
235269.1018,0
235301.7347,0
235491.4138,0
235508.2171,0
235541.744,27330.8474
235590.95510000002,0
235630.02419999999,0
235947.2371,0
235965.3226,0
236024.8249,0
236183.1774,0
236201.5308,0
236307.604,0
236400.1702,0
236614.7876,0
236707.3467,0
236946.0234,0
236977.7434,0
237246.948,0
237301.5223,0
237418.4196,0
237580.6815,0
237594.5655,0
238032.8193,0
238116.2361,0
238307.6717,0
238368.3333,0
238422.7829,0
238715.35830000002,0
239040.2404,0
239075.609925,0
239208.9948,0
239416.33845,0
239463.4979,0
239602.6569,0
239659.03340000001,0
239806.7943,0
239981.885,983.8535000000265
240004.0481,0
240213.6044,0
240400.3279,0
240507.2283,0
240572.6746,0
240587.4853,0
240948.4374,0
240999.1021,0
241172.7805,0
241355.57766666668,0
241547.181,2233.1073000000033
241594.8033,0
241638.6714,0
241696.6525,0
241914.03830000001,0
241950.72090000001,0
242135.5211,0
242155.3524,0
242397.65748333334,0
242641.7311,0
242834.2051,0
242849.60408333334,0
243117.842,0
243141.5001,0
243241.7168,0
243523.5997,0
243645.0945,0
243652.5782,0
243850.2024,0
243986.8192,0
244054.780875,0
244583.1407,0
244587.4369,0
244705.9179,15419.38010000001
244709.0909,0
244729.118,0
244814.59470000002,0
245130.2035,0
245218.2196,0
245285.5022,0
245418.868,0
245449.94150000002,0
245470.64178333333,0
245638.8055,0
245640.95059999998,0
245699.6258,0
245787.5406,0
245882.1969,0
245935.096,0
246039.41389999999,0
246398.0171,0
246471.3246,0
246600.3062,0
246603.7496,0
246822.8432,0
246905.5563,0
246958.00650000002,0
246960.8665,0
247030.4287,0
247223.9166,0
247416.4668,0
247487.9463,0
247548.0292,0
247596.9583,0
247697.6261,0
248159.6134,0
248288.5738,0
248751.1525,0
248857.2972,0
248867.9601,0
249117.5967,0
249154.4336,0
249275.1444,0
249337.5045,0
249505.6741,0
249572.213,0
249861.37,0
249928.4309,0
250108.8187,0
250111.3621,0
250220.18959999998,0
250453.3956,0
250472.9456,0
250814.0873,0
251135.5488,0
251189.872,0
251227.62219999998,0
251338.955,0
251487.9302,0
251615.521,0
251630.0577,0
251718.83490000002,0
251755.8657,0
251826.395,0
251925.2599,0
251943.7113,0
251947.2837,0
252071.12829999998,0
252220.9224,0
252268.8211,0
252303.38569999998,0
252360.1062,0
252437.1782,0
252522.0086,0
252733.2449,0
252753.4819,0
252790.5297,0
252897.2698,0
252921.2865,0
253103.4377,0
253176.7135,0
253210.8811,0
253351.8225,0
253363.1991,0
253369.3167,0
253406.5976,0
253460.3127,0
253591.4554,0
253629.4786,0
253861.3611,0
253868.4206,0
253891.179,0
253929.6782,0
253976.7228,0
254005.9403,0
254260.3047,0
254312.6005,0
254362.27539999998,0
254414.1318,0
254443.3037,0
254475.6827,0
254517.31530000002,0
254564.3353,0
254625.1475,0
254668.0929,0
254688.7273,0
254807.1132,0
254881.5188,0
255195.5041,0
255453.1475,0
255476.2923,0
255486.212,0
255615.0504,0
255839.9399,0
255852.80920000002,0
256019.6103,0
256080.2045,0
256095.9721,0
256101.9075,0
256173.0419,0
256183.1579,0
256460.5603,0
256517.425,0
256592.8386,0
256786.912,0
256805.4095,0
256877.12102,0
256986.07140000002,0
257287.7469,0
257334.9223,0
257353.1088,0
257458.4937,0
257468.3633,0
257569.28,0
257721.1983,0
257811.7995,0
257883.7612,0
257952.0523,0
258034.0032,0
258044.7323,0
258182.3466,0
258221.9436,0
258226.5484,0
258245.4391,0
258336.13809999998,0
258363.1184,0
258428.9671,0
258446.5085,4201.159600000014
258497.3448,0
258566.4872,0
258932.8688,0
259137.2181,0
259212.3957,0
259251.188,0
259428.4159,0
259472.1831,0
259543.5975,0
259723.45620000002,0
259832.7674,0
259869.5678,0
259911.7493,0
259986.2181,0
260300.1129,0
260497.8029,0
260639.51929999999,0
260703.3429,0
260738.4132,0
260745.4378,0
260793.6428,0
261074.5386,0
261325.7784,0
261438.83620000002,0
261504.2633,0
261520.867,0
261603.8173,0
261698.8215,0
261719.559,0
261773.2697,0
261815.6787,0
261882.3951,0
261925.9902,0
262310.8982,0
262326.1801,0
262375.3477,0
262618.3467,0
262893.0049,0
262922.2392,0
263477.5371,0
263531.4309,0
263555.6787,0
263636.9132,0
263688.65,0
263984.4415,0
264124.5564,0
264151.3161,0
264297.5085,0
264692.8047,0
264707.72665,0
264715.8317,0
264756.9219,0
264796.8748,0
264841.4265,0
264858.2741,0
264859.1454,0
264936.6202,0
264942.7585,0
265017.1507,0
265112.55128333333,0
265339.0833,0
265345.6475,0
265440.2361,0
265622.7161,0
265634.2743,0
265637.8468,0
265760.4649,0
265878.1277,0
266039.00800000003,0
266073.2772,0
266073.4803,0
266368.0158,0
266371.0307,0
266382.4039,0
266406.7894,0
266529.3505,0
266553.7323,0
266564.0403,0
266586.7173,0
266620.7072,0
266732.9964,0
266743.7099,0
266773.7253,0
266879.9953,0
266952.2035,0
267020.7302,0
267039.2162,0
267283.9436,0
267288.795,0
267361.7866,0
267686.03729999997,0
267738.77760000003,0
268088.2528,0
268104.7205,0
268158.8449,0
268187.1469,0
268196.24569999997,0
268336.9598,0
268439.52760000003,0
268489.7959,0
268494.5376,0
268508.1594,0
268568.8296,0
268587.1226,0
268601.0241,0
268750.4591,0
268853.664,0
269098.2953,0
269101.0883,0
269200.6729,0
269375.6003,0
269394.8791,0
269837.5192,0
269926.6892,0
270214.5069,0
270321.06440000003,0
270440.38080000004,0
270686.8254,0
270798.5173,0
270860.1478,0
270921.4334,0
271042.0261,0
271102.9121,0
271116.2663,0
271186.55418,0
271219.6414,0
271305.2661,0
271319.5913,0
271375.8281,0
271425.1558,0
271450.9623,0
271546.9631,0
271672.289,0
271779.6266,0
271798.3408,0
271846.976,0
271976.9305,0
272129.7713,0
272151.9341,0
272166.7152,0
272167.9507,0
272208.6314,0
272314.1269,0
272357.1544,0
272369.7108,0
272504.2361,0
272606.876,0
272693.4732,0
272701.63049999997,0
272978.1041,0
273087.969,0
273275.056,0
273276.0362,0
273284.1979,0
273324.9125,0
273360.2315,0
273633.654,0
273719.1131,0
273783.1154,0
273831.2081,0
273927.7329,0
273958.276,0
274173.419,0
274177.8952,0
274283.10936666664,0
274310.0012,0
274429.4667,0
274676.7036,0
274732.2317,0
274909.8061,0
275014.78489999997,0
275027.8518,0
275081.1262,0
275119.2148,0
275190.6608,0
275195.6969,0
275390.99,0
275595.876,0
275775.3039,0
275878.004,0
275962.1119,0
276087.4934,0
276356.6928,0
276455.9637,0
276483.1444,0
276495.8201,0
276591.3378,0
276759.4205,0
276776.1675,0
276804.4059,0
276831.2361,0
276919.7355,0
276955.998,0
277076.5378,0
277150.9229,0
277534.819,4201.336800000048
277554.9109,0
277729.1126,0
277769.5233,0
277773.0927,0
277802.2071,0
277866.4546,0
277941.9306,0
278822.73459999997,0
278840.1632,0
278893.9546,0
279075.0063,0
279094.635,0
279232.1509,0
279300.0291,0
279385.4276,0
279444.6167,0
279473.5518,0
279574.75190000003,0
279687.5449,0
279771.7562,0
279779.646,0
279861.3622,0
280080.8264,0
280227.7756,0
280906.69539999997,0
280971.9801,0
281155.203,0
281236.6042,0
281323.38300000003,0
281340.9907,0
281381.4742,0
281391.718,0
281453.2277,0
281548.81799999997,0
281587.4568,0
281608.6947,0
281664.9181,0
281691.85349999997,0
282118.7509,4119.192600000009
282138.6906,0
282219.1393,0
282467.0072,0
282510.8706,0
282528.24450000003,0
282555.4083,0
282791.0531,0
282815.2082,0
282840.6507,0
282890.6111,0
282921.1058,0
283099.6444,0
283428.9577,0
283604.4526,0
283617.6518,0
283742.05449999997,0
283754.4364,0
283823.7066,0
283851.3733,0
283899.6091,0
284157.9242,0
284256.9705,0
284295.5119,0
284377.804,0
284569.9505,0
284585.9196,0
284750.06570000004,0
284790.3881,0
284792.1785,11198.288499999966
284832.3599,0
284891.0833,0
284970.415,0
284980.79720000003,0
285020.8003,0
285022.2848,0
285092.2265,0
285168.5731,0
285361.9755,0
285419.4173,0
285445.922,0
285467.8003,0
285634.9565,0
285752.5148,0
285774.57649999997,0
285801.5665,0
285946.7484,0
285959.2512,0
285970.2375,0
286121.0879,0
286193.6516,0
286312.0764,0
286544.5542,0
286558.6951,0
286682.8253,0
286787.0168,0
286838.3272,0
286853.9556,0
286865.49569999997,0
286951.6539,0
287092.9843,0
287129.7841,0
287131.07458,0
287151.1655,0
287194.0027,0
287328.8054,0
287621.64280000003,0
287630.6338,0
287673.5922,0
287673.8464,0
287679.2704,0
287681.8468,0
287772.1933,0
287947.658075,0
288079.1775,0
288141.9044,0
288436.6263,0
288521.7927,0
288528.8663,0
288593.8674,0
288796.2436,0
288820.4451,8574.202700000023
288852.0402,0
288936.5272,0
289101.41240000003,0
289142.6944,4498.062899999961
289205.0197,0
289423.2425,0
289667.3566,0
289732.556775,0
289867.9419,0
289946.4135,0
289946.7067,0
290055.3169,0
290099.9763,0
290191.3935,0
290315.6324,0
290331.1032,0
290534.6754,0
290603.4311,0
290945.3177,0
291101.4504,0
291399.8369,0
291438.9891,0
291657.52846,0
291695.7454,0
291941.4254,0
291957.7943,0
291965.1643,0
292372.731,0
292377.95813333336,0
292438.8105,0
292618.01170000003,0
292663.1419,0
292709.0871,0
292786.2427,7351.917000000016
292886.4373,0
293035.9148,0
293133.8468,2531.873900000006
293138.77780000004,0
293417.7426,0
293561.0708,0
293591.1495,0
293597.2109,0
293641.7497,0
293748.45149999997,0
293769.4693,0
293804.6876,0
293814.3455,0
293966.88300000003,0
294054.4227,0
294274.9915,0
294380.0956,0
294523.5249,0
294525.1436,0
294563.4175,0
294577.8856,0
294844.2349,0
294898.652,0
294953.913,0
295138.4313,0
295397.4351,0
295427.7533,0
295433.736,0
295461.8622,0
295472.5247,0
295725.45635,0
295859.5841,0
295984.6072,2672.7270000000135
296490.2516,0
296711.3503,0
297197.3967,0
297571.672,0
297604.8155,0
297757.6588,0
297788.26379999996,0
298235.5723,0
298607.6074,0
298712.849,0
298765.7766,0
298804.0186,0
298808.2081,0
298826.3681,0
298851.1335,0
299207.0825,0
299279.2073,0
299287.7795,0
299326.1948,0
299395.7533,0
299532.8458,0
299537.2686,0
299679.0824,0
299699.5368,0
299811.5597,0
299987.7024,0
300013.3778,4786.582200000004
300057.6781,1840.2023000000045
300186.3747,0
300309.25690000004,0
300362.5691,0
300486.6094,0
300553.6941,0
300585.1564,0
300592.0235,781.9091600000393
300663.7856,0
300758.43,0
300858.0885,0
300958.4263,0
300986.2221,0
301011.2605,0
301036.3851,0
301065.0298,0
301070.0402,0
301112.8758,0
301187.9587,0
301238.9909,0
301270.2809,0
301320.57039999997,0
301376.3445,0
301664.17350000003,0
301690.5514,0
301881.895,0
301898.5124,0
301906.0925,0
301910.9098,0
302091.9005,0
302129.9595,0
302135.0195,0
302288.793375,0
302322.4462,0
302577.4521,0
302691.5557,0
302745.9372,0
303022.4522,0
303136.668,0
303160.6528,0
303408.9261,0
303713.3287,0
303826.5874,0
303890.2721,7266.579100000032
303900.2991,0
304026.3523,0
304039.3676,0
304073.6563,0
304082.2997,0
304277.0767,0
304307.7961,47.19484999997076
304435.7769,0
304506.7302,0
304568.78859999997,0
304722.9474,0
304808.6202,0
304911.4122,0
305165.9509,0
305200.3999,0
305358.6363,0
305483.3801,5419.325200000021
305563.5344,0
305598.3874,0
305651.3331,0
305815.1047,14884.962300000014
305933.7161,0
305967.81409999996,0
306051.8435,0
306111.6977,0
306157.0203,0
306177.9163,0
306242.8639,0
306260.842,0
306305.3663666667,0
306379.7505,0
306647.9352,0
306662.9948,0
306767.967,0
306783.2,0
307317.926,0
307330.5757,0
307653.4943,0
307690.8388,0
307884.8424,0
308048.3822,0
308068.3459,0
308182.2304,0
308226.3379,0
308340.7098,1100.1477000000305
308457.13063333335,0
308603.38399999996,0
308698.8287,0
308716.4677,0
308772.4317,0
308932.6961,0
308965.0639,833.1856999999727
308989.5413,0
309212.2539,0
309258.7069,0
309282.4948,0
309342.4077,4324.634099999967
309476.5296,0
310418.5377,0
310579.5,0
311199.4542,0
311290.7891,0
311926.5016,0
312680.7313,0
312717.8588,0
312801.1433,0
312826.5493,0
312919.0791,0
313120.59392,0
313142.9953,0
313299.7980333333,0
313424.46694,0
313901.8935,0
313960.3368,0
313979.1375,0
314046.0772,0
314205.1497,0
314222.8772,0
314373.9794,0
314968.4871,0
314973.4561,0
314991.51433333335,0
315218.3139,855.4631999999983
315358.0604,0
315594.6064,0
315614.0249,0
315960.62178,0
316242.3443,0
316370.1252,0
316377.7166,0
316898.402,0
316943.49186666665,0
317194.6537,0
317533.15760000004,0
317708.8393,0
317777.38670000003,0
317807.2158,0
317930.0671,0
318212.4985,0
318238.7319,0
318440.5413,0
318572.2908,0
318658.8425,0
318741.14043333335,0
318754.7495,0
318882.4595,0
318923.03306,0
318927.3645,0
319578.5579,0
319717.1788,0
319746.2001,0
319828.3527,0
320301.2597,0
320435.8833,0
320489.8723,0
320665.9108,0
320717.7711,0
321042.7936,0
321137.5258,15494.992700000003
321443.1676,0
321640.0193,0
321681.4549,0
321682.1125,0
321739.3468,0
321931.60970000003,0
321962.0759,0
322017.1432,0
322099.301,0
322110.3361,0
322165.4086,0
322555.5636,0
322583.5414,0
322610.7478,0
322798.273,0
322835.324,0
322861.3754,0
322888.9121,0
322915.6984,0
322964.8704,0
323060.7531,0
323195.8119,0
323250.1403,630.0991000000504
323282.1046,0
323309.8103,0
323474.7918,181.04470000002766
323825.8462,0
323917.6842,0
323957.2704,0
324072.4095,0
324418.1057,0
324452.88300000003,0
324634.5869333333,0
324756.8652,0
324829.77742,0
324879.1372,0
325189.0665,0
325514.64,0
325899.521,0
326097.4193,0
326157.3433,0
326368.1002666667,0
326373.7068666667,0
326410.8233,0
326460.0729,0
326584.4672,0
326859.2777,0
326875.7338,0
326949.1907,0
327022.1481,0
327408.6259,0
327426.6172,0
327514.1236,0
327517.5883,0
327634.1912,0
327733.67449999996,0
327788.1921,0
327897.2119,0
327930.6701,0
327968.0832,0
328016.79385,0
328109.3404,0
328406.1553,0
328427.5272,0
328882.0891,0
328929.2021,0
328979.3725,0
329048.0882,0
329084.4562,0
329103.6132,0
329114.3003,0
329208.4646,0
329520.0071,0
329530.8949,0
329600.39029999997,0
329627.1555,0
329788.3335,0
329826.3588,0
329937.2486,0
330061.7209,0
330317.9912,0
330463.9817,0
330641.1966,0
330677.6503,0
330800.1632,0
330823.0905,0
330923.4359,0
330992.0171,0
331004.2481,0
331256.208,0
331305.275,0
331315.3726,0
331526.6788,0
331801.0962,0
331836.2096,0
331935.3069,0
331956.9796,0
332025.2672,0
332118.8704,0
332175.16405,0
332219.3376,0
332260.9938,0
332277.9275,0
332288.3839,0
332472.5717,0
332526.8404,0
332606.7317,0
332908.6866,0
332945.0555,0
333097.5171,0
333244.2198,0
333519.2619,0
333528.8432,0
333583.9969,0
333604.7215,0
333649.3725,0
333725.0642,0
333768.6241,0
334046.7741,0
334094.9472,0
334311.357,0
334361.1542,0
334368.2219,0
334455.6773,0
334464.7371,0
334820.2822,0
334832.8167,0
334879.7432,0
334926.9342,2902.3360000000102
334935.5271,0
335039.70225,0
335316.5809,0
335367.4782,0
335390.6974,0
335708.1034,0
335725.3081,0
335927.2141,0
336004.618,0
336019.61,0
336052.1135,0
336114.6985,0
336253.6571,0
336498.9245,0
336498.9972,0
336736.93940000003,0
336831.5681,0
337082.7251,0
337086.2939,0
337268.49199999997,0
337543.1297,0
337726.1169,0
337771.90592,0
338260.9824,0
338297.0135,0
338466.1031,0
338482.6265,0
338617.8421,0
338691.5714,0
338740.493,0
338742.8354,0
338803.7338,0
338829.1812,0
338851.7208,0
338858.062,0
339029.5842,0
339050.321,0
339063.9685,0
339068.6919,0
339153.7106,0
339385.7012,0
339418.0419,0
339492.5112,0
339535.1325,0
339537.14280000003,0
339902.76560000004,0
340022.6135,0
340114.3505,0
340133.9623,0
340292.1131,0
340413.3535,0
340420.9254,0
340425.6647,0
340548.3915,0
340624.1956,0
340719.8,0
340876.6989,0
340913.4544,0
340914.4868,0
340970.629,0
340981.2523,0
341061.20900000003,0
341068.1355,5731.243999999948
341247.1678,0
341256.0566,0
341418.1364,0
341443.2432,0
341443.3129,0
341464.7156,0
341607.3517,0
341665.0417,0
341682.2484,0
341820.143,0
341901.4308,0
341961.8239,0
342035.468,0
342087.9322,0
342121.72250000003,0
342287.5976,0
342443.24210000003,0
342500.7241,0
342529.3786,0
342544.988,0
342590.2733,0
342965.6827,0
343006.7156,0
343114.7403,0
343151.4137,0
343243.989,0
343341.7787,0
343388.6785,0
343557.7117,0
343563.566,0
343575.3863,0
343593.6086,0
343786.3855,0
343964.0093,0
344054.8413,0
344066.2931,0
344126.9098,0
344177.49218,0
344183.1744,0
344197.444,0
344200.30449999997,0
344286.6323,0
344307.25430000003,0
344391.0032,0
344664.7377,0
344889.906,0
344933.5638,0
345113.2646,0
345137.5207,0
345182.6995,0
345330.7273,0
345349.3332,0
345403.3627,0
345475.3459,0
345488.6068,0
345650.0659,0
345934.6939,0
346086.2577,0
346131.2468,0
346142.4506,0
346146.0016,0
346321.4162,0
346367.3356,0
346437.6576,0
346576.1038,0
346696.8418,0
346779.3945,0
346866.1243,0
346958.1712,0
346971.8005,0
347087.89890000003,0
347138.5024,0
347208.936,0
347415.2427,0
347558.0417,0
347641.608,0
347655.8581,0
347732.3261,0
347850.4251,0
347911.5958,0
347940.5872,0
347968.6437,0
347976.2634,0
348108.40619999997,0
348137.8811,0
348145.3489,0
348228.6779,0
348340.0382,0
348469.9012,0
348478.552,0
348548.20279999997,0
348713.4535,5063.315100000007
348752.4297,0
348927.3613,0
348964.8416,0
348991.40989999997,0
349002.2032,0
349114.0457,0
349128.6161,0
349148.5869,0
349251.07779999997,0
349264.1774,0
349266.8428,0
349416.1463,0
349431.8326,0
349438.7181,0
349511.7265,0
349515.2276,0
349518.4814,0
349588.5396,0
349627.2799,0
349767.0507,0
349964.88,0
350123.3982,0
350242.9167,0
350308.6877,0
350414.0707,0
350625.2281,0
350843.929975,0
350881.67590000003,0
351035.5534,0
351073.4096,0
351164.79709999997,0
351432.5169,0
351448.308,0
351635.5103,0
351698.80480000004,0
351866.3623,0
351885.4931,0
351909.4224,0
351988.56070000003,0
352016.0191,0
352017.0841,0
352044.0025,0
352087.3252,0
352228.9089,0
352305.3345,0
352351.30700000003,0
352463.8593,0
352680.37069999997,0
352757.1393,0
352760.652,0
352798.249,0
352911.9067,0
353007.8452,0
353203.4414,0
353398.6932,0
353716.2615,0
353965.8467,0
354068.165625,0
354180.8387,0
354202.2834,0
354399.9784,0
354434.8861,0
354443.3865,0
354617.3981,0
354632.4054,0
354674.869,0
354869.8438,0
354887.733,0
354961.1903,0
355222.2552,0
355236.149,0
355275.8527,0
355523.7017,0
355582.0908,0
355976.8247,0
356022.4572,0
356170.2702,0
356324.6538,0
356395.9239,0
356547.4597,0
356553.5392,0
356582.9699,0
356662.5151,0
356670.4836,0
356727.6359,0
356796.532,0
357014.2274,0
357179.1062,0
357247.9729,0
357328.5663,0
357354.6406,0
357356.45160000003,0
357540.89269999997,0
357592.126,1774.5236333333305
357595.5437,0
357727.6143,0
357899.4089,0
357959.4796,0
358109.5926,0
358194.01029999997,0
358253.345,0
358436.3501,0
358493.5739,0
358515.89639999997,0
358530.66980000003,0
358538.71510000003,0
358539.3919,0
358643.3822,0
358849.9151,0
359087.6834,0
359103.3835,0
359136.7133,0
359180.6401,0
359272.1155,0
359334.2438,0
359343.5723,0
359409.71770000004,0
359562.8131,0
359563.93940000003,0
359586.1063,0
359622.0267,0
359747.468,0
360008.9487,0
360038.38910000003,0
360038.5255,0
360226.2759,0
360300.2999,0
360331.9038,0
360530.3418,0
360773.3275,0
360810.82779999997,0
360940.6529,0
360967.7924,0
360998.0259,0
361084.0525,0
361213.6507,0
361233.078,0
361358.3312,0
361527.0924,0
361566.4862,0
361644.0976,0
361851.4125,0
361943.8123,0
362019.2955,0
362060.1362,0
362085.6877,0
362218.6887,0
362240.0782,0
362546.4526,0
362638.2406,0
362758.1063,0
362795.3998,0
363137.5915,0
363161.43559999997,0
363428.3618,946.3439000000362
363444.1364,0
363509.8879,0
363644.3699,0
363873.4805,0
363891.907,0
363900.7998,0
364034.6225,0
364050.7374,0
364064.4085,0
364259.7894,0
364287.9421,0
364333.7199,0
364438.6849,0
364516.5269,0
364537.9247,0
364711.3419,0
364725.0201,0
364845.2976,0
364905.6662,0
364908.7744,0
364924.7244,0
365283.5104,0
365336.4203,0
365473.8275,0
365522.4038,0
365551.6943,0
365610.9951,0
365641.3119,3284.064999999944
365683.5632,0
365780.2169,0
365884.48,0
365902.9478,0
366093.1877,0
366163.6302,3398.4026000000304
366175.4444,0
366458.440225,0
366489.6984,0
366584.0989,0
366606.2805,0
366700.01529999997,0
366967.3144,0
367013.6767,0
367016.3848,0
367042.0814,0
367059.7487,734.2002000000211
367099.859,0
367122.2201,0
367126.7806,0
367169.9821,0
367216.9543,0
367693.0473,0
367793.3187,0
367811.5798,0
367814.0345,0
367953.3433,0
367977.9384,0
368092.5027,0
368143.745,0
368273.9775,0
368321.1354,0
368632.063,0
368659.3811,9038.320599999977
368699.7986,818.8571999999695
368721.3929,0
368802.7533,0
368880.5599,0
369119.9071,0
369409.7342,0
369473.0126,0
369474.5601,0
369578.3293,0
369596.0385,0
369706.35860000004,0
369716.5835,0
369730.9964,0
369806.217,0
369819.9623,0
370036.8877,0
370069.9274,0
370130.46499999997,0
370197.2577,0
370245.5514,3744.5385999999708
370262.81059999997,0
370813.7047,0
371063.7386,0
371586.7014,0
371640.27390000003,0
371659.0894,0
371866.6852,0
371902.4423,0
372002.5537,0
372014.8726,0
372026.4169,0
372032.1642,0
372234.0432,0
372500.74569999997,0
372553.9125,0
372656.44310000003,0
372788.7027,0
372975.053,0
372977.3383,0
373094.9235,0
373157.6051,0
373179.6274,3795.66869999998
373431.2293,0
373444.2231,0
373446.5267,0
373597.55,0
373900.8141,9419.970100000035
373948.4147,0
374035.24100000004,0
374049.6766,0
374233.2055,0
374562.33116666664,0
374696.8061,0
374748.3078,0
374847.8971,0
374870.67240000004,0
374877.3232,0
374922.0067,0
374961.414,0
375161.9417,0
375233.6253,0
375443.0731,0
375447.1337,0
375468.185,0
375547.5322,0
375661.7254,1706.4638000000268
375708.27139999997,0
375866.6765,0
375969.0095,0
376019.8047,0
376135.795,0
376219.4474,0
376251.0852,0
376280.51410000003,0
376567.947,0
376605.2568,0
376634.5291,0
376711.4169,0
376975.6703,0
376982.6076,0
377344.9965,1818.2938999999897
377458.4316,2419.3026000000536
377657.5682,0
377701.5632,0
377770.7077,0
377903.26410000003,0
377943.3739,0
377943.61195,0
378480.888,7475.3335999999545
378661.1873,0
378731.8906,0
378753.0737,0
378826.1417,0
378892.3378,0
379174.1419,3537.288499999966
379311.1205,3551.127700000012
379595.019,0
379744.1595,0
379909.2792,0
380039.5306,2304.771699999983
380359.5479,0
380369.1494,0
380481.4702,0
380623.7671,0
380800.0304,0
381032.1575,0
381056.8765,0
381366.9358,0
381490.7625,0
381517.4336,0
381526.0586,0
381728.6447,0
381829.4703,0
381861.12,1039.4603999999817
382007.578,0
382016.9265,0
382024.01910000003,0
382036.09876,0
382373.7708,0
382390.0088,5899.422900000005
382660.6884,0
382710.4186,0
382758.0944,0
382758.4189,0
382763.6148,0
383298.8135,0
383551.0842,11646.652299999958
383556.1476,0
383919.8284,0
384011.388,0
384127.4498,0
384316.3736,0
384318.3316,0
384507.9302,0
384598.9963,5331.4061999999685
384747.826,0
385188.3192,5999.447200000053
385257.73219999997,0
385335.085,0
385361.3047,140.89960000000428
385560.3565,0
385780.3007,8807.753700000001
385974.0209,0
386257.4099,0
386262.6548,9186.406300000031
386397.3313,0
386465.8661,0
386650.7954,0
386783.5294,0
386827.4741,0
387006.0642,0
387027.5041,6688.807100000035
387171.1855,0
387259.6438,2899.13400000002
387483.3331,0
387573.9973,10512.340099999972
387584.0168,0
387813.2643,5710.596499999985
387936.0973,0
388025.9917,0
388088.0942,0
388093.9472,0
388329.6521,0
388469.303,0
388508.1741,4741.885300000024
388629.5918,0
388946.389,0
389164.6679,0
389180.6338,4600.135799999989
389187.8814,11290.417700000049
389508.1772,0
390232.95629999996,0
390271.0774,0
390287.1996,0
390324.7723,0
390373.9838,0
390522.9526,0
390562.3504,4036.0579000000143
390701.9048,0
390859.0131,0
390955.5556,0
390991.2664,0
391199.8134,0
391313.9934,0
391417.78359999997,0
391490.8054,0
391607.3653,0
391700.6091,0
391706.8742,0
391750.7176,0
391866.64890000003,0
391954.8138,0
391972.8819,0
392223.8726,0
392522.6559,0
392696.2484,0
392805.4176,0
392850.7144,0
392904.1455,0
392915.0416,0
393027.0823,0
393031.0515,0
393278.2923,0
393728.2064,0
393730.83640000003,0
393991.1439,0
394040.423,0
394481.0838,0
394491.8333,5771.6475999999675
394958.2907,0
395045.986,0
395061.0789,0
395067.467,0
395138.06799999997,0
395200.9604,0
395332.205,10316.748599999992
395367.2201,0
395394.1965,0
395501.4421,0
395618.0752,0
395815.2894,0
395823.9525,0
395891.5305,0
396106.4104,0
396115.8112,0
396128.026,0
396187.7094,0
396249.5915,0
396266.493,0
396400.7811,0
396465.6508,0
396573.2991,0
396707.4924,0
396723.8097,0
396814.0395,0
396917.65108333336,0
397082.8749,0
397363.65,0
397654.4449,0
397737.7636,0
398006.8916,0
398009.41610000003,0
398114.44920000003,0
398196.1651,0
398397.0733,0
398467.4295,29532.845700000005
398748.6188,0
398797.8637,0
399053.0857,0
399618.8367,0
400741.6665,0
400896.3645,0
401061.1906,889.8796999999904
401883.4514,0
402058.7671,0
402068.72010000004,0
402149.9975,0
402281.1781,0
402637.7535,0
402678.3384,0
402870.9415,0
402992.9771,0
402996.9864,0
403126.0357,13497.152999999991
403217.8371,0
403411.4179,0
403634.7361,2138.794899999979
403892.72876,0
404047.3884,0
404080.3291,0
404191.6487,0
404288.6179,0
404447.2247,0
404578.2735,0
404585.16993333335,0
404749.0702,0
404866.6945,0
405014.5634,0
405222.4228,12401.785299999989
405231.3848,0
405263.9359,0
405473.371,16745.92479999998
405609.5131,0
405630.7307,8548.59970000002
405799.4568,0
405802.7882,0
406062.1949,0
406301.7974,0
406496.6508,0
406611.8566,0
406692.8279,0
406716.8011,0
406773.3212,0
407007.562,0
407073.007,0
407214.4655,0
407265.0889,0
407507.3431,0
407616.65548333334,0
407617.6033,0
407689.348,0
407891.4247,0
407979.8348,0
408013.2533,0
408075.9681,0
408462.274,0
408505.3505,0
408763.0937,0
408775.3109,0
408902.2092,0
409069.4714,0
409146.2038,0
409277.6952,0
409387.21,0
409509.478,0
409574.6554,0
409593.6679,0
409704.7314,0
409754.1695,0
409945.5014,0
410025.7416,0
410377.2278,21357.036599999992
410924.8259,11828.479999999981
410996.31,0
411109.836,0
411212.8902,0
411383.0052,10172.074200000032
411655.7944,11837.085300000035
411687.6794,0
411789.66615,0
411907.1915,0
412022.0224,0
412389.7149,0
412506.8188,0
412704.90020000003,0
412785.09653333336,0
412915.2531,0
412959.1608,0
413209.0563,0
413374.3052,0
413398.57660000003,0
413515.8223,0
413563.8406,0
413757.9501,0
414042.0645,0
414180.4562166667,0
414262.5476,0
414270.57420000003,0
414292.9097,0
414312.5873166667,0
414347.5422,0
414406.755,0
414444.9542,0
414558.3665,0
414558.5274,0
414627.9421,0
414649.2844,0
414692.676,0
414725.0292,0
414732.3749,0
414759.7567,0
414852.1267,0
414866.8613,0
414872.0081,0
414883.1946,0
414918.985,0
415018.1294,0
415105.9747,0
415222.1967,0
415328.8747,0
415341.7065,0
415374.0963,0
415500.7057,3528.657999999996
415566.8888,0
415608.5047,0
415908.03599999996,0
415922.5101,0
415975.5343,0
416053.4914,0
416133.6747,0
416264.654,9800.997800000012
416364.7109,0
416653.28740000003,0
416658.3664,0
416819.5379,11805.059899999993
416846.4184,0
416883.2422,0
417013.3059,0
417063.9518,0
417107.16370000003,0
417139.06728,0
417192.6399,0
417323.0215,0
417557.37056,0
417560.1076,0
417574.2894,0
417912.5772,0
417963.9662,0
417996.0334,0
418030.7943,0
418082.9468,0
418101.9732,0
418415.239,0
418473.2389,0
418758.853,0
418820.48840000003,0
418838.264,0
418909.5058,0
418940.9423,0
418975.9317,0
419068.3016,0
419097.4307,0
419242.5183,0
419479.21746666665,0
419574.9438,0
419618.5061,0
419985.8864,0
419999.176,22340.675699999963
420145.443675,0
420213.8981,0
420557.3831,0
420692.673,0
420865.1921,0
420895.3902,0
420980.5281,0
421074.64,0
421224.3465,0
421322.3862,0
421330.462,0
421408.0012,0
421485.8818,0
421503.7546,0
421619.8499,0
421689.8529,0
422036.2154,0
422143.7357,0
422295.0813,0
422438.6212,0
422630.467,0
422831.0026,4289.128800000006
422841.6168,0
423137.9173,0
423142.5984,0
423170.2361,0
423204.5188,0
423230.83759999997,0
423441.5551,3845.0974833333166
423444.8094,5640.604099999997
423558.5652,0
423673.0011,0
423786.1751,0
423792.1458,0
423798.441,0
423801.82004,0
423828.7463,0
424052.3835,0
424235.7333,0
424265.1564,0
424525.7352,0
424621.9432,0
424761.58768,0
424822.5869,1113.5213999999687
424862.1746,0
425047.0077,0
425146.2321,0
425173.89694,0
425211.5965,0
425219.10349999997,0
425255.0721,0
425299.9273,0
425375.219,0
425603.864,0
425634.708,0
425661.0162,0
425683.2745,0
425876.0971,0
425890.15009999997,0
426071.0403,0
426121.5883,0
426127.7189,0
426511.33759999997,0
426580.4938,0
426748.8265,0
426888.4058,0
426996.9968,0
427082.70900000003,0
427206.1437,0
427244.5969,0
427365.968,0
427377.5017,0
427405.2596,0
427434.029675,0
427747.4058,0
427757.4569,0
427812.6116,0
427860.2284,0
427894.908,0
427941.7855,0
428038.0108,0
428046.6667,0
428052.1193,6765.7281000000075
428089.5385,0
428102.3333,0
428302.1651,0
428310.8611,0
428332.9497,0
428590.4586,0
428701.2946,0
428854.0945,0
428856.3328,0
428948.1633,0
429044.3873,0
429190.5923,0
429247.3398,0
429343.7773,0
429511.3064,0
429516.2478,0
429596.6372,0
429608.0729,0
429751.9214,0
429775.5173,0
429854.1501,0
429886.7391,0
430084.628,0
430095.502,0
430111.4989,0
430468.4631,0
430521.1357,0
430527.202,0
430551.6162,0
430601.6174,0
430665.3272,0
430685.6693,0
430720.1433,0
430834.9215,0
430890.9521,0
430938.7824,0
431100.24679999996,0
431237.753,0
431419.7866,0
431505.9052,0
431679.386,1632.84169999999
431889.6484,0
432171.4842,0
432214.2592,0
432229.4464,0
432344.6911,0
432495.1858,0
432634.6523,0
432688.6304,0
432850.9916,0
432955.9922,0
433010.0987,0
433032.8466,0
433147.26769999997,0
433263.2769,0
433523.12682,0
433624.43976,0
433844.0922,0
433933.277575,0
434113.2754,0
434266.5688,0
434298.4028,0
434366.634,0
434639.9616,0
434692.0071,0
434839.0533,0
434856.9901,0
434861.6202,0
434883.1654,0
435075.5723,0
435115.7898,0
435199.8702,0
435262.6581,0
435266.2121,0
435383.8515,0
435482.9384,0
435610.3663,0
435832.192,0
435861.4536,0
435880.5646,0
435943.426,0
435969.4059,0
436107.4985,0
436270.0634,0
436406.7263,0
436431.4118,0
436478.4294,72.67800000001444
436486.4215,0
436682.2432,0
436751.0752,0
436854.66555,0
436973.3621,0
437025.8705,0
437164.4479,0
437357.9181,0
437439.5483,8258.503000000026
437513.6008,0
437525.2386,0
437579.6908,0
437690.5126,0
437739.855,0
437774.4419,5563.032099999953
437844.7475,0
438019.5154,1498.5179999999818
438080.8219,0
438176.3554,0
438179.9116,0
438194.2836,0
438454.9628,0
438521.0474,0
438641.9143,0
438747.6653,0
438878.31885,0
438911.1123,0
438914.9537,0
439019.3,0
439031.7274,0
439250.3292,0
439273.8162,0
439279.8823,0
439449.0602,13671.666000000027
439603.5409,0
439712.1966,0
439802.2638,0
439809.4854,0
439893.70290000003,0
439928.725,0
439956.8218,0
440022.7839,0
440086.2387,0
440186.8618,3655.0325000000303
440197.8592,0
440257.7619,0
440326.9561,0
440335.7531,0
440502.4192,0
440572.6445,0
440652.0158,0
440736.9183,0
440816.0643,10912.102300000028
441019.9999,0
441083.6494,0
441152.8838,0
441182.6801,0
441332.966,0
441466.7999,0
441477.7146,0
441566.0522,0
441664.2889,0
442032.7646,1837.4312999999966
442118.8241,8151.429300000018
442176.6724,0
442233.8988,0
442241.1258,0
442284.96510000003,0
442335.6125,0
442712.6229,0
442767.0371,0
443086.1647,0
443223.3371,0
443358.717,0
443425.6234,0
443435.789,0
443537.1836,0
443590.3024,0
443650.1861,0
443709.06,0
443755.3433,0
443806.5633,0
443828.9288,0
443860.4205,0
443862.30079999997,0
443944.9799,0
444071.4208,0
444201.3157,0
444210.39650000003,0
444345.3957666667,0
444366.23,0
444494.55700000003,0
444507.6338,0
444527.5114,0
444648.0161,0
444702.3462,0
444747.4401,0
445060.97609999997,0
445522.7592,0
445648.4165,0
445785.1683,0
446099.659,0
446301.5143,0
446382.839,2575.9402999999584
446391.9558,0
446490.1126,0
446533.118,0
446565.8863,0
446581.8237,0
446712.1459,0
446808.1714,22033.88249999995
446952.84,0
447013.317,0
447253.5357,0
447256.7246,0
447280.9273,0
447304.1149,0
447347.2877,0
447413.6098,0
447568.5338,0
447692.7447,0
447711.5541,0
448016.39650000003,0
448098.6688,1427.2620999999926
448142.555,0
448158.5018,0
448169.0513,14589.274199999985
448204.543,0
448220.2513,0
448226.7283,0
448300.3828,0
448314.2131,0
448327.33019999997,0
448520.2704,0
448547.3976,0
448774.4237,0
448815.0182,0
448951.9707,0
449029.6556,0
449089.5462,0
449175.5705,1148.6011999999755
449414.7056,0
449419.2799,996.6923999999999
449552.9707,0
449578.75333333336,0
449684.1835,0
449865.55449999997,0
449892.7121,0
450197.2044,0
450407.1958,0
450485.3458,0
450532.3833,0
450568.5285,0
450759.02619999996,0
450824.6481,2116.392899999977
451111.4085,0
451252.1826,0
451367.3504,0
451433.6844,0
451542.4755,171.1856999999727
451885.8893,0
451894.5985,0
451988.4362,0
452028.7008,0
452067.99199999997,0
452328.5921,0
452449.9404,0
452513.7229,0
452535.0978,0
452576.7694,0
452642.1987,0
452689.4954,0
452739.332,0
452915.2517,0
453007.89029999997,0
453150.7594,0
453163.22490000003,0
453174.0245,0
453318.0896,0
453538.69169999997,0
453580.64890000003,0
453649.1994,0
453696.1703,0
453763.9461,0
453964.9898,0
454028.21140000003,0
454077.3566,0
454090.3527,0
454299.4937,0
454462.6478,0
454635.9835,0
454772.7097,1084.7198000000208
454809.66130000004,0
454828.128,0
454907.9569,0
454918.8465,0
454935.9539,0
455049.5828,0
455244.5361,0
455249.796,0
455283.71270000003,0
455401.4379,9877.63910000003
455443.6129,0
455628.2451,0
455639.5238,179.98540000000503
455794.1091,0
455873.8946,0
456051.2596,0
456283.5697,0
456722.8485,26.602000000013504
456894.06440000003,0
457130.6022,0
457137.3141,0
457172.6121,0
457203.366,9008.815699999977
457383.4911,1278.2497999999905
457457.6314,1790.7486999999965
457721.38320000004,0
457847.70530000003,0
457911.8226,0
458077.581,0
458184.1772,1336.4162999999826
458279.1795,6168.630100000009
458315.9055,0
458323.1828,0
458351.2929,0
458406.4985,0
458467.0736,0
458508.13910000003,0
458617.7795,0
458677.7936,0
458814.871,0
459090.1903,0
459139.9205,838.015000000014
459178.6593,0
459397.8446,0
459513.5803,1350.0999999999767
459832.4836,0
460078.6346,0
460079.6901,0
460133.3832,0
460206.3884,0
460235.4386,0
460308.1886,0
460652.2449,6801.184100000013
460674.351,0
460910.2982,0
461200.0145,0
461283.2773,5800.116100000043
461338.6404,0
461375.8918,0
461383.7216,0
461400.6922,0
461429.4106,0
461498.1548,0
461644.191,0
461753.1858,0
461845.12995,0
461857.8747,8289.246799999964
462058.5514,0
462225.4144,0
462329.2117,0
462524.8816,0
462691.7228,0
462841.1115,994.608499999973
463219.6306,0
463376.31,0
463453.8887,0
463703.08759999997,0
463703.7314,0
463896.1281,0
463970.7624,0
464086.8775,0
464367.3744,0
464528.0931,0
464702.1876,0
464710.3155,0
464768.1838,0
464787.4936,0
464828.8988,0
465020.5581,0
465031.7981,6979.46669999999
465179.26379999996,0
465181.7758,1554.721900000004
465573.9339,0
465582.2366,0
465656.793,0
465726.13060000003,0
465730.3483,0
465814.794,1171.4837999999872
465887.9919,0
465919.0227,0
465960.4807,0
465967.5551,0
465992.0543,0
466234.0207,0
466324.6284,0
466512.0173,0
466526.2918,0
466548.5375,144.34950000001118
466632.5632,6923.233899999992
466642.3958,0
466687.9215,6554.998300000036
466713.879,0
466726.0201,2941.9841000000015
466806.3143,19267.730900000024
466867.7515,0
467009.6495,0
467112.2785,0
467147.1413,4481.146999999997
467167.6059,11878.67690000002
467324.3552,0
467663.9476,12647.250700000033
467714.6943,5612.508999999962
467747.4746,0
467773.9511,0
468133.3618,0
468170.0267,0
468177.8753,0
468189.0237,0
468362.3367,193.82869999995455
468498.8928,9146.140799999994
468729.5359,0
468888.5056,0
468979.3352,1739.0105999999796
469165.7964,0
469171.9461,0
469213.4243,4922.117499999993
469385.4743,0
469483.0681,0
469719.4753,0
470086.0614,0
470146.8748,0
470151.7783,0
470329.6902,0
470434.4704,0
470605.0076,0
470618.3976,6127.144200000039
470747.3627,5354.44319999998
471032.5098,704.5528000000049
471055.4307,3297.5317000000505
471104.3479,0
471546.3527,8322.614000000001
471583.4298,0
471652.5454,0
471676.6988,0
471755.1538,0
471894.0822,0
471942.3579,0
472000.0305,0
472073.9849,0
472434.6809,9030.798699999985
472451.4962,0
472454.7472,12133.982299999974
472680.596,0
472765.2345,0
472865.1563,0
472922.8702,0
473016.6477,0
473044.9882,0
473121.0972,0
473232.42209999997,0
473293.2599,0
473315.4272,0
473446.032,0
473611.0767,2810.6389999999665
473633.1294,0
473753.4502,6969.030200000037
474283.0922,4484.061800000025
474284.8717,0
474452.0109,9641.300899999973
474564.4354,0
475004.9377,0
475306.7509,0
475443.6239,0
475464.2244,3767.575599999982
475673.3976,6573.317600000009
475677.7677,425.35270000004675
475737.7265,0
475993.87296,0
476050.3929,3993.1566999999923
476097.6057,0
476355.9205,2965.723400000017
476366.1584,0
476444.8962,0
477051.1282,15679.022799999977
477255.246,1265.940100000007
477438.9867,0
477467.5569,305.96260000002803
477632.8827,0
477719.3128,0
477859.79339999997,0
478205.3143,0
478253.7392,0
478272.61214,0
478284.9915,0
478304.1231,0
478488.0092,0
478489.7305,0
478534.3698,0
478690.9767,10488.72629999998
478746.5271,3677.253800000006
479522.1191,0
479535.7772,0
479626.3465,0
479682.005,0
479936.8842,0
479943.9729,0
480180.4489,0
480302.3351,0
480345.5383,0
480365.812,0
480439.0205,1472.4518999999855
480658.7012,0
480665.4514,0
480672.0406,0
480674.77,0
480679.73360000004,0
480798.7133,0
480924.5636,0
480947.6558,0
481045.3405,0
481094.4067,0
481235.7312,0
481335.55449999997,0
481379.20046,0
481408.1262,0
481416.786,14727.673400000029
481616.0865,0
481693.5809,0
482287.3655,0
482364.5637,3187.0484999999753
482475.9372,0
482547.3552,0
482558.9314,6279.011899999983
482580.5586,22073.781399999978
482589.7501,3429.935600000026
482627.3091,12115.305300000007
482714.9453,0
482894.1057,0
482936.6722,3434.0442999999505
482975.6569,6620.795700000017
483154.30590000004,0
483191.6035,0
483332.2819,0
483347.8236,21039.112000000023
483402.7388,0
483665.9685,0
484085.9388,0
484107.4944,10981.323400000052
484291.4818,0
484368.6022,0
484392.7168,0
484622.2049,0
484672.2433,0
484674.7294,0
484721.1628,0
484978.2572,0
485226.6777,0
485284.0748,0
485369.7202,0
485565.6205,0
485653.0675,0
485742.4608,0
485859.2839,0
486363.5101,0
486456.5469,1873.7864999999874
486759.4646,4678.972600000037
486869.0325,0
487145.2226,0
487193.4399,0
487300.637,0
487770.1509,0
487788.5902,15089.029499999946
488005.9264,13906.522200000007
488022.6188,0
488201.4794,0
488613.3317,0
488789.4088,0
488991.0849,0
489123.6168,9884.098999999987
489161.607275,0
489201.7405,0
489342.2419,0
489418.0044,0
489652.2398,0
489660.9121,0
489726.572075,0
489948.8287,0
489956.3397,0
490091.4973,0
490161.127,0
490168.1098,0
490189.0647,0
490661.73,15422.72709999996
490749.7809,13820.051299999992
490824.4929,0
490845.0865,0
491269.6559,0
491317.387,0
491472.3594,11923.257199999993
491545.2774,0
491709.34739999997,0
491720.9273,0
491816.8518,8541.766999999993
491837.1514,0
491854.5735,4951.686099999992
492090.0745,0
492163.2744,16890.49079999997
492203.0466,0
492439.7289,11469.463400000008
492511.7418,0
492815.324,0
492835.8682,0
493143.1381,0
493558.769,0
493584.1055,28161.666200000036
493646.4938,13262.186400000006
493768.2602,0
493908.3784,0
493962.8328,0
494314.6532,0
494348.1817,0
494444.1357,24201.901699999988
494488.6905,0
494636.5213,0
494840.917,0
494853.4223,0
494900.0142,0
495067.3092,0
495468.1497,0
495509.90538333333,0
495569.3131,0
495677.4466,0
495713.5641,0
495762.60730000003,0
495773.6332,0
495951.9785,0
496295.6803,0
496364.5734,0
496464.6004,10139.664400000009
496726.1172,0
496889.8663,0
496921.1347,448.01860000001034
497037.8085,0
497135.8228,10943.783400000015
497189.4044,0
497407.7769,0
497526.90578,0
497639.3448,0
497644.1002,0
497698.5362,0
497843.2049,0
497970.9125,0
498004.4575,23831.472100000014
498080.6221,0
498107.5126,0
498222.1616,0
498228.0923,0
498567.2628,0
498605.783,839.9966000000131
498629.7978,8761.324800000002
498695.7842,0
499405.8564,18061.974400000006
499543.1596,0
499552.7271,1341.237599999993
499563.2815,0
499573.1634,0
499615.63910000003,0
499627.81440000003,0
499743.93005,0
499937.4452,0
499974.195,0
500083.58869999996,0
500200.1027,0
500247.8079,4675.911599999992
500281.116,0
500376.1762,0
500405.8874,0
500547.5662,11053.294400000013
500694.0294,0
500777.8236,0
500909.438,8566.742400000046
501069.2727,188.63768333330518
501086.7535,0
501123.1139,0
501270.1511,0
501334.3704,0
501419.1085,8944.830799999996
501420.056,0
501497.2343,7647.627299999993
501524.0054833333,0
501564.7216,0
501588.487,0
501606.7288,0
501759.7846,832.2394000000204
501797.6292,0
501861.8153,0
502093.227,0
502093.58305,0
502161.8117,0
502168.4256,0
502311.4758,0
502342.6407,0
502501.5477,0
502557.7522,5130.907100000011
502652.211,0
502706.8304,0
502878.8831,0
502883.299,0
502964.3747,0
502993.204,0
503005.1005,10255.156299999973
503017.3598,0
503023.8392,0
503163.6813,0
503227.9026,0
503395.768,0
503702.8299,23698.095900000015
503898.5353,0
503977.2524,25404.300300000003
504125.99834,0
504650.7362,4649.731899999955
504741.11874,0
504992.2472,0
505069.4559,0
505175.1136,0
505345.0516,0
505845.002,0
505932.5922,1880.291825000022
506025.1784,0
506231.1681,0
506336.3504,0
506388.96275,0
506538.5246,8450.07250000001
506603.21270000003,0
506766.69888333336,0
506804.5795,0
506854.8183,0
506931.7126,0
507014.0241,0
507186.3802,0
507273.1727,0
507274.3711,0
507274.8737,0
507288.0511,0
507293.861,0
507547.8529,0
507586.0049,0
507686.3114,14459.80310000002
507689.3405,0
507694.0938,9308.418000000005
507697.6479,0
507823.2999,0
507964.81070000003,0
507966.42,0
508123.0629,121.88380000001052
508262.4144,0
508300.8953,0
508363.1866,0
508384.3479,0
508613.7743,0
508660.3088,0
508753.925,0
508780.5142,0
508798.8167,0
508806.299,0
509004.3238,0
509028.8417,0
509064.6098,0
509255.9998,0
509295.4328,10074.175099999993
509316.8136,0
509463.3716,0
509778.5431,0
509788.3076,0
509989.8097,0
510250.7994,0
510411.9371,0
510586.7842,0
510649.8781,4794.5315999999875
510713.57660000003,0
510794.3487,0
510798.9452,0
511034.326,0
511226.0107,3812.4442999999737
511412.6313,0
511673.6018,0
511752.994,0
511916.0502,0
512037.7949,0
512139.4775,0
512284.8816,0
512388.8373,0
512448.7855,0
512513.5299,0
512590.4326,0
512633.0815,0
512713.4692,0
512756.9717,0
512835.78859999997,0
512858.67,0
512876.2144,0
513095.5242,0
513187.5794,0
513678.4862,0
513699.44375,0
513761.1514,0
513764.2664,0
514099.7498,0
514101.8627,0
514215.5227,0
514237.85109999997,0
514620.8359,0
514862.2167,0
514872.9329,1485.2480000000214
514876.2615,0
515035.4456,0
515081.2084,0
515262.7809,0
515280.8212,0
515306.0808,0
515363.4311,0
515374.7011,0
515478.0093,0
515527.8283,7965.002479999966
515610.6581,0
515709.4779,0
515721.4613,0
515750.2158,0
515754.7473,0
516323.0487,0
516333.6671,0
516347.0468,0
516479.4714,0
516567.3332,0
516622.7754,0
516926.7349,0
517083.9329,11649.929200000013
517104.3381,0
517221.0245,0
517334.8701,1430.4467000000295
517396.9933,0
517441.7504,0
517446.03489999997,0
517469.6296,0
517666.1971,0
517793.2809,0
517979.82753333333,0
518013.3777,10464.83659999998
518055.6787,0
518056.7667,0
518087.6032,2325.5878000000375
518195.9013,0
518279.8057,0
518328.9929,0
518399.3525,0
518444.0576,0
518454.78698333335,0
518676.7831,0
518872.2002,0
518893.1386,0
518917.2022,0
518959.8921,0
519098.3772,0
519146.80295,0
519208.7724,0
519268.1848,39665.50039999996
519607.5787,0
519659.0739,0
519784.9086,0
519819.5513,0
519876.6318,0
520045.2598,0
520077.1728,0
520402.7685,0
520425.19909999997,0
520535.3929,0
520636.5561,0
520685.47490000003,0
520697.5982,2376.311300000001
520719.6159,0
520929.9668,0
520979.1853,0
521022.1168,0
521082.8466,0
521093.1982,0
521163.2426,0
521560.3185,0
521692.7575,0
521696.1696,5080.751600000018
521704.4653,0
521901.2245,0
522095.8236,3589.7978000000003
522102.0027,0
522157.2363,0
522165.4715,16556.13829999999
522462.6508,13780.561400000006
522489.312,0
522613.0635,0
522678.0961,0
522705.0177,5764.656200000027
522730.33999999997,0
522822.72239999997,0
522855.249,0
522893.5071,0
523084.5626,0
523092.2622,0
523140.5444,0
523496.0991,0
523550.5039,11297.04330000002
523573.257,0
523643.2063,0
523704.2933,0
523728.0247,0
523735.0326,1079.7563999999547
523738.1353,0
523777.3763,5112.137800000026
523788.9586,0
523915.50179999997,0
524133.0771,11750.95120000001
524270.3254,1651.1355999999796
524294.9697,0
524345.7894,180.9023000000161
524508.9713,7025.799899999984
524618.7771,0
524774.0702,0
524792.819,0
524800.0574,0
524855.5959,0
525065.7477,0
525141.9541,0
525439.7891,0
525514.5448,0
525546.2335,0
525824.8112,0
525971.4393,0
526010.9046,0
526027.8756,0
526135.5767,0
526235.8203,0
526307.1983,0
526355.2544,0
526489.9516,7621.829800000065
526593.5478000001,0
526603.0787,0
526630.8195,0
526888.1785,0
526906.4357,0
527120.4704,0
527268.4129,0
527316.1224,0
527322.0857,0
527427.9557,5001.591200000024
527482.2202,8207.818899999955
527497.681,0
527692.7217,1553.6001999999862
527740.71,0
527837.9792,0
527944.0935,0
527948.8414,1147.3790000000736
527998.8464,0
528038.3919,0
528074.0236,4258.331399999966
528127.1502,0
528142.4638,0
528225.1036,2967.872100000037
528332.0452,0
528422.2962,0
528662.6043,0
528676.1858,0
528692.6935,8083.787500000035
528777.6984,0
529186.5969,0
529493.4241,3662.0366999999387
529497.1367,0
529503.728,0
529508.2175,0
529568.2145,0
529584.4377,0
529634.3926,0
530355.3407000001,0
530405.9636,0
530698.4618,0
530793.5621,0
530836.7433,9848.047099999967
530916.4823,0
530925.7667,0
530950.91,0
530951.01304,0
531059.0872,0
531208.783,0
531279.1243,0
531312.3692,0
531353.529,0
531354.1073,0
531485.2151,0
531608.2493,0
531611.0504000001,0
531619.051,0
531724.8585,0
531769.1243,0
531771.0336,0
531777.1493,0
531877.0562,0
531966.0096,0
532334.165,0
532492.707,5002.523099999991
532869.4271,0
532916.2166,0
532987.1946,0
533026.3595,0
533135.8129,895.1676000000443
533260.5085,0
533403.9909,0
533470.2051,0
533538.8802,10768.267300000007
533562.7331,0
533590.2086,0
533595.1616,0
533646.7752,0
533698.7727,0
533812.9831,0
533848.548,0
533958.7366,0
534003.5284,0
534110.7172,0
534205.5992,0
534404.3921,0
534418.7481333333,0
534674.9424,0
534733.9576,0
534925.8804,0
535113.4668,0
535318.9895,0
535567.2124,0
535605.3793,0
535637.5447,0
535748.0643,0
535863.1423,0
535880.4815,1798.7598999999464
535940.7051,25228.635100000014
536047.887,0
536080.6174,0
536148.6343,0
536238.9399,2772.0071999999927
536359.6999,0
536375.7592,0
536422.9767,0
536547.9721,0
536775.5186,0
536834.3906,0
537013.9727,0
537112.3592,0
537123.6877,0
537210.6623,0
537345.1906,4071.0906999999424
537355.8216,0
537356.2675,0
537464.0319000001,0
537670.149,0
537978.8588,0
538019.1349,0
538140.2822,0
538275.4932,0
538426.1116,0
538540.7252,0
538555.1877,0
538639.767,0
538827.5754,0
538894.0905,0
538963.798,330.34439999994356
538968.2533,0
539024.2952,0
539153.9518,0
539356.3103,0
539636.9553,0
539664.5621,0
539875.1272,0
539938.959,5688.932600000058
539948.564,0
540123.1384,1943.204400000046
540138.0072,0
540230.1732,2656.2976999999955
540337.198,11507.844299999997
540376.5103,0
540603.8816,0
540637.2332,0
541094.4698,0
541286.0006,13282.526500000036
541294.7002,9043.96379999991
541569.9728,1093.9893000000156
541611.0349,0
541690.3408,0
541773.7299,0
541776.8096,0
541787.9979,0
542156.5195,0
542167.1338,4344.068800000008
542242.6403,10723.052099999972
542246.6708,8768.470399999991
542389.4738,0
542550.2644,0
542641.7692,0
542668.7529,2524.851799999946
542767.2069,0
543050.7907,14517.76529999997
543118.0167,136.57280000008177
543163.7235,0
543177.2587,0
543207.0815,0
543573.291,0
543777.0855,0
543817.098,0
543918.4428,0
544029.9661,0
544212.572,0
544245.5619,0
544273.8706,0
544403.9717999999,0
544510.562,0
544547.2654,0
544599.5862,597.7554000000237
544635.9848,0
544680.3831,0
544961.7728,0
545042.9792,0
545218.2333,0
545228.9553,0
545295.4328,0
545300.3184,0
545303.5342,0
545567.7485,0
545605.4235,0
545825.5702,0
545839.4096,0
545880.3139,0
545942.503,0
546036.9557,4673.5429
546194.842,0
546257.6722,5430.358600000036
546366.0645,0
546500.2311,0
546508.981,13830.364500000025
546671.9407,0
546714.9172,0
546828.2747,0
546906.2587,0
547041.4392,0
547116.9834,0
547209.9188,0
547314.994,0
547317.5257,1593.219999999972
547452.9408,0
547524.7345,0
547567.3586,1939.988000000012
547627.9197,0
547721.0582,0
547868.1477,0
548172.0234,0
548208.7026,1158.8574999999255
548242.5943,0
548312.9484999999,0
548421.7616,0
548476.0843,0
548481.4412,0
548521.841,0
548550.714,0
548552.3751,5095.969999999972
548918.4403,1106.5121999999974
549120.7116,0
549159.3251,0
549475.2555,0
549568.7063,18702.822399999946
549613.4949,0
549859.0729,12114.116700000013
549944.0807,0
550035.5322,0
550139.6067,0
550247.0323,5748.054399999906
550514.7605,0
550516.2343,12908.58600000001
550531.4907,0
550675.6384,0
550689.1113,0
550798.5765,0
551005.4327,31.131999999983236
551125.7648,0
551166.3073,0
551177.3025,0
551179.7243,418.4035000000149
551212.5243,0
551263.5176,0
551450.9192,0
551487.5988,0
551551.4163,10035.823100000038
551803.8896,4031.695799999987
551946.07996,0
551954.9648,2915.1930999999167
552055.0967,4237.027000000002
552081.8552,0
552100.9,3687.2119333333103
552520.9007,0
552531.807,0
552720.6088,1316.8267000000924
552737.3886,0
552802.1905,0
553317.5816,0
553544.2523,0
553779.8612,6581.508600000059
553937.7022,8881.8857000001
554018.1541,0
554165.3471,0
554184.4381,1611.2756000000518
554258.1812,0
554310.4372,0
554435.0842,0
554765.7286,0
554766.106,0
554766.49275,0
554785.2567,3697.387800000026
554843.445,1937.6811999999918
554849.0679,0
555068.5439,0
555143.5626,0
555268.0711,2621.122999999905
555373.13,0
555432.888,963.6025999999838
555477.1343,0
555758.8107,2971.9183000000194
555938.0253,9805.56799999997
556246.5956,0
556699.7053,0
556835.7153,0
556972.9161,9887.904900000081
557023.906,0
557177.55,0
557183.7367,0
557322.9647,0
557446.1916,793.4574000000721
557483.8606,0
557567.0815,0
557617.1886,13794.668599999975
557861.1227,0
557880.6884,0
557892.4851,0
557899.8094,0
557899.8233,0
558135.3042,0
558220.6045,0
558453.0228,2116.225700000068
558538.8614,0
558586.8247,0
558760.1981,0
559120.9984,0
559163.2527,5812.723200000008
559186.1137,0
559400.4166,5200.632100000046
559500.0305,2515.05130000005
559541.5141,0
559615.1851,1852.0233999999473
559687.9242,0
559800.1561,0
559800.5721,0
560018.4571,3788.1911000000546
560110.2216,7775.586300000083
560145.8542,0
560189.7825,5141.44319999998
560255.2169,0
560665.7108,0
560666.5464,2096.094999999972
561473.371,10035.704900000012
561546.645,27988.45079999999
561555.1285,3572.300099999993
561708.1334,0
561721.8226,0
561787.0721,0
561788.9282,0
561813.5359,0
561894.9963,966.1439999999711
561932.2437,6199.528199999942
562030.7397,0
562145.3879,0
562485.4919,0
562574.2141,4422.814699999988
562756.8296,19726.012600000016
562931.2248,0
562953.2876,0
563136.889,3728.096499999985
563291.2282,12821.126300000004
563629.2286,0
563711.5164,9013.070899999933
563765.1782,0
563813.378,5118.332400000072
563849.6089999999,0
564248.953,5176.780199999921
564327.4326,17870.621599999955
564347.1071,0
564357.0203,12043.704700000002
564357.3642,0
564363.233,13610.036800000002
564771.3773,0
564841.2327,0
565061.9488,0
565338.4437,0
565840.2041,0
566026.7935,0
566042.6266,12748.633499999996
566074.3534,6390.558300000033
566096.1384,0
566116.1369,11711.547600000049
566299.7148,25.34714999992866
566362.2675,0
566372.6816,4482.38049999997
566528.8672,0
566567.7633,12669.022600000026
566692.6292,0
566704.9547,16878.393225000007
566715.0168,0
566783.8294,3793.954000000027
566909.1928,1831.675900000031
567163.3341,0
567166.0045,15781.552800000063
567184.7316,29089.38750000007
567292.1695,0
567294.2986,1121.0211999999592
567302.3838,0
567312.3464,11345.068000000087
567430.9475,7611.319400000037
567442.1134,0
567496.8508,3047.9403000000166
567605.5087666666,0
567672.1356,0
567780.1786,0
568072.3493,0
568345.4669,0
568499.6486,0
568773.2177,0
568778.9334,0
569145.0173,0
569198.8581,10206.453199999989
569313.6618,0
569400.28,3462.0034999999916
569925.6111,0
570030.0933,0
570051.2507,0
570069.1942,0
570111.2283,0
570122.8661,14318.050474999938
570182.5739,1633.874899999937
570313.0873,10216.151399999973
570490.8179,0
570514.0249,0
570657.8103,0
570740.4055,1371.0805999999866
570743.8871,0
570849.4037,0
570972.9796,12583.460899999947
571023.3853,0
571140.998,0
571264.0732,0
571369.3793,0
571419.869,0
571525.9223,19845.338499999954
571546.0481,3478.4967999999644
571684.6982,0
572091.0149,6651.863399999915
572301.678,0
572316.1546,0
572316.2694,5803.106599999941
572459.1491,0
572549.3501,7787.06706666667
572722.0222,5573.007800000021
572902.2044,0
573012.915,0
573284.422,0
573325.85122,0
573340.5349,1210.5921999999555
573382.9567,11138.154600000009
573447.1249333334,0
573487.632,14693.82640000002
573968.5855,13658.402700000093
574226.4985,0
574317.2558,3187.9091999999946
574752.1349,3917.439999999944
574952.5983,0
575053.3837,0
575277.1968,0
575278.1844,0
575380.198,3242.512299999944
575722.2358,0
575733.3318,0
575747.0238,0
576028.2772,0
576088.354,9628.625366666703
576145.5591,0
576159.4911,11217.967999999993
576225.3001,0
576332.1937,0
576589.356725,0
576763.2517,0
576818.0035,0
577066.0719,7091.650999999954
577148.3857,0
577239.3027,0
577387.0976,0
577416.3128,2271.2057333332486
577514.0064,4451.5779999999795
577994.782,0
577996.7772,15584.338899999973
578138.8015,26367.069099999964
578206.1932,1627.8375000000233
578318.907,1330.045599999954
578322.6952,0
578393.1451,0
578455.4203,19119.492899999954
578892.9132,0
579095.3057,0
579105.1249,0
579465.5791,0
579571.1425,23267.266999999993
579724.1932,0
579749.6876,0
579782.3465,0
580326.8941,0
580501.2203,0
580598.8269,0
580618.1417,17510.15186666674
580776.8119,7594.12089999998
580783.3901,0
580869.509,0
580870.8003,0
580968.1125,0
581030.6532,13646.095699999947
581064.2248,23873.051600000006
581074.6039,0
581194.043,0
581213.1476,0
581653.2649,3307.986399999936
581708.0709,5193.657600000035
581716.9942,0
581966.9658,0
582037.272,0
582102.6555,2358.3547000000253
582265.7931,0
582291.77,0
582624.1516,12133.257199999993
582661.1734,0
582713.0237,0
582757.6525,0
582819.7057,0
583119.6582,10614.865099999937
583362.5595,0
583428.9663,0
583502.8529,0
583721.0617,0
583941.2721,0
584009.1882,0
584067.9094,0
584208.4165,5330.139200000092
584504.0512,0
584693.7079,10639.173400000087
584764.5591,0
584852.0458,0
584900.6227,0
584939.334,20178.554100000067
584965.35185,0
585245.75865,0
585250.8716,8793.276399999973
585256.1308,0
585450.6049,0
585535.9176,0
585605.9851,0
585802.3037,0
586161.3099,0
586196.4334,0
586264.2135,0
586462.3722,0
586670.372,0
586703.7376,0
586765.9456,0
586969.7301,0
587036.506,0
587358.0366,0
587598.4926333333,0
587617.6804,0
588054.5881,0
588160.091,0
588173.1798,0
588254.2784,0
588291.4511,6637.477099999902
588335.7311,0
588358.6298,12292.8517
588451.4973,0
588522.3728,0
588840.9674,0
589061.0183,0
589079.4833,0
589115.4959,0
589309.0311,0
589407.8957,0
589418.2631,8894.912499999977
589623.3673,0
589750.8585,0
589781.745,20778.794400000013
589800.0937,0
589856.5548,0
589863.963,0
590304.1029,0
590630.7903,0
590728.3083,0
590811.1039,0
590952.167,0
591032.1524,0
591247.66,0
591494.55,24693.40490000008
591758.1755,0
591795.9358,0
591819.2919,0
591869.0932,0
592088.0622,0
592246.7463,0
592289.7043,0
592498.809,0
592715.6912,0
592725.7937,0
592776.4911,0
592781.9453,15649.495283333352
592829.9851,0
592891.849,0
592961.1904,0
593208.8161,0
593209.5085,0
593295.4461000001,0
593299.301,0
593314.704825,0
593344.158,0
593362.5018333333,0
593607.9195,0
593647.9879,0
593733.3321,0
593980.3613,0
594084.2867,0
594120.4849,0
594174.7812,0
594242.9558,0
594471.4262,18154.57660000003
594493.7675,0
594498.2535,0
594549.5952,429.9860000000335
594601.8842,0
594632.0856,0
594913.2267,0
595098.2138,0
595242.0492,0
595392.6349,0
595435.8259,0
595445.5498,0
595550.9958,0
595966.8622,0
596196.9785,0
596271.4426,0
596277.8122,0
596312.3981,0
596327.8331,0
596538.0933,0
596716.9829,0
596724.9648,0
596736.6917,11082.23450000002
596840.7837,0
596975.1311,0
597210.5568,0
597279.4318,0
597294.40246,0
597511.1536,0
597724.3658,0
597795.6938,0
597890.0387,0
598320.6151,0
598395.948,0
598443.786,0
598451.4244,0
598628.8455,0
598698.8582,0
598702.601,0
598894.7516,0
599013.2415,0
599364.4156,0
599506.0404,0
599567.2413999999,0
599656.576,0
600143.5365,0
600246.1983,0
600376.2473,0
600406.7745,0
600429.7056,0
600579.5798,0
600783.1431,0
600811.6984,0
600906.7582,0
601021.1078,0
601084.9736,0
601163.0533,0
601339.5865,0
601425.627025,0
601435.1525,0
601669.6167333333,0
601742.0999,0
601747.6074,0
601816.5502,0
601823.3315,0
601831.0289,0
601875.9316,0
601919.8663,0
601954.5494,0
602133.4003,0
602148.4713,0
602181.6121,0
602248.8535,0
602278.5965,0
602395.5025,0
602625.82696,0
602730.1808,0
602915.1299,0
603000.4491,109.50049999996554
603124.3752,0
603194.7679,0
603206.0967,0
603378.77,0
603403.651,0
603425.5175,0
603436.4333,0
603506.5485,0
603508.9347,22509.854799999972
603575.726,0
603751.004,0
603816.9459,0
603858.9799,0
603868.7832,0
604232.437,0
604557.6525,0
604579.5286,16280.96259999997
604647.126,0
604997.8146,0
605158.9313,0
605512.23,0
605653.6474,21085.481600000057
605784.6921,0
605814.5948,0
606006.0866,0
606025.4083,0
606107.3363,1519.5717999999179
606123.3744,0
606272.9421,0
606282.8043,0
606299.4974,0
606391.0487,0
606707.7418,0
606770.3172,0
606973.9429,0
606986.3531,9871.97809999995
607051.4416,0
607120.6187,0
607233.1142,0
607361.3351,0
607464.402,0
607572.9421,0
607674.121,0
607882.5435,0
607956.2163,0
607966.4018,0
608053.471,0
608250.582,0
608374.5689,0
608443.3689,0
608594.7788,0
608696.1468,0
608727.8129,0
608739.2572999999,0
608774.1193,30247.08070000005
608888.5956,0
608996.2484,0
609069.5673,0
609144.1508,40300.24829999998
609191.8329,0
609219.8645,5131.229900000035
609264.2913,0
609349.2971,0
609412.4192,0
609470.5323,1542.3318999999901
609584.3999,0
609678.4849,0
609816.443,0
609916.3954,0
610109.8678,0
610120.0907000001,0
610167.03,0
610217.0825,0
610396.9207,0
610426.5064,0
610491.2914,0
610505.5509,0
610511.63,0
610615.753,0
610726.2902,0
610793.5515000001,0
610796.0974,0
610993.2367,0
611020.1864,0
611027.3569,990.2800000000279
611113.9063,0
611199.8827,0
611258.9912,0
611362.6594,0
611433.1597,19061.303399999975
611608.0103,0
611623.2946,7194.144300000044
611774.4021,3153.2868000000017
611854.5249,22733.453499999945
611891.3682,0
611948.3226,14111.908799999976
612085.7293,0
612397.7875,0
612398.4562,0
612628.8262,0
612638.6268,0
612685.7117,0
612744.1331,0
612765.2401,0
612778.1113,0
612798.4938,0
612836.5576,0
612885.1115,1355.5265000000363
612934.3806,0
613001.3269,0
613025.1827,0
613073.3025,0
613073.6913,0
613190.2208,0
613422.7586000001,0
613477.6822,0
613485.4986,0
613581.2688,0
613695.3572,0
613721.6663,47432.070400000084
613749.9673,0
613799.9749,0
614132.464,0
614152.4298,0
614153.1182,0
614311.6915,0
614333.2073,0
614488.8439,0
614516.5981,336.22689999989234
614599.3888,0
614635.2639,0
614707.5001,2918.7540999999037
614778.8447,0
614780.4472,0
614816.8946,0
615066.2661,0
615085.4561,0
615115.8411,0
615129.8874,0
615171.2494,0
615313.1856,0
615422.362,0
615463.5713,0
615496.0364,0
615523.7666,0
615662.0228,3052.5185000000056
615664.3087,0
615794.3579,7811.76529999997
615810.6858,0
615897.3467999999,0
615934.7149,0
615954.256,0
615983.2952,0
616119.5429,0
616239.5885,0
616261.8327,0
616286.2180999999,0
616351.5835,0
616415.8874,0
616538.5179,0
616645.6726,0
616925.3427,0
616932.7075,0
617240.2422,0
617244.151,0
617425.6939,0
617497.4445,0
617676.7459,0
618056.6015,0
618074.0173,1252.9471999999369
618415.8503,0
618427.6146,0
618446.3183,0
618471.1609,50.502500000060536
618548.2676,0
618581.1236,0
618798.98,0
618944.4304,0
619075.2055,0
619090.775,0
619099.5266,0
619158.9521,0
619340.8236,0
619361.6435,0
619459.5816,4535.75569999998
619469.028,0
619476.6682,10729.35216666665
619901.0158,0
619924.8866,10020.21140000003
619957.7653,0
620023.6555,0
620117.8505,0
620245.832,0
620276.9487,0
620460.3608,0
620463.9723,0
620533.5322,3931.655999999959
620546.9434,0
620581.7082,1784.2506000000285
620606.8748,0
620707.2609,7844.762899999972
620839.5284,1517.7391999999527
621040.8791,0
621096.5271,0
621373.0262,5048.332300000009
621404.0017,0
621419.8313,4021.7437999999383
621437.4775,0
621641.9602,0
621668.0252,0
621681.855,0
621889.1839000001,0
621913.2639,0
622025.8092,1665.4616999999853
622043.9039,0
622076.1436,0
622111.0782,0
622214.9457,0
622301.7905,0
622343.963,0
622543.438,1731.90149999992
622583.5397,0
622747.9253,0
622759.2331,0
622777.8001999999,0
623013.9359,0
623019.0144,34664.929000000004
623054.0255,10068.85426666669
623547.8402,0
623556.3144,1211.3851000000723
623797.4149,0
623971.0013,0
624057.0195,0
624057.3013,0
624144.0623,507.311699999962
624152.5332,0
624670.3455,0
624673.1663,0
624722.7751,0
624792.9545,950.5128999999724
624817.6389,0
624921.6401,0
625043.2018,0
625075.6854,3266.5659999999916
625393.9656,6222.99040000001
625544.3479,7670.196500000078
625635.081,0
625817.3794,12952.540299999993
625848.6223,1841.8791000000201
626272.7639,0
626599.583,0
626673.7424,98.6927999999607
626840.6743,1136.386599999969
626926.622,1925.188199999975
627156.7508,0
627221.3511,6122.520000000019
627277.8126,0
627308.174,10549.477199999965
627501.2734,0
627595.3267,0
627601.5567,10742.826999999932
627664.8616,0
627691.341,0
627695.2644,0
627830.5081,100.33860000001732
627865.8847,0
627918.6203,0
628136.9086,6292.517299999949
628156.6288,0
628184.5411,0
628235.9484999999,0
628312.9865,2681.040500000003
628534.7086,5956.358000000007
628589.8372,0
628668.9113,0
628817.2907,6056.426600000006
629131.2624,8173.646199999959
629139.0647,0
629149.1179,4064.458400000003
629279.6407,4361.880899999989
629543.4186,0
629560.5591,0
629732.0349,0
629732.8596,0
629745.6554,0
629820.5988,2465.3012000001036
629938.4889,0
630351.2352,16973.522400000016
630383.2728,1924.2460999999894
630449.8506,0
630521.4881,0
630583.8338,0
630604.987,0
630723.523,0
630726.605,0
630984.792,0
631073.4864,0
631139.4022,0
631228.905,257.84210000000894
631231.7855,0
631303.7748,0
631427.8093,3580.9693999999436
631499.6022,0
631542.4572,0
631747.3401,0
631998.7138,0
632080.407,0
632128.3962,0
632363.6105,0
632364.336,0
632546.3295,0
632668.2035000001,0
632754.4725,0
632829.9569,0
632851.5834,0
632857.5645,2245.950199999963
633028.742,2099.9381000000285
633037.9087,0
633055.1768,0
633079.9905,0
633122.5895,6899.971699999995
633146.1598,5493.281000000075
633182.0586,0
633463.451,9870.384199999971
633522.4771,0
633679.8429,0
633691.69,0
633742.2012,0
633891.4144,0
634029.2032,0
634089.1626,3958.5855000000447
634731.4373999999,0
635115.5146,14490.10129999998
635268.5962,3515.3815000000177
635276.2509,0
635463.7781,27590.239100000006
635708.6791,0
635849.0707,0
636161.2151,0
636223.4726,8893.82369999995
636387.4979,0
636502.0587,0
636549.1688,0
636627.5223,12875.785199999926
636688.074,0
636805.0264,0
637186.7339,0
637311.9557,0
637398.8474,12824.139800000004
637487.1231,3176.984999999986
637493.9377,18165.25959999999
637540.7383,0
637692.1866,1442.4189000000479
637699.5291,0
638275.2521,3822.511300000013
638359.8862,17762.5223999999
638661.9268,0
638666.782,0
638753.74606,0
638861.7254,5657.939999999944
639002.4398,0
639074.3929,4153.434299999964
639155.8662,11583.741600000067
639224.0618,0
639442.9121,0
639568.408,920.5572999999858
639569.1414,10377.82349999994
639630.0419,5291.3027
639769.9088,2045.264199999976
640140.1229,2456.474399999948
640245.5887,11716.617800000007
640337.5337,0
640473.8796,0
640556.2708,0
640640.4469,3359.4825999999885
640686.7142,0
640791.3988,0
640870.6085,0
640951.2262166666,0
640956.0512,0
640986.1718,0
641058.5976,8970.402299999958
641083.9885,0
641316.2471,0
641446.8119,0
641591.1381,2395.1526000000304
641622.9657,7992.74729999993
641641.2961,0
641681.9809,0
641781.1824,1006.4246000000276
641801.929,10887.837100000004
641831.7104,0
641888.6238,13529.466799999936
641993.3102,0
642065.6793,0
642260.3222,0
642481.7364,0
643458.8465,0
643472.0208,18233.84380000003
643611.7117,0
643697.0843,0
643700.955,1026.108899999992
643725.0901,3674.2950999999885
643781.3992,0
643801.7697000001,0
643960.3318,1692.735800000024
644088.3882,0
644273.2143,0
644285.8341,0
644433.9865,0
644534.6032,0
644554.7311,0
644634.3129,11910.773200000054
644648.7197,0
644965.1436000001,0
645103.153,0
645181.8787,0
645222.66,0
645280.9217,0
645486.8993,0
645576.371,0
645743.0192,2435.6392999999225
646182.0004,2399.910099999979
646244.6986,0
646504.4808,0
646701.6645,0
646767.6382,7094.335700000054
647040.4855,0
647149.4837,0
647205.4258,4274.515799999936
647355.46146,0
647399.0444,0
647400.5315,0
647517.5203,0
647573.3296,8047.346800000058
647644.4753,0
647782.8229,0
647922.9876999999,0
647979.6574,19368.048900000053
648016.1834,0
648288.3022,4584.325200000079
648415.8011,2909.414300000062
648701.077,0
648931.3388,0
649046.0347,0
649253.0617,0
649545.9507,0
649646.4301,1840.0581999999704
649724.3173,0
649777.7516,11484.404800000018
649784.9240666666,0
649860.3589999999,0
650255.4939,0
650349.193,0
650400.5537,0
650509.4747,0
650514.3074,22914.45020000008
650616.2995,0
650850.95714,0
650902.9063,15746.745525000035
651170.0697,0
651406.6039,9779.535900000017
651761.257,635.6287999999477
651773.8414,0
651812.7916,19445.951699999976
651847.2066,0
651889.2723833333,0
651897.8485,7106.226399999927
651926.6004,15160.678866666625
651926.7793,0
651942.9988,0
652215.0685333334,0
652216.1507,0
652246.106,0
652249.2161,0
652253.8739,0
652353.0152,24683.807900000014
652356.4767,0
652670.9754,0
652762.2003,22888.097500000033
652840.9033,8504.280200000037
652906.5012,0
652974.0773,0
653083.7118,0
653517.0466,0
653539.7424,0
653857.877,0
653992.3419,0
654008.5534,0
654133.5281,0
654321.001,0
654354.3929,18089.498799999943
654619.5524,0
654623.5013,4514.979599999962
654669.8307,0
654708.3428,0
654729.7922,0
654774.5815,0
654797.6019,5487.552099999972
654846.412,0
655045.2937,0
655361.5622,0
655374.6858,4386.863400000031
655408.3187,0
655429.8709,0
655608.0286,0
655635.5085,0
655733.4404,0
655759.4057,0
655877.9703,8234.499100000015
656005.5558,0
656017.9177,0
656069.94,0
656169.346,16185.43319999997
656304.9633,0
656499.6687,0
656572.304,0
656596.1748,0
657024.0378,0
657562.6634,0
657652.9091,8415.405200000037
657702.7559,0
657862.6341,0
657878.0497,3417.3549999999814
658051.3618,0
658146.1383,0
658253.6547,0
658526.0248,0
658665.5118,0
658689.4667,0
658781.5828,6338.423399999971
658837.5214,0
659042.2188,0
659173.1424,0
659517.5211,0
659860.7814,0
660017.9082,0
660127.4148,0
660167.9328,4229.636399999959
660176.0423,0
660245.8493,0
660260.824,0
660514.5101,0
660527.7469,0
660563.2282,0
660568.9404,0
660599.7131,4365.770800000057
660695.3871,0
660965.765,5994.3124000000535
661038.788,0
661274.278,3462.9465000000782
661275.9632,0
661355.8131,0
661606.0914,16203.037300000084
662075.6493166666,0
662091.7151,0
662123.952,0
662478.0675,7584.324900000007
662671.4535,0
662773.5481,5488.523599999957
662824.5516,0
662965.4787,19278.729900000035
662965.6149,0
663029.446775,0
663077.7717,0
663305.5776,0
663402.9022,0
663447.9966,12260.324599999934
663705.6934,0
663710.3511,0
663712.7821,0
663795.1972,0
663845.4864,34114.35340000002
664043.1675,0
664202.5721,0
664449.1131,0
664463.5678,0
664479.59005,0
664733.7298,0
664744.0949,0
665352.5437,4977.997300000046
665384.0243,0
665449.5893,0
665487.5778,0
665582.3813,0
665777.6999,0
665782.4436,0
665952.1902,0
665986.178,0
666043.8551,0
666219.51015,0
666272.5205,0
666388.7798,0
666569.584,0
666750.4906,0
666846.0882,0
666908.9545,0
666915.1374,0
667010.8129,0
667160.4672,0
667298.7746,0
667327.1499,0
667340.9697,14441.337400000077
667448.8638666667,0
667449.9817,0
667567.5153,0
667614.2643,0
667935.7612,0
667968.7633,8291.74979999999
668028.3427,0
668050.3411,0
668050.625,0
668213.9599,14926.472300000023
668482.7096,0
668611.8255,5685.725000000093
668673.5707,0
669119.2782000001,0
669133.1428,0
669505.863,0
669533.8817,0
669964.2457,14058.909299999941
669994.4592,0
670285.9018,0
670339.1155,0
670393.6333,0
670447.9415,10841.873999999953
670510.0191,0
670543.7845,0
670588.798,0
670897.0568,0
670987.7573,0
671153.2934,0
671204.3346,0
671337.5185,0
671375.2996,0
671478.7519,0
671636.2819,1469.1328999999678
671708.4746,0
671776.3812,0
672055.3436,0
672070.1023,12212.194800000056
672094.0246,0
672477.5667,0
672489.7021166667,0
672583.2112,12923.593699999969
672658.6638,0
672717.4706,0
672884.4485,0
672967.3481,0
673130.6714,0
673185.2447,0
673241.3416,0
673560.0708,0
673649.1761,20151.4044
673708.2261,0
673727.6518999999,0
673877.1819,7537.157699999982
673922.7349,0
674137.8534,0
674146.6885,6902.929500000086
674178.7719,0
674453.9167,0
674605.9619,0
674701.9296666667,0
674735.575,0
674837.6599,2735.1564999999246
674868.5076,0
675006.9026,0
675011.9279,0
675012.45275,0
675324.4139,0
675440.039,0
675482.5779,17371.96180000005
675550.5957,0
675720.5038,0
675817.0606,0
675857.2324,0
675947.8973,0
675948.2737,0
676169.947,0
676239.1011,0
676528.0785000001,0
676539.723,0
676552.0592,0
676627.7834,0
676637.0478000001,0
676891.5197,0
677003.2179,0
677113.255,0
677206.8679,0
677404.8031,0
677487.6347,0
677560.4573,0
677620.1385,0
677903.9262,0
677923.1221,163.28450000006706
678015.6673,0
678027.7193,0
678143.4244,0
678542.3342,0
678650.5724,0
678767.2577,0
678925.5603,0
678980.9301,0
679025.5406,0
679466.2479,0
679503.02626,0
679549.0922,0
679586.3831,0
679679.5007,0
680024.0867,0
680050.6016,0
680130.4645,0
680187.8736,0
680383.7069,0
680666.3914,29004.053299999912
680684.1413,0
680909.5693,0
680960.9373999999,0
681005.9092,0
681041.8127,0
681099.7991,0
681110.2842999999,0
681318.0323,0
681405.142,0
681719.1096,0
681803.876,0
682089.7237,0
682105.2574,0
682236.3433,0
682372.866,0
682517.779,0
682587.6216,0
682606.2739,0
682676.6765000001,0
682694.9693,0
682823.4772,0
682831.6683,0
682838.3181,0
682889.2512,0
682898.3103,0
683110.0869,0
683152.3875,0
683336.8403,0
683425.9534,0
683623.5481,0
683973.9577,0
684042.5176,0
684171.456,0
684252.9831,0
684369.8908,0
684410.6494,535.8048000000417
684710.4511,0
684782.652,0
684849.8811,0
684886.5714,0
684888.5863,0
685045.2028,0
685238.5621,0
685506.9076,0
685643.2869,0
685696.2588,0
685740.69542,0
685877.3409,0
685916.4063,0
685941.4725,0
686038.8389,0
686406.0297,0
686529.414,0
686545.5514,0
686712.2244,0
686768.7795,0
686803.7722,0
686865.6022,0
686886.2543,0
686927.332,0
686945.1636,0
686973.2484,0
686997.9363,0
687130.5164,0
687312.6158,0
687414.5009,0
687487.9493,0
687494.2372,0
687587.3389,0
687743.9587,0
687891.954,0
688155.5496,0
688191.832,0
688244.3895,0
688377.3041,0
688433.7346,33119.33049999992
688515.808,0
688523.5046,0
688602.0228,0
688940.5984,0
688998.4958,0
689100.8822,0
689458.440725,0
689496.7515,0
689585.4686,0
689748.2974,1389.0574999999953
689799.5614,0
689861.6908,0
689876.3089000001,0
689877.757,0
689887.3787,0
690136.2708,0
690466.832,0
690498.8462,0
690810.7172,0
690873.6509,0
691127.1489,0
691143.3727,0
691198.7425,0
691266.5615,0
691348.3347,0
691377.1055,0
691448.4576,0
691513.6534,17495.537399999914
691634.9573,0
691703.6362,0
692220.2411,0
692360.0766,0
692375.1585,0
692387.5861,0
692532.1121,0
692755.7166,0
692761.5185,0
692839.6753,0
692867.9417,0
692994.8626999999,0
693005.3184,0
693097.7513,0
693105.6271,0
693162.11,0
693383.8991,0
693386.4041666667,0
693552.9489,0
693631.8274,0
693980.3035,0
694250.312,0
694305.5623,0
694439.5231,0
694774.7065,0
695204.2627,0
695248.6836,0
695383.3166,0
695390.6088,0
695620.5911,0
695965.095,0
696025.8755,0
696339.401,0
696370.8427,0
696471.0113,0
696510.2023,0
696523.2672,0
696526.2637,0
696659.0116,22413.767999999924
696688.3794,6764.766999999993
696757.6468,0
696831.5427,0
696835.7736,0
696909.6238,0
697026.1595,0
697087.3884,0
697273.0219,0
697363.6076,0
697515.9211,0
697544.6858,695.9263999999966
697567.1759,0
697724.3205,0
697738.0135,0
697814.1552,0
698060.8685,0
698107.1742,0
698274.5977,0
698306.4778,0
698472.5613,0
698588.9306,0
698658.5576,1579.2905999999493
698673.8762,0
698738.0214,0
699164.0674,0
699421.5525,0
699479.3252333333,0
699626.1945,6283.797799999942
699666.749,0
699720.2902,0
699731.8424,0
699756.09214,0
699764.0545,0
699768.436,0
699932.6866,0
700123.7383,0
700307.7973,0
700320.3136,0
700346.948,0
700454.9802,0
700615.3963,0
700718.2128,0
700828.0282000001,0
700926.6459,0
700981.1974,0
701032.7907,0
701262.6871,0
701291.6602,40334.607200000086
701309.6158,0
701315.6306,521.0851000000257
701354.5862,0
701424.214,0
701452.0998,0
701563.5782,0
701597.4946,0
701708.1647,0
701916.5239,0
701939.8682,0
701966.7084,0
702141.8981,0
702168.0334,0
702366.2983,0
702461.6495,0
702526.3833,0
702536.1267,0
702569.8909,0
702990.5186,0
703036.7588,0
703137.7796,0
703205.4016,0
703351.5328333334,0
703366.8214,0
703424.1979,0
703509.7508,19398.950100000016
703538.4539,0
703652.5813,0
703810.1624,0
703815.1035,0
703976.6762,0
704041.26,0
704087.0569,0
704090.0231,0
704185.0999,0
704411.5192,0
704431.3453,0
704504.0734,6396.35289999994
704575.4317,0
704654.6181,5997.256599999964
704668.3583,0
704814.1579,0
704925.9077,0
705021.6256,0
705049.4233,0
705488.7215,2531.3739999999525
705535.4168,0
705638.1526,0
705747.8197,0
705939.9198,0
706020.5873,0
706041.476,0
706088.4969,0
706396.1878,8491.834099999978
706525.6734,0
706572.4866,0
706579.9312,0
706618.8451,0
706621.2625,0
706797.275,19358.369799999986
707053.2592,0
707205.4062,0
707303.0993,0
707370.2916,0
707562.8105,0
707565.8312,3006.485400000005
707616.2357666667,0
707665.3791,0
707760.3205,0
707803.342,0
707894.014,0
707980.1972,0
707995.1002,0
708061.0943,0
708074.5286,0
708173.1634,0
708173.8521,0
708252.8113,0
708333.2569,0
708389.0596,0
708493.5511,0
708568.8346,0
708574.5922,0
708612.8638,0
708730.1326,0
708735.4094,0
708792.9111,0
708940.5681,0
709009.0741,0
709519.8618,2197.3483599999454
709875.9765,10282.810199999949
710039.1359999999,0
710101.3877,959.2007999999914
710165.465,0
710210.5885,0
710267.9519,0
710319.688,0
710504.8655,0
710518.1057,0
710574.851,0
710742.2902,1945.6983999999939
710861.6411,0
710863.9748,0
710906.3201,0
710925.3436,0
711006.959,0
711086.6101,0
711182.3389,0
711227.9402,636.2743999999948
711244.0258,0
711291.5801,0
711435.1905,0
711459.5799,0
711471.4729,0
711565.7508,0
711597.3435,0
711800.9907,0
711836.6025,0
711925.3006,0
711925.7679,0
712026.1924,0
712078.5637,0
712237.792,0
712313.8322,0
712532.2874,0
712566.7822,0
712607.0685,0
712839.0059,237.62910000002012
712866.4512,0
712984.9228000001,0
713200.5321,0
713322.765,0
713406.5886,0
713430.5776,0
713847.8586,0
713941.2416,0
714160.2168,1212.4339000000618
714336.9017,0
714532.7202,0
714818.8475,0
714982.6573,0
715088.0314,2037.5490999999456
715097.744,0
715124.2234,0
715139.5834,15981.564400000032
715217.5007,0
715295.7601,0
715367.6837,0
715406.1256,7854.25410000002
715469.6792,0
715484.3583,0
715547.2194000001,0
715690.4336,0
715932.0545,0
715936.4792,0
715964.6166,0
715989.8986,0
716019.338,1472.3384999999544
716165.7713,0
716348.3505,95.98069999995641
716564.0487,0
716782.1846,0
716807.3921,0
717111.7204,0
717132.0604,0
717205.7897,3502.2519999999786
717222.4612,5344.7976999999955
717340.4113,0
717738.7246,0
717745.9176,4834.577200000058
718145.6772,1290.3057000000263
718221.0997,1019.9400000000605
718226.5812,0
718311.0905,0
718321.6997,576.3848999999464
718381.9434,0
718442.5687,0
718855.7147,1432.8697999999858
719147.7,0
719153.9983,6793.704799999949
719154.181,0
719158.6293,0
719167.6917,459.3320999999996
719211.241,0
719297.6788,0
719364.1518999999,0
719524.6684,7143.541099999915
719592.2478,0
719652.2321,0
719851.1627,0
719925.1115,0
719997.0903,0
720091.3859,0
720764.781,0
720794.4351,0
721010.9774,0
721042.0052,0
721150.6034,0
721160.5591,0
721228.9918,0
721253.0606,0
721393.7772,0
721882.6969,0
722222.3723,0
722298.5436,8972.21789999993
723199.279,0
723346.1779,0
723586.9978,0
723630.4901,0
723775.7068,0
724077.0718,0
724119.286,0
724229.7543,0
724292.9912,0
724629.5788,0
724644.4989,0
724654.8647,312.3742499999935
724760.2719,7134.638600000064
724774.51,0
724777.993,0
724917.5823,0
724928.5193,0
725036.7874,1072.670299999998
725050.0291,10942.224100000109
725212.5926,0
725328.7348,2705.2974000000395
725714.9147,5235.119899999932
725728.5738,0
725755.3143,0
725818.2508,2645.685219999985
725839.9244,0
725861.0179,7214.599599999958
726373.1099,0
726430.4313,0
726431.1103000001,0
726444.8237,0
726601.3915,0
726656.8514,0
727082.6235,2377.5869999999413
727123.3201,0
727173.7713,570.5504000000656
727332.5289,0
727705.0983,0
727820.5969,0
727822.0987,0
727833.1446,9793.788966666674
727868.1905,0
728373.262,2705.3615999999456
728399.6153,0
728580.7619,0
728688.3983,0
728754.8538,0
728766.6503,3245.764199999976
728829.6247,0
728951.1603,0
729058.8484,11061.999566666665
729181.1026,11587.437099999981
729207.7499,11255.358400000026
729415.5799,9308.464700000011
729601.2887,0
729606.5189,4903.031200000085
729670.289,0
729990.3076,4663.691599999904
730032.4955,0
730071.1903,0
730170.9027,0
730323.1652,0
730377.798,0
730383.4442,0
730416.1293,13224.66359999997
730498.0227,0
730516.9312,0
730817.3884,0
730839.0569,0
730870.5288,0
730930.5173,9174.853799999924
731100.6823,0
731104.6948,1812.4278000000631
731107.9574,0
731406.1419,0
731443.7524,0
731484.6319,0
731517.0441,0
731754.4172,13649.599400000065
731820.1910999999,0
732116.4779,17359.188000000082
732585.2171,0
732698.9836,9080.41670000006
732802.2704,0
732818.16,22061.214500000002
732847.2689,13675.451000000001
733028.3902,0
733028.4923,0
733316.588,4590.959000000032
733366.9553,0
733612.3265,14096.58349999995
733729.8716,0
733838.9416,0
733850.8697,11308.649100000039
733894.7973,0
734093.5052,7900.35149999999
734271.3578,7558.643700000015
734288.6061,0
734298.7464000001,0
734404.5159,0
734451.733,0
734756.5186,0
735167.5087,163.58779999997932
735180.2085,0
735567.5945,15274.332000000053
735575.5308,0
735714.851,0
735857.7784,0
735974.1723,0
735998.5013,0
736015.6335,0
736233.0746,0
736292.2445,0
736706.2388,0
736712.5323,5133.519899999956
737054.7966,0
737131.6269,2412.034800000023
737331.2985,0
737384.3313,0
737496.5798,5226.75569999998
737646.6466,1322.610400000005
737750.1781,0
737836.674,0
737881.0099,0
738000.9953,5822.610299999942
738119.6446,0
738356.8910000001,0
738513.5132,0
738550.216,0
738779.324,4384.445599999977
738812.8672,0
738898.3521,5536.07640000002
738930.9604833333,0
738937.1644,1269.6942000000272
738989.2431,0
739261.2930666667,0
739472.0218,0
739563.1285999999,0
739794.8433,0
739952.7077,8880.883299999987
740276.7845,0
740326.841,0
740353.7219,16506.235400000005
740361.01194,0
740519.961,0
740690.6328,0
740823.8318,0
740967.0849,0
741092.404,6632.152099999948
741169.9125,0
741401.0,0
741435.4558,0
741470.9426,2841.498099999968
741523.1685,0
741524.0889,8209.974500000011
741647.5393,0
741683.7345,0
742251.3519,0
742284.0948,0
742361.6982,0
742595.3973,0
742596.5841,0
742627.2737,0
742692.1431,0
742762.0397,245.31079999997746
742804.5722,3822.039700000081
742849.5315,5370.487599999993
742854.7719,13958.522900000098
742900.9167,0
742983.1738,6972.799600000028
743263.9737,0
743399.9382666667,0
743528.5995,3299.479799999972
743554.2253,0
743616.3821,0
743760.8774,0
744072.1759,0
744094.0427,0
744186.0692,0
744262.6057,11441.200399999972
744266.4559,0
744446.4582,10174.336499999976
744453.6413,0
744500.6962,0
744578.0221,655.7361999999266
744890.8675,0
744927.5012,0
744983.6085,0
744984.2977,0
744995.6863,0
745171.5383,0
745202.1141,0
745345.5431,2194.06110000005
745425.7045,0
745487.8974,0
745617.883,7454.369000000064
745657.3863,0
745843.6839,1153.7382999999681
746170.778,0
746480.2181,0
746486.805,18993.738500000094
746560.8717,0
746600.83385,0
746760.4673,2664.1830000000773
746794.1736,2092.966299999971
746862.8501,884.6016999999993
746975.94165,0
747205.5453,0
747308.222,0
747342.7321,0
747525.831,9587.673999999999
747570.0148,0
747810.6075,9837.045200000051
747969.163,0
748121.6563,0
748531.8725,0
748560.53838,0
748722.1627,0
748781.4698,0
748961.0766,0
748970.8302,0
749183.5713,0
749229.8828,0
749843.6324,0
749903.8279,0
750110.1295,0
750259.3768,17638.526799999992
750310.6224,0
750346.1923,0
750359.3489,3098.7865000000456
750528.2901,0
750690.2523,0
751114.6887,12411.295900000026
751222.3307,0
751382.5848,0
751592.5778,8180.46510000003
751678.646,0
751843.3908,0
751939.1651,0
752032.3403,0
752087.6708,0
752530.6907,0
752666.0386,0
752964.8668,0
753251.8264,0
753329.1702,0
753438.1686,0
753554.9599,0
753649.6112,0
753679.733,0
753772.5908,0
753786.1585,0
754175.8862,0
754228.794,3899.383299999987
754236.3663,0
754266.44708,0
754345.4521,0
754351.4523,0
754675.2892,0
754677.822,0
754763.0974,4138.444499999983
754817.8112,0
754833.4621,0
754838.9812,0
754905.4857,0
755018.4713,0
755161.6299,0
755224.2311,0
755463.7745,0
755488.1513,0
755564.6228,0
755607.1998,0
755663.4662,0
755768.9474,0
755818.6116,1161.6410999998916
755827.2992,0
755964.6735333333,0
755967.13666,0
756117.7167,7215.761300000013
756144.6729,2949.095500000054
756201.2437,0
756259.1410000001,0
756328.8707,0
756644.1924,0
756648.7954,0
756671.9119,0
756816.8867,0
756877.3081,0
756907.3707,0
757004.5603,0
757054.8565,0
757061.9131,0
757879.2536666667,0
757950.2693,0
757982.4805000001,0
758007.3589,0
758031.9379,0
758209.6393,0
758212.8211000001,0
758243.4282,0
758270.4544,0
758291.1202,0
758296.6714,0
758318.1023,0
758349.784,9723.799033333315
758358.8666,0
758399.9925,0
758420.4398,0
758760.3491,0
758803.4722,0
758969.9829,0
758976.128,0
759160.4408,0
759193.7334499999,0
759315.8944,0
759478.2986,0
759494.9912,409.26210000005085
759515.0866,0
759834.0893,0
759906.5217,0
759959.779,0
760248.188,2202.7330000000075
760548.379,0
760561.6086,0
760671.9484,21760.441699999967
760779.6609,13575.800500000012
760903.3409,0
760949.7203,0
760969.7916,10840.67240000004
761015.1864,0
761140.4258,4592.239799999981
761450.7386,0
761458.7614,11293.479399999953
761484.8139,0
761501.3956,0
761559.2611,0
761599.5274,0
761793.2939,0
761835.2093,0
761905.1824,0
761926.6247,0
762076.3164,0
762147.4034,0
762303.6809,0
762316.6912,0
762374.8321,0
762380.8981,13967.432399999932
762557.5088,0
762610.5668,0
762679.4662,0
762707.0485,0
762768.5094,0
762781.0491,0
762848.3609,0
762860.6901,0
763078.4134,0
763173.052,0
763439.3954,0
763842.686,0
763893.1803,0
763963.7635,0
764206.6719,7523.689899999998
764579.642,6296.102100000018
764657.8535,18028.75079999992
764702.5199,0
764842.5492,0
765058.7841,0
765294.279,7042.262600000016
765486.6714999999,0
765581.8812,0
765602.7964,0
765899.3145,0
765920.8803,0
766050.8857,0
766252.5432,0
766341.7435,0
766498.1288,0
766562.7023,0
766643.4815,0
766707.5156,0
766748.8287,0
766772.3248,0
766860.9229,0
767243.2240666667,0
767350.2079,0
767454.2404,0
767537.8101,0
767582.0872,0
767631.6931,0
767683.6532000001,0
767912.9552,0
767935.847,0
767939.0917,0
767971.9062166667,0
768103.4381,0
768299.5538,0
768546.9432,0
768607.1341,0
768636.0077,0
768681.1834,0
768721.4074,0
769022.8718,0
769177.2061,0
769189.2273,2936.183900000062
769419.2822,0
769548.9213,0
769600.5554,0
769608.2029,0
769648.6949,0
769665.1653,0
769847.7889,0
769850.4199,0
770030.5471,0
770138.9181,0
770179.1348,0
770205.6047,0
770451.131,0
770513.2599,0
770530.0974,0
770615.2231,0
770773.3798,0
770850.9325,0
770853.0397,0
770876.4262,0
770909.1584,0
770914.0226,0
771004.2998,0
771082.6805,0
771108.1256,0
771119.8818,0
771124.2012,0
771281.024,0
771299.424,0
771861.6091,0
771882.9857,0
771944.1238,0
771985.402,0
772069.2229,0
772101.3797,0
772148.821,0
772296.1788,0
772342.2014,0
772350.3522,0
772372.5672,0
772594.0856,0
772632.1525,0
772645.3864,0
772710.7077,0
772749.6193,0
772802.0114,0
772933.6147,0
772972.9685,506.55429999995977
773178.3502,0
773314.2757,0
773360.6294,0
773410.3559,0
773594.8615,0
773791.3301,0
773887.7454,0
773901.6103000001,0
773980.7873,0
774067.5601,0
774068.0682,0
774083.41,0
774212.1675,0
774312.5981000001,0
774443.4966,0
774457.4951,0
774616.6531,0
774627.5482,0
774633.3442,0
774725.953,0
774867.8999,0
774955.0299,10308.974099999992
775037.6796,0
775105.5604,0
775160.2617,0
775293.3529,0
775500.9403,9388.575300000026
775588.8329,0
775848.8374,0
775976.1035,8334.086699999985
776294.0443,0
776527.8307,0
776593.31,0
776717.97945,0
776860.4729,0
776977.6543,0
777035.1379,0
777190.024,0
777224.2514,13230.234799999977
777271.1852,0
777282.9794,0
777294.4932,0
777328.0451,0
777427.83376,0
-----Simulation END-----
