-----Simulation 0-----
172951.2357,0
173151.236,0
173202.1993,0
173243.8588,0
173251.6031,0
173262.3306,0
173307.169,0
173317.6019,0
173323.7792,0
173361.7881,0
173451.4974,0
173460.4539,0
173700.0577,0
173823.81290000002,0
173823.9339,0
173855.1427,0
173926.2127,0
174005.2512,0
174083.4444,0
174317.21,0
174319.8309,0
174326.4968,0
174332.314,0
174350.6902,0
174485.3744,0
174624.4108,0
174657.8989,0
174737.9725,0
174755.5092,0
174771.5305,0
174790.7236,0
174886.5282,0
175108.5908,0
175129.3529,0
175253.7708,0
175263.9343,0
175396.96480000002,0
175497.1039,0
175506.21169999999,0
175550.5255,0
175627.0875,0
175817.0809,0
175922.43948,0
175932.5108,0
175940.0482,0
175980.2597,0
176066.73,0
176215.73070000001,0
176434.3982,0
176496.0721,0
176531.4842,0
176593.9288,0
176644.81834,0
176647.317,0
176792.47460000002,0
176812.4017,0
176854.9919,0
176881.886,0
177040.4728,0
177163.13199999998,0
177194.4175,0
177302.5908,0
177327.2725,0
177502.9541,0
177551.6833,0
177558.2314,0
177615.8187,0
177628.5048,0
177723.5786,0
177773.7557,0
177903.09631666666,0
177991.14398,0
178050.32,0
178093.5433,0
178117.576,0
178127.2004,0
178151.2381,0
178154.2207,0
178236.5475,169.31929999997374
178338.7477,0
178450.367,0
178521.8842,0
178599.03519999998,0
178728.88880000002,0
178781.8172,0
179127.64429999999,0
179250.1209,0
179528.6464,0
179646.30670000002,0
179662.8062,0
180137.7201,0
180209.1107,0
180292.77850000001,0
180463.59279999998,0
180487.8903,0
180729.5416,0
180790.588,0
180876.0129,0
180914.9246,0
181308.5241,0
181428.99719999998,0
181475.0657,0
181515.7842,0
181565.05359999998,0
181569.6833,0
181714.7143,0
181816.2758,0
181864.5936,0
182000.9174,0
182043.0146,0
182196.2008,0
182358.2316,0
182376.984,0
182390.5003,0
182628.2822,0
182773.11310000002,0
182839.5964,0
182968.07439999998,0
182978.3542,0
183064.9078,0
183165.76630000002,0
183211.2522,0
183267.5016,0
183360.4769,0
183388.5881,0
183407.6252,0
183438.4583,0
183519.8073,0
183536.9414,0
183606.9845,0
183679.8874,125.05403333334834
183721.2776,0
183743.9251,0
183784.4454,0
183915.0771,0
184155.9438,0
184192.2445,0
184210.074,0
184261.6372,0
184288.7003,0
184293.90110000002,0
184366.5414,0
184480.4428,0
184524.9242,0
184887.165,0
185004.9958,0
185487.4969,0
185868.3629,0
185948.3691,0
186021.2657,0
186091.3343,0
186106.3206,0
186125.8891,0
186196.78846,0
186218.4576,0
186288.9389,0
186419.386,0
186429.8946,0
186435.5376,0
186459.0926,0
186485.6877,0
186551.7403,0
186557.0342,0
186659.9851,0
186737.84029999998,0
186996.04940000002,0
187086.1654,0
187112.6821,0
187164.2106,0
187200.5329,0
187228.313,0
187294.86729999998,0
187331.7377,0
187506.3795,0
187544.3697,0
187619.3615,0
187622.2302,0
187637.7573,0
187747.7379,0
187852.0289,0
188006.7651,0
188019.7937,0
188026.7551,0
188196.1944,0
188476.9112,0
188538.0,0
188540.1298,0
188541.2752,0
188668.2476,0
188734.7839,0
188738.6071,0
188744.0525,0
188846.5177,0
189013.6051,0
189059.3191,0
189077.3614,0
189302.9161,0
189358.5453,0
189448.76549999998,0
189524.0523,0
189608.04009999998,0
189650.276,0
189786.8905,0
189905.16999999998,0
189932.3928,0
190008.1899,0
190266.8662,0
190359.4812,0
190386.8983,0
190628.948,0
190658.001375,0
190718.0967,0
190750.8672,0
190786.4259,0
190822.7281,0
190849.8399,0
190856.5222,0
191033.5613,0
191221.0798,0
191256.19319999998,0
191298.64130000002,0
191309.5774,0
191415.0343,0
191537.0923,0
191669.2831,0
191693.4739,0
191763.0195,4353.618799999997
191796.9717,0
191855.4909,0
191882.5183,0
192019.0919,0
192091.3828,0
192226.3552,0
192244.14130000002,0
192621.816,0
192654.72879999998,0
192667.8911,0
192846.253,0
192863.22590000002,0
192911.0446,0
192996.1271,0
193087.7608,0
193246.9238,0
193279.80109999998,0
193679.6889,0
194010.31,0
194126.86680000002,0
194439.4096,0
194439.4992,0
194562.1835,0
194622.329,0
194694.1534,0
194833.5554,0
194841.60619999998,0
194847.6841,0
194931.01929999999,0
195015.8441,0
195128.2787,0
195180.1174,0
195229.7991,0
195237.3669,0
195278.9398,0
195377.82880000002,0
195380.44770000002,0
195788.1438,0
195903.98984,0
196053.4358,0
196305.8303,0
196469.9459,0
196578.5684,0
196678.7145,0
196762.2951,0
196770.048,0
196844.3752,0
197017.5132,0
197018.6545,0
197411.886,0
197662.3052,0
197715.7247,0
198187.55920000002,0
198231.9386,0
198531.5294,9207.907760000002
198674.68050000002,0
198687.69520000002,0
198848.1415,0
198879.4246,0
199158.73810000002,0
199260.2407,0
199309.7927,0
199350.8119,0
199607.8976,0
199705.20669999998,0
199719.247,0
200298.6659,0
200508.5203,0
200597.0373,0
200722.1624,0
200815.4632,0
200816.48930000002,0
200821.883,0
200868.7588,0
201107.2155,0
201338.7409,0
201485.7456,0
201521.4969,0
201530.1415,0
201616.1315,0
201663.378,0
201668.6793,0
201800.6726,0
201855.11430000002,0
201932.3186,0
201981.3037,0
202026.05920000002,0
202117.4771,2766.9823000000033
202260.0435,0
202274.2304,0
202340.739,0
202356.58980000002,0
202576.0552,0
202718.0007,0
202829.194,1270.4941999999864
202852.10700000002,0
203037.18,0
203149.6109,0
203215.2164,0
203217.70679999999,0
203607.2612,0
203795.3898,0
203873.1765,65.04889999999432
203882.3951,0
204116.5412,0
204334.5275,0
204402.9068,0
204514.8946,0
204884.894,0
204946.4007,0
204976.2009,0
205416.2583,0
205435.6994,0
205613.2246,0
205764.511,9743.172699999996
205814.6162,0
205901.447,0
205953.4902,5197.408900000009
205959.9528,3075.299399999989
205964.1701,0
205993.7868,7448.392099999997
206189.3157,0
206223.8172,2809.324499999988
206252.3813,7352.796499999997
206324.1761,0
206368.2431,0
206418.7012,0
206499.29820000002,0
206652.9958,0
206783.70549999998,0
206996.4743,0
207139.93540000002,0
207187.2951,0
207343.8993,0
207347.0887,0
207398.12936666666,0
207554.9287,0
207652.3658,0
207680.807,0
207692.2286,0
207810.5948,0
207841.7438,4733.512999999977
207963.7678,0
208005.9816,0
208142.70919999998,0
208170.7328,0
208264.8948,0
208574.515,0
208724.5531,0
208744.2195,0
208763.5863,0
208766.5003,0
208891.4431,0
209034.40159999998,0
209324.8375,0
209516.3398,0
209521.6333,0
209569.5566,0
209588.4227,0
209663.0299,0
209777.38880000002,0
209778.0773,0
209945.7288,0
210005.0746,0
210018.8963,0
210197.46169999999,0
210330.11,0
210397.2596,0
210542.7011,0
210731.4381,0
210767.9344,0
210917.42440000002,0
210948.1837,7291.139124999987
210979.2021,0
211179.3977,0
211262.1799,0
211403.6157,0
211568.72639999999,0
211897.7133,0
211937.52740000002,0
211989.5294,9760.850299999991
211991.7325,0
212305.7674,0
212332.3006,0
212398.37660000002,0
212452.0317,0
212850.9631,0
213044.8069,0
213247.0476,5715.5083999999915
213255.0026,0
213412.0677,0
213431.97576666667,0
213497.48208333334,0
213577.5284,0
213620.908,0
213763.4644,0
213798.7871,0
213950.3806,0
214153.3539,0
214195.4098,0
214270.7175,0
214334.56178,0
214432.6671,9441.18339999998
214462.1453,0
214517.9284,0
214811.2802,0
214929.8316,0
215334.3114,0
215350.4348,0
215509.057,0
215585.6117,0
215592.17729999998,0
215632.6275,0
215638.4238,0
216088.8569,0
216528.5209,0
216533.43965,0
216594.094,0
217118.9546,0
217291.8804,0
217531.17554999999,0
217545.4762,0
217760.6427,0
217891.0903,0
217967.43300000002,0
218417.0267,0
218535.2923,0
218621.0999,0
218680.20380000002,0
218897.7598,0
219099.7599,0
219154.34149999998,0
219233.09759999998,0
219304.30479999998,0
219358.7184,0
219503.4613,0
219548.8135,0
219608.2983,0
219997.0189,0
220123.69520000002,0
220206.48810000002,0
220210.0885,0
220423.00410000002,0
220625.5421,0
220697.8701,0
220814.6175,0
220997.0811,0
221039.26393333334,0
221133.0996,0
221184.7694,0
221264.4075,0
221321.9542,0
221337.8588,0
221346.3596,0
221466.8207,0
221535.3421,0
221543.7563,0
221583.4549,0
221635.8639,0
221721.0438,0
221865.813,0
222028.5469,0
222170.7105,0
222254.2402,1649.287799999991
222678.8581,0
222743.2196,0
222911.6354,0
223036.6156,0
223279.6543,0
223385.7241,0
223544.8562,0
223568.43924,0
223606.7176,0
223855.0726,0
223922.23016666668,0
224001.017,0
224021.0133,0
224246.8451,0
224395.7179,15626.205933333316
224474.56410000002,0
224658.5453,0
224661.2657,0
224664.3354,16729.271299999993
224750.9907,0
224944.0246,0
225113.2664,0
225280.942,0
225478.78710000002,0
225857.4681,2204.526899999997
225886.7332,0
225959.3786,0
225969.0943,0
225973.0705,0
226028.2657,0
226065.09470000002,0
226123.26182,0
226145.0643,0
226592.8823,0
226714.3751,0
226966.1168,0
226988.92979999998,0
227004.4697,1007.5862999999954
227005.2437,0
227099.3079,0
227669.6668,0
227711.04845,0
227832.9729,0
227893.6641,0
227911.22090000001,0
227954.5921,0
228156.2631,0
228435.6843,0
228860.0358,0
229049.99910000002,0
229145.1071,0
229330.5468,0
229396.6161,0
229410.0549,0
229465.49076666665,0
229660.9152,0
229688.2952,0
229720.8001,0
229837.4409,0
229949.8787,0
230206.7069,0
230276.65720000002,0
230304.0762,6862.517200000002
230343.9157,0
230449.9281,0
230472.9521,0
230525.8663,0
230541.83120000002,0
230547.8221,0
230591.7104,0
230746.5261,0
230814.0172,0
230984.9353,0
231016.6041,0
231186.5846,0
231269.9168,0
231456.7551,0
232026.1215,0
232078.64595,0
232302.1386,0
232314.8732,0
232416.6225,0
232550.2702,0
232582.9557,0
232601.287,0
233138.2281,0
233148.879,0
233229.2638,0
233290.4996,0
233387.4866,0
233413.3556,0
233413.55205,0
233599.8307,0
233766.0748,0
234008.772,0
234046.9668,0
234051.265825,0
234300.4473,0
234331.4588,0
234557.52909999999,0
234669.6791,0
234722.133,0
234846.09590000001,0
234992.8039,0
235102.1483,0
235318.1987,0
235382.29499999998,0
235588.527,0
235721.0784,0
235893.4558,0
235915.9296,0
235957.8159,0
236016.0155,0
236051.1908,0
236341.2266,0
236349.84663333333,0
236403.7015,0
236722.8801,0
236829.6227,0
236885.4686,0
236970.412,0
236974.80975000001,0
237360.07640000002,0
237399.3728,0
237431.63890000002,0
237469.9136,0
237493.2105,0
237851.0696,0
237876.62626666666,0
238020.4488,0
238358.3992,4094.633300000016
238363.1048,0
238475.7814,0
238496.8842,0
238551.9149,0
238732.868,0
238949.9692,0
238997.4703,0
239062.8185,0
239150.8162,0
239205.11243333333,0
239206.4232,0
239277.2109,0
239327.7165,0
239465.6288,0
239687.8552,0
239773.3207,0
239777.5789,0
239857.4575,0
239919.1598,0
239977.2991,0
240139.1059,0
240180.1297,0
240249.8677,0
240269.793,0
240407.0586,0
240485.6041,0
240533.4198,0
240901.1622,0
241208.4213,0
241252.1513,0
241330.3319,0
241515.0759,0
241956.2965,0
242046.45,0
242103.2997,0
242105.9466,0
242290.06170000002,0
242351.48440000002,0
242407.7929,0
242642.7233,0
242650.9128,0
242722.831,0
242833.0063,0
242915.1912,0
243034.5177,0
243103.6972,0
243147.4735,0
243162.0785,0
243183.8125,0
243215.4231,0
243247.0535,0
243313.2753,0
243325.0622,0
243360.5075,0
243373.631,0
243394.4028,0
243530.00325,0
243538.8267,0
243564.081,0
243663.3796,0
243677.8279,0
243754.6453,0
243863.9418,0
243938.5132,0
243951.9326,4243.827600000019
243967.0085,0
244025.5627,0
244074.3767,0
244088.1209,0
244219.0084,0
244731.3393,0
244789.1517,0
244796.3536,0
244810.8289,0
244925.5356,0
244934.7844,0
245018.347,0
245028.0158,0
245239.3075,0
245440.0414,0
245466.0418,0
245540.5004,0
245898.7552,0
245921.4236,0
246250.4708,0
246404.5407,0
246543.0539,0
246913.178,0
247348.4111,3723.031799999997
247369.9608,0
247580.46970000002,0
247746.3504,0
247815.8768,0
247888.3267,0
248057.8662,0
248086.9601,0
248096.7955,0
248112.52085,0
248339.2123,0
248431.30670000002,0
248492.1577,0
248869.4723,0
248944.6675,0
249216.6909,0
249443.3853,0
249475.93,0
249500.445,0
249527.0027,0
249750.01559999998,0
249842.403,0
249843.3718,0
249963.5745,0
249988.2601,0
249988.9483,0
250120.3066,0
250135.509,0
250146.7165,0
250160.3243,0
250265.2981,0
250331.8297,0
250469.1277,0
250520.31530000002,0
250713.11935,0
250803.5076,0
250913.731,0
251015.1673,0
251023.8152,0
251069.0735,0
251160.4454,0
251347.8618,0
251492.7997,0
251500.1653,0
251535.60458333333,0
251569.6652,0
251932.8078,0
251960.7082,0
251968.8057,0
252103.4447,0
252179.3765,0
252269.3313,0
252289.3248,0
252404.9181,0
252449.9483,0
252495.64992,0
252574.5197,0
252610.84889999998,0
252648.8209,0
252686.2873,0
252831.3585,0
252963.9233,0
253132.7346,0
253190.56339999998,0
253206.1888,0
253587.3859,0
253605.8088,0
253642.6044,0
253750.8756,0
254081.61609999998,0
254256.7035,0
254333.7159,0
254348.2954,0
254593.8938,0
254601.5519,0
254898.5608,0
255024.63722,0
255039.4043,0
255056.044,0
255073.90600000002,0
255185.4877,0
255342.6402,0
255363.210275,0
255459.8938,0
255641.5355,0
255648.9177,0
255745.5931,0
255814.1432,0
255865.4478,0
255956.7527,0
256165.486,0
256220.614,0
256272.1867,0
256275.0401,0
256364.3402,0
256407.4442,0
256476.047,0
256631.2875,0
256681.3024,0
256711.6595,0
256715.44030000002,0
256724.0608,0
256851.8083,0
256879.3679,0
256905.14620000002,0
257091.7549,0
257152.81579999998,0
257395.7384,0
257407.01309999998,0
257471.0086,0
257495.7176,0
257667.7642,0
257677.7645,0
257682.82140000002,0
257965.21600000001,0
257970.09649999999,0
258025.2801,0
258053.694175,0
258055.9896,0
258127.9812,0
258222.6624,0
258300.5409,0
258309.4964,0
258333.4024,0
258733.3556,0
258792.04753333333,0
258814.59736666665,0
258830.6686,0
259136.5306,0
259314.8866,0
259363.9752,0
259416.4443,0
259450.2155,0
259451.6618,0
259480.4818,0
259608.4083,0
259659.2634,0
259726.0983,0
259974.492,0
260010.359,0
260033.0512,0
260061.8424,0
260160.7928,0
260225.0606,0
260242.2232,0
260317.07140000002,0
260321.6002,0
260323.9368,0
260416.959,0
260479.338,7600.405199999979
260533.5053,0
260557.8333,0
260563.6011,0
260683.7418,0
260780.0665,0
260837.9716,0
260945.0461,0
261000.3081,0
261084.662,0
261138.9042,0
261142.5623,0
261142.9662,0
261243.7297,0
261323.8064,0
261464.3471,0
261511.5513,0
261517.9827,0
261525.7322,0
261651.3266,0
261729.54869999998,0
261737.927,0
261760.9633,0
262041.7739,0
262060.80670000002,0
262236.9513,0
262592.5683,0
262727.7679,0
262884.5464,0
262921.1521,0
263063.3331,0
263072.9028,0
263175.8121,0
263226.6589,0
263254.9497,4749.439199999993
263303.9682,0
263337.9376,0
263353.6254,0
263374.0249,0
263374.9955,0
263427.7655,0
263428.8131,0
263729.2928,0
263852.7905,0
263890.9125,0
263934.3524,0
264122.2422,0
264143.3021,0
264171.1996,0
264222.35010000004,0
264391.6389,0
264534.82790000003,0
264561.442,0
264607.6226,0
264618.91229999997,0
264630.9811,0
264918.7707,0
265143.26159999997,0
265169.5091,0
265177.6,0
265182.5209,0
265276.5619,0
265340.2637,0
265463.6142,0
265532.6419,0
265562.9029,0
266000.8256,0
266013.2564,0
266231.26780000003,0
266311.46880000003,0
266320.3397,0
266322.8432,1822.2681999999913
266359.52890000003,0
266387.5983,0
266527.2861,0
266563.0076,0
266788.8672,0
266987.7544,0
266997.9549,0
267280.299,0
267445.9235,0
267487.3421,0
267535.3134,0
267574.5283,0
267659.9845,0
267699.8085,0
267703.6791,0
267804.3771,0
267948.2634,283.10946666664677
267960.169,0
268301.4236,0
268335.7523,0
268466.5578,0
268783.665125,0
268991.3487,0
268997.3757,2092.4140999999945
269139.6828,0
269141.873225,0
269374.3379,5566.6325999999535
269375.1127,0
269439.8292,0
269519.5298,0
269526.8913,0
269636.1024,0
269728.9376,0
269802.5057,0
269830.7042,0
269982.6567,0
270056.7776,0
270112.3761,0
270196.478,0
270420.5161,0
270449.8533,0
270455.9729,0
270521.6739,0
270608.8884,0
270643.3071,0
270697.0173,0
270770.0259,0
270796.3261,0
271162.0039,0
271291.6166,0
271345.4926,0
271597.8256,0
271676.0904,0
271734.1121,0
272121.14410000003,0
272184.468,0
272184.7492,0
272569.8029,0
272581.7827,0
272621.523,0
272841.9015,0
272842.4511,0
272930.59140000003,0
273198.7478,0
273225.3754,0
273244.5028,0
273266.374,0
273472.6556,0
273679.4741,0
273762.4308,0
273843.77379999997,0
273916.3814,0
273943.066,0
273956.403,0
273963.0603,0
273975.65969999996,0
273994.6079,0
274200.8674,0
274254.8513,0
274289.9864,0
274505.58400000003,0
274558.3028,0
274704.6522,0
274850.089,0
274990.1782,0
275070.68570000003,0
275126.69550000003,0
275139.6803,0
275424.0412,0
275664.7703,0
275684.9929,0
275892.3979,0
276046.0623,0
276080.3887,0
276222.2012,0
276234.20530000003,0
276327.5285,0
276334.9022,0
276491.9422,3291.8864000000176
276500.7046,0
276586.8885,0
276713.2285,3905.5530000000144
276802.1495,0
276866.4096,0
276884.8026,0
276963.9148,0
277169.5479,0
277175.4374,0
277203.6101,0
277257.7629,0
277314.90020000003,0
277467.0648,0
277694.5084,0
277743.3851,0
278018.0174,0
278397.3379,0
278752.5286,0
278894.8835,0
278899.3321,0
279049.2709,0
279133.2898,0
279133.3689,0
279189.7525,0
279200.6471,0
279262.0325,0
279277.9055,0
279298.5384,0
279632.2578,0
279918.3855,0
280209.0442,0
280374.484,5187.982900000003
280429.40489999996,0
280565.0318,0
280615.0578,0
280668.2469,0
280851.5651,0
280855.7875,0
280980.06779999996,0
281002.0688,20570.1679
281110.6635,0
281117.85525,0
281128.3606,0
281289.62,2723.979400000011
281700.7409,0
281800.3398,0
281817.7941,0
281941.4574,0
282226.80689999997,0
282351.2684,0
282351.8561,7389.379499999981
282357.3584,0
282370.2351,0
282374.5733,0
282397.9046,0
282727.802,0
282773.6327,0
283000.451,0
283109.3099,0
283215.381,0
283395.4789,0
283554.3139,0
283572.4284,0
283596.4756,0
283678.5271,0
283706.073,0
284033.556,0
284166.529,0
284587.65989999997,0
284646.0284,0
284720.0245,0
284736.8133,0
284756.0684,0
284766.2891,0
284940.8515,0
285018.3385,0
285025.3446,0
285159.07779999997,0
285193.1262,0
285306.9906,0
285346.0887,0
285403.2439,0
285546.0624,11416.825499999977
285548.8594,0
286084.15150000004,0
286161.5435,0
286345.4880333333,0
286460.7218,0
286621.3532,0
286682.3781,926.5439999999944
286742.85120000003,0
286822.2479,0
286906.3444,0
287188.0874,0
287223.4279,0
287311.9057,0
287365.1617,0
287471.7779,0
287721.4892,9465.772800000035
287826.5537,0
287944.1479,0
287983.3189,0
288041.41000000003,0
288063.4119,0
288395.6136,0
288605.9746,0
288648.4202,0
288703.5173,0
289217.4924,0
289275.1288,0
289294.4105,0
289343.4041,0
289436.67339999997,0
289716.4342,0
289811.3823,0
289951.421,1993.3616999999504
289965.04709999997,0
290019.0646,0
290099.98840000003,0
290152.7631,6133.858499999973
290187.8864,0
290348.1715,0
290543.98470000003,0
291049.0081,0
291208.6116,0
291319.9958,0
291620.8029,0
291711.2906,0
291812.4798,0
291846.5442,0
291959.45519999997,0
292044.8374,0
292173.4682,0
292273.33770000003,0
292309.9712,0
292410.4518,520.9380399999791
292439.9048,0
292452.501,0
292520.9628,0
292592.0633,0
292726.4876,9241.75569999998
292727.19575,0
292757.6543,0
292936.1558,0
292948.0097,0
293101.5652,0
293187.885,0
293213.4201,0
293213.7135,0
293280.466,0
293321.5025,0
293442.6635,0
293502.9591,0
293539.5525,0
293564.2848,0
293626.0584,0
293696.3677,0
293731.1247,0
294098.9104,0
294103.1252,0
294117.3898,0
294296.1514,0
294377.6217,0
294468.5863,0
294559.2812,0
294666.4779,1672.017899999977
294684.1716,0
294710.9363,0
294721.0851,3388.023600000015
294746.2159,0
294831.71400000004,0
294861.9812,0
294913.138,0
294915.9444,0
294980.5852,0
294989.79850000003,0
294998.75066,0
295006.13172,0
295047.5878,8587.906199999969
295082.2621,0
295169.9207,0
295234.0611,0
295295.6627,0
295301.6531,0
295535.5044,0
295591.5189,0
295633.2416,0
295667.9253,0
295742.9463,0
295765.6773,0
295893.8405,0
295969.078,5468.848099999945
296019.9412,0
296032.7246,0
296322.8777,0
296331.9759,0
296506.15989999997,0
296568.0887,0
296607.7305,0
296656.1718,0
296697.4015,0
296706.28013333335,0
297059.5498,0
297167.3446,0
297258.2311,0
297280.5311,0
297294.2239,0
297309.063,0
297420.64639999997,0
297493.2217,0
297508.6872,0
297580.9622,0
297634.42949999997,0
297831.924,0
297893.7507,0
297921.77410000004,0
298051.225,0
298054.6302,0
298088.8425,0
298148.9933,0
298357.8974,0
298432.2479,3784.886700000032
298568.224,0
298590.0406,0
298603.3622,0
298934.5104,0
299075.7581,0
299120.0628,0
299313.2645,0
299314.0518,0
299342.5945,0
299496.7024,0
299517.6401,0
299599.6148,0
300124.0939,0
300145.9653,0
300151.1252,0
300187.1886,0
300456.46739999996,0
300482.22239999997,0
300548.3148,0
300556.6462,0
300683.1942,0
300909.6163,0
300919.6965,0
300955.7611,0
301126.8853,0
301166.0271,0
301234.6756,0
301284.0125,0
301329.09844,0
301449.1123,0
301527.2492,0
301685.97,0
301740.4058,0
302058.8465,0
302348.8612,0
302350.8972,0
302397.051,0
302424.0788,0
302516.0903,0
302579.3975,0
302621.2502,0
302906.1327,0
302906.4415,1525.133600000001
302969.4098,0
303066.5159,0
303140.4982,0
303161.6926,0
303229.8148,0
303315.0234,0
303324.903,0
303597.2516,0
303637.1703,0
303784.9675,0
303954.4715,0
304118.7859,0
304294.3631,0
304315.80316666665,0
304787.9517,0
304914.6418,0
304979.5075,0
305128.287,0
305179.8314,0
305232.3077,0
305283.1906,0
305381.2141,0
305390.2397,0
305421.4922,0
305473.2415,0
305667.9346,0
305797.1805,0
305871.54,0
305903.5339,0
305985.3713,0
306150.7726,0
306153.9929,0
306695.9484,0
306717.02150000003,0
306911.1241,0
307062.7818,0
307438.7378,0
307443.212,0
307550.5662,0
307630.9783,0
307699.48840000003,0
307765.567,0
307843.7523,0
308251.1688,0
308264.9781,0
308619.9074,0
308662.8833,0
308697.1262,0
308850.7639,0
308900.3087,0
309024.8232,0
309100.1333,0
309249.2235,0
309317.3184,5727.975199999986
309326.0304,0
309344.6887,10290.675500000012
309421.8591,0
309583.1941,0
309606.7606,0
309863.9665,0
310043.4222,0
310096.7348,0
310210.708,0
310454.5811,0
310515.0408,0
310621.4873,0
310817.5023,0
310835.2397,0
310963.0273,0
311050.2717,0
311421.17235,0
311425.917,0
311532.8716,0
311695.9579,0
311769.5793,0
311893.1223,0
311905.501,0
311948.5085,0
311987.9488,0
312011.54,0
312024.003,0
312055.2582,0
312125.5984,0
312130.0731,0
312523.6088,0
312543.159,0
312595.4529,0
312802.6332,0
312807.348,0
312926.3512,0
313133.2596,0
313220.12,5668.231299999985
313253.35970000003,0
313431.8584,0
313450.8344666667,0
313457.4833,0
313468.17240000004,0
313508.21140000003,0
313550.6373,0
313620.5482,0
313682.567,0
313688.8285,0
314225.90009999997,0
314271.2446,0
314291.1949,0
314322.5147,0
314615.0015,0
314787.2636,0
314839.4524,0
314990.6047,0
315402.7329,0
315471.5415,11223.714399999997
315697.0406,0
315726.036,0
316018.548,0
316091.7533,0
316098.074,0
316098.5125,0
316271.0391,0
316322.0062,7180.8378000000375
316446.11776,0
316454.3217,0
316472.8334,0
316526.75549999997,0
316622.5246,0
316722.388,0
316812.6868,0
316864.3496,0
316876.0618,0
317121.0602,0
317325.47088,0
317388.1687,0
317526.9152,0
317587.8374,0
317634.4862,0
317648.1321,0
317739.538,0
317818.45,0
317819.9842,0
318119.9683,0
318127.1025,0
318283.6251,0
318294.0571,0
318346.905,0
318357.4937,0
318406.2239,0
318599.4517,0
318702.0595,3056.2445999999763
318747.9632,0
318892.5319,0
319060.5549,0
319173.6702,0
319254.0497,0
319322.7354,0
319368.8019,0
319403.0905,0
319428.9297,0
319663.5486,0
319835.0051,0
320156.3702,0
320167.9515,0
320215.0073,0
320510.4828,0
320518.7706,0
320577.6444,0
320585.7218,18163.167199999967
320628.5332,0
320758.2768,0
320778.4688,0
320862.3413,0
321025.1258,0
321064.29332,0
321128.4091,16292.911000000022
321180.3868,0
321192.5307,0
321266.1113,0
321427.6301,0
321586.9738,0
321648.9404,0
321653.8373,0
322015.4604,0
322157.0264,0
322192.6113,0
322350.5252,0
322383.5664,0
322569.7348,0
322750.106,0
322818.8472,0
322879.0461,0
323028.1002,0
323262.322,0
323917.1033,0
323930.7991,0
324059.8378,0
324152.0858,0
324209.3606,0
324225.9915,0
324341.96880000003,0
324540.43200000003,0
324742.0044,0
324930.76,0
324967.654,0
325214.8771,0
325235.3883,0
325559.0015,0
325797.6462833333,0
325934.3818,0
326040.1702,0
326058.98470000003,0
326232.451,0
326290.2927,0
326362.4213,0
326368.0255,0
326513.4253,0
326960.8059,0
327071.228,0
327166.0673,0
327269.94684,0
327363.6209,0
327599.9817,0
327603.2079,0
327675.6166,0
327725.2464,0
327811.017,0
327927.21636,0
327934.1945,0
328054.3643,0
328078.2694,0
328424.2306,0
328429.058,0
328557.3895,0
328634.7375,0
328769.4052,0
328865.9746,0
328870.6257,0
329142.5569,0
329162.4582,0
329203.6006,0
329369.7164,0
329494.1273,0
329548.4867,0
329674.6049,0
329716.3505,8969.70669999998
329804.9436,0
329841.4419,0
329855.9353,0
329923.5531,0
329923.6381,0
329989.3435,0
329993.4977,0
330252.4305,0
330334.6191,0
330440.3508,3890.417400000035
330546.1569,0
330860.7324,0
330865.0483,0
330975.0958,0
330989.9484,0
331169.8222,0
331507.7042,22.169699999969453
331666.2149,0
331705.6607,0
332079.9432,0
332095.2423,0
332322.91000000003,0
332408.6727,0
332423.8443,0
332502.5245,0
332747.2511,0
332999.4456,20992.465800000005
333088.7713,0
333173.4674,0
333274.5628,3145.5761000000057
333361.1085,0
333533.0268,0
333577.4706,0
333592.16500000004,0
333593.4216,0
333629.0045,0
333712.5504,0
333800.0772,0
333813.3502,0
333828.3194,0
333839.005,0
333953.0862,0
334022.4552,0
334200.7605,0
334224.1129,0
334309.3334,0
334551.3378,0
334638.6491,0
334784.6146,0
334823.8907,0
334852.3981,0
335036.6865,0
335070.7933,0
335273.4999,0
335277.5635,0
335453.8533,0
335487.1078,0
335638.6897,0
335640.9738,0
335772.0459,0
335866.8473,0
335949.98694,0
335988.1682,0
336058.9895,0
336070.6542,0
336077.7536,0
336129.2675,0
336143.07254,0
336186.1061,0
336222.8438,0
336234.5684,0
336422.3686,0
336470.3914,0
336591.8055,0
336628.1066,0
336786.6709,0
336907.69125,0
336916.5707,0
336989.2894,0
337023.9756,0
337100.4681,0
337139.0259,0
337176.3105,0
337463.9058,0
337486.3608,8728.621000000043
337566.8316,13788.957599999965
337616.4057,0
337643.2764,0
337681.3751,0
337744.0369,0
338100.6471,0
338156.10089999996,0
338156.8565,0
338205.9433,0
338228.7593,0
338298.6197,0
338423.6862,1148.1224999999977
338564.7358,0
338660.347,0
338670.14639999997,0
338754.2442,0
338770.7609,0
338996.8269,0
339041.1628,0
339116.2155,0
339168.79709999997,0
339170.4137,0
339241.2974,0
339247.862,0
339291.6004,0
339451.5028,0
339540.6662,0
339706.9774,0
339717.0488,0
339798.1823,0
339981.348,0
339988.2784,0
340001.7585,0
340017.752,0
340158.46259999997,0
340322.0382,0
340324.9074,0
340451.137,0
340900.7019,0
341084.37288,0
341122.7096,0
341187.2414,0
341341.3485,0
341449.973,0
341602.0288,0
341627.6187,0
341748.4785,0
341877.3581,0
341899.7835,0
342059.68319999997,0
342177.4471,0
342191.6735,0
342512.4818,0
342524.65249999997,0
342528.2833,0
342640.0515,0
342766.6598,0
342767.2509,0
342770.2608,0
342912.6829,0
343055.1152,0
343143.3612,0
343496.68416,0
343694.8708,0
343919.5467,0
343951.0953,0
343989.2034,0
344016.4848,0
344109.3535,0
344159.2408,0
344202.5095,0
344236.00549999997,0
344241.6885,0
344485.4895,0
344605.8534,0
344658.6276,0
344808.4122,0
344917.1277,0
345047.6042,0
345086.7068,0
345144.1725,0
345180.8608,0
345468.7096,0
345499.868,0
345698.3319,0
345863.0869,0
345885.387725,0
345978.6534,0
346095.3414,0
346123.75,0
346128.4263,0
346189.3138,0
346460.20279999997,0
346482.5075,0
346483.044,0
346571.3046,0
346671.6061,0
346678.2431,0
346765.2117,0
346866.3155,0
347010.5266,0
347018.4608,0
347031.65,0
347080.1977,0
347142.4314,0
347221.7965,0
347238.34140000003,0
347401.0327,0
347462.8208,0
347753.8053,2273.8239000000176
347777.2961,0
347852.7067,0
348111.8439,1249.2139999999781
348188.7466,0
348260.46880000003,0
348307.36329999997,0
348401.5967,0
348401.6927,0
348459.4602,0
348646.5703,0
348659.5809,0
348728.0376,0
348760.0184,0
348786.6996,0
348813.4221,0
348822.4348,0
348826.4663,0
348852.4684,10077.729200000002
348876.0414,0
349044.1863,0
349222.221,0
349253.7171,0
349254.9372,0
349453.8795,0
349456.877,0
349599.4849,0
349647.7004,0
349648.5707,0
349776.3794,0
349794.2533,0
349843.5982,0
349920.7902,0
349929.0501,0
350178.9716,0
350332.7354,0
350343.0396,0
350388.9403,0
350433.5593,0
350554.9633,0
350565.745,0
350649.4174,0
350948.0522,0
350962.5886,0
351092.3256,0
351190.4253,0
351360.7297,0
351375.9541,0
351394.1257,0
351437.8994,0
351475.7593,0
351523.8482,3440.9976000000024
351619.7502,0
351724.6746,1514.221750000026
351872.3994,0
352051.63289999997,0
352183.4399,0
352214.6043,0
352241.3028,0
352324.0146,0
352608.9681,0
352640.2386,0
352686.1886,0
352774.6989,0
353041.5172,0
353359.16655,0
353449.5452,3434.68670000002
353523.4996,0
353596.9134,0
353740.2312,0
353765.5786,0
353810.78,0
354029.59136,0
354049.4495,0
354145.4902,0
354272.8418,0
354307.5281,0
354561.7267,0
354701.4005,0
354882.9951,0
354896.2658,0
355004.6642,0
355058.1728,0
355118.3091,0
355305.87679999997,0
355362.86699999997,0
355430.7273,0
355582.9958,0
355710.0044,0
355762.1063,0
355863.9801,0
355881.0151,0
355992.1574,0
356152.3207,0
356187.3645,0
356210.9653,0
356348.4644,0
356408.3068,0
356467.4016,0
356514.9941,0
356559.3026,0
356795.637,0
357033.1961,0
357082.3274,0
357116.4632,0
357180.7373,0
357190.515,0
357209.8191,0
357233.8405,0
357287.1356,0
357301.3938,0
357339.2722,0
357628.2662,0
357726.348,0
357757.0222,0
357773.9692,0
357775.1602,0
357872.7096,0
357986.0867,0
358021.3753,0
358211.9096,0
358277.647,0
358349.9874,0
358439.5332333333,0
358474.69180000003,0
358495.4031,0
358500.6946,0
358518.2824,0
358546.2768,0
358649.0798,0
358693.3993,418.36999999999534
358735.58770000003,0
358824.6392,0
358942.9641,0
359024.333,0
359174.3208,829.4575499999919
359396.2615,0
359412.7204,0
359719.3265,0
359862.4175,0
359955.3966,0
360059.8413,0
360258.6105,0
360304.2077,0
360477.1812,0
360514.6365,0
360547.512,6077.19299999997
360569.7625,0
360766.17502,0
360867.6713,0
360901.1711,0
360911.6034,1355.4694200000376
360974.1151,0
361158.98459999997,0
361175.9889,0
361198.7881,0
361250.2354,0
361573.8733,0
361612.8532,0
361683.3317,0
361685.6369,0
361730.0968,9807.97980000003
361743.1018,0
361829.8298,0
362144.3435,0
362195.5159,0
362348.7589,0
362423.4113,0
362481.8088,0
362549.7046,0
362603.6983,0
362972.5499,0
363301.5094,0
363319.5512,0
363351.3184,0
363358.8595,0
363396.3079,2761.035200000042
363615.9795,0
363737.1324,0
363769.6725,0
363890.7167,0
364035.619,0
364050.4005,0
364151.1878,0
364277.2391,0
364501.2357,0
364586.1454,6820.4286999999895
364653.5622,0
364877.9361,0
365031.4293,0
365085.2348,0
365206.5897,1888.825300000026
365290.471,0
365384.7765,0
365404.1834,0
365859.8851,0
365945.8617,0
366315.2484,9547.550400000007
366481.5932,0
366529.9388,0
366694.7717,0
366716.267,0
366967.073,0
366971.0891,0
367063.0494,0
367073.3679,0
367099.6658,6563.346500000043
367115.9804,0
367117.9407,0
367468.687,0
367567.7083,0
367665.8453,6950.68809999997
367764.1688,11918.25589999999
367782.3977,0
368002.4742,4162.346299999976
368065.6256,131.17430000001332
368158.0678,0
368315.0618,0
368553.1876,1895.193499999994
368597.7152,0
368796.6334,0
369023.25549999997,0
369037.3359,0
369130.7899,0
369148.821,0
369209.9604,2485.671399999992
369751.7571,0
370116.5735,0
370389.2467,0
370434.8275,0
370472.9254,0
370548.7879,1037.0993000000017
370564.78229999996,0
370602.7051,1073.827900000033
370669.3638,0
370705.545,768.727499999979
370809.8959,0
370852.4616,0
370974.9324,0
371079.5972,0
371276.3469,0
371280.5029,0
371303.4569,0
371367.2082,0
371418.5199,0
371528.1112,0
371954.3468,4965.86109999998
372061.8179,0
372073.9887,0
372087.4439,14982.175300000003
372100.59739999997,0
372221.0922,3313.7599000000046
372248.7062,0
372401.1727,0
372681.8072,0
372727.0377,0
372731.3515,2273.5740000000224
372738.1462,7212.804200000013
372796.941,0
372850.2634,0
373045.858,324.32540000003064
373243.6368,0
373266.3852,1684.8767000000225
373274.7368,0
373543.6199,0
373561.2604,0
373629.3294,4401.0625
373916.7708,1665.2001000000164
373932.5292,0
374068.8868,0
374115.1665,10806.282199999958
374411.6019,0
374442.87549999997,0
374566.958,0
374571.5966,0
374759.2234,0
374772.7012,0
374840.6348,0
374911.7458,0
375002.5099,2821.7065000000293
375063.4211,0
375080.8061,0
375317.6495,0
375371.75179999997,0
375852.8285,2272.6295999999857
375857.4087,0
376032.9769,0
376338.8292,0
376418.9864,4096.06753333332
376524.0435,0
376627.60970000003,0
376675.2392,0
376774.438,0
376814.5327,0
376950.6876,0
376984.7329,8693.985999999975
377002.5557,11290.17240000004
377017.772,0
377027.2613,0
377093.4326,0
377342.9565,0
377349.3226,5750.710800000001
377393.7264,0
377409.0024,0
377457.6396,0
377516.0695,0
377527.2958,0
377693.6713,6898.653799999971
377760.3453,0
377789.9493,5838.333199999994
377857.9543,0
378038.8589,0
378053.643,0
378060.97490000003,0
378132.0326,0
378200.8036,4764.613000000012
378262.7131,0
378335.7393,0
378473.1985,0
378490.2716,9632.200499999977
378606.17486666667,0
378777.2031,0
378870.8537,8804.764899999951
378903.0736,4149.1263000000035
378917.1656,0
378998.0513,0
379091.657,0
379188.516,0
379372.5452333333,0
379422.5015,0
379445.7171,0
379501.8575,0
379502.8221,0
379524.6338,0
379595.1923,0
379696.1101,0
379752.5908,14144.508099999977
379806.538,0
380041.3717,0
380127.3094,0
380158.16000000003,0
380221.3847,7200.295099999988
380226.82453333336,0
380530.8183,0
380588.3814,0
380641.7929,0
380707.3785,0
380886.2505,0
381078.7759,0
381182.8574,0
381255.9541,0
381919.6425,0
381933.1653,0
382018.2219,6253.814000000013
382358.8061,5818.749599999981
382378.1237,0
382469.62690000003,0
382524.2569,517.6072999999742
382894.202975,0
383317.71716666664,0
383381.5194,0
383571.1529,0
383598.1407,0
383663.4753,0
383748.9506,0
383966.12418,0
384100.8503,0
384116.704,0
384254.786,0
384412.6794,0
384446.9388,0
384488.77,0
384558.4632,0
384580.1127,495.74499999999534
384629.3028,0
384719.95964,0
384847.7606,0
384880.274,1350.5509999999776
384964.8409,0
385108.6939,0
385229.1188,5177.746500000008
385312.8404,0
385398.1115,7274.825500000035
385483.9357,0
385485.5016,4419.2274000000325
385893.7152,0
386151.3852,7996.55780000001
386225.7676,0
386299.7558,5276.076599999971
386599.12690000003,0
386666.7465,0
386722.9137,0
386814.3027,0
387058.7046,6144.434399999969
387537.2172,0
387621.3324,0
387979.3863,0
388238.6797,0
388459.4883,0
388496.6606,0
388513.5246,153.18229999998584
388522.2245,0
388661.5836,0
388702.6719,0
388958.5152,2764.521800000046
389004.8653,0
389046.0643,0
389139.6226,0
389401.0195,0
389531.3127,3594.324900000007
389565.226,0
389579.6431,0
389788.2365,5384.341000000015
389852.1672,0
390026.9487,0
390086.5442,0
390105.931,0
390162.14280000003,0
390376.06680000003,0
390400.3114,0
390541.0513,0
390547.0736,0
390766.0403,10615.042200000025
390876.9942,0
390933.2855,0
391431.353,0
391610.2306,3767.9804000000004
391644.6187,0
391754.9376,0
391778.1483,0
392045.0565,0
392121.6531,0
392253.9486,0
392282.683,0
392298.7979,0
392344.0078,0
392371.7132,0
392432.0535,0
392599.7919,0
392916.6665,0
392989.0548,0
393001.911,0
393051.3601,0
393090.2668,0
393270.48470000003,0
393386.8621,0
393449.63159999996,0
393693.0085,0
393727.4881,0
393958.0954,0
394389.9174,0
394462.3093,0
394639.8545,0
394814.4243,0
394900.8747,0
394919.0711,0
395005.6037,0
395025.3422,10291.309500000032
395078.1996,0
395146.3749,0
395185.9929,0
395328.1147,0
395359.4459,7075.97080000001
395368.2719,0
395494.8053,0
395522.1379,8480.491699999955
395713.8491,0
395899.95519999997,0
396005.2151,22930.082399999956
396024.1878,0
396077.0865,0
396083.3209,0
396088.86710000003,0
396191.4053,0
396195.6546,0
396297.3044,4694.824000000022
396342.6936,0
396510.2881,0
396560.56766666664,0
396612.3121,0
396928.0625,0
396943.9321,0
397144.1877,0
397240.7033,1141.8452999999863
397511.2533,0
397528.3835,0
397560.9467,0
397668.9152,0
397811.27390000003,0
397917.0861,0
397929.24809999997,0
398140.1084,0
398172.3902,7168.008600000001
398284.436,0
398319.8618,0
398383.1654,0
398493.4355,13051.930800000031
398561.1555,17336.673424999986
398593.8979,17930.717199999955
398615.6172,0
398875.8209,0
398967.2854,0
398982.6287,0
399110.2511,0
399389.6956,0
399396.9833,0
399406.7468,15435.284500000009
399559.2391,10029.290299999993
399629.7561,8988.38439999998
399966.6641,0
400025.0284,19324.905300000042
400133.3137,0
400284.6846,0
400590.6975,0
400631.2074,0
400824.3906,0
400902.2687,0
401130.7696,0
401174.82203333336,0
401294.7432,3611.560700000031
401330.2558,0
401428.9382,0
401483.5464,0
401671.5886,6258.9538000000175
401817.4583,0
401920.52170000004,0
402000.33790000004,0
402016.2483,0
402086.5105,0
402118.1617,0
402177.3953,0
402434.2837,4386.279300000053
402650.6441,0
402996.9297,0
403059.8341,0
403309.4526,0
403369.0529,0
403374.9138,0
403544.5133,0
403699.5501,0
403818.0678,0
403911.7521,0
403972.3561,11081.010099999956
404148.9767,0
404151.5034,0
404174.3485,5400.38830000005
404286.3995,3872.601800000004
404582.354,0
404699.7995,0
404725.0673,0
405227.7495,0
405284.4938,0
405305.1996,0
405470.2822,0
405568.4583,0
405572.2403,0
405665.2583,0
405677.6783,0
405698.9855,0
405780.3122,0
405942.7806,0
405957.9165,0
406007.4871,0
406165.1736,17017.459900000016
406210.8652,0
406288.1001,1512.109599999967
406305.9311,0
406503.2202,2092.1813799999654
406514.5209,0
406561.4459,0
406603.56779999996,0
406755.8921,0
407029.5203,0
407085.8853,0
407167.2513,0
407222.3857,0
407268.6185,0
407331.47936666664,0
407468.1715,9220.731099999975
407510.0713,0
407612.187975,0
407742.6042,0
408013.3349,0
408484.1982,0
408782.389,0
408805.486025,0
408805.9828,0
408833.0559,0
409096.852,0
409143.773875,0
409279.18570000003,0
409288.358,2525.9915000000037
409355.6852,0
409376.9711,0
409420.2513,0
409549.2541,0
409613.1169,0
410136.0609,0
410234.1957,0
410268.9568,0
410287.3936,0
410584.319,0
410637.9627,0
410707.2438,3614.228000000003
410727.4289,6544.356900000013
410819.573,0
410858.4573,0
411257.4699,7303.576000000001
411292.3889,7307.667800000054
411329.8927,0
411355.7609,11299.969299999997
411373.458,0
411457.5253,747.4971999999834
411609.4857,0
411615.3819,0
411812.808,0
412473.3171,0
412598.58030000003,0
412943.83030000003,0
413261.9933,7666.567299999995
413281.9427,0
413298.9551,0
413347.4313,0
413732.9638,0
413734.4106,0
413780.7659,0
413961.187,3046.7152999999817
414053.3147,0
414087.86950000003,0
414283.2515,0
414363.7046,0
414447.759,0
414634.9354,0
414676.3835,0
414802.29339999997,0
414845.3122,0
414919.81464,0
415095.1772,0
415340.7377,0
415508.3685,0
415537.9343,0
415560.0849,0
415608.0356,0
415764.3007,0
415866.4089,0
415960.4052,0
416007.517,0
416064.4999,0
416150.32,0
416247.2236,0
416441.065,8048.35619999998
416604.4787,2017.6302999999607
416629.7279,0
416647.4652,0
416667.3632,0
416671.8696,0
416744.3547,0
416766.0892,0
416888.0919,0
416961.4878,0
417238.2087,0
417278.7979,0
417485.4441,0
417564.54579999996,0
417669.3505,0
417733.7079,0
417893.2572,12098.038100000005
418142.0838,0
418142.501,0
418197.4535,0
418311.3347,0
418396.8064,0
418490.74450000003,0
418757.4078,0
418812.7733,0
418865.9713,0
419139.1607,0
419641.0382,0
419675.448,0
419686.6825,0
419854.2746,0
419867.5852,0
419979.928,0
420045.5636,21953.93829999998
420078.9729,0
420173.0439,0
420501.7159,0
420577.8565,0
420710.6202,0
420890.2703,1694.0555999999633
421030.9164,0
421222.5413,0
421322.32039999997,0
421375.2554,0
421480.0839,16995.482600000047
421719.2044,0
421763.7963,0
421796.3993,0
421836.2953,0
421939.4882,0
422079.4194,0
422180.107,0
422371.0904,0
422498.0608,0
422644.7495,0
422740.3852,0
422794.3996,0
422933.0728,115.36800000001676
423281.9913,0
423416.4349,0
423460.8803,0
423464.4817,0
423603.6426,0
423611.2252,0
423663.7005,0
423675.5932,0
423708.8006,0
423774.6904,0
423818.6327,0
423864.4016,0
424145.71499999997,0
424246.8011,0
424290.7888,0
424366.0052,0
424598.9356,0
424806.8054,0
424870.58759999997,0
424882.6708,0
424889.1936,7286.810400000017
424973.5925,0
425100.3037,0
425304.1473,0
425391.4141,0
425446.5978,0
425502.7912,26882.011899999983
425598.5919,484.64280000003055
425608.0166,0
425629.1323,0
425755.85198,0
425832.507,0
425881.9021,0
425893.4131,0
425934.1842,0
425988.1467,0
426023.6781,529.9861000000383
426175.6716,0
426265.9003,0
426375.53729999997,0
426402.49199999997,0
426460.7602,0
426475.962,0
426521.6421,0
426533.6503,0
426537.7927,0
426563.7305,0
426657.121,0
426661.4213,0
426844.8712,0
426859.5706,0
426953.9727,17609.674300000013
426994.0786,0
427303.9867,0
427351.2504,0
427387.7708,0
427395.4556,0
427460.7864,0
427837.8172,0
427941.747,0
427978.4453,30.252000000036787
428081.2205,0
428170.2045,0
428181.9253,0
428300.309,0
428312.61950000003,0
428446.4944,0
428516.9045,0
428695.353,0
428724.378,0
428797.5268,0
428904.2472,0
428930.5476,0
429165.8687,0
429186.8199,0
429228.0526,0
429305.4475,0
429331.8915,0
429378.0166,0
429669.103,0
429671.03729999997,0
429822.8547,0
429867.7004,0
429868.8261,0
429871.8684,0
429872.7439,0
429970.4416,0
430080.5489,0
430098.0029,0
430112.1196,0
430333.9057,0
430637.9503,0
430799.88,0
430874.9082,0
430907.5094,0
431017.8728,0
431028.8497,1468.8760000000475
431109.8879,0
431143.4993,0
431242.8381,0
431247.7464,0
431249.3501,0
431452.4999,0
431702.5367,0
431717.047,0
431725.828,0
431745.1107,0
432101.8682,0
432192.8698,0
432197.0565,0
432257.3421,0
432318.6825,8255.880520000006
432358.5747,0
432383.0471,37.34510000003502
432442.1724,0
432489.972,0
432729.4021,4425.2431000000215
432959.889,0
432963.2609,0
433134.7649,53.15270000003511
433194.84380000003,0
433230.4278,0
433243.296,0
433435.2438,110.2886999999755
433492.2047,0
433705.1677,0
433752.1148,0
433837.1472,0
433842.6826,0
433846.76780000003,0
433856.1904,0
433871.5501,17216.659199999995
433918.7097,0
433945.6297,0
433972.7743,0
434022.5105,0
434246.0724,0
434321.26445,0
434469.0309,0
434527.32440000004,0
434659.6264,0
434679.3091,0
434796.636,0
434827.2373,796.9342999999644
434867.2209,5799.83130000002
434959.7941,0
434965.6443,0
435075.1981,0
435204.4021,0
435272.0506,0
435332.5929,0
435389.0833,0
435405.4941,4710.855900000024
435418.779,4431.430599999963
435441.922,0
435474.6269,1832.0911999999662
435640.857,0
435651.7046,0
435652.3181,4734.153399999952
435672.1412,0
435887.9922,0
435931.5767,0
436022.9834,0
436067.92590000003,0
436152.8352,1903.0768999999855
436175.9478,0
436192.8355,4459.146299999964
436425.8281,0
436438.6159,0
436694.2619,0
436823.4855,0
436860.0575,0
436963.6254,0
436991.5348,0
437103.5878,0
437113.1393,0
437133.4256,3432.952099999995
437150.9766,0
437330.865,3609.5298000000184
437335.4462,0
437371.2787,0
437411.926625,0
437431.5319,0
437434.99199999997,0
437447.3164,0
437772.0272,0
437998.744,0
438298.3398,0
438314.0903,0
438355.0802,893.1762000000454
438430.9323,0
438844.7233,0
438940.1117,0
438983.2985,0
438992.3552,0
439226.9177,0
439323.0522,6846.476699999999
439375.0834,4982.850399999996
439703.5483,1449.2724000000162
439711.5701,0
439944.8646,0
440112.2004,1306.1543999999994
440164.0289,0
440187.7073,0
440200.52348333335,0
440344.25320000004,0
440469.4059,0
440477.6126,0
440491.0255,0
440591.7831,10439.553300000029
440759.2264,0
440806.1714,0
441007.6225,0
441016.7158,0
441106.6762,0
441360.2767,0
441405.7661,0
441483.9256,8978.71510000003
441513.8944,0
441603.8875,0
441619.9613,0
441761.3842,6061.894199999981
442148.8983,140.08850000001257
442202.1425,2179.5739000000176
442305.8594,2453.329800000007
442401.4057,3138.6826
442514.5979,0
442688.8775,0
442708.358,0
442748.2435,0
442768.6851,0
442893.1418,0
443227.2003,9872.713700000022
443690.8586,11300.871999999974
443723.957,0
443755.8111,6268.913499999966
443865.6246,16065.716999999946
443945.3349,12078.567299999995
444425.643,0
444614.7115,0
444749.3061,0
444801.5292,0
444819.3402,0
444919.2599,951.0141000000294
444954.9942,1734.0900000000256
445017.5777,0
445055.5346,0
445072.4887,6311.04985000001
445220.5172,0
445251.2065,4209.940699999977
445465.8742,6197.0821
445497.8331,8489.896999999997
445535.0825,2143.0230000000447
445564.6793,0
445573.4753,6562.598200000008
445711.4867,0
445781.7109,0
445884.3821,822.1884999999893
445892.0014,0
445903.6379,0
445955.8787,4159.900599999994
445961.6752,0
446186.0705,2666.14109999995
446189.6707,0
446315.3016,0
446404.4466,0
446439.4944,0
446453.5839,316.50580000004265
446495.85360000003,0
446794.8481,0
446965.1508,0
446993.0647,0
447039.2218,1816.3759999999893
447118.1574,0
447139.007,0
447314.8752,0
447363.1765,0
447364.6531,3400.8291999999783
447568.5168,5162.051299999992
447579.1434,0
447605.6579,6622.476099999971
447666.1282,11835.233599999978
447680.2101,2602.533700000029
447698.6805,5692.742900000012
447854.7881,0
447863.1015,0
448148.3923,0
448209.9469,0
448221.2669,33.59590000001481
448376.5617,0
448419.631,0
448554.2797,0
448559.9054,2288.3422999999602
448647.8254,0
448726.9463,0
448769.1143,13678.058100000024
448886.3348,0
449132.0225,0
449228.1736,3732.836499999976
449323.1891,11624.872299999988
449455.4591,167.9258999999729
449528.0468,2426.0804000000353
449531.9788,0
449582.9211,2134.415799999959
449815.0866,0
450254.5335,6343.472200000018
450420.296,15.199599999992643
450471.6109,3797.4205000000075
450673.5171,3551.7119999999995
450708.958,0
450805.1925,4456.391799999983
450979.0896,0
451022.648,3776.2045999999973
451361.5645,18840.652399999963
451380.3354,1603.6385999999475
451402.0224,0
451410.6721,7526.123500000045
451561.6402,3731.6222000000416
451579.9446,13683.875100000005
451674.8357,0
451694.5632,15539.326299999957
451701.2609,0
451914.0115,0
451940.5629,2260.6467999999877
451991.2907,9167.38500000001
452120.6907,4256.753599999996
452364.1755,0
452379.6448,11615.641200000013
452405.0315,0
452510.2474,0
452532.7438,11260.435799999977
452536.9223,0
452581.7267,16254.833600000013
452918.4457,363.0138999999617
453012.5026,18412.92359999998
453234.1655,0
453314.0482,0
453363.3646,3290.281399999978
453369.3902,10728.661700000055
453371.6129,19589.102200000023
453388.4201,2860.6160999999847
453411.4425,0
453539.95,490.9650000000256
453935.6593,6663.074100000027
453959.2681,3474.7277999999933
453998.6529,4580.353999999992
454016.7756,0
454023.6006,5401.165299999993
454066.7651,8862.580799999996
454168.0028,5582.594199999992
454364.7781,11547.435100000002
454577.753,2641.5881999999983
454847.8021,0
454854.3109,0
454881.6657,0
454980.7861,0
455093.0761,0
455125.8723,0
455202.8859,15.76569999998901
455224.0072,0
455336.65760000004,0
455928.4246,1857.7412999999942
455960.4751,0
455980.7598,3291.8294999999925
456138.0472,2095.396699999983
456190.4933,0
456221.4188,1845.846099999966
456283.1442,1317.5153999999748
456462.8303,783.7946999999695
456466.74340000004,0
456471.7553,0
456654.9934,12230.494699999981
456671.9609,1178.0146999999997
456829.9799,0
456953.2144,0
456977.5132,0
457022.5732,7781.288300000015
457075.0923,564.3784000000451
457091.7835,9043.998699999996
457127.38910000003,0
457236.1468,0
457439.26170000003,0
457634.63,5015.960100000026
457946.2463,1697.8632999999681
458380.5012,0
458550.7329,6947.117900000012
458779.1072,1009.9741999999969
458894.6853,0
459036.2122,2051.138399999996
459058.2057,0
459101.3473,763.0675000000047
459177.5926,4369.670099999988
459459.7523,1384.4552999999723
459485.1624,4453.904299999995
459599.6223,12450.906499999983
459665.1296,4590.508700000006
459757.66500000004,0
459849.099,0
460072.0253,3553.209099999978
460080.2618,6761.324800000002
460104.791,0
460191.8798,0
460209.7944,0
460492.80460000003,0
460744.3444,4216.426700000011
461066.973,13459.929200000013
461083.7074,11988.791100000031
461236.3785,618.5903999999864
461241.5306,5859.6473000000115
461255.2083,24248.755599999975
461499.5223,6593.824900000007
461591.1752,3044.4931000000215
461699.4108,2693.587700000033
461748.9522,2906.059100000013
462118.9298,7089.122499999998
462182.9516,8627.786899999948
462405.0122,1667.4410999999964
462509.0252,19228.603699999978
462526.4694,19061.238100000017
462801.80559999996,0
463096.7304,13365.160633333318
463106.8301,14312.274700000009
463182.0464,0
463281.6252,5311.802599999995
463493.2987,0
463561.2579,5700.627300000051
463977.4958,1731.0420999999624
464065.9538,0
464082.846,8478.513000000035
464121.9932,0
464264.793,11159.080200000026
464342.7811,4785.940900000045
464630.06440000003,0
464735.6114,0
464753.4526,0
464842.9052,8746.108599999978
464873.9448,2545.00410000002
465190.0282,4799.560999999987
465233.6506,862.9835999999777
465260.0716,1790.7184000000125
465464.6873,0
465777.9555,0
465807.4949666667,0
465978.9484,12367.156100000022
466234.5618,4802.170200000051
466273.4351,2080.887800000026
466274.4571,0
466500.6425,0
466561.8377,7499.725699999952
466599.0765,5999.683200000029
466622.703,6473.290899999964
466638.0907,0
466643.7985,4123.41399999999
466683.4316,0
466952.2511,0
466997.6056,0
467277.7227,470.59209999995073
467280.0403,0
467595.1135,0
467612.1777,0
467668.6323,1605.0648999999976
467746.2424,2898.208800000022
468004.594,1833.556500000006
468063.9864,4483.170999999973
468492.8901,11114.058600000048
468622.4095,4009.369400000025
468715.5829,0
468967.4206,0
469038.4925,20361.131500000018
469165.522,1838.8441999999923
469207.0161,10977.509699999995
469228.4446,2314.369399999967
469250.3672,7830.2648000000045
469370.1558,13720.715800000005
469604.4526,2650.4410999999964
469616.4331,8068.7031000000425
469981.4796,1710.5909000000102
470190.3295,0
470514.7871,10131.375400000019
470697.83770000003,0
470735.0874,2203.230099999986
470747.5672,727.609460000007
470789.8178,18747.73496666667
470790.9479,6543.264100000029
470931.4119,13724.955799999996
471272.25789999997,0
471532.4745,1997.0582000000286
471533.992,224.11200000002282
471538.4495,33587.769499999995
471569.7857,464.6608000000124
471724.86,2032.8714000000036
471830.7227,7108.072799999965
471858.1548,0
471874.0854,8827.10209999996
471877.8688,300.72649999998976
471890.8319,0
472026.527,0
472175.9295,3600.0454000000027
472347.8689,6580.131099999999
472567.4798,9938.450099999958
472569.0678,10033.357900000003
472903.3398,2392.9389000000083
473054.6282,15220.15969999996
473178.7769,12147.401699999988
473212.6804,4732.401400000032
473234.701,0
473270.2184,0
473290.9034,0
473331.665,7551.917199999967
473335.2053,0
473367.2199,23456.192400000058
473450.0664,4192.998300000036
473511.9377,0
473624.5415,0
473640.9572,10995.282699999982
473649.7226,686.3433999999543
473659.9576,55.26640000002226
473697.71,0
473699.0088,13863.76449999999
473953.8164,0
473972.9507,882.8147999999928
474439.5576,0
474526.04720000003,0
474664.1766,0
474674.9944,2331.4015000000363
474795.9424,0
474895.8119,0
474954.4308,0
475030.1977,7749.608500000031
475043.7096,5943.672100000025
475198.0876,0
475272.2257,7244.868300000031
475277.2079,0
475375.7438,0
475395.3007,0
475543.3711,778.9277000000002
475600.1454,645.4863999999943
475607.1889,0
475698.8826,0
475821.7933,7213.48470000003
475871.6151,0
476072.4534,22218.92200000002
476192.481,0
476201.1552,0
476306.1671,19449.798899999994
476497.6654,0
476525.0984,0
476649.9949,195.4702999999863
476728.1007,0
476751.9859,2119.060300000012
476756.7167,3488.257500000007
476786.4667,0
476799.7234,5051.838700000022
476861.99804,0
476901.4041,0
476995.7821,4995.478600000031
477316.036,8420.754000000015
477355.6463,0
477426.346,0
477621.0668,13012.63949999999
477630.2126,9263.738100000017
477707.1215,0
477806.4232,0
477818.3159,3904.646299999964
477973.24439999997,0
478030.6481,0
478441.0285,0
478469.7531,0
478593.4076,11234.865399999951
478655.366,9434.051099999982
478657.5119,0
478865.6591,0
478894.3256,2094.7269000000088
478944.7319,0
478975.0711,19278.68809999997
479057.7578,1489.449500000046
479094.3347,5313.281100000022
479191.8407,0
479425.3945,0
479544.5552,9264.878399999987
479586.3779,18907.685100000002
479684.2572,0
479688.3471,0
479753.5083,0
480024.0858,3404.633600000001
480135.666,0
480561.9581,0
480735.8071,0
480822.3197,0
480914.6332,0
481017.3462,3429.317800000019
481245.6929,1300.7704000000376
481308.5141,521.3694999999716
481464.917,1190.4937999999966
481481.0487,0
481716.5218,0
481777.4748,0
481832.9383,0
481962.0654,12651.451800000039
482006.9997,22357.06289999996
482024.1289,22135.179600000032
482154.319,0
482268.6536,0
482432.0736,19410.91460000002
482728.75800000003,0
483037.5385,4770.66810000001
483279.9427,0
483347.0406,19832.542859999987
483401.3988,4412.463800000027
483585.4737,0
483694.1866,0
483889.6786,8755.115299999947
484179.14005,0
484188.8167,16113.080600000045
484410.2124,0
484479.6821,0
484641.3825,0
484653.0035,16698.304999999993
484711.0243,0
484754.0893,0
484902.975,0
485068.6614,0
485302.2744,0
485326.6367,0
485677.1928,1449.0928999999887
485758.3137,0
485924.3084,0
485937.6447,17065.867574999982
486098.7639,27212.7206
486134.2464,0
486351.1351,5584.278300000005
486597.734,0
486728.8662,0
486755.74199999997,0
486822.741,0
486859.5356,0
487163.8365,0
487198.254,10517.515700000047
487407.5636,0
487536.9281,25108.824200000032
487573.5586,0
487842.339,0
487904.0377,0
487909.37178,0
487990.7665,4891.717800000042
488085.4082,0
488208.5443,11883.013299999991
488212.8846,0
488295.3665,179.18780000001425
488435.6766,14727.699299999978
488638.8084,0
488653.1254,0
