-----Simulation 0-----
173036.7973,0
173073.847,0
173173.6875,0
173285.6759,0
173507.4153,0
173592.1638,0
173603.5262,0
173626.6602,139.8685000000114
173643.3207,0
173680.4635,0
173789.3145,0
173839.2028,0
173870.6566,0
173918.1284,0
173999.0552,0
174368.83120000002,0
174626.1502,0
174836.4846,1198.8203999999969
175032.09649999999,0
175070.5415,0
175236.4063,0
175397.4411,0
175437.587,0
175474.04869999998,0
175616.5821,1842.9747000000207
175889.6753,0
175938.9198,0
175998.3506,0
176098.5456,0
176217.9883,0
176563.3192,0
176627.1107,0
176743.3454,0
176945.6483,0
177043.4649,0
177342.4131,0
177482.6561,0
177883.8547,0
177991.2058,0
178074.4406,4130.4986999999965
178300.7881,2672.6769000000204
178317.2861,0
178377.8222,0
178423.0654,0
178468.4953,3333.411599999992
178801.103,0
178840.3607,0
178875.37410000002,0
178972.8506,373.46490000002086
179140.2765,0
179218.2056,0
179266.5155,0
179302.8158,0
179402.6536,0
179438.852,0
179553.8179,0
179570.9346,0
179587.2191,767.5723999999755
179680.15110000002,0
179804.949075,0
179926.44150000002,0
179942.3069,0
180073.8897,3422.539699999994
180256.44030000002,0
180501.57630000002,0
180617.4426,3574.0485000000044
180621.9772,3181.859199999977
180860.4217,0
180924.8917,0
180942.358,0
180947.1827,1179.352899999998
181454.0421,0
181642.2518,0
181729.4913,0
181738.5872,650.8938000000198
182099.6213,0
182220.19150000002,0
182388.3396,3536.962999999989
182663.4206,0
182667.9406,0
182845.6096,0
182860.7135,0
182943.1525,0
183040.055,4454.899700000009
183279.226,0
183561.7306,0
183916.2859,0
184023.7416,0
184160.6024,284.4539999999979
184416.0123,0
184662.1299,0
184944.3089,0
184956.9171,1036.2034999999742
185067.89860000001,0
185112.31160000002,0
185284.0333,0
185445.8748,3814.0982000000076
185667.50650000002,0
185676.6395,0
185756.4045,0
185931.07510000002,0
185934.2045,0
185948.4429,5640.846799999999
186068.8211,0
186082.1888,0
186237.8173,0
186301.2061,0
186504.4588,6109.753300000011
186506.9171,0
186512.8127,8661.267099999997
186655.8818,0
186815.0223,0
186816.5891,0
187215.6588,0
187241.1453,0
187252.6319,0
187296.0526,0
188270.5636,2448.618300000002
188297.606,0
188320.1843,0
188719.5471,3381.4275999999954
188775.976,0
188790.6681,0
188907.6927,384.41909999999916
189007.7556,0
189121.5181,0
189170.1172,0
189282.1696,0
189974.7515,4526.689700000017
190264.2311,0
190770.7179,0
190832.0337,7831.3413
191107.1801,0
191467.1098,0
191471.7885,8368.887199999997
191505.917,6729.888399999996
191589.1747,0
191725.634,0
191775.7536,4649.629799999995
191780.8511,0
191855.2958,0
192077.2061,0
192489.0817,0
192793.1681,0
192843.8654,0
192927.1225,10123.780100000004
192959.2758,2327.6168999999936
192969.9615,0
193494.6199,2376.372399999993
193509.5046,0
193588.9426,0
194007.6516,0
194133.6056,0
194183.7009,0
194321.3915,0
194625.6706,0
194732.239,0
194904.7137,8956.940700000006
194923.6328,1539.838699999993
194981.4324,8465.173299999995
195019.99719999998,0
195044.7084,0
195304.5873,14698.39910000001
195340.2851,7790.750100000005
195357.4581,1656.2932999999903
195740.2977,5778.982799999998
195748.4196,0
195794.9707,9832.996299999999
196009.5321,0
196274.1647,15091.247600000002
196333.4582,0
196794.737,4449.998599999992
196801.4968,0
197031.3592,0
197160.3835,11008.412899999996
197375.9476,1641.360400000005
197411.6117,0
197438.07140000002,0
197630.4741,0
197651.0921,0
197682.7383,5228.187000000005
198391.7911,0
198400.7572,0
198499.6729,0
198647.4243,0
198660.5295,1265.0566000000108
198691.3798,0
199239.0062,0
199438.2646,0
199438.6863,0
199666.5233,0
199974.3813,13687.732100000023
200358.8139,4771.289400000009
200976.10129999998,0
200994.5881,0
201043.02049999998,0
201067.8778,6117.506499999989
201070.2893,5645.525800000003
201135.5574,0
201142.60408333334,0
201209.4441,0
201213.9871,0
201280.1181,0
201704.2554,0
201706.0263,10851.439099999989
201804.8495,1600.5564000000013
202209.0162,2461.668500000029
202508.7627,417.30119999998715
202530.6545,290.2738000000245
202622.7434,0
202742.40889999998,0
202898.2098,0
203110.9125,0
203179.828,6305.390100000019
203349.9948,0
203366.918,2701.5186000000103
203678.47696666667,0
203700.7431,0
203777.1644,10430.812900000019
203852.2212,17265.398000000016
203920.8453,0
203995.1504,0
203996.3883,0
204451.5252,0
204469.1664,3753.8811999999743
204472.6942,4157.836199999991
204536.780875,0
204610.72768333333,0
204679.2671,8159.035399999993
204814.6969,0
205229.7401,9584.880199999985
205725.5429,751.9964000000036
205934.5097,12857.926466666657
206316.4978,10076.056700000016
206350.6676,0
206576.9637,19486.058300000004
206737.4758,16669.029299999966
206738.7409,0
206738.8653,0
207287.7632,0
207386.4365,0
207550.5914,19406.07441999999
207841.4807,5081.766399999993
207968.2989,0
208084.21103333333,0
208311.0643,14162.300400000007
208315.86126666667,0
208374.5449,0
208380.9881,11420.820699999982
208674.0247,2914.2810000000172
208752.1098,123.20330000002286
208753.1021,81.7503999999899
208825.5192,0
209072.8692,0
209075.1286,14614.939699999988
209275.2723,0
209327.8432,14874.228200000012
209334.8143,2587.4605999999912
209372.1531,0
209636.3496,7823.952099999995
209912.3721,0
209928.5341,6527.709199999983
209966.6741,0
210013.4556,6567.5386999999755
210149.88105999999,0
210213.3208,3179.1131999999925
210248.9712,5622.713699999993
210396.9907,0
210713.8217,185.65300000002026
210794.3051,0
210854.2433,0
210854.5689,0
211089.5264,18766.50960000002
211429.3467,0
211627.1638,9709.835200000001
211734.2595,8961.384699999995
212082.4788,415.82480000000214
212389.0779,0
212712.2894,0
213293.4243,0
213322.0146,0
213393.8236,0
213533.8374,0
213738.829,10923.715800000005
214314.179,0
214340.0553,0
214449.02909999999,0
214504.4727,19773.10440000001
214698.1539,10810.5913
215012.8667,4828.782600000006
215136.6698,0
215632.4712,0
216381.2515,0
216390.2704,0
216559.1512,0
216585.12102,0
216742.5862,0
216768.4884,0
217163.6381,12593.0484
217231.0764,0
217253.36190000002,0
217305.0756,5136.172500000015
217306.2039,0
217344.891,0
217519.7835,0
217520.6318,12379.3989
217555.8503,0
217644.43339999998,0
217776.1775,0
217804.718,0
217976.4262,2781.196799999976
218147.4428,0
218147.5152,0
218454.8511,0
218636.4712,0
219115.735,0
219162.5787,7276.797500000015
219193.31,20798.322199999995
219227.3919,23885.035599999974
219653.9581,0
219692.1403,12011.891700000007
219820.3871,0
219979.4065,0
220102.359,0
220242.14693333334,0
220340.5554,0
220507.3452,14670.935300000012
220798.1519,0
220806.7485,0
221144.38,15270.237400000013
221145.4638,4526.447000000015
221176.2007,0
221320.1772,3187.1117000000086
221377.2804,2907.477499999979
221518.6283,0
221533.6578,419.5276999999769
221588.4175,0
221649.5612,2503.270599999989
221961.5287,0
221994.2633,0
221996.8719,172.37150000000838
222010.9591,0
222146.9652,0
222194.7118,734.7362999999896
222521.1655,0
223000.9672,5028.431200000021
223058.4621,0
223126.5543,0
223156.8598,8636.766000000003
223293.8496,142.92579999999725
223375.6117,0
223626.2279,0
223644.4164,0
223871.6257,6046.037700000015
223877.872,0
224058.2407,0
224107.2617,0
224204.6294,0
224213.8392,3408.386899999983
224214.7658,0
225196.4571,21628.263199999987
225627.5953,0
225637.764,0
225741.6024,0
226016.6055,6708.092899999989
226055.779,8588.420600000012
226355.7387,0
226368.3039,12764.837999999989
226677.3854,0
226942.5722,0
227036.5296,0
227284.0306,0
227479.1294,0
227602.84145,0
227668.8166,0
227682.7834,2606.60169999997
227857.8521,0
227864.78389999998,0
227884.8441,13061.843799999973
227917.46480000002,0
227944.4874,15629.584000000003
228030.1594,0
228046.1967,7821.001699999993
228120.5668,518.7387999999919
228274.7522,0
228293.6184,0
228316.6334,2606.9867000000086
228439.9098,0
228609.7347,0
228737.75160000002,0
228908.1718,18364.077300000004
228933.70990000002,0
228975.7307,5719.272099999973
229070.8173,0
229980.8606,1478.1401000000187
230780.03148333333,0
230991.1055,0
231019.9256,5811.394100000005
231289.2023,0
231401.3575,0
231491.4901,12859.930599999992
231613.1047,14123.281799999997
231835.1868,0
231854.0282,1127.6032000000123
231856.7875,0
232056.7106,0
232111.3543,12870.468800000002
232255.4125,4703.338580000011
232465.8707,634.9083999999857
232529.0094,8628.8511
232725.7449,0
232756.7156,15654.468999999983
232884.2401,2843.5957000000053
232976.4006,0
233201.1134,0
233263.5067,9875.607199999999
233665.1247,0
233826.9766,0
234870.9897,939.3745000000054
235121.9465,7679.169900000008
235325.6603,6624.9529999999795
235380.5703,0
235548.7551,0
235580.5966,0
235617.2486,2723.5888999999734
235665.1859,4813.7940000000235
235736.6121,0
235859.77360000001,0
235961.0425,0
235973.8961,8139.189100000018
236048.9639,0
236262.21779999998,0
236368.2391,0
236406.8206,815.1595000000088
236551.5241,0
236614.18339999998,0
237180.8023,13408.549200000009
237358.1038,6432.319700000022
237382.4251,0
237527.8762,0
237921.7481,0
238050.7931,0
238107.5603,31024.071000000025
238123.2461,477.1616999999969
238441.0113,0
238480.5191,12313.251699999993
238542.5635,17281.257299999997
238560.487,0
238584.6687,0
238727.00131666666,0
238962.1432,16281.536999999982
239013.32510000002,0
239037.9953,0
239453.2835,0
239524.0063,0
239649.8354,0
239673.0358,0
239949.0752,10227.745999999985
240095.0098,0
240432.8199,0
240494.8527,4765.7306999999855
240793.2278,5928.665299999993
240832.4656,3509.5244999999995
241169.6867,0
241205.0851,4378.33189999999
241306.6842,0
241742.04940000002,0
241945.1493,0
242209.9957,0
242403.5718,4081.563600000023
242724.6332,0
242757.7801,0
243087.5029,0
243117.7941,0
243433.6367,0
243459.3262,0
243759.9491,0
243795.7745,0
243885.9577,0
243888.283,0
243904.18660000002,0
244265.0297,4462.332400000014
244287.5367,0
244322.7115,0
244633.1497,0
244652.15986666665,0
244709.43170000002,0
244762.8073,0
244873.4533,0
245453.8962,2824.504499999981
245525.9531,0
245587.2664,0
245667.82929999998,0
245782.2977,0
245821.6159,7206.784699999989
246554.35139999999,0
246737.9476,2545.9314000000013
246844.4401,0
246940.5876,0
246991.5476,0
247075.77742,0
247211.1951,0
247223.9752,0
247245.6338,0
247503.418,0
247582.9388,0
247833.6943,0
247852.16405,0
248150.1839,0
248316.2942,0
248327.4276,0
248561.3932,0
248625.4357,0
248916.7213,10617.16380000001
248984.4719,0
248991.53,18446.869199999986
249069.4135,0
249136.4437,0
249252.3346,0
249279.0864,14857.970799999981
249382.2119,0
249570.9695,0
249938.1163,0
250061.0779,0
250091.9641,4679.908000000025
250516.1631,4957.621800000023
250526.8929,0
250613.208,767.1805000000168
250637.3655,0
250987.4375,0
251002.9507,0
251305.7898,0
251345.66999999998,0
251668.2738,0
251693.1171,0
251762.9969,0
251771.6876,0
251774.8871,0
251809.8548,0
251876.9851,0
251953.0547,2706.489100000006
252013.1716,0
252299.91210000002,0
252307.6582,0
252599.1336,8334.426999999996
252824.7097,0
252869.3628,0
252880.1454,0
253043.25209999998,0
253078.7439,0
253159.5976,0
253336.6974,0
253515.1391,0
253542.4078,0
253760.9342,0
253821.3205,0
253962.5925,0
254173.6032,0
254496.6494,0
254542.7278,0
254556.1769,0
254609.0135,0
254763.4465,0
254782.565,0
255081.3264,1679.1416999999783
255195.4432,0
255274.913,0
255285.0354,8648.39499999999
255356.598,0
255720.8386,0
255884.7608,1524.5650000000023
255907.26799999998,0
256036.0969,0
256066.73690000002,0
256191.6685,0
256195.8693,0
256400.2413,5698.633199999982
256514.5708,0
256523.1657,1081.4548000000068
256534.0005,11610.015799999994
256616.2561,0
257072.7055,1995.0873000000138
257182.1349,0
257338.9657,2157.259699999995
257396.1536,0
257463.6919,0
257490.1948,0
257589.3556,0
257590.3927,0
257599.9433,8549.270100000023
257639.4899,0
257658.8352,0
257738.9486,0
257762.9322,0
257807.3896,0
257929.8644,1634.9223999999813
257984.01,0
258064.2811,0
258067.125,0
258149.8053,0
258234.4933,0
258249.9339,0
258259.7203,371.127599999978
258322.5272,0
258335.2645,0
258358.1396,7619.107699999993
258405.8217,1497.4082000000053
258588.143,0
258734.9794,6396.211500000005
258847.1072,0
258995.9501,0
259227.5925,0
259327.424,0
259727.66879999998,0
259860.3147,0
259982.6093,4604.358000000007
260226.8007,0
260745.3658,870.0299999999988
260906.3725,0
260949.1564,0
261169.1431,4224.562199999986
261871.8676,0
262059.486,3058.2809000000125
262065.8675,0
262118.9006,7985.754199999996
262143.2701,2967.7255000000005
262201.6059,2454.260800000018
262291.6608,4132.86050000001
262312.9747,0
262438.487,0
262613.9837,9748.165899999964
262662.3613,0
262756.8539,180.19649999996182
262817.7109,0
262901.7417,0
263185.1718,0
263231.7317,0
263246.3522,0
263789.4223,0
263854.4771,1181.784800000023
264090.3655,3632.211900000024
264640.8878,12478.029000000039
264682.6832,1699.4588833333692
264749.2822,840.9899999999907
264752.2235,0
265494.7278,0
265724.252,9908.222899999993
265827.8247,0
265940.0017,1704.1343000000343
265962.3383,0
265996.862,0
266020.9845,1271.241100000043
266298.893,785.6469999999972
266400.7782,0
266655.381,3040.7049000000115
267054.223,2578.77429999999
267094.7953,1777.9675999999745
267198.1581,9690.499299999996
267327.2436,3194.967100000009
267547.8521,114.41070000000764
267895.3088,0
267936.9401,1849.4836999999825
267991.2766,9928.885699999984
268270.356,0
268316.8958,14092.56719999999
268467.6965,1274.0520000000251
268800.0193,1270.4021000000066
269018.6884,8074.343899999978
269028.1409,11150.057100000005
269099.3954,7666.185199999978
269331.3088,0
269372.1929,10654.790700000012
269697.2878,11417.988199999993
269709.1025,0
269748.5955,9984.623200000002
270141.7593,0
270357.5414,4388.1258999999845
270482.3099,493.16399999998976
270585.8212,672.0411999999778
270655.7614,1695.8293000000413
270736.7364,1353.9906000000192
270838.8414,6230.685200000007
271269.8348,2930.385500000033
271338.3422,10136.122000000003
271469.3155,1607.7778000000399
271506.5911,961.1487000000197
271567.2539,4992.767700000026
272556.1481,0
272784.8192,3760.9561000000103
272851.9664,4022.4267999999574
273002.2586,1769.6806000000215
273101.1723,4436.957399999956
273227.5681,10538.487900000007
273434.7373,9218.955299999972
273542.8522,0
273661.1305,2523.5447000000277
273871.5187,5753.045800000022
273966.405,0
274028.6154,9914.311600000015
274042.0717,3298.894499999995
274166.0956,6519.762899999972
274464.047,7229.26860000001
274511.2854,1310.2084000000032
274649.8044,0
274750.893,14901.882999999973
275082.0566,2203.7652000000235
275424.237,2365.3879000000306
275491.629,0
275601.2056,13786.89869999999
275711.736,2409.4309999999823
275782.8384,2687.4272000000346
275805.9364,8077.42300000001
275963.0563,2553.7045999999973
276052.3352,20666.430299999978
276158.7308,6079.178799999994
276238.236,12002.116399999999
276315.796,13374.673099999956
276397.7756,15698.176500000001
276453.2484,10144.398816666624
276477.03,2693.9793000000063
276598.1159,3244.2815999999875
276634.440225,0
276990.1684,4163.463400000008
277065.9844,9110.636200000008
277068.2553,4699.037799999991
277187.785,2107.911599999992
277275.7303,4205.003800000006
277532.3036,3452.2269000000088
277977.6632,4187.806199999992
278124.9798,2543.743299999973
278206.8429,0
278361.0544,5387.967500000028
278368.4369,4539.478499999968
278584.9045,14445.556400000001
278695.6427,3066.5942000000505
278997.9519,3633.1119999999646
279325.9948,0
280033.1223,5785.238599999982
280144.9628,17336.795299999998
280304.234,17576.56599999999
280331.9271,5768.318399999989
280913.4935,7488.924899999984
280931.6023,4581.206200000015
281228.0704,20439.767100000026
281321.6507,0
281549.757,8098.180300000007
281589.7626,8779.876500000013
281601.0932,6019.613200000022
282144.7043,11129.888799999957
282318.5057,4375.833400000003
282414.1532,6681.8829999999725
282513.7395,4552.366100000043
282705.4328,5446.59659999999
282765.5279,7240.795500000007
282813.4336,7532.3591000000015
283108.9302,14957.881800000032
283781.7514,6369.729700000025
284149.8744,15341.228499999968
284237.4582,15533.99099999998
284420.7718,4441.497099999979
284861.8971,0
284871.4368,0
284960.2814,12188.333099999989
285364.4431,7596.681399999943
285373.9313,7192.018700000015
285435.9458,8131.093099999998
285511.8646,3052.6745999999694
285559.34849999996,0
285647.3186,5250.3979999999865
285718.2914,17161.187600000005
285878.1218,9161.229100000055
286031.6492,14576.911699999997
286090.1271,8058.946599999967
286250.7201,14986.276699999988
286288.476,7822.6799000000465
286604.9813,0
286624.7437,6695.978400000022
286637.2703,8424.18889999995
286752.3929,0
287286.0261,4607.526600000041
287314.6899,7564.894299999985
287516.9633,11183.246700000018
288123.8579,7606.84110000002
288447.2287,8174.843899999978
288490.1772,17382.91340000002
288524.2232,15883.675800000026
288779.5128,11977.992100000032
289377.3157,8054.951699999976
289638.8097,6164.85560000001
289673.1792,3143.495500000019
289826.3994,5130.358000000007
289830.2502,11827.107900000003
289847.9529,8806.3223
289885.5905,6517.462200000009
290038.6547,22768.362100000028
290044.4133,7424.527699999977
290118.5809,28189.7825
290366.6432,6426.746800000023
290394.2632,1002.4175999999861
290454.5528,5296.004599999986
290569.1156,13630.37360000005
290594.971,3785.5283000000054
291118.4673,0
291212.2446,4349.929599999974
291256.0162,4630.602499999979
291282.3739,0
291584.2364,3653.556099999987
291823.5257,14350.441899999976
291883.7805,15982.207799999975
291968.0585,14067.636299999955
292490.6248,21809.281399999978
292632.73,5878.028200000001
292947.2695,11831.768999999971
292958.8074,0
293024.5182,16071.88380000001
293253.3466,22965.8652
293589.5764,5518.26860000001
293628.722,4487.407200000016
293686.9243,0
293879.9814,6553.3763000000035
294242.94,259.99050000001444
294284.4529,7594.754199999967
294312.9385,9231.275800000003
294373.4943,21725.403900000034
294806.7318,16458.324100000027
294916.7792,17822.8897
295422.2893,14998.958500000008
295700.3229,16630.79090000002
295759.9886,19186.29800000001
295835.9375,7576.642699999968
295990.9792,21068.22590000002
296093.7189,8243.435699999973
296254.7165,0
296309.2891,4976.340199999977
296674.7862,22828.217399999965
296691.8602,13473.161800000002
296726.7604,1246.2828000000445
296767.4561,0
297074.4822,9230.276700000046
297239.9996,5078.027899999986
297353.9228,2774.5806999999913
297828.214,5827.493299999973
298126.2391,189.65439999999944
298235.0858,7083.271100000013
298427.2172,22583.692100000044
298505.1999,11981.968800000031
298913.5492,6221.33620000002
298990.6038,13169.90499999997
299006.2998,0
299233.8103,6069.491099999985
299476.224025,0
299534.5758,13063.106499999994
299544.3312,0
299740.5773,18606.888600000006
299752.8876,6227.237399999984
299909.7784,14031.455200000026
299968.713,17214.626300000004
300059.6456,10803.488599999982
300733.0341,0
300783.2882,4093.543500000029
300791.91,12653.103899999987
300924.6265,22496.239100000006
300933.0587,1476.9678999999887
301022.9959,0
301708.3202,6366.665700000012
301766.6336,8333.277100000007
302095.5888,9054.144400000048
302152.2579,8438.23450000002
302176.008,11280.289699999965
302345.4144,2313.864899999986
302389.5832,6214.9684000000125
302574.3762,9433.946799999976
302601.6872,20360.675699999963
302820.9862,0
303008.0902,0
303170.0601,3502.392200000002
303256.1834,9001.354999999981
303343.2433,12046.787299999967
303598.4423,6393.803399999975
303634.0296,7357.889599999995
303833.4131,8177.364300000016
304004.3973,4052.9567999999854
304112.0433,14560.6875
304353.5838,0
304510.4531,13407.923999999999
304688.3261,19498.5723
304743.5701,15164.856800000009
304977.197,8479.893999999971
305024.3583,18101.326
305148.9867,7313.5148000000045
305198.1279,0
305289.3573,14203.56489999994
305327.2038,3235.0050000000047
305409.7823,23386.36989999999
305586.9907,8364.382800000021
305603.7363,0
305700.9457,25321.066899999976
305914.3347,0
306397.4455,8779.27099999995
306586.364,17262.426999999967
306826.815,8185.166199999978
306966.7337,12076.797900000005
307332.241,0
307356.3508,18067.738850000023
307397.2073,9527.900800000003
307784.7821,16186.785700000008
307794.6725,15171.95730000001
308013.26,10024.908400000015
308014.0541,8854.009100000025
308334.3184,9263.671700000006
308471.0724,7058.541900000011
308597.8744,11537.324399999983
308698.5972,8335.666599999997
308773.5513,24981.174899999984
308791.5691,9049.372700000007
308904.286,11778.51980000001
309150.3472,7392.128400000045
309306.65989999997,0
309699.5064,9361.544200000004
309732.6275,10346.101599999995
309752.9902,7763.691099999996
309852.8644,19660.459399999992
309857.7126,8412.649200000043
309957.8517,8616.0858
310165.261,9249.027100000007
310195.8023,8052.756599999964
310305.27,6116.294600000023
310566.6133,7488.032300000021
311162.5579,17140.981499999994
311183.0574,6655.254599999986
311364.4445,16097.091099999961
311377.9088,12487.374399999972
311661.3248,0
311776.4333,14085.98099999997
312362.2287,18077.92009999999
312386.685,5309.284500000009
312693.6988,20013.837900000042
312705.766,8189.537300000025
313056.9213,26872.397699999972
313180.59,9813.0478
313188.3752,9855.11360000004
313210.9208,0
313213.4189,0
313623.5318,8071.177599999995
313740.221,10709.956800000044
313841.67694,0
313860.7759,10707.876099999994
313877.8836,0
314019.3109,0
314054.66000000003,0
314460.33,11182.831200000015
314774.4307,14985.635300000024
314870.4798,7775.456799999985
315082.2625,21283.874500000034
315086.562,0
315102.6209,0
315195.0068,30861.223400000017
315205.8089,10022.488399999973
315372.3728,7150.294099999999
315407.7181,12243.646599999978
315954.9863,0
315959.2836,15645.732600000047
316093.5254,21482.63149999996
316362.4589,7515.73014
316399.2057,17495.43729999999
316438.2944,17707.93220000004
316833.1512,18832.12320000003
316846.7839,0
317047.21259999997,0
317105.7479,6978.224199999997
317190.0239,8224.539866666659
317196.0848,29690.14180000004
317384.4739,12106.883799999952
317684.8253,9775.47570000001
317728.3343,28648.21059999999
317762.0776,0
317806.0467,0
318383.7218,3184.8673999999883
318751.8973,6455.220900000015
318784.5626,8146.2890999999945
318806.3065,23252.306099999987
318855.4378,51541.85130000004
318913.5805,7820.981899999955
318930.364,9732.507900000026
319069.4989,0
319305.4959,17925.7708
319492.4756,7396.079499999993
319689.9911,9246.324299999978
319835.1284,16916.108799999987
320224.4071,12385.53330000001
320646.2396,15221.217899999989
320824.7641,9189.833799999964
321044.4229,25528.890000000014
321131.502,8476.8566
321285.4123,5643.682300000044
321309.4782,8485.809699999983
321545.4907,9242.272600000026
322192.6705,9228.234999999986
322215.4027,0
322237.26769999997,0
322763.2939,0
322773.208,15331.967999999993
322945.0686,13712.99530000001
323045.867,19766.97290000005
323122.2824,9016.854400000011
323482.9951,14024.526933333313
323541.8608,0
323634.0597,23220.757999999973
323650.7558,6577.35699999996
323690.5323,9597.182300000044
324162.4688,19926.762300000002
324218.9394,6055.301299999992
324467.3559,16021.670000000042
324663.8153,0
324681.1894,6795.9207999999635
324803.1049,6590.102599999984
325049.0521,0
325706.9195,6185.421000000031
325814.0002,0
325909.082,6909.264099999971
325952.2489,0
326275.2413,13533.475800000015
326596.9417,9354.142500000016
326721.0439,19903.808699999994
326805.2912,0
326860.4589,7797.1866000000155
326915.9981,7848.38830000005
326991.1162,19701.84289999999
327054.7064,0
327526.9975,0
327718.0814,15303.230200000049
328290.5757,0
328318.8786,17339.074699999997
328419.6901,0
328450.1968,21966.374899999995
328726.3233,9751.812099999981
328746.3278,8888.151500000036
328788.0821,24081.268700000015
328804.1644,16309.1017
329127.336,9610.380000000005
329222.5417,12633.364000000001
329255.0859,9323.180400000012
329485.0147,0
329526.0802,10310.775000000023
329573.8888,13605.270900000003
330047.7379,13079.005999999994
330288.4555,27820.44419999997
330623.6775,9124.4044
330893.9824,17554.805999999982
330933.5237,20668.23430000001
330967.5445,18980.378200000036
331077.8374,8631.574800000002
331126.0337,18145.160200000042
331398.9802,8030.233100000012
331903.0503,21331.40029999998
331975.703,1793.5716999999713
332042.0903,0
332180.1742,0
332351.6731,13937.003499999992
332468.8281,10874.522200000007
332499.1296,0
332530.2013,9214.01880000002
332697.6469,0
332916.7092,8048.203099999984
333016.3998,39039.15130000003
333323.0082,15708.36699999997
333361.8417,39666.6483
333368.6248,17100.534199999995
333423.1309,25595.704700000002
333657.9088,11342.888099999982
333903.5467,14962.077700000023
334000.8557,9219.747700000007
334394.0794,9817.142500000016
334411.837,9726.787699999986
334714.8818,0
334811.4004,6477.246899999969
334874.8123,0
334995.047,0
335007.9532,10166.162299999967
335104.3088,14275.28489999997
335188.6828,0
335278.7015,18547.025900000008
335571.3397,14211.786599999992
335622.0456,17065.658800000034
335728.3333,12531.630000000005
335908.7762,11953.523600000015
336207.3217,0
336462.0708,9073.978200000012
336520.8328,23311.44929999998
336592.3908,22153.248299999977
336618.3167,37765.22510000004
336724.4026,15272.825199999963
336733.5189,7641.517800000031
336875.2326,12864.901399999973
336971.8984,11659.442099999986
337215.4755,8750.497299999988
337627.8648,19709.558099999966
337790.263,18078.371999999974
337964.5342,0
338023.5802,10430.113200000022
338075.6418,28351.44709999999
338303.5528,11763.166599999997
338320.21736666665,0
338364.6458,0
338386.75430000003,0
338463.8876,17079.238100000017
338951.5499,0
339195.5533,11200.182700000005
339287.2769,0
339414.8249,26900.7181
339421.2776,18535.023499999952
339556.8947,9788.822600000014
339731.9917,10317.11560000002
339966.8583,8729.93100000004
340461.0998,41243.785700000066
340529.0584,0
340640.39,0
340715.209,21617.36619999999
340790.6454,0
340824.354,11314.89519999997
340838.7656,9706.113699999987
340901.3738,18400.01660000003
340953.374,0
341091.5793,12921.89619999996
341119.2267,10862.843899999978
341177.8578,8977.704399999988
341200.4059,0
341203.1262,0
341426.5243,0
341639.0443,11467.01059999998
341660.1495,11011.61540000001
341715.1008,12706.355500000005
342003.9507,0
342211.7876,14966.566399999952
342849.1612,17140.804799999984
343148.1725,9690.161699999997
343231.0058,14401.837699999975
343287.5085,8296.786800000002
343459.4659,0
343663.2749,14229.709700000007
343723.8901,16167.1544
343756.3158,8245.45789999998
343863.1351,13362.208500000008
344332.7849,16233.861800000013
344538.52,17996.702500000014
344761.1069,9450.367800000007
344908.2371,8835.886900000041
345055.6367,8758.907499999972
345553.8707,8095.251400000008
345649.9455,10693.516399999964
345929.7281,14874.020100000023
346076.016,10967.945400000026
346146.985,5049.952099999995
346356.3965,0
346729.703,11297.347799999989
347016.6358,13810.038100000005
347054.9385,9870.84149999998
347125.4399,0
347173.2184,40646.393900000025
347249.7946,11734.388800000015
347354.6744,0
347420.3682,35076.14320000005
347696.8029,10180.225600000005
347759.2684,9910.289099999995
347759.9186,14943.465599999996
347863.6143,0
347958.6046,17465.89850000001
348503.2294,9926.144499999995
348560.7367,10452.169300000009
348695.7008,0
348968.7174,15907.094925000041
349049.1132,10097.27190000005
349095.2358,15395.089800000016
349129.941,10634.375499999966
349139.88,10674.19596666668
349251.9049,11407.116100000043
349366.5139,14343.44160000002
349409.2419,0
349605.35959999997,0
349931.4284,11466.367399999988
350005.9191,19454.839933333336
350084.1098,0
350085.931,19912.0907
350089.498,22572.7929
350119.9652,23047.803799999994
350350.0872,28546.483899999992
350414.6067,10866.972400000028
350417.0687,7377.484600000025
350942.788,12157.92710000003
351056.7028,19755.348400000017
351294.3508,41272.87810000003
351333.3488,10859.629099999962
351381.8863,0
351599.9496,11774.339600000007
351830.0098,10853.513199999987
352367.9045,24601.5282
352398.1801,25475.10759999999
352442.2004,16172.633799999952
352534.4828,10593.577600000019
352656.7282,11833.411800000002
352698.3412,12686.563900000008
352765.8079,0
352801.5899,17709.8456
352979.82,9560.85619999998
353336.7411,9226.014800000004
353687.2784,10477.887199999997
353719.6184,21819.112599999993
353731.2281,33200.221100000024
353882.1352,11818.970900000015
354118.746,30638.69829999999
354789.75333333336,0
354878.2822,0
354952.6601,0
355337.7597,15378.355500000005
355515.8333,0
355605.963,0
355622.0846,12835.800999999978
355669.9785,0
356044.4257,10312.848100000003
356046.7982,0
356190.1617,17094.242000000027
356314.9437,18210.097400000028
356530.1848,13286.674699999974
356921.9635,11408.870700000029
356971.4362,0
357134.8058,28300.392799999972
357176.9642,0
357576.3448,0
357762.6997,17288.333400000003
358027.7121,0
358069.602,0
358178.6515,16267.825799999991
358453.4632,19141.494400000025
358466.6001,0
358620.847,11626.806700000016
358650.6016,0
358677.6447,19022.0723
358855.9804,748.7286999999778
358925.8066,26202.65399999998
358935.3904,18826.23119999998
358956.1494,0
359104.7842,0
359201.9341,15344.201100000006
359453.8351,13113.10400000005
359521.1585,14266.801600000006
359708.8223,21098.18890000001
359788.8548,26470.38089999999
360315.5103,1784.5340000000433
360611.319,16441.815500000026
361000.3704,0
361140.5682,28314.291199999978
361345.8223,15016.913
361566.8525,13737.5233
361641.8153,0
361847.917,23047.224000000046
362017.2411,27892.988899999997
362140.3816,0
362260.4856,18910.708500000008
362319.9683,14614.803599999985
362413.0619,14357.979499999958
362705.07,22565.5515
362775.8023,14886.178899999999
362979.5831,21135.620999999985
363048.52749999997,0
363082.4975,12625.24550000002
363248.0044,19426.98319999996
363442.9774,0
363604.50800000003,0
363624.7182,18120.718300000008
363662.7388,14907.0
363732.8301,17532.52170000004
363804.8083,16603.71609999996
364010.7288,0
364082.2099,0
364230.195,16939.74609999999
364310.7436,14000.38500000001
364336.6342,17798.012299999944
364476.9455,19268.234799999977
364637.0814,15009.864900000044
364638.951,16771.66989999998
364672.0837,0
365046.3016,114.32510000001639
365081.1085,16937.474699999962
365786.1717,21219.031699999992
365819.6452,16316.088199999998
365958.662,24576.521400000027
365972.5445,17784.248300000036
366068.4079,13967.277899999986
366502.0654,20519.942500000005
366503.9084,29716.581200000015
366535.2417,13359.103600000031
366893.2591,0
366921.1152,15699.447199999995
367023.2668,20310.858899999992
367049.8885,2027.8521999999648
367129.6278,17386.401300000027
367273.0179,0
367291.194,17347.32760000002
368291.26,15817.455799999996
368573.63,18045.489
368842.2476,21122.10680000001
368929.9518,15561.439899999998
369048.7743,0
369067.806,3031.3538999999873
369475.0848,327.0800000000163
369514.6182,19182.358000000007
370371.4391,33554.4057
370595.7408,15214.088600000017
370960.0884,5805.136799999978
371535.9262,19782.242599999998
371547.3943,34192.17060000001
371715.9017,28943.71179999999
371979.8086,25789.42239999998
372102.051,16292.197199999995
372570.0337,20395.751700000023
372615.8529,0
372678.572075,0
372740.6948,24443.228200000012
372967.5985,8719.267400000012
373260.1877,26688.689200000023
373482.3183,27229.5564
373835.12679999997,0
373976.1517,21453.24299999996
374170.4206,0
374369.9593,23740.02629999997
374439.65009999997,0
374703.0084,14075.748800000001
374819.8768,26728.512600000016
374959.1554,3493.098100000003
375659.5317,14965.708999999973
375985.4331,23942.435300000012
376333.7377,740.0795999999973
376410.5488,34527.515199999965
376700.0457,19833.30489999999
376868.5927,22306.864399999962
376902.2022,33420.09249999997
376966.726,15653.540200000047
376972.435,0
377054.6366,27795.240833333344
377159.36,22723.272599999967
377189.6031,15524.054999999993
377231.4169,13000.390200000023
378134.8596,24850.65140000003
378258.3318,60864.283799999976
378262.5473,30286.08659999998
378378.1437,14141.391700000037
378400.0412,17418.057700000005
378513.1993,24808.623900000006
378627.5623,16707.8407
378720.1582,23640.663899999985
378828.5174,25460.92989999999
378919.2002,0
379003.0446,25928.79330000002
379008.7228,16402.34619999997
379185.8436,14860.163
379299.3814,14552.536800000002
379367.2952,25689.813000000024
379719.6937,22584.170500000007
379863.8484,22354.68890000001
379878.3782,29566.516249999986
380076.7547,14722.01529999997
380190.6778,16392.62849999999
380546.2635,15142.824900000007
380766.6672,29748.05230000004
380840.3786,22399.156499999983
380983.1756,32192.09659999999
381122.3062,0
381148.0066,14757.285499999998
381303.2155,16430.57639999996
381588.5616,25879.824000000022
381647.9502,28422.433699999994
382034.0887,0
382039.5525,12199.5772
382056.0456,14261.827600000019
382337.1143,14047.953700000013
382403.4456,0
382640.4046,28459.7316
382648.8389,20804.047799999942
382677.4016,10219.806899999967
382832.6085,19497.78589999996
383115.5653,13936.10580000002
383187.4468,32611.349099999992
383189.689,0
383258.0213,17491.386600000027
383279.0635,0
383334.4009,30046.526799999992
383591.8256,24286.921099999978
383908.3578,101.2905000000028
384214.9859,14019.616600000008
384330.273,13009.515199999965
384464.83640000003,0
384500.5608,15774.780399999989
385435.2642,15073.095299999986
385769.9041,19044.518500000006
385816.3929,0
385865.7672,12436.887600000016
385990.9875,13349.380999999994
386309.1262,0
386478.5217,15041.028099999996
386805.985,19839.14929999999
386858.8541,19695.027100000007
387648.244,29743.1544
388054.8748,0
388097.5257,12654.034500000009
388239.7782,35009.39659999998
388550.5363,33627.18849999999
388632.4241,11779.702099999995
388804.9029,0
389081.8399,30815.82646000001
389272.9999,20490.5429
389376.3985,0
389401.7806,22027.2292
389616.5623,25343.028300000005
390003.6666,13327.968600000022
390348.5601,35850.38170000003
390397.9368,0
390456.8443,12191.433625000005
390493.5036,23618.32500000001
390955.0929,32820.707066666626
391105.2337,12679.718400000012
391616.272,17465.4093
391643.4028,15764.187499999942
391719.4948,0
391819.5112,17977.036900000006
391914.1268,27406.996700000018
392330.9873,36331.48979999998
392392.1872,12361.598200000008
392740.25,0
392940.8858,0
393025.8175,19302.812600000005
393111.906,0
393160.667,16163.084600000002
393180.9495,16954.0319
393454.925,0
393493.1742,13538.489300000016
393557.3465,0
393558.355,19175.443099999975
393643.8069,0
393812.1155,0
393932.118,7530.730299999996
393988.8003,11783.179699999979
394428.4876,16750.290500000003
394717.9654,6181.703199999989
395293.3114,15218.418799999985
395625.6374,17331.444699999993
395753.8557,15458.650800000003
396046.4883,21232.27390000003
396213.2925,0
396225.8638,28233.125300000014
396311.1269,14989.16009999998
396362.7506,0
396368.0913,14198.467899999989
396499.9384,0
396519.1435,0
396673.6772,20310.343999999983
396722.1964,14521.290620000043
396907.7116,14240.417399999977
397296.3238,24521.109400000016
397575.729,0
397635.0204,14386.714999999967
397693.8374,17715.243200000026
398135.4942,14695.343099999998
398185.4682,3451.128299999982
398338.5769,5434.405000000028
398458.0096,9710.714999999967
398540.1123,13788.01039999997
398613.4189,16786.702583333303
398736.6267,26043.199900000007
398778.3384,22453.168599999975
398861.9044,34201.74080000003
398910.8502,18894.0061
398987.8183,0
399088.5092,14852.507400000002
399784.5678,21105.82050000003
400045.8715,22834.975800000015
400159.9093,14759.43439999997
400190.2006,28380.983299999963
400255.3039,0
400288.9037,16816.637300000002
400392.4703,13840.718699999969
400770.3673,18022.91690000001
400913.7141,0
401001.1883,15272.763699999952
401289.2333,34225.3456
401648.6717,29011.388199999987
401977.4208,28476.108000000007
402198.4729,26669.45750000002
402522.0677,15578.255999999994
402631.2508,15085.232599999988
402675.1563,16715.61149999994
403076.7051,23873.105500000005
403363.0103,16049.864100000006
403718.266,0
403727.6087,15570.638099999982
403931.0257,8851.412699999986
403954.1309,32852.71849999996
404232.7439,32226.906699999992
404485.7828,16633.58879999997
404509.5562,13947.592599999974
404649.44375,0
404689.6702,14010.491800000018
405113.4399,31998.445599999977
405506.6739,16914.24299999996
405802.00535,0
405941.3976,28651.429400000023
405953.5148,0
406102.0394,16261.470199999982
406267.2618,19442.645900000003
406342.7575,0
406394.9424,18051.20020000002
407205.2909,46323.35990000004
407308.8084,16763.65399999998
407549.3405,0
407553.3766,14647.42869999999
407562.5482,16130.638199999987
407732.693,36183.67960000003
408290.1647166667,0
408301.9804,22703.026300000027
408365.6164,20440.835299999977
408479.0858,15596.1066
408712.591,22491.151700000046
409362.5664,18136.783400000015
409537.1639,17055.989
409551.4243,20652.425960000022
409661.6898,29495.1679
409772.2283,24123.981700000004
410319.6075,0
410467.7948,21993.682699999947
410505.1559,42092.019900000014
410573.4713,15969.788699999976
410630.8013,21359.554300000018
410755.94292,0
410756.8708,29605.364499999967
410861.7902,18124.363100000017
410902.3286,16635.184799999988
410951.6493,25012.860199999996
411039.8493,43493.13770000002
411158.5579,15059.60010000004
411430.8003,36189.70890000003
411645.5172,32469.113000000012
411857.4668,19824.5931
411881.3032,14940.804100000008
412143.1581,25906.192700000014
412218.3406,30789.483299999963
412404.884,19198.058179999993
412407.754,0
412601.2642,17252.47999999998
412768.427,14936.041200000036
412969.737,21883.774250000017
413129.3378,34097.166800000006
413140.5253,13285.44279999996
413191.7572,14826.271000000008
413443.5608,39318.342199999955
413498.8141,19136.867900000012
413639.7325,0
413799.9462,20396.95530000003
413951.0624,13323.270000000019
413997.1029,30358.84639999998
414091.1107,19019.991960000014
414161.728,0
414573.0195,34845.21655000001
414730.5621,16162.9473
414809.1379,17574.89889999997
414815.9171,16830.685200000007
414975.4885,25815.44419999997
415079.8211,11438.587
415104.1701,15200.467799999984
415554.0257,33299.61070000002
415822.7536,20924.489100000006
415956.0921,39772.83409999998
415960.9292,13786.75589999999
416182.0793,0
416182.8714,22843.778899999976
416217.8538,11607.806699999957
416639.5969,14258.58169999998
416818.8723,0
417107.6684,12084.828000000038
417367.826,21021.437600000005
417406.4546,16404.65970000002
417497.3982,32967.95649999997
417512.1249,14189.189899999998
417621.0171,20160.35839999997
417682.172,12575.625700000033
417694.9442,15187.186000000045
417713.5443,15584.819499999983
417729.7391,0
417912.3113,12813.392700000026
418203.4224,51850.29899999994
418260.6655,27295.9069
418430.0396,18131.333600000013
418513.9469,22062.795500000007
418604.5342,11032.502299999993
418661.9877,24439.796900000016
418672.1469,30073.6434
418852.6434,27165.869999999995
418932.2238,13154.150199999975
419017.6202,22131.47470000002
419062.5257,15546.564599999983
419412.5118,11700.843799999973
419458.2234,13447.930099999998
419517.6206,0
419523.8056,0
419716.1084,0
419775.2506,12786.583500000008
420109.9877,29196.584700000007
420138.2621,26683.941900000034
420355.555,25250.298699999985
420460.5394,12545.894499999995
420556.6487,11264.271100000013
420688.4866,11707.839800000016
420721.0959,21214.838700000022
420793.6174,0
420882.6261,20978.670799999963
421064.8556,34049.36360000004
421207.7092,13660.7782
421289.4734,24461.67360000004
421398.674,13641.718699999969
421559.1226,10003.185400000017
421722.5208,0
421745.4452,12985.043400000024
421761.8488,30678.898199999996
421864.3207,11555.30859999999
421867.2678,14596.72709999996
422406.3548,0
422447.8728,12478.515200000023
422520.3982,24713.32376666664
422625.8404,12503.127099999983
422718.0104,8406.544000000053
422750.9158,0
422799.4036,10671.070100000012
422808.368,15992.936920000007
422896.9197,8485.7745
423067.6002,12787.80827499996
423218.1527,18050.693899999955
423301.4365,28341.286300000036
423361.685,10580.480500000005
423410.6357,0
423436.3059,10563.939599999983
423505.5361,13877.582200000004
423510.4808,7020.262100000051
423761.9198,12883.521599999978
423782.4189,21502.223200000008
423843.8687,10271.332799999975
424170.9657,27995.60090000002
424432.3463,0
425293.3593,21185.658600000024
425489.2009,22538.29959999997
425490.4847,7948.814299999969
425698.905,10384.38360000006
426018.1751,8746.791499999992
426057.292,11509.304000000004
426079.5412,10805.465999999957
426089.9725,7690.744899999991
426345.29,20242.722099999955
426520.1634,9646.326700000034
426540.6311,0
426805.681,8878.953899999964
426910.5649,9319.770900000003
426914.9984,0
426996.8006,0
427258.3834,18955.856099999975
427527.2576,19868.273800000024
427586.3394,18151.65863333334
427763.73219999997,0
427776.028,11825.248499999987
427884.8326,11469.97410000005
427998.5621,19305.494599999976
