-----Simulation 0-----
172997.139,0
173122.3123,0
173141.7899,0
173264.7714,0
173283.9218,0
173415.8551,0
173446.42369999998,0
173476.5097,1415.4377000000095
173745.79869999998,0
173826.527,0
174040.9828,0
174057.5794,1639.0262999999977
174085.817425,0
174119.2872,647.0706000000064
174168.6464,1246.2326999999932
174336.2725,0
174997.787,0
175003.2878,0
175003.37709999998,0
175173.5736,0
175429.8452,0
175525.5923,0
175547.11383333334,0
175560.2364,1534.195000000007
175613.4971,669.4909000000043
175639.5615,1780.1361000000034
175727.8684,0
175822.5696,0
175982.1117,540.9021000000066
176100.153,1260.504350000003
176152.9691,1699.8452999999863
176714.0582,1010.4619999999995
176719.4525,1415.1447000000044
176965.2782,0
177006.6379,1542.6772000000055
177353.3788,0
177389.7366,0
177404.8112,872.8724999999977
177539.1228,1364.5037000000011
177670.3533,0
177741.3827,800.7181999999739
178173.726575,0
178203.8072,1624.5679999999993
178295.418,1164.4070000000065
178386.5061,0
178406.9725,0
178605.1037,622.0984999999928
178744.6026,2061.960700000025
178754.6133,766.1650000000081
178863.1594,1076.1426999999967
178924.1352,1466.5975000000035
179112.3016,0
179542.062,0
179857.8007,1124.1869000000006
179885.7492,0
179904.31900000002,0
180332.0838,1317.5861999999906
180527.6858,0
180549.2713,0
180736.2215,115.78810000000522
180941.1907,1497.8250000000116
181065.6768,0
181684.7599,1018.6595000000088
181701.5857,1964.2973999999813
182452.0944,5530.858899999992
182558.6764,3849.494699999981
182585.5935,3438.8219999999856
183198.0039,1066.3453000000154
183304.0726,0
183353.4266,692.7109000000055
183413.8977,2568.282899999991
183519.9849,3125.4557000000204
183583.79690000002,0
183635.3621,1561.2467999999935
183707.9682,5857.396600000007
183954.2735,2757.304300000018
183971.4962,2352.434799999988
184737.3826,3473.820000000007
184799.4373,0
184800.2178,1663.9897000000055
185047.2721,1819.5045999999857
185277.4764,2465.170600000012
185360.4842,3381.795700000017
185610.482,1208.2148999999918
185661.0097,1411.3037999999942
185691.6452,902.1884000000136
185711.1611,2034.8718999999983
185882.6594,1878.916200000007
185900.6743,515.226100000029
185974.506,740.4238999999943
186062.6217,3212.5161999999837
186448.7102,0
186812.2995,0
186875.7804,4127.726399999985
187365.2646,927.1430999999866
187549.4206,1756.659800000023
188197.7834,6374.0218999999925
188238.105,0
188331.5481,298.18620000002556
188341.3167,6035.684399999998
188401.0822,1694.3671000000031
188425.7303,3000.231700000004
188515.6569,5610.953199999989
188577.4289,3278.0483999999997
188596.7304,1381.4529999999795
188599.8796,26.896699999982957
188780.7948,1762.3809000000183
188945.6433,3080.657500000001
189013.4553,6218.518400000001
189106.6347,1458.947199999995
189184.9315,0
189321.5818,6170.068900000013
189388.5132,0
189778.2201,934.837200000009
189869.7176,6884.868199999997
190147.0548,5806.486800000013
190274.9653,0
190370.944,1620.967399999994
190410.9703,1572.1324000000022
190591.9969,3260.660499999998
190663.9524,6842.938900000008
190731.5442,6008.637600000016
190755.94,6816.253499999992
190758.3319,4681.875724999991
190957.5332,1665.944199999998
191132.9277,6482.72570000001
191237.2,1906.6148000000103
192184.9552,2141.0685999999987
192280.453,6853.458899999998
192452.0348,7281.421100000007
193038.5339,5699.18280000001
193168.0894,7399.074699999997
193252.6713,7205.443899999984
193491.6437,7408.889199999976
194033.406,7050.768199999991
194371.8723,6954.039799999999
194482.3504,6519.127899999992
194534.6308,3934.8531000000075
194574.2659,3506.238000000012
194642.3078,7700.739900000015
194851.5936,3523.4804000000004
194884.5071,7919.4847999999765
194947.2763,6629.294499999989
194970.0155,6910.708400000003
195016.3726,6461.695800000016
195242.9848,7064.37030000001
195379.7682,3407.6330000000016
195502.6778,6736.355500000005
195609.9866,2924.2284999999974
195634.3879,7592.708400000003
195683.5909,7211.997000000003
195727.3595,6622.296799999982
195766.4968,0
195856.9132,9836.467200000014
196071.9756,9223.199300000007
196200.9783,7592.966999999975
196410.9602,10190.35070000001
196453.1522,4806.488500000007
196830.2907,6982.552800000005
196842.4046,6899.544800000003
197026.7759,6543.554900000017
197149.2274,10014.551100000012
197173.9446,8395.314199999993
197182.6036,8821.16592
197319.5272,6201.31230000002
197423.613,6873.5410000000265
197544.9494,9799.640600000013
197667.9223,6878.998099999997
197914.2277,10043.198199999984
198025.1807,0
198028.3417,4344.188999999984
198085.9571,6606.310100000002
198135.7915,6992.4297999999835
198453.5594,7589.833400000003
198486.6148,7149.353000000032
198775.3784,10077.494499999972
198871.3705,6208.0768999999855
199364.7452,9919.59659999999
199366.0972,7434.409399999975
199704.1743,9468.018500000006
199990.3049,8058.158599999995
200010.3081,8221.078799999988
200121.814,8728.724400000006
200184.0839,8043.508999999991
200236.5184,9251.405399999989
200239.2915,11032.193499999994
200376.8491,8217.661900000006
200598.6484,7852.96590000001
200627.3839,7979.141600000003
200764.1261,7933.604499999987
200943.4631,8856.703199999989
200996.9616,8335.037100000016
201003.3381,0
201032.9823,8507.839500000002
201169.9252,8729.5533
201637.8439,8278.62460000001
201657.8537,9178.549100000004
202243.0559,7449.268799999991
202293.3274,7390.855299999996
202299.6408,8646.400499999989
202677.5968,7323.262400000007
202709.5132,10268.440799999982
202769.176,6028.030500000023
202811.5732,7628.491700000013
202904.6797,8246.474000000017
203076.8786,7619.7788
203098.9328,6491.533400000015
203107.527,727.7876999999862
203713.4354,6947.686799999996
203824.4647,0
203994.8609,9332.732500000013
203998.2695,9343.960499999986
204038.023,6414.666999999987
204329.6965,10119.220000000001
204677.5076,9866.838500000013
204989.7089,5446.513599999977
205043.5985,7682.573100000009
205146.5097,7919.708699999988
205227.5473,8248.076900000015
205547.7103,7872.041800000006
205603.3061,8125.2699999999895
205625.8437,8395.472099999984
205700.7754,6644.90320000003
205821.5585,7245.364600000001
205908.2574,7366.078700000013
205947.3523,9667.88949999999
206031.6605,0
206160.1386,0
206202.4881,9796.43849999999
206868.5355,7212.9185
207124.83475,0
207168.2715,7042.535200000013
207181.44,0
207260.1054,9255.570299999992
207495.7514,7435.410800000012
207715.8396,9229.62460000001
208166.9826,0
208252.1806,7373.748799999972
208656.8041,9540.502100000012
209011.3648,7570.103600000002
209019.5717,6856.296300000016
209106.1661,6161.299900000013
209334.2372,6072.32269999999
209481.8183,5734.746300000028
210091.2261,7466.881900000008
210142.7454,6453.851700000028
210253.7056,8117.738299999997
210279.9442,0
210347.59,7239.10579999999
210508.8555,7213.628700000001
210969.348,676.055633333337
210987.4151,7187.743000000017
211078.8945,8060.462399999989
211339.1875,0
211465.33539999998,0
211609.5408,9679.690199999983
211614.6522,7523.940000000002
211756.8691,9446.857500000013
211779.1464,7581.729800000001
211811.0178,0
211900.0588,7810.550600000017
212071.4792,8857.068599999999
212253.7662,0
212378.841,8724.994399999996
212447.6187,7200.372299999988
212859.1224,0
212912.9818,7067.747100000008
213243.5926,7796.088400000008
213293.9018,7767.184500000003
213496.1717,7020.759699999995
213596.6511,8076.427399999986
213755.9581,6845.246199999994
213867.9786,7036.604300000006
214034.8391,8135.834100000007
214100.3777,7238.32620000001
214118.7379,7577.409299999999
214152.4924,0
214182.3626,7112.030800000008
214227.8157,9952.10620000001
214248.5295,6883.574599999993
214336.8822,7048.382400000002
214556.204,5297.8232000000135
214659.7316,10145.827099999995
214672.3798,7509.828199999989
214782.4932,7042.223499999993
214839.2911,7342.4523000000045
214917.3919,7628.013799999986
215029.6423,8595.526699999988
215046.1872,7161.458400000003
215083.759,8044.090599999996
215107.223,6807.721799999999
215189.483,7157.847100000014
215481.1776,6211.189499999979
215742.8723,5514.147499999992
215829.0525,0
216123.9045,8655.549200000009
216264.414,0
216385.0534,7052.463099999994
216472.2816,5513.550999999978
216523.899,5449.2261
216570.4588,7305.936099999992
216572.4915,0
216919.6174,0
217149.1018,7821.851699999999
217150.9045,6965.402000000002
217299.446,5462.3475000000035
217520.1368,5971.70259999999
217521.4498,7357.292400000006
217583.3026,0
217644.4063,7094.928700000019
217665.0221,5422.648300000001
217735.3997,0
217743.635,7007.5148000000045
217765.8691,7684.965499999991
217790.8186,5753.060700000002
217824.4055,7351.710099999997
217831.0501,5666.657399999996
217858.9353,0
218533.467,7065.075699999987
218651.2158,5886.017599999992
218718.2237,0
218750.5719,85.31369999999879
219132.9717,5767.542199999996
219313.6296,0
219354.6549,4852.484499999991
219436.9253,5409.086100000015
219719.9041,5367.499000000011
219785.425,5470.423499999975
219969.4372,5156.768299999996
220224.106,7717.806000000011
220239.9341,7631.849400000006
220384.4786,5358.666100000002
220455.941,5484.527600000001
220533.45750000002,0
220789.8596,5414.819900000002
221113.1628,4907.874899999995
221224.7924,3464.879099999991
221284.9824,6741.48510000002
221334.4285,0
221473.2291,5226.354499999987
221538.3054,4007.475000000006
221743.9027,5007.987200000003
221823.0885,0
221896.6893,5092.40340000001
222003.013,5571.17730000001
222036.6308,5656.207600000023
222317.3228,5368.033900000009
222471.4426,6095.13400000002
222515.8088,5632.053400000004
222648.896,5065.400300000008
222868.4297,5368.4146600000095
222897.0431,5900.859300000011
223045.0202,5153.078899999993
223286.676,5319.068400000018
223357.1346,4938.022799999977
223423.8665,5329.833500000008
223491.8611,5988.443700000003
223499.9054,5661.01979999998
223553.2013,4781.95259999999
223584.3689,2600.6230000000214
223585.84171666668,0
223660.5394,0
223676.0177,5488.251699999993
223940.4263,5343.061499999982
224082.7184,4476.055500000017
224117.2256,4598.188300000009
224239.1235,5536.781099999993
224258.5459,8957.583299999998
224507.201,0
224629.1977,0
224801.2223,0
224807.5379,0
224851.375,5465.966599999985
224858.3034,9067.902100000007
224918.7831,6052.6675000000105
224988.5221,0
224998.0282,5958.625300000014
225115.5807,6139.434799999988
225152.102,6100.690900000016
225267.254,7790.865900000004
225278.7441,0
225834.2886,6309.834999999992
226390.4995,7265.14320000002
226417.7906,4706.967600000004
226589.0109,5322.7837
226622.5794,5336.4136999999755
226623.6132,5323.975999999995
226780.9262,0
227099.7147,7604.2693000000145
227120.0669,7150.389200000005
227132.7698,4008.477899999998
227225.4188,4679.050700000022
227239.7916,7283.152899999986
227414.45694,0
227617.0193,4832.705600000016
227664.8324,4969.528100000025
227793.2937,4337.382600000012
227858.7691,5297.4684000000125
228180.4778,3872.062099999981
228180.9609,3567.546800000011
228409.1567,5925.6011
228627.0941,5485.965199999977
228895.863,5719.147100000002
228906.9458,5352.845799999981
228907.4426,3921.5814000000246
229048.3579,3504.964000000007
229078.5095,5963.677999999985
229217.2851,6030.329200000007
229237.8433,5420.911599999992
229481.558,5195.283540000004
229524.2085,5168.942999999999
229817.7179,2115.251499999984
229843.1732,5767.714799999987
229877.8399,0
230089.0029,1752.4922999999835
230233.7892,5780.412400000001
230462.5703,5176.096799999999
230615.5303,6117.824500000017
230706.9873,3901.972299999994
230980.2081,4184.1097999999765
231169.8262,0
231175.4205,0
231541.0914,2488.7494000000006
231651.2564,5429.817900000024
231665.579,1090.8280000000086
231730.7857,1153.5455000000075
231764.3906,592.1097000000009
231808.1858,572.1002000000153
231810.5136,894.652700000006
231958.852,0
232074.7784,0
232221.6413,5964.584799999982
232226.2011,1072.239899999986
232407.2558,3438.7873000000254
232481.21122,0
232849.5376,3791.9293999999936
233620.1253,5477.435400000017
233881.2784,6849.420800000022
234011.4927,850.4628000000084
234181.9409,552.5984999999928
234229.7667,526.109300000011
234400.5449,5986.0118000000075
234424.1743,0
234771.0287,391.0017250000092
234967.8146,0
235315.7789,1445.6615000000165
235469.8421,5472.366100000014
235748.0322,1256.3144999999786
235771.426,5536.2880000000005
235921.3876,3852.0742333333183
236181.1465,0
236260.0477,2290.126900000003
236483.4426,2552.8086000000185
236607.4728,4298.069599999988
236728.7779,4379.359599999967
236808.9471,1438.016499999998
237073.5985,943.1745999999985
237370.8531,1416.2540000000154
237590.4252,917.5592999999935
237752.9375,0
237871.5436,0
238136.0976,1440.6297999999952
238788.1789,0
238848.8028,1929.994399999996
238876.8244,1290.3484000000171
238924.5038,1287.7531000000017
238929.3598,1880.787100000016
238948.5126,1496.9734999999928
239152.08299999998,0
239656.1935,1997.5083999999915
239729.577,1786.2545999999857
239862.5163,1205.956199999986
240323.0732,1996.4642000000167
240526.8964,1468.7718000000168
240815.4701,1720.2582000000111
240822.3451,1957.2292000000016
240999.8771,1878.245900000009
241128.5725,2116.2273000000278
241263.5674,0
241392.3598,4271.762500000012
241419.1648,3264.991100000014
241421.7402,3453.322600000014
241487.4033,1914.0248000000138
241514.467,0
241739.36560000002,0
242777.0829,2547.315800000011
243028.202,1898.8413
243152.2102,2129.8840999999957
243172.6202,2329.9605000000156
243443.3667,2294.269900000014
243446.4223,2268.931899999996
243562.8332,3416.943750000006
244082.1199,2635.281399999978
244164.6554,4818.72080000001
244215.0816,0
244288.3882,0
244608.3606,3829.8463000000047
244616.4149,5040.416900000011
244762.6181,3271.9903999999806
245132.7905,1765.652700000006
245307.8257,2826.236899999989
245462.6782,0
245470.6833,0
245600.5392,0
246186.387,3152.5263999999734
246236.267,0
246257.626,3355.608199999988
246761.6362,4283.156699999992
246820.0045,3047.9563999999955
247141.0449,0
247301.3832,3921.126200000028
247427.4219,3545.7515999999887
247771.6911,5538.12030000001
247775.6115,3623.5341999999946
247875.9079,3647.4597999999824
248137.6203,7050.627100000012
248159.0945,4998.472899999993
248369.1622,3358.9256999999925
248479.5637,0
248546.7845,0
248741.7944,3284.3798000000243
249222.5698,5004.678400000004
249275.6602,4054.772900000011
249604.4687,4169.4283
249699.0095,5332.7063999999955
249722.7004,3553.5480999999854
249950.0567,4234.7624999999825
250005.0524,4712.787399999972
250262.4496,3671.5136000000057
250455.4695,3938.812900000019
250618.016,3944.6552000000083
250790.9108,3436.1959999999963
251044.4864,5894.891299999988
251147.1368,3553.501100000023
251151.7762,0
251620.4916,4700.578999999998
251761.6955,101.69310000000405
251988.0073,3677.7872999999963
252227.8294,3361.977599999984
252230.1155,6283.526000000013
252503.1676,5282.503799999977
252552.8819,5685.564700000017
252974.6292,5835.8389000000025
253853.4537,4397.66280000002
254410.3352,0
254526.5482,3391.8935999999812
254655.0367,4862.670699999988
254767.6546,4764.852700000018
254876.4595,0
255468.9895,0
255512.3689,3125.974900000001
255651.8715,5392.270000000019
255895.0368,4859.99960000001
255913.545,6466.479300000006
255960.9073,4371.258200000011
256073.6528,6528.878900000011
256084.4729,6026.874400000001
256229.0459,0
256347.56949999998,0
256683.779,5693.487600000022
256739.73930000002,0
256939.6092,0
256974.8709,6986.495200000005
257087.9519,5749.0049
257177.281,5337.775399999984
257768.1415,0
257770.1542,6097.518400000001
257811.4054,0
257883.5568,3691.2904999999737
258288.6878,6177.894900000014
258433.836,0
258606.3442,7059.716599999985
258636.4243,5991.530100000004
258694.1276,6746.105780000013
258833.1144,6141.494999999995
258907.8272,6109.698499999999
258908.8567,6213.329900000012
258940.2597,6287.4286999999895
258945.0193,6706.609000000026
259288.51,6117.949699999997
259486.2814,5570.722000000009
259613.4246,6891.768199999991
259641.1536,6504.364199999982
259719.182,7344.674100000004
259817.7895,6991.143700000015
259845.0215,5992.743900000001
259973.9169,6834.644100000005
260254.4646,6156.979500000016
260329.082,5557.138399999996
260416.6398,6821.293399999995
260456.3451,0
260657.696,7905.03839999999
260901.6426,8193.888500000001
260932.7697,7203.819599999988
260976.1435,9235.9571
261017.7474,6006.854300000006
261194.9972,9144.722700000013
261256.1004,8810.580699999991
261568.5762,9170.313400000014
261580.8841,6130.901500000007
261814.5987,6289.988899999997
262252.8136,5991.656799999997
262282.0316,8636.764999999985
262339.5638,0
262350.6266,8479.108800000016
262469.0642,7144.560600000026
262712.5662,6801.910600000003
262842.5367,8570.364100000006
262869.8819,6275.736199999985
262893.481,6830.818000000028
262899.7606,6428.3429999999935
263563.6274,6101.8313999999955
263614.4423,0
263699.8431,9029.12539999999
263838.4727,6569.846099999966
264413.0284,0
264837.2969,6407.348600000027
264912.1994,9459.5809
265053.2302,6119.775399999984
265276.5222,9345.061099999992
265286.668,6719.900099999999
265314.9157,6979.503100000002
265333.523,6765.41889999999
265355.2169,8528.782699999982
265535.7805,9517.718499999988
265601.2053,6061.633599999972
265883.0814,9685.001000000018
265935.4622,3979.845900000015
266140.7136,2173.7158000000054
266221.6123,6199.468599999964
266277.5829,3387.984299999953
266299.12679999997,0
266406.4648,8954.04535000003
266438.2453,9670.993100000022
266440.4606,9553.279500000004
266472.0662,9794.674999999988
266594.2662,3895.899800000014
266658.1548,10500.675800000026
266871.4942,9720.584600000002
266998.643,7211.88069999998
267007.6413,8716.28330000001
267335.422,11746.399800000014
267480.4379,10548.21940000003
267918.018,0
268010.4151,0
268142.8921,0
268286.7608,10503.36169999998
268341.15,0
268436.0176,8788.142400000012
268721.763,7033.716199999966
268824.226,6344.688900000008
269175.0763,9999.992300000013
269837.9161,5105.2815999999875
269839.393,9973.719699999987
269932.6428,10138.64579999997
269973.6242,6583.09520000004
269976.8684,10447.285799999983
270094.1772,10855.712299999985
270308.8709,6325.411800000002
270504.6934,11767.755199999985
270900.6539,11114.55289999998
271575.7332,10818.559500000032
271837.8111,10233.77979999999
272275.6612,11324.905499999993
272526.9215,10096.770599999989
272650.0414,11465.940099999978
272753.8285,10083.49940000003
272760.5103,11513.53290000002
272943.9424,10057.136600000027
272961.4756,9880.870600000024
273179.1774,10548.418599999975
273227.6365,11275.284500000009
273261.253,7743.776100000017
273526.8237,10579.11460000003
273964.4886,11065.18359999999
273989.1138,9823.252299999993
274059.8204,11117.868799999997
274243.3112,11786.973400000017
274301.7035,12161.418800000014
274499.1693,11354.560300000012
274665.5966,11671.371400000004
274675.776,12204.224025000003
274691.158,10772.712100000004
274785.3625,12017.578999999969
275337.0543,12094.178799999994
275399.628,12418.178300000029
275864.1501,12146.835699999996
276425.7827,11775.299299999955
276693.0961,12209.86989999999
276758.2405,11977.746100000048
276761.4753,12209.823600000003
277133.2616,11327.334200000041
277360.4163,11225.62149999995
277410.5411,11062.331399999966
277470.4291,11791.196200000006
277544.9531,12191.907599999977
277863.6667,11297.258900000015
277868.3408,13057.405800000008
277952.3668,10991.488000000012
278078.6263,12098.659400000004
278147.9834,11454.261400000018
278240.4459,12341.252299999993
278402.0899,11935.821200000006
278586.7861,11585.112700000056
278655.1195,12060.43379999994
278964.3163,0
279097.6162,12325.989599999972
279194.8338,12528.949000000022
279225.0504,12929.593900000036
279290.5707,12151.320199999958
279297.903,11461.113299999968
279439.1748,10971.968899999978
279491.0657,12156.051599999948
279519.0535,12100.099899999972
279635.7605,13042.11659999995
279811.6895,13032.819999999949
280022.559,12316.770100000023
280387.8625,11471.122199999983
280648.1666,12685.032499999972
280869.9636,0
280907.4566,11816.467599999974
280968.6676,11533.97239999997
281094.1007,12258.087500000023
281211.2187,12518.40750000003
281463.3358,12139.328500000003
281624.9737,14551.767399999953
281702.9964,14597.027999999991
281741.7843,11513.573000000033
281887.3373,0
282030.6723,0
282080.2707,14520.602499999979
282129.0965,0
282242.0016,13123.925400000007
282340.8632,10883.80700000003
282454.9889,13731.636700000032
282494.349,11280.340999999957
283165.476,3712.0060999999987
283207.2709,14179.608000000007
283272.4223,12371.78019999998
283493.1003,13511.517699999968
283502.1528,12936.562800000014
283663.9109,15040.564899999998
283794.6699,15344.836099999957
283862.1673,14151.264899999951
283953.4616,12083.569683333335
284176.9325,13044.184799999988
284394.1351,14686.544400000013
284425.6032,15254.968400000012
284589.2832,12319.209700000007
284697.1666,13229.575000000012
284715.3473,14244.381900000037
284813.1756,11506.491300000052
285068.4262,11958.508700000006
285134.408,13988.634299999976
285242.7899,12468.639099999971
285398.3657,14848.248700000055
285500.2562,13481.608999999997
285858.9811,12743.958600000013
286104.1105,14800.316700000025
286393.7445,12773.00589999999
286946.3021,14371.374199999962
287022.5883,13766.711699999985
287245.9573,14769.772100000002
287278.4899,14022.04759999999
287347.2029,12277.318499999994
287402.008,14362.882599999954
287528.7847,12267.334300000046
287590.725,12519.724999999977
287608.0774,14236.57540000003
287656.5238,14429.649100000039
287665.4332,12437.199300000037
287687.9694,12428.435100000002
287707.1204,14555.938000000024
288435.5812,12481.376600000018
288593.9103,12035.036199999973
288638.9736,12276.618000000017
288644.5841,13619.733399999968
288798.0024,12436.017099999997
289088.1517,14702.040700000012
289233.0414,12366.310100000002
289443.2774,12611.781400000036
289544.0861,13564.617599999998
289606.8709,12353.813800000004
289633.923,14740.598125000019
289861.1334,12385.66320000001
289906.7869,12501.665199999989
289952.6061,12680.41479999997
289963.846,13464.103000000003
290254.8124,14501.655399999989
290509.6614,14641.572999999975
290631.2926,13714.922499999986
290634.1798,13400.524199999985
290668.2233,12426.298600000038
290899.9271,14973.920999999973
290901.2192,12069.762600000016
290912.8619,12849.606499999994
291023.34,14105.907999999996
291083.0808,15095.418599999975
291148.4054,12185.076199999952
291292.5611,14448.035600000003
291349.328,12646.146499999973
291359.0458,11657.864900000044
291639.4455,12847.848799999978
292009.9738,11623.195499999973
292049.0814,13893.622800000012
292348.6715,12560.160600000003
292435.2871,11707.638399999996
292702.3077,12715.944299999974
292719.2557,12280.30799999996
292902.2963,12767.722099999955
293044.0759,11731.680699999968
293081.9793,11833.399399999995
293098.0648,7085.921099999978
293487.5392,12528.304400000023
293657.9985,13288.891899999988
294099.8523,6030.145300000033
294305.2356,12205.645000000019
294405.4509,14759.608200000017
294466.5669,14015.214199999988
294794.594,7704.944299999974
295040.1019,11856.782100000011
295622.2476,12918.717100000009
295673.303,14601.901000000013
296036.9198,12354.68339999998
296427.8575,11818.753299999982
296677.6432,13289.37520000001
297041.0306,12342.615300000005
297117.7292,12442.212500000023
298061.7888,12535.27509999997
298111.2765,12110.536999999953
298295.5204,12232.801599999948
298572.6516,12976.18160000001
298732.1596,12369.569900000002
298826.2243,12760.720399999991
298843.1887,12312.663600000029
298913.4877,11870.397999999986
299034.6942,12435.468200000003
299277.7062,12372.087100000004
299358.6076,8136.360999999975
299471.1015,13662.108699999982
299526.5809,12890.709099999978
299640.4027,12777.769899999956
299752.4394,3661.4646000000066
299876.3401,12106.141599999974
300080.8184,12276.2647
300309.6982,7350.358399999968
300403.2363,12553.747399999993
300417.4098,12293.180000000051
300923.6161,12623.80249999999
301056.0619,12457.773699999962
301082.7992,13285.666599999997
301341.2804,12439.337699999975
301474.352,14408.631500000018
301503.121,12546.914300000004
301698.1907,12259.336399999971
301712.3476,13089.564199999964
301920.5514,12166.159700000018
301999.5162,14600.767300000007
302049.4173,14933.213400000008
302182.3122,12255.924499999965
302233.1997,12586.194299999974
302413.364,51.177100000029895
302470.4034,2343.7707999999984
302518.3548,1478.018299999996
302616.0504,13227.075500000035
303066.8125,12726.292866666685
303072.4357,12246.98715999996
303167.551,12825.801199999987
303306.3104,13255.155260000029
303307.0417,14866.274800000014
303377.2139,12444.930899999978
303408.4335,12147.709600000002
303484.6844,13217.553200000024
303595.2822,12211.151700000046
303637.8059,14724.224199999997
303769.8419,12267.835900000005
303998.4247,12740.802999999956
304141.5617,0
304164.5349,13116.93770000001
304207.4786,13107.422699999996
304420.4791,6657.770200000028
304573.4595,13692.289800000028
304803.2798,5582.1567000000505
304822.4536,13378.625100000005
304833.7286,12609.402699999977
305009.6343,2474.2329999999492
305013.6812,12715.803799999994
305019.9541,13188.893899999966
305048.8868,11831.190999999992
305274.1539,0
305329.1057,12730.768100000045
305522.2238,12423.974899999972
305531.6195,12217.471899999946
305537.8979,11483.674899999984
305567.56200000003,0
305800.5926,12969.837299999956
305909.1936,6381.3848
305985.8273,12082.038100000005
306296.8044,12340.72570000001
306346.9725,11827.98715999996
306352.3957,13139.243900000001
306445.8042,0
306518.2789,14649.051199999987
306568.899,13344.494399999967
306684.4928,12374.777500000026
306846.246,0
306939.3487,14210.003999999957
306945.8988,10566.690700000036
307115.0278,8273.502699999954
307211.3538,11757.499099999957
307291.3075,10585.017500000016
307400.4412,12899.297499999986
307414.0853,12496.157999999996
307784.2204,9396.686600000015
307828.8114,11498.294300000009
307927.118,9123.040800000017
307947.2967,12207.537366666656
308044.652,11059.062399999995
308090.528,10576.600399999996
308232.5194,11144.307499999995
308426.4329,0
308450.6736,13054.099500000011
308688.4851,14521.63459999999
308790.9714,12583.701699999976
308902.9254,0
308917.5728,12896.467300000018
309070.9988,11823.250899999985
309075.8301,12509.137800000026
309091.5946,7883.993699999992
309154.5736,12554.044400000013
309586.2046,7256.150699999998
309590.6861,6836.129299999971
309666.1359,0
309692.3546,0
309786.2389,6999.587200000009
309846.5049,0
310313.6676,7339.4609000000055
310326.7645,10539.282000000007
310328.7135,12322.307100000035
310342.8584,9237.536100000027
310582.1168,8338.314100000018
310634.5769,12112.43809999997
310643.6628,11286.644499999995
310735.2401,8705.002199999988
310747.6535,6950.294800000032
311460.737,11297.616399999999
311473.6658,9113.678600000043
311708.0964,12131.822866666655
311749.1608,0
311843.54,6229.157199999958
311925.375,0
312019.2907,7603.579566666682
312023.5426,14236.228199999954
312158.5594,12867.160900000017
312293.0717,6134.480899999966
312422.909,9979.966599999985
312440.253,6274.104600000021
312648.8769,6529.033699999971
312685.5398,6312.828300000052
312703.6064,6922.127199999988
313021.8647,6890.515399999975
313042.7602,0
313130.9317,6941.956600000034
313137.3732,6844.931099999987
313205.5937,6139.979100000055
313215.527,7007.016799999983
313221.5583,8990.176399999997
313277.5269,11872.550999999978
313418.4951,2860.0978999999934
313524.9334,5888.3279999999795
313679.3293,11193.898999999976
313746.3922,0
313837.1418,0
313900.3628,9189.159900000028
314277.692,6392.415099999984
314299.977,0
314730.4503,6434.771300000022
314884.9856,6275.764100000029
314919.1777,6307.703700000013
315020.3832,6146.463099999994
315116.8232,11040.143099999987
315221.4213,12264.293999999994
315370.0411,0
315438.6761,6499.375066666631
316256.4301,6548.406799999997
316345.176,11139.92829999997
316377.2482,8911.426199999987
316389.7569,6504.557299999986
316469.7842,0
316479.5789,0
316640.9064,6383.748399999982
316790.5181,1460.083500000008
316790.5292,6829.512199999997
316812.6362,6207.6402000000235
316879.7534,6103.602799999993
316938.0793,6223.549899999984
316982.6249,6323.067600000009
317074.9907,0
317225.955,0
317355.7307,12482.328099999984
317404.6444,11070.145799999998
317988.6229,6640.597600000037
318066.0435,13342.749900000053
318266.0853,6823.148099999991
318465.1318,0
318522.0674,6140.359583333309
318549.558,5907.358300000022
318678.9873,6494.327274999989
318762.3755,6310.594600000011
318792.5253,7965.650900000008
319336.7378,5943.32699999999
319499.7262,0
319804.3673,6253.878800000006
319818.9563,0
319870.8073,12599.319499999983
320011.9542,6201.503333333298
320116.6628,6754.1257500000065
320265.3785,6784.996199999994
320346.9371,6885.300599999959
320365.1432,6269.526299999969
320482.9462,6573.455799999996
320696.9941,6369.307200000039
320730.4935,6112.4615999999805
320761.2907,0
320843.7477,6144.838199999998
320896.8338,6328.162000000011
321155.2741,7160.592000000004
321168.7478,6011.670900000026
321277.9908,5966.227900000056
321401.1332,4633.000699999975
321414.0795,4780.158699999971
321440.30700000003,0
321549.3963,6237.418900000048
321802.3634,4486.557699999947
321907.2794,5938.092000000004
321947.8991,0
322059.2947,6566.932900000014
322095.0279,4420.687199999986
322136.9195,12240.309500000032
322209.2325,4086.891799999983
322263.403,6481.6479999999865
322365.2218,6590.303799999994
322535.883,3413.3407000000007
322694.4319,3980.0001000000047
322736.5964,12775.549100000004
323039.0808,4461.982199999969
323127.6175,6193.58189999999
323269.5171,4181.103300000017
323288.5031,4463.970600000001
323407.283,0
323480.6012,6463.816300000006
323644.2458,4179.196699999971
323650.8133,6655.923899999994
323938.2035,3904.9722000000183
324030.1826,6721.569699999993
324042.9654,6299.316899999976
324287.2076,5347.58050000004
324592.9466,0
324609.3245,3049.9050999999745
325340.9104,12471.010699999984
325352.427,6361.613100000017
325394.0621,0
325439.4299,4229.6161999999895
325493.4568,2649.5398999999743
325540.1248,2586.810599999968
325544.8927,2349.242100000032
325935.9891,6157.063699999999
326213.7917,4661.674799999979
326228.79,5977.75569999998
326299.1032,2651.2891999999993
326321.2442,2117.90830000001
326521.9391,5905.678300000029
326792.7532,2280.9698999999673
326845.8765,2765.758600000001
326852.6892,6006.000100000005
326872.9952,0
327039.4386,0
327190.9679,6044.915899999964
328286.4182,6507.3681000000215
328432.6274,4630.294999999984
328569.1747,0
328795.7418,2312.506400000013
328986.5733,2469.140000000014
329286.6853,0
329367.8793,3984.4810999999754
329833.6448,0
329953.1997,3781.7453000000096
329974.6119,4201.307299999986
330047.8021,2625.035499999998
330183.651,2469.276600000041
330526.0759,4478.47570000001
330544.8153,0
330655.1146,0
330791.1677,2315.9649999999674
330946.32,0
331384.4218,13661.948399999994
331585.6303,6245.7817666666815
332052.2728,4546.384499999986
332171.3276,4886.152999999991
332278.9482,3089.973699999973
332399.2698,4265.766500000027
332489.923,3216.7067999999854
332502.6414,5981.568200000038
332505.8665,6644.396500000032
332685.1488,4611.684999999998
332695.8411,4196.775580000016
332706.6656,5978.775499999989
332742.3709,2906.550500000012
332806.7929,4636.579000000027
333188.1092,3561.309500000032
333295.7859,5910.0088000000105
333790.1299,0
333831.4022,4327.430400000012
333902.1583,3844.613400000031
333926.1939,3373.4512000000104
334637.0655,6234.3677000000025
334844.1657,5944.299600000028
334952.9832,0
334983.409,0
335247.0032,0
335452.1364,3203.3890000000247
335518.5584,4337.739433333336
335867.1581,0
335948.6967,0
336174.6726,3197.939100000018
336658.9353,0
336779.9552,6429.238900000055
337116.9507,0
337171.8005,6004.192099999986
337357.7121,3241.740899999975
337413.9742,0
337445.5744,6117.935100000002
337524.1942,4160.226400000043
337584.6043,4193.802399999986
338037.6761,0
338053.43319999997,0
338374.4776,0
338751.9685,4835.641400000022
338782.9948,3460.847000000009
338783.0498,3405.5461999999825
338809.8291,0
338915.8343,3007.998900000006
338926.8411,0
339255.1308,4448.3200999999535
339376.3454,4999.027100000007
339391.1852,8275.722200000018
339502.8359,6118.654099999985
339547.2224,4798.966600000043
340025.7046,3876.717799999984
340069.6457,7175.152200000011
340193.1505,4649.042799999996
340216.3959,4362.520699999994
340363.8373,7389.185999999987
340451.4954,7731.797599999991
340477.5364,6736.763799999957
341135.2161,0
341282.3195,7508.556999999972
341341.7355,3848.6154000000097
341356.3701,0
341503.1118,0
341569.6558,5150.514299999981
341750.6944,0
341874.7007,4265.684299999964
342023.9094,4232.6973
342048.5611,3418.604799999972
342382.9067,6975.983000000007
342417.8596,0
342470.2691,6291.134499999986
343058.8384,7553.7974000000395
343433.3201,5000.921399999992
343570.2567,8118.310000000056
343578.4967,3247.9592999999877
343733.3243,7905.071200000006
343866.4205,7896.167100000021
343927.0779,9820.712699999975
344071.9649,0
344160.8696,4470.993499999982
344258.9569,0
344508.988,8726.822400000005
344625.1585,7289.228800000041
344741.5977,3946.308299999975
344940.0549,7435.740600000019
345564.2071,6180.079700000002
345801.1203,9816.63949999999
345893.4732,9238.83679999999
346249.2616,2312.6364000000176
347057.5946,4289.299180000031
347062.3884,7960.358399999968
347185.7765,1453.2243000000017
347217.2449,0
347277.3819,0
347632.5711,8720.401000000013
348033.59,9962.315500000026
348241.5295,9526.209399999992
348459.2612,11209.253000000026
348520.811,3403.88619999995
348567.6209,4068.2845999999554
348577.1598,3451.079400000046
348861.0499,4179.642899999977
349148.2794,6335.372399999993
349284.0738,8900.944400000037
349353.1535,3712.7701000000234
350180.1262,4617.3606000000145
350220.4735,7998.491399999999
350256.5635,10573.279500000004
350739.5772,2756.347599999979
350763.8721,12289.597999999998
350926.5745,9113.223999999987
350970.471,4788.318300000043
351084.2666,0
351084.984,12984.806199999992
351272.5965,8460.532000000007
351386.6437,0
351461.6164,9277.845099999977
351514.4254,8636.298699999985
351544.1916,11996.754000000015
351632.3246,0
352224.2514,10276.803599999985
352571.8022,9229.40869999997
352729.6025,10983.209299999988
352899.9255,9684.795299999998
353362.9187,9072.724099999992
353409.4072,6425.616099999985
353545.392,0
353632.9405,11964.23080000002
353778.9824,12106.325699999987
353801.8471,13520.450300000026
353829.9652,4383.735466666636
354027.1109,7614.804300000018
354127.5121,9625.480099999986
354136.7789,12780.530099999974
354963.1239,7824.194499999983
354977.8868,0
355156.8904,7912.400299999979
355194.4077,11646.981299999985
355428.2603,14456.207900000038
355437.5361,5247.70630000002
355440.3866,3708.1676000000443
355939.4953,8271.312199999986
355971.6315,12456.808799999999
356033.7623,13045.535800000012
356192.9891,7661.045400000003
356434.0353,12888.363699999987
356487.0564,4859.357399999979
356545.1349,9428.588900000032
356804.6928,12593.967800000042
356910.159,7174.469299999997
357428.6967,13373.414999999979
357445.4437,12353.16769999999
357843.4023,12885.721699999995
357876.9101,13323.32699999999
358124.9233,9454.303799999994
358583.8598,12244.018699999957
358610.7208,0
358652.2525,8126.593099999998
358701.7411,13207.233699999982
358844.4174,14022.83189999999
359011.7715,8994.051999999967
359237.8898,13129.7157
359381.7895,9760.15340000001
359383.127,4441.659499999951
359563.7696,12010.484400000016
359788.8792,13269.531900000002
359822.676,13517.619999999995
360385.201,11517.76370000001
360498.6328,15002.870800000033
360557.4513,13726.183200000029
360570.5007,13499.388500000001
360661.7563,13733.838500000013
360832.0657,6684.348799999978
361010.0919,14931.319200000027
361037.6677,12149.003799999948
361064.8295,13354.878800000006
361282.1817,1544.45140000002
361497.0361,11000.781200000027
361612.2672,1907.914700000023
362245.5324,14784.270500000042
362830.0846,15271.039700000023
362937.8735,15415.040899999964
362948.8115,14599.912000000011
363014.9699,13835.42790000001
363606.4414,15519.609280000033
363950.6774,15635.922499999986
364036.6992,11704.002099999983
364198.1258,3058.656399999978
364402.9753,15508.516699999978
364570.6927,9305.4718
364861.6352,12845.064400000032
364933.6041,16624.51000000001
365248.5396,15081.934600000037
365525.7,8478.517999999982
365698.7437,15042.207400000014
365810.2229,15058.19339999999
365816.3724,15481.022999999986
366172.4004,4632.849999999977
366390.642,16392.62890000001
366539.8845,16149.410399999993
366742.017,16177.731099999975
367267.9884,10821.331399999966
367285.9738,17162.381999999983
367618.6438,15365.00920000003
367631.665,15865.26429999998
367966.6969,13322.387999999977
368238.3705,16026.301600000006
368262.2708,16258.483100000012
368449.0812,16952.604900000035
368671.5528,11212.18729999999
368716.482,3291.3730000000214
369137.9133,15299.912799999991
369336.6781,15076.660000000033
369413.723,6922.977100000018
369738.7473,17739.94630000001
369783.2724,0
369862.0929,15506.09639999998
369873.4637,14338.832700000028
370452.1538,5540.848299999954
370493.3823,4217.3354999999865
370706.0665,18204.897800000035
370949.614,13367.719199999992
371314.9269,16283.103400000022
371487.9748,17080.07440000004
371501.6716,13368.28879999998
371552.2552,18466.45490000001
371785.006,17079.23570000002
371827.42579999997,0
371926.8556,17736.534199999995
372159.5704,15947.331800000044
372271.6738,18657.89029999997
372307.973,15728.08110000001
372577.4085,16949.915800000017
372623.7897,17790.910366666678
372888.4664,16220.248099999968
373007.9158,16872.660900000017
373051.4355,10404.972799999989
373184.4354,18444.428000000014
373319.5754,16168.538399999961
373400.9888,18395.018633333326
373502.4024,17018.4583
373602.0589,16764.987800000003
374118.2908,17435.356300000043
374354.0778,18657.073700000008
374506.677,16361.161200000031
374519.1822,17081.095799999952
374562.5079,18957.143433333375
374781.3042,17095.19060000003
374956.7396,17089.424499999965
375403.0845,16946.0257
376541.759,18233.478000000003
376562.5414,18086.47298333334
376940.4907,18831.588300000003
377063.4982,17698.112699999998
377151.7084,18074.92420000001
377541.6926,18021.4939
377544.0769,18088.820599999977
377631.4835,17755.31369999994
377822.5975,17835.180799999973
377824.7599,18025.62949999998
377996.839,17497.58559999999
378048.9167,18327.054599999974
378318.227,17126.534800000023
378319.0376,17548.582400000014
378751.2002,15646.656699999992
378794.4072,17887.020900000003
378960.487,18919.74489999999
379011.8438,17465.745999999985
379132.0927,17046.491699999955
379315.9858,17575.89240000001
379776.6671,18467.286699999997
379778.2297,17543.69180000003
379825.1982,17472.690799999982
379971.1123,18016.271000000008
379974.4797,17059.649600000004
380128.2668,17845.941899999976
380159.156,17541.45000000001
380194.7314,18318.266599999974
380198.5144,18678.377600000007
380361.541,17400.232900000003
380692.5761,17657.978899999987
380951.6453,17495.98159999994
381085.1782,18172.106700000004
381207.2663,17267.3162
381421.591,17683.67696666671
381460.451,17242.4375
381779.1504,17697.265199999965
381838.4085,18204.310100000002
382191.5596,17236.479899999977
382425.9222,12996.435099999944
382509.3604,17528.915500000003
382525.2542,17981.41140000004
382691.8967,17569.543599999975
382725.9706,18029.031299999973
382930.9189,18711.4081
382959.1395,18488.118599999987
383051.712,19080.366900000023
383224.2762,17502.75430000003
383227.87,18016.54739999998
383348.5022,17928.190799999982
383446.3182,19001.262999999977
383555.0983,18783.74720000004
383577.3011,17615.231700000004
383770.7926,18239.22749999998
383772.655,18141.18470000004
383882.4604,18271.440199999954
383978.6723,18303.22649999999
384000.7571,17517.926099999982
384035.8304,18927.671299999987
384190.9375,19141.56640000001
384351.6421,18883.602599999984
384620.0884,18540.572400000005
385264.3501,18628.57679999998
385621.6495,19120.549100000004
385693.5352,18146.576300000015
385771.8645,17755.6642
385860.0618,18246.079400000046
386001.9513,17636.829000000027
386057.7278,17603.255200000014
386206.8693,17758.008299999987
386212.3765,17657.080599999987
386379.8959,19155.244200000016
386545.598,17885.55900000001
387224.9448,17996.14500000002
387284.6959,18013.77429999999
387292.243,17834.8358
387662.068,18309.988000000012
387676.9293,17623.456799999985
387716.1628,17674.623900000006
387807.793,17917.03899999999
388255.5145,18225.994999999995
388275.5493,17688.74650000001
388426.8124,17818.26329999999
388533.8674,17857.66009999998
388640.8317,18975.16823999997
388680.7637,15472.003700000001
389031.948,17725.83369999996
389078.1772,18318.90129999997
389280.6764,17880.619599999976
389607.6555,13672.214999999967
389721.0967,18393.353200000012
389843.1117,17757.478899999987
389999.0419,18338.430900000036
390090.1812,17740.4951
390375.7327,17740.54920000001
390706.8384,17783.021699999983
390728.3632,18635.855100000044
390921.3204,18278.356100000034
391035.507,18750.974199999997
391612.0936,13438.21463333338
391677.3617,14057.069499999983
391811.4317,18025.920600000012
391899.6336,12801.532799999986
391960.5586,18062.692899999965
392187.0624,17865.71139999997
392445.8651,17802.960199999972
392551.8382,13009.518199999991
392631.1063,18032.12049999996
392720.7017,17871.791499999992
392760.9207,18152.039800000028
392776.3347,17722.70730000001
392838.1263,18300.81540000002
392843.4088,18225.524999999965
393324.7229,18179.691899999976
393468.8952,18135.26700000005
393584.1495,19087.271100000013
393600.0762,17834.93896
393684.4584,18229.07680000004
394274.6676,18182.374099999957
394282.9754,11127.76490000001
394294.1672,18732.33090000006
394513.2693,17969.068900000013
394675.2151,18541.709499999997
394717.4652,18714.252499999944
394858.1501,17660.922100000025
394969.048,15462.597400000028
394969.3985,18194.044600000023
395185.0871,11472.064300000027
395332.3133,18517.07329999999
395493.0691,17766.17100000003
395688.4968,18661.82780000003
395756.9925,11534.609059999988
396023.645,17827.136200000008
396095.2874,18663.518099999987
396370.984,17353.691775000014
396433.2388,18214.962899999984
396581.2052,17870.413
396620.0105,18874.669599999965
396668.437,10090.659399999946
396700.4359,10209.787399999972
396762.5243,17761.537100000016
396952.3282,18609.017799999972
397099.3773,16596.4289
397289.0722,17522.403699999966
397436.9268,17844.723200000008
397571.233,17881.854300000006
397701.758,18451.0711
397891.4411,16397.600399999996
397942.0758,16802.68729999999
398161.9519,18338.016799999983
398162.4656,17662.497299999988
398284.4597,17606.047100000025
398463.6766,17491.83230000001
398468.286,18596.518100000045
398494.7481,17769.46220000001
398747.2448,17706.98689999996
398983.3594,9772.99470000004
399065.0439,18029.628399999987
399070.1749,18803.453500000003
399071.7258,9494.20650000003
399093.1156,17519.72590000002
399197.7071,17008.162299999967
399692.7089,18583.570400000026
400057.1292,10519.496100000048
400058.3881,15938.362800000003
400090.5019,16112.785999999964
400127.2147,18156.96279999998
400182.2716,16278.330499999982
400702.6097,17731.39319999999
400922.704,12275.835000000021
400957.7474,10821.012400000007
401255.1846,13048.697400000005
401391.2698,18141.996900000027
401453.5002,18248.8309
401891.7236,15244.630420000001
402219.0458,17208.77980000002
402250.0901,15845.889199999976
402374.5066,17795.384699999995
402415.9406,17927.549299999955
402679.2858,18988.68550000002
402687.6908,16037.49689999997
402719.6361,15451.824900000007
402844.9373,12106.160700000008
402850.6669,15712.19219999999
403200.1846,18559.45159999997
403283.535,16496.478999999992
403286.9078,16688.07760000002
403327.5136,12907.651100000017
403375.6404,15692.170599999954
403504.5194,15216.23589999997
403854.5829,15753.51429999998
403868.3156,17678.830399999977
403934.5538,16291.916900000011
404057.2191,16169.488499999978
404128.0577,15942.48139999999
404199.159,16464.289699999965
404271.4433,16095.766699999978
404562.4066,17368.178199999966
404629.1674,14128.113099999959
404704.3791,9463.437399999995
405114.8738,16629.88189999998
405253.3646,18260.747600000002
405262.4504,7009.511499999964
405479.2596,17945.74589999998
405567.566,14810.377299999993
405608.3036,16238.244399999967
405609.9377,14949.974400000006
405772.7843,17678.903899999976
405778.3494,15927.505400000024
405787.7959,15834.472400000028
406025.4761,15805.024900000019
406034.3354,17429.428674999974
406634.5128,14561.757900000026
406789.4665,18916.996400000004
406963.3355,0
407003.2219,15791.383399999992
407275.2242,18342.737699999998
407284.2767,14313.165899999964
407572.1858,16817.436499999953
407724.6342,15970.099399999948
407733.7342,14327.866399999999
407877.9831,18502.806299999997
408145.5536,18383.93239999999
408225.3473,14550.333199999994
408342.3014,10771.714399999997
408384.1429,15928.735999999975
408446.7286,16273.297399999981
408585.2293,12232.728300000017
408707.5748,15674.109600000025
408803.7512,18084.719500000007
408937.0577,15513.755479999993
408946.2354,17533.520699999994
408990.6664,15390.39929999999
409412.4405,17331.54310000001
409451.069,18101.10010000004
409576.6534,14915.418000000005
409638.2822,15392.818599999999
409681.7332,13392.151700000046
409822.2047,14528.159600000014
409843.4825,13407.077699999965
409950.2156,14616.982799999998
409990.0488,0
410014.214,14446.349300000002
410248.6487,13208.82620000001
410606.6324,17496.301800000016
410753.2951,13436.93829999998
410839.8473,14512.923600000038
411420.2057,10618.561099999992
411470.827,15877.320099999954
411569.6703,11496.719099999988
411722.1532,13033.992299999984
411873.6599,12941.916100000031
411877.3554,14328.038900000043
412218.6386,12340.579599999997
412294.2305,14369.549300000013
412615.0644,10891.85229999997
412668.4601,950.9582000000519
412696.7893,14487.560800000036
413395.4763,15106.53330000001
413396.5585,12461.484400000016
413404.2624,16454.609799999977
413756.9991,12594.677800000005
413811.2189,11539.266899999988
413867.4154,12807.352799999993
414198.1518,11200.763800000015
414492.2345,12466.585900000005
414511.5544,11901.980900000024
414520.3157,13160.6299
414720.1069,11930.712
414840.6295,13329.521099999954
414919.89,16637.089000000036
415080.1121,0
415372.0539,0
415815.6132,15013.174800000037
416980.3585,10651.545299999998
417902.8357,14433.938900000008
