-----Simulation 0-----
173046.4545,0
173153.5182,0
173184.9169,0
173344.7171,0
173531.2039,0
173629.0125,0
173667.6982,0
173733.5843,0
173804.43540000002,0
173998.0123,0
174126.7309,0
174913.0534,0
174949.8877,0
174971.4889,0
174995.9941,0
175193.9462,0
175211.3499,0
175384.0109,0
175743.5587,0
175788.0538,0
175879.3059,0
175924.7154,0
176085.0029,0
176110.553,0
176134.3045,0
176161.7706,0
176205.7029,0
176241.1834,0
176301.8046,0
176405.63520000002,0
176719.0122,0
176770.1952,0
177095.1511,0
177287.26368333332,0
177374.2343,0
177458.66879999998,0
177478.5001,0
177517.2859,0
177693.0574,0
177710.3735,0
177810.7315,0
178201.9479,0
178326.8397,0
178386.7045,0
178550.6285,0
178657.211825,0
178745.87660000002,0
179108.9556,0
179223.902,0
179248.6382,0
179444.6767,0
179507.0566,0
179544.4688,0
179709.7873,0
179726.4596,0
179740.0632,0
179877.4796,0
179983.2206,0
180006.7691,0
180051.18540000002,0
180165.8922,0
180458.50160000002,0
180506.4835,0
180558.5257,0
180593.9941,0
180865.4647,0
180875.6995,0
180932.9693,0
180936.676,0
181286.6072,0
181342.6275,0
181368.4058,0
181410.7554,0
181473.1979,0
181571.0367,0
181749.2538,0
181775.8346,0
181978.3131,0
182098.9458,0
182268.9868,0
182286.2165,0
182397.9499,0
182575.3213,0
182799.8258,0
182960.0586,0
183085.6782,0
183091.7094,0
183298.3842,0
183429.67859999998,0
183468.2696,0
183510.0797,0
183736.6653,0
183756.5,0
183924.7077,0
184173.4768,0
184424.01,0
184553.9634,0
184805.1627,0
184846.1699,0
184849.6948,0
185314.4473,0
185328.9594,0
185347.2122,0
185541.4976,0
185894.5764,0
185971.9441,0
185983.1133,0
186020.1941,0
186168.5582,0
186178.1309,0
186187.5762,0
186247.5909,0
186403.34416666668,0
186676.2281,0
186703.23739999998,0
187021.472,0
187211.3828,0
187322.6049,0
187485.2333,0
187486.3079,0
187507.2495,0
187929.9349,0
188025.4903,0
188247.0771,0
188288.3663,0
188421.6768,0
188600.5375,0
188881.7222,0
188943.2421,0
189521.69375,0
189745.4131,0
189793.5874,0
190002.0203,0
190099.3111,0
190126.8473,0
190304.9766,0
190412.75579999998,0
190619.4894,0
190659.5005,0
190724.3115,0
190792.4096,0
190797.369,0
191122.40720000002,0
191125.328,0
191281.1516,0
191320.3916,0
191500.9818,0
191514.5784,754.8672000000079
191525.11310000002,0
191849.0908,1202.5475999999908
191872.2256,0
192187.4663,0
192277.065,0
192703.7169,1187.1302000000142
192742.917,0
192763.5051,0
192902.6862,0
192937.9491,0
192988.8198,0
193017.2978,0
193169.7958,80.14879999999539
193312.5652,0
193335.5099,0
193371.3845,0
193489.47269999998,0
193818.9223,0
193858.2858,0
194269.025,0
194306.1905,0
194343.19640000002,0
194441.6625,0
194680.6411,0
194685.2807,0
194784.3123,0
195221.5741,0
195246.6795,0
195256.10950000002,0
195717.0287,0
195724.0957,0
195963.0144,1425.4713999999803
196512.2662,0
196512.5682,0
196528.385,1089.7741000000096
196739.82309999998,0
196799.1164,0
196830.4022,890.790800000017
197176.9174,1042.7437999999966
197548.9971,0
197620.2096,0
197827.4094,0
198121.5862,0
198155.48440000002,0
198163.9777,1943.5909999999858
198190.9207,0
198509.2745,0
198753.7788,0
198904.5863,0
198938.5982,3192.2967000000062
199408.4572,0
199425.95140000002,0
199573.3155,0
199741.5278,0
199847.7043,4863.904700000014
200510.0406,0
200638.1547,0
200784.6092,0
200863.2979,0
201369.9812,1154.1911000000255
201490.7133,0
201793.5158,0
202143.3016,0
202145.1948,189.59959999998682
202334.9725,0
202408.12709999998,0
202617.1598,0
202635.9797,0
202815.6138,0
203034.3879,0
203269.06170000002,0
203298.8041,0
203562.8684,0
203954.2417,0
203960.3533,0
204332.9242,0
204483.5735,0
204622.452,0
205307.7238,0
205352.2416,0
205588.1855,0
205657.9394,0
205682.88689999998,0
205850.6652,0
205861.8809,4186.628800000006
205894.5661,0
206082.3981,0
206124.2671,0
206419.7803,283.47830000001704
206469.5069,0
206611.4247,1353.0840000000026
206668.3902,0
206853.8765,5170.180300000007
207225.0147,0
207380.4324,0
207892.6095,0
208094.1005,0
208240.4666,0
208314.4728,1057.1269999999786
208373.3338,0
208387.1248,0
208454.2317,3.1075000000128057
208537.878,7402.032799999986
209064.4106,5954.735400000005
209123.1294,0
209148.29499999998,0
209212.8107,0
209292.71779999998,0
209344.2604,395.38180000000284
209563.7328,5813.245200000005
209593.8082,878.9680999999982
209748.8628,1198.2405000000144
209833.2398,0
210012.7449,0
210074.45799999998,0
210102.8972,0
210607.5085,0
210964.4666,0
211154.6445,987.5553000000073
211240.5301,0
211421.7146,5084.276000000013
211560.7392,0
211841.7267,0
212024.8448,0
212211.7559,0
212301.7735,7943.351900000009
212360.1122,0
212649.7885,0
212658.1004,0
212813.8816,2527.390699999989
212877.4023,0
213206.4574,0
213254.4135,6118.733299999993
213283.4326,11691.025099999999
213370.53149999998,0
213402.105,0
213586.8446,0
213609.9954,0
213699.8245,7382.747099999979
213821.113,0
213830.8288,0
214097.9653,0
214284.0114,0
214452.5172,0
214487.9696,0
214777.2081,0
215013.0964,10725.42280000003
215138.574,0
215419.5922,3153.7081999999937
215507.4669,3131.064699999988
215536.2602,3154.801999999996
215658.8221,0
215861.6076,3000.039699999994
215885.1286,0
215934.4498,0
216126.8177,0
216162.6579,0
216244.78710000002,0
216399.9721,0
216553.0117,962.8883000000205
216558.5866,3129.3292000000074
216570.6813,0
216908.2427,4400.170700000017
217393.4193,12235.231900000013
217784.7002,4775.2815999999875
217867.4982,4036.363000000012
218127.1142,0
218322.0827,0
218528.0592,10740.700799999991
218651.5449,0
218794.489,10600.314400000003
219295.231,0
219359.5805,0
219376.4324,3173.008299999987
219397.208,6083.470000000001
219580.0256,3308.067699999985
220109.6712,0
220231.4021,15503.027300000016
220251.1351,3476.014900000009
220295.965,0
220348.2819,3630.964000000007
220565.5661,0
221041.5037,0
221208.1481,0
221282.4186,3403.8496999999916
221312.6263,0
221352.2502,3723.747700000007
221451.709,0
221461.0269,0
221964.4717,0
222033.2826,4545.053400000004
222034.7075,0
222056.8648,0
222226.113,0
222423.308,3382.5574999999953
222963.7576,3494.2259000000195
222966.48,3729.5118000000075
223211.447,0
223367.1375,12645.381400000013
223502.3971,15700.382899999997
223677.9252,4176.257099999988
224122.713,0
224367.756,4056.4631999999983
224505.3646,3501.8673000000126
224673.0589,3973.9011000000173
224713.4544,0
224812.383,13101.681899999996
225180.1726,3263.4083999999857
225219.5248,2307.18670000002
225248.3381,2887.703600000008
225461.2287,3200.6948000000266
225472.6153,2909.7390000000014
225552.4382,3414.4872400000168
225595.7354,1753.916200000007
225661.6311,0
225770.4589,0
225833.9271,3344.8273000000045
225878.5635,3961.531099999993
225928.0419,0
225956.7465,0
226052.0275,3006.1423999999824
226296.7967,3363.3954000000085
226454.0355,0
226927.74,9634.448999999993
227064.252,3359.006699999998
227080.0528,0
227161.6739,3009.4384999999893
227162.2625,2076.6686000000045
227210.6413,3236.5899999999965
227294.0894,4149.645499999984
227382.4632,2307.7343999999866
227396.6756,1902.3316999999806
227399.215,3058.8381999999983
227500.0721,2867.621699999989
227508.472,1073.2690000000002
227573.7283,2823.347299999994
227823.984875,0
227924.2836,1317.5570000000007
228032.0918,8136.60639999999
228173.6779,2182.6828000000096
228337.9095,1202.2038000000175
228424.959,0
228623.3989,0
228907.7302,3334.2980999999854
228932.6499,4291.130499999999
228956.9695,4317.386599999998
229085.838,0
229225.6104,895.494000000006
229302.1002,0
229312.2592,121.52580000000307
229339.3873,300.7039999999979
229442.7294,0
229563.3379,6143.839600000007
229757.9514,0
229780.9649,0
229818.1567,3748.984999999986
229820.9417,4462.726219999982
229852.3036,3.8575000000128057
230029.6051,0
230219.5464,3478.2711999999883
230283.6633,844.4149000000034
230337.4514,0
230505.56089999998,0
230582.9695,0
230757.2836,93.46549999999115
230781.7575,0
230802.6478,4048.9717999999993
231006.6906,3387.8399999999965
231172.98940000002,0
231280.2217,0
231391.3223,4324.0309000000125
231415.63163333334,0
231733.5952,0
231789.9168,0
231897.7976,52.46349999998347
231965.3031,877.6928999999946
232231.8751,9692.532500000001
232244.14426,0
232479.8004,0
233186.8016,0
233189.1875,0
233432.16879999998,0
233580.4341,0
233641.202,0
233673.6803,14732.918550000002
233689.76106,0
233707.7383,0
233849.7616,0
234024.55969999998,0
234113.88880000002,0
234307.5753,3545.829399999988
234310.8096,0
234330.90850000002,0
234456.9302,0
234553.0752,0
234561.3114,0
234930.2272,0
235157.0932,0
235927.8798,0
236022.3601,0
236033.856,0
236245.0429,0
236303.3218,0
236389.2943,0
236397.919,0
236436.9141,0
236809.5976,0
236930.38689999998,0
236977.619,0
237251.6245,0
237433.7674,0
237604.6327,0
237744.6139,7525.470900000015
237773.818,0
237843.08740000002,0
238237.0676,194.8135000000184
238412.0789,913.0966999999946
238617.9765,0
238636.2912,0
238812.1599,4566.910499999998
238962.2616,0
239021.7011,4113.718200000003
239117.7027,0
239345.9761,0
239496.12482,0
239584.7146,0
239916.1416,0
240384.9594,0
240506.9229,0
240553.2934,563.0728999999992
240782.8436,0
241127.3665,0
241137.2487,0
241293.7352,4103.772599999997
241383.9788,3651.4964000000036
241405.8179,0
242314.5092,0
242361.0782,8662.528300000005
242366.9879,0
242369.5072,0
242695.5217,0
242960.9786,0
243169.9519,0
243410.89370000002,0
244051.0627,0
244480.1613,0
244681.4295,0
244907.3705,0
245479.7688,0
245617.2527,0
245881.7073,0
245954.2884,0
246092.3154,0
246108.3987,2123.75999999998
246784.0265,0
246986.34279999998,0
247275.8495,0
247311.4351,0
247745.5434,0
247847.19,0
247876.7612,0
247933.1696,0
248082.2581,0
248084.5003,0
248236.2532,0
248353.47269999998,0
248421.5299,0
248554.6706,0
248837.0822,0
248987.1309,0
249159.75400000002,0
249244.2305,0
249329.537,0
249413.40159999998,0
249712.4062,0
249799.165,0
249846.1557,3584.842799999984
249989.43099999998,0
249994.9642,0
250051.8694,0
250056.145,0
250069.18180000002,0
250161.1524,1249.2000999999873
250253.83475,0
250362.6323,0
250383.9671,0
250389.2869,0
250421.7916,0
250489.0037,0
250496.0104,0
250589.19809999998,0
250791.7579,0
250890.3046,0
250941.0925,0
250944.7098,3258.5034999999916
251520.6301,0
251721.4581,0
251765.163,3433.588699999993
251767.5047,0
251881.8739,0
251886.224,0
251889.24229999998,0
251965.988,0
252110.1569,0
252218.70521666665,0
252345.9171,0
252836.318,0
252933.6526,0
253040.1488,0
253138.7399,0
253322.8936,0
253364.0261,0
253451.4654,0
253699.8905,3784.3271999999997
253742.7794,0
254264.68540000002,0
254316.396,0
254783.84590000001,0
254799.9891,0
255122.1694,0
255411.9131,0
255462.4493,0
255516.7554,0
255700.847,0
256002.1982,0
256071.1055,0
256081.3847,0
256206.0612,0
256575.7801,0
256768.86174,0
256829.925,0
257105.8231,0
257688.0015,0
257967.5216,0
257986.9766,3934.3716666666733
258008.049,2454.00503333332
258019.2181,0
258075.5903,4596.284300000028
258100.516,0
258219.5771,0
258247.1328,3257.388099999982
258262.0397,0
258316.2351,0
258458.7027,0
258470.0055,0
258528.1555,0
258677.6028,1937.73609999998
258729.0878,2230.6061000000045
258740.1935,0
258745.649,0
258759.0192,0
258923.0808,0
258980.5552,931.0721999999951
258998.3076,0
259320.6206,0
259660.2293,0
259686.7443,0
259720.5614,0
259737.672,0
259940.7343,0
260034.1135,0
260040.57559999998,0
260041.3492,0
260074.5458,0
260303.1586,0
260371.16210000002,0
260671.3326,0
260779.1414,0
260829.7165,162.63950000001932
261035.96970000002,0
261146.8775,0
261152.5643,1126.8987999999954
261297.187,0
261356.1863,0
261482.2149,0
262026.1459,0
262096.2898,0
262325.9691,0
262470.1499,0
262706.8459,0
262884.1436,0
263260.079,0
263284.7389,0
263422.0621,0
263740.6212,0
264191.4631,0
264257.3599,3243.5318999999727
264324.2954,0
264342.1033,3626.511700000032
264428.666,1124.6888000000035
264469.40009999997,0
264587.6962,0
264666.152325,0
264768.9004,3464.3527999999933
264775.5427,2326.854099999997
265006.39910000004,0
265047.3197,756.6318999999785
265111.50529999996,0
265231.18559999997,0
265289.9504,0
265460.0798,0
265595.2815,0
265725.9549,0
265749.823,0
265980.2557,3402.9060999999638
266638.0678,0
266794.5726,5890.365500000014
266924.238,0
266925.0453,4018.57640000002
267160.534,0
267230.7814,0
267230.7872,0
267265.9317,0
267372.1921,3490.0625
267425.2312,0
267508.709,0
267862.1216,0
267933.1056,0
268102.2659,2636.625400000019
268443.5717,2077.0023999999976
268552.7719,0
268656.5439,0
268774.8888,7446.837600000028
268814.3889,0
268882.9796,7569.40790000002
268885.2078,1648.5885999999591
268960.5628,0
269184.7073,0
269192.2919,0
269328.1073,632.7446999999811
269331.5892,1180.0177999999723
269606.6018,0
269611.3394,0
269637.3549,0
269763.2847,3218.704800000007
269969.1481,0
269973.9559,0
269977.3745,2574.977199999965
269987.6727,0
270203.5299,8106.51880000002
270351.3728,0
270480.4859,3779.464399999997
270503.2186,0
270577.3628,0
270878.6444,0
271287.4915,0
271693.5199,2319.775800000003
271804.1755,4515.611900000018
272030.8388,0
272150.2019,4328.5773000000045
272340.962,0
272419.1664,7821.280399999989
272530.1263,0
272561.8058,435.7969999999623
272594.0026,0
272840.7415,0
272969.3344,0
273161.0292,14237.134625000006
273209.155,12248.721800000028
273235.4739,2438.9183000000194
273729.63300000003,0
274127.8483,5352.910499999998
274333.9617,0
274343.8982,0
274499.0507,1184.759400000039
274887.0541,16219.705400000006
274992.9525,0
275028.0077,3108.580900000001
275037.7032,0
275106.2735,1944.223100000003
275238.5377,0
275797.4579,0
276050.1476,5208.826300000015
276346.5618,0
276643.181,0
277326.5135,6627.8595000000205
277567.08030000003,0
277753.8263,2703.8687999999966
277764.083,0
278184.6624,12288.84619999997
278188.9741,0
278247.5546,1848.240599999961
278354.5256,0
278364.5159,0
278478.8537,0
278483.7049,2205.9666000000434
278685.8423,0
278739.9587,3128.7697000000044
279286.163,0
279391.7866,3215.302000000025
279465.4045,0
279515.1912,17264.247600000002
279551.6016,3137.1549999999697
279734.1161,1356.5993000000017
279739.8739,0
280094.5609,7991.555899999978
280154.1845,5749.528099999996
280453.7997,0
280762.5343,0
280777.5984,7181.2360000000335
281486.1602,6913.6397
281820.8488,5360.821699999971
282211.9397,514.4998999999953
282258.8582,999.2076000000234
282331.3971,3072.0407000000123
282413.3812,0
282426.0977,12011.801500000001
282708.3243,15333.350699999952
282861.7392,2619.651600000041
282867.9994,5273.788099999947
283352.6191,0
283387.2241,4955.415099999984
283639.219,2169.3369999999995
283703.9461,8451.697400000005
283747.4007,18108.218200000003
283894.888,0
283992.9487,12281.24099999998
284104.4724,2014.0133000000496
284462.2414,3059.573299999989
284474.071,2251.177800000005
284497.3042,5274.94160000002
284518.6663,2642.310499999963
284522.8006,6169.401733333361
284991.2813,2364.0252999999793
285311.7186,10241.218500000017
285572.0345,4127.617399999988
285595.489,5158.017600000021
285598.369,9371.652000000002
285630.828,12005.778399999952
285641.1503,5981.660600000003
285736.5897,8359.743100000022
286017.6833,5022.605500000005
286092.0867,6517.535199999984
286095.9413,4480.057100000035
286224.7686,1604.8175000000047
286322.0102,6477.987000000023
286332.2573,2549.9657000000007
286335.2192,0
286540.0362,0
286567.2151,5238.892699999968
286636.0294,4403.033100000001
286722.5978,2288.334900000016
286861.9206,8549.165199999989
286889.38,5377.982399999979
286911.418,2888.5917999999947
287299.3752,0
287331.4504,6733.039499999955
287369.655,10727.075100000016
287381.4613,3445.962200000009
287491.8332,1624.9413000000059
287777.1657,0
288095.0304,17967.80560000002
288331.0771,423.4588999999687
288348.1681,17287.530000000028
288368.6782,0
288411.7143,5107.376999999979
288566.8791,227.65240000002086
288772.9678,1171.1031000000075
289009.3377,2436.6085999999777
289058.6081,0
289130.6154,21423.72570000001
289461.9432,3800.9558999999426
289534.8812,5413.35500000004
289840.1344,2084.467100000009
289931.7259,602.9684000000125
289947.65989999997,0
289965.3172,0
290096.8856,875.4108000000124
290130.447,1616.1927999999607
290191.6237,0
290392.6015,20468.717399999965
290945.49450000003,0
291010.9795,8940.679600000032
291039.15760000004,0
291162.9459,0
291652.1779,4649.653900000034
291751.38,7152.454099999974
291915.7924,2928.4981999999727
291969.8357,11418.179599999974
292407.1926,6107.536599999992
292556.1871,11156.4816
292779.1407,36.07500000001164
292819.8865,6849.019500000053
292826.72589999996,0
293233.8649,0
293505.7247,0
293866.3629,0
293899.744,0
293931.4409,11337.367499999993
294008.3083,0
294019.6813,0
294129.7958,0
294302.14996,0
294629.02249999996,0
294841.3282,0
295103.468,1943.3430999999982
295105.0233,13042.847899999993
295189.5232,5850.894499999995
295287.7929,14505.80190000002
295342.7988,21526.978699999978
295398.39280000003,0
295561.6323,7985.513399999996
295883.6011,1820.4613000000245
296182.4412333333,0
296517.1674,0
296556.8827,9948.037799999991
296672.2463,0
296740.9111,0
296969.55436666665,0
297009.6682,459.5832999999984
297432.9274,4788.624433333345
297576.946,1215.1565999999875
297584.7217,8833.343200000003
297713.776825,0
298694.062,0
299128.7055,0
299198.2041,11053.944299999974
299685.3946,13481.636500000022
299715.0595,7028.846900000004
299725.1182,5254.612600000051
300113.8405,0
300246.4155666667,0
300714.8457,1705.4894000000204
300957.1455,0
301146.8811,9718.209299999988
301262.2244,0
301332.0734,0
301409.7008,6402.9911999999895
301457.9588,6972.271100000013
301483.2723,0
301648.7752,662.6249999999418
301652.2472,10138.409400000004
301755.4769,0
302071.04496,0
302301.808,1482.016500000027
302419.5545,0
302535.5606,18893.63500000001
302654.8799,0
302985.6556,0
303147.5922,0
303222.4453,10386.311300000001
303231.795,0
303333.9764,0
303355.8215,5936.111499999999
303399.3132,15198.568766666634
303404.049,0
303558.53928,0
303585.6582,19389.052000000025
303987.1308,766.7556999999797
304179.2607666667,0
304346.3645,0
304379.8253,9966.606000000029
304487.102,14841.099800000025
304538.8724,0
304706.2528,0
304793.3113,4978.684699999983
304953.4205,0
305333.1471,0
305607.8227,0
305676.573,5035.777000000002
305963.7217,0
306048.4958,5449.1393999999855
306268.9023,0
306394.8214,0
306900.1743,0
306937.305,0
306985.3164,0
307240.1216,0
307339.8813,0
307872.6272,7933.029099999985
308482.3388,0
308490.4089,13740.998599999992
308519.226,0
308556.3897,0
308565.3291,1585.7271999999648
308774.3129,0
308965.8181,1208.2189999999828
308993.6672,12903.394400000048
309001.5202,0
309225.3654,3986.9407000000356
309334.3309,0
309389.3009,0
309405.476,0
309623.2329,0
309667.9686,0
309707.3892,0
309710.7948,2523.32779999997
309797.1589,3562.8978999999817
309920.07962,0
310019.512,4788.311400000006
310432.7221,7508.309999999998
310548.0041,0
310616.7989,0
310631.5358,0
310650.34,12241.446900000039
310865.199,7954.378100000031
310885.6926,8673.247499999998
310925.4578,5616.561400000006
310944.98470000003,0
310953.4339,0
310972.083,0
311156.7119,0
311468.4894,0
311557.8981,0
311685.063,7523.338600000017
311751.0052,7671.643500000006
311802.3831,0
311919.7507,0
311985.6178,0
312042.8748,0
312069.0444,283.0264000000316
312135.404,5832.840199999977
312179.3287,0
312237.5663,0
312255.9377,0
312629.6097,20330.95339999994
312777.993,0
312977.5363,0
313045.7499,0
313149.8436,275.54370000003837
313208.4471,12470.337
313471.7787,8431.498300000036
313585.3965,0
313750.4989,550.5184000000008
313842.643,7938.105899999966
313884.0796,0
313945.4903,0
313969.5614,12689.317666666699
314141.4885,0
314302.753,0
314313.1885,0
314453.1071,1437.8934000000008
314473.0836,0
314538.5044,780.8755999999703
314648.5477,0
314858.7669,0
314894.86613333336,0
315086.449,2871.8957999999984
315173.5838,404.9245000000228
315330.4014,7415.355899999966
315423.5298,12622.63910000003
315452.5652,0
315613.1794,0
315647.5456,0
315901.9546,0
316158.1989,0
316448.479,0
316605.0816,0
316745.7676,0
316947.0357,14501.246800000023
317058.4763,0
317204.2608,0
317722.3063,0
318507.6503,0
318526.0282333333,0
318559.0161,4558.440000000002
318611.5603,0
319031.3117,0
319091.5131,5890.043399999966
319121.7853,2116.3336666666437
319149.4839,2303.247399999993
319153.4117,4938.4851999999955
319223.5628,0
319275.0051,0
319316.1074,7494.636599999969
319570.795,2093.3141999999643
319938.12204,0
320452.9456,2238.3715000000084
320483.5499,18201.980699999956
320659.7465,0
320797.4556,0
320995.8156,0
321283.062,1893.225999999966
321299.68,0
321336.4124,0
321593.8214,0
321710.0826,2938.7902000000468
321866.1815,0
321932.7743,0
322297.9607,0
322309.11,0
322365.70053333335,0
322533.1679,7531.510499999975
322547.0988,0
322755.9461,0
322765.8901,15664.121900000027
322910.6123,0
322947.2919,0
323056.7717,0
323087.0713,15610.034800000023
323355.8585,0
323535.6966,0
323542.2642,0
323708.4479,0
323830.9489,0
323895.9326,0
324033.5272,0
324331.6507,0
324440.6917,2462.3579000000027
324654.6789,0
324689.1214,2173.8607399999746
325193.82660000003,0
325320.1677,0
325365.7267,0
325656.4032,15438.275900000008
325945.3345,0
326087.1726,0
326116.2485,0
326344.7608,10498.846699999995
326452.4372,0
326647.6546,7681.718600000022
326683.5505,21451.2586
326785.0035,3342.3677000000025
326855.7325666667,0
326892.0944,5810.379599999986
326949.9134,0
327072.1896,0
327162.8164,0
327301.7786,16108.516000000003
327353.6922,0
327600.17005,0
327726.2648,0
327818.338,10937.220700000005
327922.3726,7817.177800000005
328004.5803,20629.407799999986
328394.7282,4850.746299999999
328517.6312,7919.757099999988
328689.6443,0
328756.1966,0
329282.5919,0
329355.2543833333,0
329642.0801,0
329762.0845,4468.923999999999
329874.5305,11942.84659999999
330226.5046,3605.5274999999674
330308.8493,193.49129999999423
330345.5904,7156.57779999997
330544.9287,720.8279999999795
330633.6621,0
331027.3058,7348.551399999997
331257.51410000003,0
331298.5891,5178.6250999999465
331736.7976,0
331869.3096,0
331967.3489,6242.947799999965
332066.6436,0
332555.4498,0
332682.5789,7077.628400000045
332705.25,0
332745.4469,5175.635199999961
332776.8258,0
332857.744,0
333020.249,13496.350199999986
333109.8921,5769.331200000015
333275.18200000003,0
333351.6238,0
333434.4311,0
333448.8922,0
333618.0711,0
333707.4889,0
334039.3739,0
334166.4679,0
334296.2235,0
334499.9341,0
334818.3402,0
335113.9068,0
335404.3689,0
335462.171,494.37999999994645
335655.3296,0
335996.5233,0
336141.2505,452.0144999999902
336142.407,1587.905000000028
336215.4459,0
336250.0284,0
336318.0596,0
336339.0756,0
336506.1469,5452.114799999981
336564.6345,0
336752.53740000003,0
336826.3054,0
336906.8658,13932.456600000034
336927.5754,0
336974.033,2844.4357999999775
337408.0885,25115.738599999982
337432.7031,7365.135199999961
337560.0696,0
337620.6705,0
337988.3334,0
338043.5802,1135.6927000000142
338292.5094,0
338342.6225,6336.339800000016
338414.2005,0
338630.3749,0
338792.6517,0
338873.4379,17132.319699999993
338913.979,1251.473100000003
339208.6406,2777.779899999965
339385.2063,0
339427.9444,0
339809.5664,2217.3856999999844
339832.4721,11413.30680000002
339835.6491,0
339896.159,0
340229.436,123.5103999999701
340252.5076,13737.248499999987
340353.7424,0
340408.2397,0
340586.7642,0
340853.9897,0
340876.0143,0
340880.0508,1780.527300000016
340950.4285,2385.4615999999805
341012.2685,21633.545625000028
341101.6607,0
341149.5813,0
341174.3037,4394.2093999999925
341183.4255,0
341198.8112,0
341264.2655,0
341317.6869,0
341381.3141,0
341466.1763,0
341721.6515,7625.351899999951
341910.2113,0
342082.8112,0
342270.4651,1157.9749999999767
342299.909,0
342627.191,4380.312199999986
342726.6421,0
342820.0762,0
342917.7737,0
342949.7477,0
343241.5916,0
343467.1775,0
343631.1469,0
343725.9087,1828.119000000006
343956.40876666666,0
343965.8381,5711.327699999965
343972.9964,0
344127.5442,0
344154.5751,0
344192.7718,0
344290.1852,0
344330.5879,3474.516799999983
344594.1994,9210.740300000005
344671.4235,3376.054599999974
344883.4055,0
345055.9538,0
345195.839,0
345213.5449,0
345313.2988,0
345441.2192,0
345454.2768,0
345460.7251,0
345613.6607,13154.7169
345808.0972,1143.3293800000101
345932.1368,0
346130.77282,0
346200.0037,0
346500.7854,3332.9686499999953
346501.5826,0
346546.1925,0
346608.4126,4845.979200000002
346904.0335,0
347436.311,0
347486.9812,9089.649600000004
347516.8859,0
347635.1614,1250.7907000000123
347693.4079,2765.2578000000212
347840.1152,0
348103.9982,1265.733099999954
348227.793,0
348259.7873,9038.543800000043
348370.1318,0
348587.585,0
348595.7762,0
348608.1381,0
348661.7046,0
348830.2847,0
348842.3503,0
349006.4608,0
349259.3922,4861.0618999999715
349406.0095,3051.9970999999787
349474.6733,0
349876.7641,6526.91399999999
349959.7099,0
350684.6507,0
350928.3788,0
350973.7748,9302.812900000019
350985.9189,0
351075.6108,10959.4608
351211.123,3616.8854000000283
351368.3786,0
351467.0897,0
351609.7745,4266.9357999999775
352000.6066,0
352068.8971,5718.341550000012
352282.9839,0
352369.7104,0
352434.398,3216.1576999999816
352552.12679999997,0
352643.4311,0
352675.787,0
352735.576,0
352815.6149,0
353318.2738,1904.4300000000512
353344.3518,8533.467600000033
353580.7128,0
353606.9333,1592.8399999999674
353721.638,0
353976.7858,9048.537300000025
354381.5011,2220.617900000012
354432.1858,2605.0866999999853
354714.68570000003,0
354764.3478,2278.0283000000054
354788.3494,0
354804.1156,0
354905.9361,0
354922.7777,197.45089999999618
354929.954,0
354983.3227,0
355367.1116,5895.779099999985
355409.1244,1742.3530000000028
355667.5536,0
355699.2432,0
355816.6021,0
355997.636,11120.711699999985
356259.2639,723.9442000000272
356637.2044,1081.8746999999858
356932.2174,5149.541900000011
357072.825,549.4750999999815
358235.3819,6609.545099999988
358261.2978,5832.770699999994
358463.1438,4589.402100000007
358700.81,3684.669099999999
358736.2265,1737.5224000000162
358829.4569,16291.00734999997
358877.6931,2281.2878999999957
359256.947,4324.922199999972
359795.2262,3979.216199999966
359941.9824,1446.3803999999654
360012.7242,0
360278.0961,11946.344600000011
360745.7152,11015.911699999997
360981.11710000003,0
361168.5974,11477.3505
361385.7129,0
361455.4655,16175.28840000002
361581.7602,5696.777000000002
361653.7205,12691.288699999976
361809.9509,9929.333099999989
362033.6596,492.82260000001406
362053.9711,2477.14790000004
362189.5868,14493.198700000008
362254.3196,13594.517899999977
362340.4674,4547.687300000049
362344.9115,11460.992099999974
362363.8641,0
362888.1456,0
363360.6753,0
363862.09739999997,0
363906.3193,5769.21669999999
364028.7358,2823.603000000003
364140.6218,17247.621800000023
364333.5753,5047.642700000026
364496.6074,13748.530099999974
364517.8549,12838.975099999981
364519.1455,5604.418299999961
364724.9401,3720.4026000000304
364784.8848,0
364787.3141,6016.8374000000185
365055.745,2413.454700000002
365130.5999,6282.724499999953
365175.2596,7265.025499999989
365450.2588,9413.537599999981
365646.5841,10636.97080000001
365772.8084,0
365832.7213,0
365910.2646,10456.32640000002
366001.9256,7202.6866000000155
366325.5204,0
366375.2295,0
366613.1444,11670.039899999974
367147.872,1189.318099999975
367252.0006,1791.0566000000108
367505.0492,534.9579000000376
367762.7768,1495.6302999999607
368313.8755,7132.141100000008
368340.5668,1274.0628999999608
368558.2747,3177.526200000022
368631.4777,3367.8764000000083
368672.8464,14243.109233333322
368861.5862,0
369061.6144,0
369426.319,0
369693.3073,2589.503399999987
370179.2513,14450.013399999996
370208.6385,0
370259.2901,5694.201599999971
370702.19070000004,0
370859.1344,5621.329799999949
371087.2674,3598.309200000018
371405.8746,26517.541099999973
371812.5645,6036.763199999987
372103.9675,16264.618600000045
372607.3393,13440.72470000002
373293.8428,17265.062600000005
373330.7398,5568.255000000005
373523.1085,0
373937.4418,15384.935499999963
373992.371,7709.4982999999775
374026.4831,0
374179.93,10308.136799999978
374622.6581,0
374815.9015,0
374838.264,0
374943.6672,5622.976699999999
374997.2466,0
375419.1099,11373.157100000011
375462.3494,0
375580.8325,7753.521100000013
375597.9564,10384.042800000054
375747.027,8813.632500000007
375938.7262,4538.639299999981
376167.223,0
376280.3637,13981.061099999992
377241.8017,17309.4914
377262.9208,11234.037500000035
377267.4656,6388.943900000013
377601.3799,11923.088600000017
377643.0145,22687.184300000023
377695.9016,8938.854799999972
378033.1819,17205.62560000003
378310.6222,17971.840899999952
378543.8862,7564.027100000007
378755.1391,7945.580099999963
378815.8035,8147.3732999999775
378851.4606,14013.49609999999
378875.4832,13699.03250000003
379042.5712,0
379054.6752,12032.935899999982
379177.5848,12720.976000000024
379539.6914,1315.71669999999
379784.4284,0
379968.703,18618.492599999998
380105.7859,10729.895500000042
380437.2525,25112.877800000017
380774.1817,13836.60090000002
380809.1709,7788.606200000038
380855.4088,11895.302399999986
380991.1253,0
381028.823,10786.452899999975
381490.7306,17143.85950000002
381758.5767,0
381765.7657,13287.204099999974
381807.0235,0
381842.294,8881.576499999966
381863.141,1717.4729999999981
381988.1244,16791.643099999987
382030.2334,0
382184.0178,8671.664300000004
382222.2354,8114.824000000022
382891.4211,9364.08779999998
382945.828,7508.795899999968
383106.38,13622.310100000002
383211.273,16128.171600000001
383329.4721,7025.552800000005
383506.5437,10381.9326
383836.5539,8604.804200000013
384301.9916,0
384655.4486,0
384704.9739,25037.35819999996
384838.3323,18882.558300000033
384844.82039999997,0
385056.7305,0
385241.4589,8370.882460000052
385367.4794,17907.13200000004
385549.12309999997,0
385568.0081,13397.647100000002
385939.6582,17349.684899999993
386005.3705,14527.69750000001
386149.7775,0
386185.8506,10880.56680000003
386390.2699,8519.019400000048
386502.401,0
386505.8342,9281.505799999984
386774.8411,15872.980100000044
386961.89191666665,0
387198.0746,8636.262099999993
387262.2187,16071.893825000036
387292.9002,9911.295699999959
387390.6091,18669.90989999997
388274.4764,11036.2696
388495.6553,13661.723200000008
388663.1379,9624.585199999972
388933.6558,14302.2353
388945.7045,15810.33739999996
389013.6953,18576.02720000001
389387.7876,0
389520.6293,18377.069099999964
389586.5267,0
389899.7894,13370.984200000006
390028.7267,15021.296399999992
390640.8533,11316.755000000005
391105.5947,13674.781100000022
391266.6855,12158.899600000004
391472.5181,23461.71279999998
391516.1268,0
391638.6778,13013.614300000016
391651.3303,9911.704999999958
391704.9461,17306.2402
392029.8254,14047.952500000014
392071.1209,11367.897899999982
392263.436,14821.682900000014
392564.7926,20431.07679999998
392868.7619,10778.134999999951
392905.2212,0
392955.5131,25170.734499999962
393000.3056,0
393115.8894,0
393405.3597,11065.950199999963
393563.3835,13119.77740000002
393759.5531,13110.906900000002
393810.6544,13863.195733333356
393895.371,19909.846299999976
393963.6165,22015.338600000017
394158.3532,24790.17836666666
394300.3085,11536.80170000001
394980.7226,12773.181500000006
395104.4607,8192.53019999998
395618.0784,9172.570999999996
395714.878,16890.348600000027
395735.6135,17537.231700000004
395773.8042,0
395798.2107,13116.303400000033
395803.1419,24329.179000000004
395838.1703,0
395931.992,10240.151000000013
396229.2269,19094.362200000032
396331.4348,25764.63500000001
396574.9102,12296.027699999977
396618.4194,17723.507299999997
396645.0693,0
396917.2815,10884.271099999954
397231.2905,26584.521799999988
397292.2849,11183.960900000005
397313.8799,24430.428200000024
397318.8088,20053.968600000022
397608.9761,9552.309200000018
397624.0164,12615.584800000011
397944.8877,9720.881800000032
398689.302,10758.189700000046
398691.2072,0
398715.3169,25100.71359999996
398795.6959,17304.21729999996
399258.9867,19905.844700000016
399292.8022,23619.61699999997
399477.5426,0
399545.2274,11973.382699999958
399550.7607,21909.48219999997
399595.6019,10250.223800000036
399629.0431,20310.51270000002
399646.5496,0
400255.0261,16158.294800000032
400368.9093,30364.872199999983
400374.8204,30222.171499999997
400540.0547,24359.761100000003
400576.1307,25949.549
400595.0244,29257.686699999962
400774.6094,21988.275399999984
400813.9844,11504.457200000004
400892.93700000003,0
401127.157,11938.593700000027
401274.1455,12278.375949999958
401281.4087,17525.79310000001
401531.2419,11684.256560000009
401610.8763,9508.48609999998
401670.0531,11107.257000000041
401823.8271,11916.593200000003
401982.9792,11323.308100000024
402279.2985,12315.200299999968
402282.4868,0
402626.52,21358.1262
402673.4175,12137.477199999965
402810.2895,18086.92120000004
402864.3571,11478.62360000005
403049.1674,9762.186699999962
403145.3093,15367.029600000009
403307.1446,20949.54099999997
403417.4645,24206.2782
403580.5302,0
403797.4355,11855.731100000034
403956.2951,15863.864300000016
404005.005,33479.65549999999
404340.1738,20990.73959999997
404421.6539,13111.195299999963
404424.6802,9914.958700000017
404490.9876,10077.519700000004
404539.5291,11400.11699999997
404854.7674,10402.090800000005
404889.5206,12139.484899999981
405038.8396,0
405225.7068,9726.328600000008
405317.6104,10754.829499999993
405594.5549,14777.444199999969
405664.3573,26994.827699999965
405863.9755,8146.998499999987
406061.4236,0
406388.0732,11613.402000000002
406428.6298,0
406954.3144,11107.881899999978
407130.2208,10298.075599999982
407153.0712,11573.599999999977
407283.6711,26550.075699999987
407686.502,16936.068099999975
407686.5886,17329.02740000002
407887.367,10350.650700000057
408027.5169,9263.389399999985
408213.1401,20306.953099999984
408447.2607,0
408481.734,12442.861399999994
408787.7127,13180.050199999998
408838.1311,2153.668399999966
408933.6703,14137.41220000002
408944.356,0
409059.153,19786.06780000002
409334.5842,0
409408.067,9997.708299999998
409487.6474,0
409620.7115,17042.518699999957
409874.2948,18925.530099999974
409908.0372,21919.528700000024
409912.3131,15886.300800000026
409927.1034,24489.738000000012
410069.5113,18198.900200000033
410292.5612,30394.69180000003
410470.7959,26206.5135
410586.662,0
410717.1762,11095.169999999984
410734.3852,18176.00310000003
410799.3497,30500.99160000001
410939.3071,34234.48179999995
411119.6078,0
411136.3318,13833.280800000008
411255.1929,12034.084100000036
411414.8813,35646.566899999976
411602.5301,11508.703399999999
411613.6567,13001.648600000015
411672.6732,18854.111200000043
411699.6174,16260.687600000005
412010.7612,24123.487666666682
412481.4808,0
412601.4142,0
412752.9368,11152.3517
412891.3625,8277.022400000016
412944.2479,11637.66769999999
413241.4408,16114.752199999988
413279.2988,11313.216199999966
413464.605,24504.87659999996
413478.4549,18900.50800000003
413538.4035,13263.454200000037
413557.9029,10262.767499999958
413761.0059,13139.121299999999
413772.2463,8978.375760000024
413797.8385,24254.58030000003
413977.0689,9021.289800000028
414033.1309,32068.775399999984
414327.1233,7160.863899999997
414487.71,0
414603.565,16800.239699999976
414645.9766,8407.840499999991
414661.5401,8301.704499999993
414850.7421,8323.06309999997
415024.7423,24165.50279999996
415086.4706,12575.425700000022
415121.0986,0
415726.8046,12963.061599999957
415818.7465,17692.33740000002
415818.8843,9808.786999999953
416190.866,6458.097799999989
416854.533,9580.127999999968
416882.1582,23423.79509999999
417160.9168,8365.50569999998
418017.8872,0
418081.3119,17685.583999999973
418246.1242,9664.659800000023
418263.7967,8780.347300000023
418424.3167,11571.562000000034
418463.8906,9308.0196
418915.4969,11210.286700000055
419090.3331,20535.5049
419132.2062,0
419173.2731,0
419353.7119,12772.522100000002
419381.2091,15529.387300000002
419993.4987,9643.080599999987
420022.7296,17438.583400000003
420094.316,0
420110.2343,0
420243.3968,14408.268799999962
420260.1166,9046.00589999999
420380.1673,7395.82289999997
420444.1146,17251.547259999963
420521.8013,0
420780.8148,0
420841.7671,5869.341300000029
421056.044,10706.344500000007
421165.3087,0
421341.2292,29100.473899999983
421508.6313,0
421582.79,12071.227599999984
421722.0003,25264.054500000027
421835.5442,7058.599999999977
421910.9991,17001.50839999999
422163.6033,5938.259499999986
422515.7258,1888.3899000000092
422704.8244,33421.08289999998
422720.1274,0
422797.4924,6096.33679999999
422861.2941,12518.867800000007
422890.087,447.8033999999752
422956.4793,15585.018999999971
423133.1364,23901.2561
423209.1388,14525.179000000004
423468.464,8865.248800000001
423861.1608,7045.649000000034
424406.8683,34763.37729999999
424497.3677,7643.14519999997
424505.2786,0
424823.4389,0
424854.3972,0
425071.7506,18506.110400000005
425132.0335,11083.150000000023
425194.9777,15090.06819999998
425380.7473666667,0
425677.4969,0
425714.4638,0
425736.1156,19487.005800000043
425759.5005,22836.32930000004
426162.5007,8733.30039999995
426274.2567,0
426448.3046,12703.165799999959
426535.4605,10814.487900000007
426699.1282,0
426748.6082,14026.595900000015
426964.5156,16844.248699999996
427039.1879,13946.68590000004
427082.1013,0
427312.5479,9893.387500000012
427514.3283,14606.324099999969
427624.4766,7165.588600000017
427679.5517,9086.139350000012
427978.6783,7499.065000000002
428025.0444,17445.476200000034
428041.389,10741.944900000002
428269.5423,6753.809499999974
428480.7718,9465.87089999998
428800.3852,10181.6103
428930.2113,31017.239500000025
429008.5365,9727.386699999974
429018.0858,11567.560899999982
429423.6236,0
429468.6674,10416.86659999995
429495.752,12301.83679999999
429509.5932,7446.532899999991
429682.2936,9857.332199999946
429828.6461,5102.249599999981
430166.336,9454.02919999999
430201.9507,0
430560.7746666667,0
430741.1974,20043.438066666655
430746.4998,32520.71880000003
430944.6773,32845.67709999997
430991.6417,27773.89809999999
431131.4645,14204.315500000026
431231.3698,8203.436799999967
431473.3274,7226.8354999999865
431583.05918333336,0
431688.3843,10478.45299999998
431701.8566,0
431762.3953,15398.970199999982
432039.50789999997,0
432413.0443,14413.619200000016
432634.743,7324.467900000047
432922.1307,10284.20179999998
432939.9578,15371.32309999998
433051.5309,0
433101.9733,6646.948200000043
433669.9756,21320.80900000001
433715.0823,0
433858.5814,16346.094024999999
434231.0348,11634.856900000013
434320.7027,23907.833900000027
434632.2854,20306.10759999999
434731.8291,0
434874.1297,15781.574399999983
435219.8563,9979.13439999998
435417.9135,11780.626900000032
435801.7847,7934.692000000039
435907.0599,14446.667299999972
435981.237,0
436044.9889,0
436053.7837,9506.844500000007
436223.4352,7181.375100000005
436551.6588,0
436568.2039,7764.437600000005
436641.3993,0
436759.0295,0
436988.3566,19876.765000000014
437053.6899,275.77740000002086
437186.5728,21184.366900000023
437285.3524,9901.473899999983
437403.3774,15615.008099999977
437547.7471,18727.17379999999
437702.1438,14943.319500000041
437853.0972,0
437905.5896,12826.440799999982
437982.7195,8816.687600000005
438045.1345,17577.908400000015
438089.1213,11175.271799999988
438513.231,20939.948300000047
438569.0991,8062.804699999979
438599.9854,28168.24199999997
438930.0494,217.60540000000037
439395.7199,24812.26920000004
439470.9988,35893.61259999999
439548.4569,0
439624.3115,7264.216300000029
439653.6235,24316.986199999985
439882.9497,1011.9855000000098
439894.7183,9914.907599999977
439962.6636,14652.199200000032
440012.2736,0
440308.7471,9827.696399999957
440398.987,8593.102400000033
440419.4304,12524.311600000015
440475.8073,14969.666700000002
440502.3476,11262.889399999985
440775.9946,3692.923699999985
440830.7966,23319.30959999998
440951.4923,12274.695899999992
441250.0426,9187.631200000003
441308.5346,8913.174400000018
441317.6061,7368.2650999999605
441794.3095,5683.265999999945
441811.9168,6388.115600000019
441857.5402,6052.502700000012
441919.9289,7861.952899999975
441921.7675,0
442480.0074,6743.7038000000175
442585.2802,9650.045899999968
442640.3906,5646.44299999997
442748.0795,16510.96470000001
442800.6927,423.50380000000587
442818.0289,8714.699599999993
443000.9869,19455.138399999996
443139.1155,8180.724899999972
443149.0595,5975.056599999953
443176.951,10844.744599999976
443269.9112,14761.420799999963
443333.8685,16176.704599999997
443581.9454,18360.516900000046
443594.245,4902.756200000003
443645.2264,10005.480299999996
443838.0686,24881.870600000024
443939.7583,24122.219199999992
443994.334,14084.206499999971
444150.2618,14306.695199999958
444171.1799,35.05999999999767
444392.0105,5453.840800000005
444662.8523,8255.764200000034
444733.45530000003,0
444784.8016,10807.491900000023
444837.221,19427.710300000035
445134.6458,6746.883299999987
445348.6407,14228.234599999967
445481.0964,36923.19669999997
445715.9614,7872.293799999985
445974.0836,8384.89380000002
446350.7911,6713.181199999992
446631.2133,16855.095299999986
446845.4955,7790.894900000014
446910.6988,7993.179300000018
447195.5063,6143.914700000023
447370.3038,9685.70279999997
447616.1818,6022.423600000038
447697.1812,15214.425199999998
447975.577,3578.9574999999604
448133.2971,16683.283800000034
448249.098,10412.326699999976
448340.8129,8883.861900000018
448635.0028,16911.162499999977
448676.7828,5889.537899999996
448679.9956,7553.875700000033
448760.1051,11636.728799999983
448998.3377,39885.48949999997
449231.8546,22921.447600000014
449299.0522,9494.994599999976
449440.2321,6873.159400000004
449450.44,19122.7181
449713.4647,6119.919300000009
450046.9331,28225.069900000002
450260.0889,10022.580899999943
450322.8071,15162.07779999997
450346.8146,0
450380.0955,12409.473400000017
450381.1782,7850.746800000023
450386.6223,12122.202600000019
450407.3946,8559.704700000002
450529.2901,7197.45749999996
450680.6423,276.8166000000201
450807.587,24589.23570000002
450852.3934,11969.941099999996
451470.1556,11798.299500000023
451738.2048,9283.023800000024
451744.8616,5879.207300000009
452071.8614,19344.330000000016
452296.789,10753.550600000017
452605.3607,2132.6281999999774
452777.507,14027.12069999997
452792.7639,7677.452400000009
452908.5212,7685.833500000008
452951.9709,7655.995700000029
453027.2925,8714.163300000015
453110.9844,21653.737900000007
453209.9902,21390.100800000015
453240.0801,32661.991400000057
453302.6933,20744.057700000005
453496.5478,4408.91320000001
453508.7656,20663.68319999997
453572.6203,8750.621500000008
453926.0126,9524.098699999973
454044.5898,6533.69570000004
454124.7256,13170.661100000027
454234.7198,2289.7157000000007
454335.9602,1378.4627999999793
454349.5827,26387.596100000024
454696.0853,4345.792799999996
454835.6801,6986.892400000012
455285.6655,1450.6302000000142
455297.9623,5270.881800000032
455300.9232,4717.361399999994
455318.101,5119.608300000022
455457.1481,3905.258700000006
455849.2791,10221.347699999984
455953.2017,14403.023899999971
456003.4549,14603.025100000028
456457.6644,9688.951899999985
456603.4736,7066.739300000016
456667.8278,14264.480500000005
456732.3631,504.7043999999878
456958.2316,6114.295199999993
457523.073,4442.242999999959
457540.2678,18027.243099999963
457764.4119,2302.1677999999956
457846.8027,5054.30839999998
458245.5554,8983.236800000013
458330.8426,7943.749899999937
458950.4996,13503.680899999978
459254.5083,9657.883199999982
459407.7902,13685.476599999995
459454.1696,6574.898600000015
459840.7913,3722.1621999999625
459888.3238,16.369200000015553
460272.6823,31880.500299999956
460355.2811,17550.73510000005
460587.923,20543.704700000002
460589.5583,16489.093399999954
460970.5773,0
461244.7732,11899.873100000026
461676.7711,20614.45240000001
461727.9003,12772.899799999956
462131.1476,9436.151000000013
462486.3669,7407.2884000000195
462567.1353,6055.970299999986
462775.6677,17725.86579999997
463066.8982,17066.0147
463083.3716,9151.127600000007
463216.9751,12464.897199999948
463482.2096,21804.864699999976
463955.8199,7832.1802000000025
464060.6988,6228.009900000005
464278.8994,6079.1322999999975
464465.693,0
464670.8083,15872.898799999966
464862.0206,0
464918.9273,21447.28269999998
465218.2476,25542.852399999974
465287.2372,18974.04879999999
465358.8338,16764.69530000002
465423.3354,7438.984200000006
465450.2483,924.6374000000069
465575.3961,13381.72232
465687.0392,24298.9228
465887.6029,4700.24669999996
465933.1431,0
466488.5523,13319.98019999999
466640.4726,0
466683.3044,9852.22080000001
466711.9712,8910.257100000046
467000.7379,25529.80560000002
467057.501,8180.31329999998
467376.5478,9215.1875
467563.9714,20496.970099999977
467656.0804,15539.362199999974
467705.7557,25435.41929999995
467727.8952,5480.420800000022
467984.007,546.0798000000068
468024.0802,12338.353900000046
468064.04819999996,0
468819.9377,12054.160299999989
468845.7582,4439.406900000002
468945.2418,11216.916900000011
469163.4915,9386.486499999999
469356.8087,0
469383.8655,7914.796000000031
469787.9882,0
469874.0661,5432.943900000013
469971.2379,13556.04330000002
470037.2,23734.90830000001
470139.1247,7482.277799999982
470199.0144,10008.158599999966
470209.7779,21346.358099999954
470341.6541,6619.214399999997
470444.6164,18408.669400000013
470761.323,16707.06979999994
470811.6873,6795.378199999977
471013.7753,18287.076
471231.1452,10727.135200000019
471347.7157,2926.7070999999996
471384.5329,14124.78509999998
471392.3929,6285.466099999961
471639.8756,5646.680700000026
472139.2444,7707.107900000003
472328.6609,24456.97120000003
472619.2832,6358.165099999984
472789.479,16655.701
473576.5414,18030.932099999976
473827.6867,0
473827.9257,6432.079300000041
474017.5986,11638.221100000024
474104.7336,23136.73709999997
474173.9708,0
474201.3636,16962.89479999995
474221.3518,8815.62400000001
474281.613,16637.83520000003
474306.0539,9881.964800000016
474317.1494,30445.73060000001
474427.3725,15499.340499999991
475088.5902,8173.60149999999
475133.146,0
475530.4422,5793.078500000003
475556.2472,8575.009299999976
475713.1261,8923.75430000003
475770.0104,6678.836400000029
476094.3794,16071.808099999966
476340.2433,29220.377699999954
476544.4545,19424.716000000015
476618.977,13048.727899999998
476682.6724,22063.94199999998
476713.51,0
476732.9757,0
476770.5765,9510.351599999995
476852.0311,23639.410900000017
476862.7926,7240.459700000007
477111.4942,28325.52290000004
477421.8239,19360.514200000034
477431.752,8710.446399999957
477477.3014,14112.537699999986
477570.3449,6067.943400000047
477783.6659,7225.931500000006
477921.9736,6979.276200000022
478356.6253,846.4550000000163
478535.2038,16289.423700000043
479038.1374,8429.282200000016
479070.9976,12808.478100000008
479114.1278,8741.828299999994
479117.3023,18289.051099999982
479302.1148,6868.533599999966
479353.3855,0
479425.8663,13150.819499999983
479509.8382,10322.527300000016
479548.3261,14311.319300000032
479775.369,8112.8610000000335
479864.0535,14684.814199999964
480156.0461,26480.980500000005
480299.9719,8604.308200000029
480493.2442,10119.176200000045
480497.7575,7344.276566666667
480530.9334,13717.090099999972
480557.0206,8038.603899999987
480916.3161,7106.643700000015
481009.0188,0
481295.5806,15186.95140000002
481322.5816,10119.839799999958
481521.356,8805.651200000022
481555.8564,10514.833500000008
482075.0075,0
482088.3067,21073.811400000006
482107.3682,19978.507900000026
482283.1552,0
482350.315,10039.11460000003
482418.7982,7060.1650500000105
482670.8913,25034.218600000022
482685.8929,8936.12089999998
482896.0196,8326.16379999998
482986.1251,9026.635500000033
483050.7533,7641.782499999972
483170.3434,11263.060100000002
483230.1419,25074.68400000001
483851.0694,11723.573499999999
484543.1369,5747.814599999983
484673.6486,7793.935700000031
484767.6997,16044.044500000018
484885.2145,8981.974199999997
485134.7245,11395.346499999985
485274.3895,11721.374399999972
485311.671,6649.168599999975
485993.9127,13714.873699999996
486011.972,8377.659500000009
486040.2493,7748.326600000029
486054.4061,21259.571200000006
486074.3517,0
486225.4578,10336.87579999998
486399.5032,15576.135299999965
486412.9637,21172.934800000046
486615.0617,10541.962100000004
486653.9437,13771.608999999997
486673.2381,13872.357200000028
486691.2105,26101.81449999998
486993.0336,29367.490099999995
487140.9928,19845.708199999994
487149.0505,13552.499300000025
487455.3604,6870.533799999976
487577.6198,4202.634900000005
488051.1591,16958.301099999982
488498.8267,19767.170799999963
488605.4623,6262.955799999996
488961.69299999997,0
488973.5705,5367.160199999984
489031.6042,5645.5088000000105
489084.2291,6792.980700000015
489118.7373,15861.11089999997
489222.2284,5221.574100000027
489429.9207,23135.50040000002
489537.2245,6896.083700000017
489587.2848,2668.807300000044
489665.0911,5744.408800000034
489743.5599,9226.12579999998
490322.9657,5426.684000000008
490342.2753,3497.0966999999946
490551.863,6784.682299999986
490939.6932,0
491003.55,4517.372399999993
491053.4676,5765.991999999969
491164.066,3916.291499999992
491374.901,4561.11440000002
491418.4083,19711.272400000016
491714.8355,4398.142799999972
491913.9897,369.9425999999512
492203.4586,6439.901200000022
492417.3091,5936.361399999994
492553.3864,28508.09049999999
492759.3987,11013.136100000003
492822.392,9969.520299999975
493125.9205,0
493357.3779,0
493412.238,6555.308100000024
493468.9492,6837.058299999975
493706.7576,10833.771100000013
493720.7393,8600.163
493976.8282,0
494186.2615,0
494283.7018,29855.64730000001
494327.0875,39707.99030000006
494455.9015,12803.42783999996
494763.9598,3304.2318000000087
494872.5716,2953.411300000036
495020.7587,5410.610099999991
495022.7897,7128.871900000027
495186.6884,7775.969400000002
495277.5722,7415.0077000000165
495332.0207,0
495460.2411,22683.343200000003
495471.6987,10038.531000000017
495751.5641,0
495852.3753,3979.115600000019
495876.7207,22517.094500000007
496209.6552,6928.515799999994
496461.07409999997,0
496491.0549,18370.415899999964
496607.0008,13545.368899999943
496989.6508,15801.6434
497041.0503,9952.748499999987
497102.0298,3385.0380000000005
497107.028,43.09899999998743
497383.992,5735.517900000035
497456.5175,0
497678.9305,19414.989700000035
497700.7061,5264.870824999991
497814.0337,29863.03350000002
497863.3017,0
497903.5797,10189.468200000003
497929.7169,0
498197.0467,19868.255200000014
498485.0596,8426.870399999956
498519.3222,5038.490739999979
498946.2287,6014.029500000004
499277.2642,10974.545099999988
499363.9662,5152.37440000003
499465.5323,4000.7211000000243
499515.9848,21885.140399999975
499816.7644,14810.405599999998
499964.3419,25010.53489999997
500034.6417,3357.9001999999746
500035.4847,27795.58819999994
500277.1305,4016.689900000056
500329.2589,3718.090200000035
500405.9971,6037.7111999999615
500546.8324,23790.395900000003
500738.2712,21881.943400000047
500745.9774,22621.01409999997
500783.2278,7416.037799999991
500858.3937,3246.138800000015
500988.9252,3676.1079000000027
500989.2046,3352.8652
501225.9106,3249.9680999999982
501362.3155,1130.8422833333607
501625.3189,0
501719.2377,25883.01390000002
501857.0837,12811.208500000008
501908.178,4252.394499999995
501937.4465,19847.713400000008
502295.3393,2667.416599999997
502386.5059,8178.032100000011
503084.3458,0
503371.0052,29678.97529999999
503704.7578,23613.56480000005
503817.9043,3249.902400000021
503890.3969,0
503890.6558,7590.460300000035
503965.6273,10115.544200000004
504114.9774,1128.0439999999944
504346.1965,1914.813060000015
504415.939,0
504691.488,0
504824.544,10425.459900000016
505037.8363,2705.6873000000487
505249.7945,16.773600000014994
505708.0521,0
505718.9377,0
505835.1591,0
505967.5548,10995.967799999984
506109.8869,11228.29389999999
506398.0745,0
506407.9786,0
506495.454,0
506743.4506,1474.2428000000073
506803.4669,7633.987499999988
506846.3421,7461.678300000029
506892.6306,1706.3267999999807
506989.0398,7451.011000000057
507033.3611,19629.373299999977
507158.4023,0
507224.9545,14158.414474999998
507689.4743,0
507716.70900000003,0
507759.1307,17496.998099999968
508087.7325,0
508181.5114,5835.512600000016
508289.9297,0
508304.5108,0
508415.2615,0
508650.1258,1082.9099999999744
508797.3027,5116.434639999992
508958.2347,2972.8162999999477
509074.3281,0
509212.4665,17570.047566666617
509451.194,9626.564699999988
509499.9099,0
509770.0682,13951.836499999976
509894.5371,2738.1063999999897
510138.9317,1800.4532999999938
510323.084,18099.00099999999
510486.5383,9578.890400000033
510518.944,0
510646.4144,29892.608999999997
510953.9574,11674.472899999993
511010.1554,1181.046399999992
511319.7875,3098.2299999999814
511513.8679,3301.268299999996
511554.3714,0
511761.6749,2176.0606999999727
511864.0336,30733.54840000003
511874.4719,0
512041.067,4271.361199999985
512218.7108,7662.127700000012
512263.901,9820.209399999992
512523.7385,26723.0208
512721.5833,11567.489699999976
512745.9096,4758.546800000011
512841.2401,0
513014.2927,3689.4921999999788
514056.24186666665,0
514226.3906,2157.496299999999
514443.1367,3895.84719999996
514695.3988,2319.6668000000063
514826.93929999997,0
514947.2717,6231.019299999985
515013.9258,2179.2086000000127
515022.1957,14084.474799999967
515280.9803,9130.261699999974
515412.039,25272.878099999973
515484.478,7503.816999999981
515493.5818,12071.623299999977
515655.7877,6504.4366000000155
515746.0484,9243.389500000048
515790.8547,4276.961800000048
515828.3121,10913.014399999985
515939.17,8078.121299999999
516340.6404,4023.0307999999495
516436.5177,2184.2959000000264
516660.331,25033.822199999995
516769.767,6639.010699999984
516813.778,0
516833.7155,4869.428000000014
516965.3134,15528.440399999963
517094.0352,3702.738699999987
517176.9825,0
517247.5432,3941.3311000000103
517397.7641,2516.554599999974
517471.5373,1293.5950000000303
517529.5265,2225.6532000000007
517568.439,7886.573499999999
517943.1953,4343.723600000027
518324.3191,5415.573300000047
518334.9753,13971.499499999976
518371.8151,2310.421100000036
518980.3192,2773.5463000000454
519115.4891,155.5327999999863
519202.0602,10142.954599999997
519518.7266,0
519789.7503,24619.88949999999
519900.6778,3736.123900000006
520020.799,3276.252600000007
520081.9455,27973.063599999994
520728.7589,3802.1668000000063
520737.3254,5839.412299999967
520903.5289,3805.8418999999994
521183.0985,11592.069799999997
521685.3008,23847.438300000038
521744.6279,4049.1957000000402
521980.0974,2776.7619000000414
522159.8123,6792.126899999974
522185.069,12427.995400000014
522525.8567,6876.879599999986
522749.8588,4597.263099999982
522769.0358,9724.553799999994
522778.6747,850.6849999999395
522799.8025,3686.3334499999764
523418.7407,4208.211500000034
523636.7123,1929.0727000000188
523638.4471,17779.946799999976
523792.8749,7498.371700000018
523912.7508,0
524091.8666,5744.0576
524468.5235,5227.4684000000125
524522.5053,6620.726524999947
524825.1128,6952.1499000000185
524929.9404,5339.524399999995
525330.7166,11620.664100000053
525535.7079,7475.789800000028
525676.477,15892.15029999998
525677.3984,6372.2650999999605
525760.7081,14644.437800000072
525833.007,13135.806699999957
525853.6474,6097.378874999995
526131.7443,8430.708100000047
526379.3145,3262.7217999999993
526453.8446,2316.6493999999366
526467.641,10280.764599999937
527418.4773,22475.06500000006
527617.4531,16661.05865000002
527618.4998,11319.0772
527816.808,11106.25589999999
528064.2858,8319.904033333296
528371.3545,16498.650200000033
528631.1067,10919.080399999977
528799.7677,7865.906999999948
529125.0285,14919.378599999996
529205.6579,8946.0282
529340.2459,17628.407999999996
529710.4375,8422.222100000014
529849.6502,9475.43100000004
530392.8938,9051.108199999959
530463.8632,10981.899700000009
531463.8672,18364.733599999978
531469.0002,11453.249899999995
531595.7987,7768.429600000032
531746.257,11173.92790000001
531870.3569,13318.204900000012
532004.5484,13270.440199999954
532143.6812,13295.902899999986
532317.1188,8382.86320000008
532523.9272,13906.472600000037
532567.2191,6902.3747999999905
532739.2621,26520.26620000007
532744.9604,12541.486399999994
533296.8362,13368.330000000016
533741.9454,9702.87149999995
534155.8634,12510.775900000008
534177.3206,11858.136100000003
534282.9799,14593.846400000039
534602.8049,9480.779600000009
534620.9241,14659.370799999917
534793.4012,20456.77469999995
534829.0834,11589.070899999992
534832.8048,12396.789300000062
534928.1944,21825.31230000005
535692.3491,25283.116500000004
535742.6171,15994.942100000044
536136.1316,17789.483299999963
536205.9188,27122.908799999976
536340.1605,9614.571400000015
536527.1873,11210.778199999942
536640.1326,15588.872900000017
536868.24,16251.159199999995
538209.3983,14460.80859999999
538213.17,10985.815700000036
538244.1788,17212.175199999998
538244.2737,12069.246400000062
538368.6703,18978.979099999997
538438.1927,15491.729999999981
538855.4869,20722.981400000048
538941.1369,12638.312100000097
538983.688,18459.887699999963
539007.039,21886.781399999978
539011.0431,11691.353200000012
539036.7067,10490.344299999997
539386.6405,11007.167099999962
539778.3714,14367.644899999956
539994.9932,17294.60440000001
540018.5478,12906.42889999994
540135.9523,23999.295999999973
540329.8234,15978.154100000043
540557.3182,11649.336799999932
540691.8678,12364.281500000041
540728.0092,26327.60559999995
540819.0816,13769.978200000012
541047.7059,12223.181499999948
541091.4034,12134.450699999928
541095.699,19846.227500000037
541204.7049,0
541514.9109,16994.942600000068
541757.3076,20361.10336666659
541909.8345,14406.053399999975
542200.2231,14664.869199999957
542680.9312,13521.813599999994
542695.34,11980.207500000019
542801.4514,12197.45299999998
542923.6568,18182.13540000003
543019.2842,14242.849399999948
543082.7278,10882.460500000045
543205.9626,24801.606579999963
543318.6099,11238.813800000004
543453.4508,13484.77529999998
543608.7392,14052.2429999999
543999.07,8318.343200000003
544037.9853,15010.383349999902
544232.8826,21986.486200000043
544523.1615,23861.278600000078
544619.6984,13001.970100000035
544748.4507,16676.53529999999
544977.3415,18363.08959999995
545001.5454,14669.31919999991
545058.6486,13497.669899999979
545447.3739,10907.627899999963
545539.9332,26707.07429999998
546066.9938,12377.89320000005
546206.226,19655.639900000067
546317.1438,20480.242699999944
546530.6872,13733.095399999991
546542.0162,23132.58169999998
546895.4882,21527.774500000058
547069.668,14550.635199999902
547319.1677,13326.55700000003
547576.992,20426.846499999985
547841.105,28412.300899999973
548123.1222,21769.681899999967
548208.6768,12795.616000000038
548556.9048,24140.708300000057
548722.4957,11746.090899999952
548758.458,18125.03960000002
548815.4464,0
549030.1831,17796.694000000018
549050.9506,11481.907800000045
549273.868,10162.365800000029
549273.8931,11108.933799999999
549386.1508,28786.234499999962
549404.9506,10471.064999999944
550118.0068,12207.713600000017
550329.8315,14871.910499999998
551044.3672,14884.99589999998
551127.9007,11820.631799999974
551390.1356,27456.241300000052
551510.6995,12295.732899999944
551722.5249,14486.084299999988
552082.3755,17839.27549999999
552204.4664,20213.133299999987
552498.8155,12985.943900000071
552654.2398,13538.850299999933
552878.0909,27660.057499999995
553562.8312,13807.304800000042
554087.9464,14888.666599999997
554577.0217,29952.72330000007
554582.7624,28867.224599999958
554682.1673,28980.230099999928
554849.4726,25440.33010000002
555012.4069,14192.055099999998
555326.1879,21969.292400000035
555384.5399,15173.978799999924
555391.9018,14135.755400000024
555808.2672,20574.950500000035
555818.6777,22150.457599999965
555911.7145,22067.54370000004
556015.3599,23658.158000000054
556573.7873,27304.865299999947
556607.7961,26414.726200000034
556756.9652,15974.608099999954
556782.1536,32001.094799999963
556819.7686,24409.67359999998
556970.0294,21158.379599999986
557091.4464,29804.90009999997
557145.5795,17568.574900000007
557219.1732,17977.488899999997
557344.953,27092.776199999964
557627.8643,20079.39910000004
557902.87,26860.06070000003
557993.6546,17923.626300000004
558403.1789,25457.67850000004
558580.209,24701.43240000005
558590.4486,32614.32429999998
558722.3141,15127.125099999947
558758.582,26643.64730000007
558782.4642,28827.489300000016
558922.862,17725.829700000002
559156.0035,14130.353200000012
559420.1968,16747.0196
559444.8703,28902.78429999994
559760.1842,23766.59400000004
560260.3443,19426.42850000004
560451.2877,18548.3554
560549.2344,29163.575199999963
560789.1679,26296.546699999948
561081.5141,13257.980700000073
561146.5525,21716.535399999935
561155.931,20737.924
561215.0762,16524.64500000002
561285.6496,10681.786199999973
561694.2224,13603.828499999945
561742.6258,31904.892900000094
561753.5107,33805.54460000002
561833.0604,14652.518099999987
561855.5845,33196.58770000003
562092.4376,12939.441999999923
562341.2615,28050.65730000008
562355.6209,16807.571999999927
562515.4242,17932.846800000058
562968.8108,20401.458800000022
563011.3798,5308.453199999989
563499.1228,21060.863000000012
563767.5851,22213.618400000036
563948.2761,16531.862199999974
563951.0356,8945.874499999918
564071.5982,22147.502699999954
564618.4449,20170.19140000001
564664.3563,27466.151599999983
564727.3018,6930.3586999999825
564901.0714,22939.584499999997
565001.4236,24185.040099999984
565120.7369,21147.03269999998
565177.775,19853.819499999983
565196.1421,22640.460900000064
565215.3547,16978.719700000016
565464.1315,5687.503700000001
565641.086,25612.569860000047
565675.2695,1807.3735000001034
565776.733,17035.854599999962
566036.8896,502.6844000000274
566481.9931,10442.73749999993
566482.7557,28441.539899999974
566511.0594,15772.930099999998
566846.6081,22900.37639999995
566870.3575,20551.088400000008
566988.9248,485.173300000024
567025.5744,26430.823800000013
567219.7377,1475.6923000001116
567540.8365,15867.25800000003
567558.4259,16112.282899999991
567701.1102,16290.172299999977
567847.5074,17069.60990000004
568061.1315,25247.36910000001
568273.2532,0
568331.1511,25424.813199999975
568353.394,32230.133599999943
568589.2612,1081.4690999999875
568691.8835,20173.58030000003
568737.2265,16149.53489999997
568738.1316,17027.604399999953
569034.5507,16848.620200000005
569380.5454,2394.040699999896
569566.0211,16636.169400000013
569829.2272,14441.70439999993
570566.656,18181.553199999966
570636.6283,15816.91810000001
570664.5932,0
570677.3207,28525.421399999992
570709.6318,0
570817.1767,20645.717599999974
570931.8917,24345.645299999975
571062.087,16588.98470000003
571184.6456,20855.900200000033
571741.3602,29442.789800000028
571802.8143,15568.299899999984
572256.7736,30577.697599999956
572307.7909,17163.02740000002
572384.8542,15204.501899999916
572428.4096,14289.87109999999
572604.3758,16257.992000000086
573010.5129,6067.290900000022
573227.1016,25723.770400000038
573265.7313,20927.392899999977
573358.6223,15705.929700000095
573394.9306,32210.818899999955
573501.9861,30986.814699999988
573600.5426,26535.302000000025
573675.3,22849.69590000005
573862.7632,16308.708100000047
573888.52,18838.648999999976
573979.7503,14799.533899999922
574227.2112,15105.126200000057
574632.1366,33574.422699999996
574894.1703,26205.11289999995
574937.4501,20948.14690000005
575138.1909,32891.4887000001
575318.9092,25350.843200000003
575352.2719,0
575354.5382,17402.251300000004
575661.1976,23024.57019999996
575912.4138,20778.963299999945
576129.9541,12302.756700000027
576235.9306,16257.735199999996
576514.3117,0
576606.8012,17435.805399999954
576629.378,23762.32990000001
576744.5588,16530.77469999995
577004.6394,20578.57759999996
577175.1948,14580.147800000035
577189.0252,15870.040299999993
577247.9337,18101.950100000016
577397.6127,21591.796900000074
577500.322,16253.919700000086
577690.1314,3029.221799999941
578220.1358,30415.72880000004
578738.9498,34815.7953
579043.5132,25514.255800000043
579077.2434,27436.539899999974
579145.4341,0
579192.3395,17262.430399999954
579374.5709,19584.07250000001
579437.719,38546.786500000046
579508.4113,16978.997399999993
579965.2791,17293.543000000063
579996.7662,17419.436699999962
580418.7228,20366.58660000004
580569.9373,17546.550300000003
580693.3775,14417.742199999979
580815.3935,0
580872.2407,15795.717999999993
580890.9996,16572.940199999954
581092.0253,33726.69400000002
581223.8985,28925.659199999995
581242.1572,23099.23880000005
581365.53,15865.757600000012
581440.9901,45982.8628
581478.8664,26174.728700000094
581520.6792,0
581529.4865,22448.24410000001
581700.5681,17631.636100000003
581787.217,19368.214299999992
581792.2015,29910.349899999914
581793.8772,17211.53819999995
581834.09,20828.01879999996
581855.932,20452.057900000014
582008.4134,0
582049.2686,17068.580699999933
582115.3304,17722.00769999996
582279.7166,15563.829600000056
582286.6559,18055.114500000025
582344.4429,0
582568.8582,17301.945733333356
582645.7178,14128.462899999926
582873.3362,0
582968.7082,14990.325100000016
583131.9917,0
583740.2322,14511.84149999998
583880.9034,27294.78429999994
584025.8545,14521.619399999967
584104.4456,18081.814000000013
584160.7949,21038.06290000002
584399.631,14881.081500000088
584664.0168,0
584676.7998,19337.891500000027
584962.8313,16226.335399999982
584989.0379,21255.2868
585132.7433,19563.816299999948
585663.1772,16687.296300000045
586213.6643,15927.063399999985
586544.1958,3581.8501000000397
586596.4235,0
586603.6424,38588.38650000002
586661.3194,18632.582200000063
586688.0438,42212.46250000002
586702.2406,18096.845300000045
586744.6826,33753.18709999998
586800.0026,19247.645200000028
586979.4369,25401.12699999998
587010.2715,21085.8946
587170.9414,23922.50489999994
587498.7007,24814.294800000032
587654.1088,23519.878000000026
587701.1129,31722.369899999932
587799.1918,22252.406000000075
587845.2829,13122.418500000029
587850.063,22420.124199999962
587922.347,13304.217199999955
587941.5329,10879.905299999984
588127.0123,0
588149.8608,18096.25410000002
588234.8034,20170.251700000023
588316.2149,0
589087.2968,39711.06650000007
589400.5499,21099.871700000018
589462.1925,39799.51659999997
589487.9755,28301.91679999989
589711.2939,0
589715.0875,22373.22239999997
589763.1821,13550.098099999945
589831.8387,35747.76520000002
589890.2388,0
590001.57,29880.748099999968
590072.633,21051.80070000002
590262.5513,15905.588800000027
590272.7916,0
590398.2824,24082.986900000018
590678.5526,12849.563000000082
590889.273,27041.153500000015
591079.3447,22349.561600000015
591414.7266,27504.602300000028
591682.4575,13433.774500000058
592192.2451,11344.009899999946
592649.9981,0
592651.8988,0
592683.7984,13033.050799999968
592780.9508,36767.121599999955
592936.6903,18826.858600000036
593260.3348,13591.702499999898
593441.6983,13638.281524999999
593537.0191,20996.272200000007
593993.3377,16009.063700000057
594081.6343,19726.291800000006
594138.7723,13085.73589999997
594414.7484,0
594503.9247,11336.64209999994
594577.8983,18771.299099999946
594898.2808,19148.211599999922
594909.7837,21665.60400000005
595243.9131,12848.590700000059
595450.2855,18222.160499999998
595549.3992,25746.025999999954
595553.5428,12508.355100000044
595589.1877,14224.111799999955
595945.1896,8647.117599999998
596143.6714,17288.87069999997
596190.4413,18224.399600000004
596453.6487,13292.353200000012
596601.2949,12211.050599999959
596772.059,26271.3554
596859.1614,16139.200500000035
596864.015,17834.67180000001
597045.7875,12857.740899999975
597159.6468,9086.171899999958
597395.2343,9271.045299999998
597492.7871,40540.13219999999
597495.6382,24509.617000000086
597546.0225,0
597683.9142,21907.75349999999
597749.9475,10311.285200000042
597966.2351,11303.862733333372
598201.8665,21281.319200000027
598238.3496,9856.873900000006
598240.4406,10911.184166666586
598410.1267,19642.194800000056
598678.183,12308.653500000015
598695.2646,1311.299299999955
598719.6372,0
599328.929,20420.365100000054
599509.1354,19742.93709999998
599568.6661,20516.978300000075
600053.7394,20273.372800000012
600215.674,0
600403.5978,19039.329000000027
600485.4764,9400.267900000094
601084.7285,18281.05819999997
601119.8424,24682.339500000002
601223.9058,15131.820099999895
601471.5667,18691.274099999922
601638.9824,12923.908700000029
601639.4089,0
601810.6494,11825.849000000046
601931.1606,13537.140899999999
601978.8005,13059.256500000018
602012.8662,11291.601900000009
602237.0941,10558.232399999979
602469.1947,21728.336599999922
602471.9463,0
602648.0314,14838.498399999924
602706.9514,30470.024800000014
602863.6264,9751.657000000007
603123.8419,16959.622300000046
603871.9194,11477.15850000002
604013.4101,0
604195.2857,9519.184400000027
604388.936,15349.578199999989
604512.5812,11847.349999999977
604525.3149,11837.157000000007
604575.7,893.1163999999408
605009.5819,12265.8652
605232.8706,10846.004599999986
605236.721,11171.21239999996
605713.1628,39245.677600000054
605732.872,13921.469999999972
605927.2639,10240.223699999973
605962.0584,0
605980.4728,16337.276100000017
606089.6282,0
606144.0024,23101.347500000033
606169.8862,0
606173.0613,20249.17129999993
606351.9289,17393.093300000066
607181.824,10746.254599999986
607194.8767,18871.25640000007
607280.1305,15057.759199999971
607341.0644,9018.034100000048
607399.0109,8988.441499999957
607628.2179,37022.83720000007
607677.1174,52020.46360000002
607768.3904,29208.854799999972
607798.3487,13628.889599999995
608267.128,22415.90060000005
608377.8204,10938.565599999973
608425.0116,25945.387499999953
608488.7278,14313.954700000002
608566.0471,18249.63249999995
608964.4683,12390.59719999996
608990.9854,16116.897200000007
609128.9006,13758.372399999993
609493.9386,2412.3728999999585
609533.295,11828.58440000005
609924.9028,14291.753299999982
610143.3373,15606.270600000047
610198.2924,22436.625800000038
610561.671,6064.603999999934
610570.2415,8761.256700000027
610709.2166,12180.747600000002
610915.6367,20945.91670000006
611123.3638,23741.105700000073
611488.0862,10583.375600000028
611628.6866,14044.05720000004
611652.0344,45880.30839999998
611877.0874,5109.561999999918
611901.3595,11303.251000000047
611972.146,41211.59179999994
612113.5384,9797.14189999993
612170.3313,12009.783999999985
612332.658,47608.62100000004
612351.1413,9630.511900000041
612398.7044,13959.58070000005
612455.2381,4827.635099999956
612556.4164,3331.1589000000386
612560.2408,0
612926.0238,24537.63969999994
613188.2699,16033.232799999998
613298.6084,9729.753099999973
613362.0652,40691.76409999991
613622.6486,16290.83739999996
613675.4547,14916.277899999986
614143.9424,9618.932800000068
614996.6892,14776.217900000047
615022.6986,14290.986999999965
615077.0461,13319.964000000036
615230.234,12138.763300000108
615342.4249,10757.878499999992
615390.6793,9604.65240000002
615419.629,16622.200899999938
615573.7704,7872.729700000025
615586.3515,16882.204700000002
616824.0468,8958.219799999963
616902.8866,8214.331299999962
616912.1961,11731.944899999886
617674.7772,8153.400699999998
617749.6264,25281.63829999999
617797.221,13574.158700000029
617799.2722,20096.424899999984
618046.0093,13193.065799999982
618240.4525,11046.664100000053
618349.0171,18036.028700000024
618513.4324,8802.432800000068
618981.2785,14837.491099999985
619508.5336,12929.347099999897
619796.3965,22001.98490000004
619855.2364,18257.56680000003
620084.136,12372.57460000005
620086.6675,19753.455899999943
620169.6307,23438.361199999927
620424.482,19813.63249999995
620526.5013,10763.019899999956
620531.5274,13360.435599999968
620645.4458,21672.89969999995
620920.8106,11450.235799999908
621659.5433,11644.204800000065
621668.4415,11831.552999999956
621684.3682,11744.420999999973
621747.5863,23295.111399999936
621903.6348,14796.780900000012
622182.851,17766.336499999976
622278.159,17643.377399999998
622383.157,17978.466000000015
622451.7092,14425.35970000003
622463.712,19299.316700000083
622540.0622,39262.54390000005
622540.2487,12065.049099999946
622686.2015,17548.88419999997
622707.9673,26333.916599999997
622879.1055,12628.775399999926
622882.9407,20487.109200000064
622936.3517,13187.026399999973
623081.1628,11755.4347000001
623564.5327,10994.37890000001
623970.2585,11743.127199999988
623978.6469,14823.892400000012
624031.1898,12154.87790000008
624031.9184,11086.302799999947
624148.3117,17684.092999999993
624176.6764,17154.96140000003
624694.1386,12079.019499999937
624882.8792,29708.13399999996
625021.8031,18881.217500000028
625125.3576,11691.818899999955
625129.2912,13839.638099999982
625254.5826,12504.264699999942
625279.0609,12055.157600000035
625327.8953,12022.884100000025
625573.5838,12032.31520000007
625589.8585,12503.066499999957
625900.9752,35291.125899999985
625944.6405,11575.259199999971
626082.5435,16246.82250000001
626238.0903,0
626618.4011,17327.516999999993
626717.9627,18558.43980000005
626887.8917,17746.972200000077
626983.3945,12603.267900000094
627280.8714,10615.628299999982
627491.8618,17257.038899999927
627507.761,18070.557100000093
627713.9182,23873.953600000008
627793.2737,14400.035299999989
627850.1733,11142.206800000044
627980.9942,10383.945599999977
628559.0967,20295.216200000024
628642.756,15618.930300000007
628692.5577,11326.901599999983
628727.9053,26739.576499999966
628838.721,8184.188199999975
628959.4731,10723.312799999956
629307.7449,27481.254000000074
629473.5785,13071.234299999895
629511.4464,17953.957999999984
629541.4323,21242.999100000015
629708.7318,12585.341099999961
629841.7921,9314.02099999995
630199.4391,17936.509299999918
630985.7131,9450.36260000011
631035.8139,18429.793399999966
631106.5585,42793.19850000006
631218.4993,21361.046100000036
631339.2532,21938.379000000074
631943.1982,19685.03269999998
632231.1386,12868.802799999947
632243.3546,9892.812399999937
632592.0027,15656.798499999917
632816.3304,16629.954700000002
632830.002,23126.364199999953
632989.3641,8571.328600000008
633003.8379,8244.453300000052
633137.182,18890.075300000026
633187.2483,18566.14240000001
633211.991,10101.866700000013
633278.2687,21917.20590000006
633299.2443,27130.461100000073
633310.507,11248.256700000027
633372.4005,12447.814699999988
633498.9282,9971.698800000013
634063.366,14694.268700000015
634136.8847,10117.018100000103
634188.5743,17839.61910000001
634334.5372,18359.891300000018
634461.941,15143.918900000048
634579.2454,14049.102000000072
634605.9157,17436.77580000006
634761.7566,16163.838699999964
634809.1151,19639.443300000043
634850.4576,15958.629899999942
635311.7234,8665.29190000007
635664.2477,8191.558799999999
635721.3259,25427.81660000002
635855.3616,22118.5466
636637.9729,15136.489159999997
636715.2752,12125.255300000077
636733.6569,21043.484799999977
636864.2886,14505.657299999963
636996.8896,27429.99250000005
637183.7522,10127.514800000004
637383.1984,9806.773599999957
637393.3954,9321.194400000037
637461.8401,16746.277100000065
637677.227,10962.376799999969
637776.2474,17765.241500000004
637876.4051,10102.4669
638147.4425,28098.57090000005
638450.9088,17676.787699999986
638564.7432,26517.13260000001
638723.6867,23739.36479999998
638834.2286,22451.85830000008
639595.5189,5957.039500000072
639613.9348,29293.15690000006
639862.0327,11916.186199999996
639916.6718,18719.49959999998
639922.653,9419.46370000008
640015.7202,11440.418199999956
640078.4216,13441.913700000034
640509.1123,3385.631000000052
640534.1263,21608.22450000001
640720.8961,14401.529100000043
641090.096,11704.454000000027
641629.8163,28959.604399999953
641661.5453,13175.890200000023
641686.9792,9800.33779999998
641722.482,9942.87229999993
641808.6029,3159.9408000000985
641839.9075,5884.787099999958
641975.8176,22289.377600000007
642007.9153,12641.902999999933
642208.8642,19444.48979999998
642522.4498,24693.826199999894
642658.8309,15632.96419999993
642789.2881,16529.25470000005
643006.2693,2447.7179999999935
643166.1927,16471.72039999999
643680.4448,15752.478500000085
643806.9084,17025.63209999993
643904.7331,1296.779899999965
643913.2751,13995.920399999944
644041.6078,3494.3397000000114
644338.0609,14225.672499999986
644602.8245,18530.52370000002
644775.1835,17588.00900000008
644783.5524,13215.653900000034
644924.6683,18891.34810000006
645012.0268,15985.677799999947
645019.9208,0
645051.1573,12889.838699999964
645228.0151,11046.966799999936
645237.8442,18807.57890000008
645296.0558,18079.41169999994
645320.3902,31875.43430000008
645470.7776,21251.597999999998
645489.7942,18890.77560000005
645690.6155,1459.9386999999406
645736.9294,11405.707799999975
645822.374,10742.34899999993
646059.3818,14404.522099999944
646073.1781,17354.03150000004
646255.5313,28363.812000000034
646440.7679,23904.500583333313
646472.7992,29461.334299999988
646487.0895,14136.488099999959
646498.4273,12973.452300000004
646597.7747,17900.70769999991
646641.7107,20666.948700000066
646709.0115,20539.18119999999
646908.7826,2037.3372000000672
646997.2781,14984.7733
647171.5497,14102.145099999965
647187.52,13530.266900000046
647241.714,16859.373299999977
647494.5648,23566.774000000092
647537.625,269.60349999996834
647636.4632,0
647758.4005,21647.601999999955
647786.8552,10958.098600000027
647864.89,76.36520000000019
648247.1917,36715.30739999993
648729.8135,11756.994600000093
648738.0277,11353.473800000036
648823.2276,21216.876900000032
648951.2856,10394.834599999944
649040.1053,16931.91080000007
649296.867,10031.071099999943
649388.0339,42163.59830000007
649416.8966,15162.999699999928
649771.4575,23115.875300000072
649774.0627,18325.854599999962
649816.9338,15875.77800000005
650604.5339,0
650730.5444,11356.21649999998
650852.344,12491.757300000056
651089.6923,10450.329999999958
651527.9626,0
651540.1823,16277.738200000022
651621.0922,9219.849399999948
651846.8415,18621.61109999998
652056.9503,24159.190300000017
652165.1949,7569.654600000009
652330.163,8549.83719999995
652466.7867,11460.027180000092
652620.1605,23919.38069999998
652716.1578,22190.99660000007
652872.1522,31493.081000000006
653039.6556,15123.509200000088
653301.062,24805.987199999974
653930.2802,23207.538500000024
653992.147,9360.59759999998
654109.9889,10532.369799999986
654127.7529,11780.903699999908
654224.6152,24285.032299999963
654563.039,11524.923300000024
654569.3288,19970.530600000056
654645.9135,12003.966600000043
654850.0556,7848.430099999998
655017.6702,18967.2561
655330.4257,10603.493699999992
655340.9223,12204.803233333281
655670.457,20589.948700000066
655674.3553,9441.482400000095
655707.5487,19046.15830000001
655928.58,27106.946999999927
656014.1499,10644.54628000001
656306.4706,15208.404600000009
656376.63,22034.60970000003
656404.9647,5849.546699999948
656446.7523,26926.13590000011
656495.953,20302.825100000016
656606.4426,7889.3731999999145
656654.0835,21419.301299999934
656784.7783,12200.70524000004
657015.4526,9242.370099999942
657052.837,0
657121.6026,0
657334.5038,9014.676199999987
657624.1649,29445.62639999995
657769.1757,7077.713199999998
657805.4808,9760.23707500007
657814.4948,12461.031799999997
657823.065,26761.75959999999
657892.1123,9138.922900000005
657930.1767,0
658092.4809,18060.447399999946
658151.2021,0
658191.7029,9376.499700000044
658255.3933,9066.404499999946
658665.6968,8631.117100000032
658979.1354,18752.933300000033
658990.8219,9374.989700000035
659238.588,10017.936600000015
659332.2011,6203.451999999932
659420.2297,30771.15670000005
659563.3823,6817.9071000000695
659659.732,0
659692.26,5206.608400000026
659710.2564,8278.010399999912
659716.1146,5972.047099999967
659952.3365,8621.72649999999
660037.0428,0
660056.4378,27417.557899999898
660275.1112,7563.247600000002
660356.4495,0
660757.9073,0
661174.5859,16505.05900000001
661228.903,0
661275.1582,10894.361799999955
661598.5231,6381.250924999942
661678.9985,7031.9392000000225
661764.8257,9301.588400000008
661770.5921,0
661931.8436,0
662065.215,8781.186516666668
662073.9402,8105.848899999983
662202.323,12448.100800000015
662315.4439,34104.75379999995
662329.4688,26653.457200000063
662356.6134,7659.457400000072
662394.7717,16905.20079999999
662667.6955,30131.060200000065
662704.6001,7819.959400000051
662760.7517,16514.692900000024
662975.412,0
662984.4971,15526.927800000063
663025.3772,23986.801600000006
663139.5866,0
663241.5729,847.1996999999974
663419.7655,0
663705.4248,13951.616939999978
663978.4141,7760.627600000007
664154.8971,10849.033599999966
664204.5316,6790.435500000021
664236.3258,11196.964599999948
664410.3766,3503.739399999962
664423.6149,8879.832200000063
664508.7805,7347.566450000042
664531.7403,4727.8275999999605
664571.099,0
664852.5382,11016.579899999895
664881.4437,8774.214299999992
664979.5945,26923.864500000025
665379.7041,4445.458199999994
665535.3599,6376.020699999994
665637.8863,4516.496799999964
666036.2945,17187.133599999943
666178.8566,4744.9397000001045
666427.374,10626.291399999987
666444.2402,10081.010499999975
666449.5853,27678.11180000007
666662.0918,4320.8925000000745
666730.6781,31056.026500000036
666800.2461,11557.122899999958
667464.851,5200.646700000041
668185.0765,14180.95419999992
668314.5611,13113.183500000043
668578.6893,6646.726000000024
668632.752,7515.005799999926
668747.0567,28873.885899999994
668836.0284,12041.82349999994
668912.1006,6087.07620000001
668945.1899,6029.1561999999685
669062.7128,10429.300999999978
669273.6424,0
669402.6533,0
669432.9245,0
669461.3155,497.87569999997504
669482.506,0
669567.4704,20744.44530000002
669624.3471,6033.560100000002
669725.6331,6476.790700000012
669786.6753,2690.92220000003
670364.698,15765.002199999988
670537.8412,16532.94160000002
670546.3744,23567.09779999999
670586.999,0
670628.82,34454.77259999991
670767.8757,2682.170199999935
670838.0674,13274.551800000016
670929.3919,0
671099.1883,4782.049800000037
671114.6902,28561.816999999923
671224.1386,2407.702966666664
671386.3652,8211.342900000047
671514.2164,2662.0705999999773
671656.5033,20918.14789999998
671796.7882,2904.2444999999134
672017.7818,1617.4978999999585
672018.7841,4974.30950000009
672024.108,14671.608800000045
672146.3773,16034.571500000078
672264.9395,10017.014499999932
672345.6281,0
672547.0778,43784.94010000001
672721.7058,1688.0202000000281
672749.1361,16993.074999999953
672812.724,15184.71457499999
672915.6934,3256.0969999999506
673045.0862,6391.621500000008
673099.2947,231.88370000000577
673146.69,10419.938399999985
673215.4494,9757.284900000086
673244.2569,6023.537899999996
673246.4424,9129.595500000054
673267.188,8486.147099999944
673485.8284,2648.911899999948
673564.5213,1868.5542000000132
673631.2324,346.0893999999389
673664.1862,1131.127600000007
673729.6772,4700.9243000000715
673835.1412,782.3869999999879
674091.0849,24839.772200000007
674128.1254,28891.23900000006
674262.6242,1861.135399999912
674692.8986,11.899800000013784
675362.338,1976.3356999999378
675414.9256,5586.488699999987
675510.8712,1804.925600000075
675553.2608,1478.471300000092
675593.7843,19977.1618
675737.9617,1308.4749999999767
675942.4647,681.563599999994
676026.6362,1182.5729999999749
676343.2272,0
676416.6236,1476.7678000000305
676490.0564,464.4333999999799
676491.2006,174.22080000001006
676535.4117,1101.331200000015
676680.559,385.1679999999469
676773.8563,18985.18519999995
677114.8659,1323.5470000000205
677197.3227,2717.150600000052
677503.8814,0
677631.8411,24087.63870000001
677823.223,16944.356299999985
677847.942,737.3516000000527
678500.445,18189.84539999999
678547.738,5476.059699999983
678791.7208,4193.574400000041
679215.7729,278.3674999999348
679328.8631,10189.849599999958
679455.3952,0
679595.1777,7229.545900000026
680251.4062,0
680331.3803,5722.744100000011
680500.5217,271.2663000000175
680621.0332,15154.211299999966
680623.6155,5607.110099999933
680624.5505,2275.1082999999635
680660.1924,0
680663.492,24022.351599999936
680668.2554,18077.598200000008
681062.8601,0
681082.5327,0
681423.874,4795.2508999999845
681508.7103,5652.77899999998
681625.2537,13248.424299999955
681758.5061,0
681898.7997,0
681947.6471,0
682018.0547,0
682200.082,0
682263.1753,204.09169999998994
682391.8657,0
682463.9471,8991.853299999959
682488.924625,0
682583.0364,17115.683566666674
682681.4314,7111.424400000018
682781.6604,0
682811.9951,6913.522699999972
682910.5596,4801.235900000087
683048.2748,4470.363299999968
683200.3881,0
683284.8826,0
683392.4627,0
683423.4506,10393.641300000018
683575.8043,20393.550499999896
683584.9086,93.49069999996573
683912.1345,0
684508.7384,4672.434433333343
684678.3637,0
685218.7578,22014.431899999967
685332.1511,0
685437.8423,33799.327099999995
685671.5059,4798.579799999949
685955.8063,0
686013.3851,31710.04356666666
686403.8879,6499.734999999986
686484.8961,2188.494900000049
686604.7005,0
686753.1189,0
686828.3307,5408.287500000093
687153.3157,0
687209.4052,7244.87360000005
687417.9696,0
687736.6753,22561.867800000007
688156.6105,12387.920500000007
688397.6961,49.04359999997541
688737.0597,0
688740.177,0
688792.2654,24313.959700000007
688901.0952,0
688963.4971,0
688999.1743,0
689179.2386,10435.2304
689428.3103,6269.370200000005
689756.3503,0
689773.1464,4066.349399999948
689869.8287,0
689961.5098,2021.9307999999728
690281.682,0
690370.3889,0
690393.0438,0
690439.514,8114.885200000019
690560.2938,0
690609.619,5350.694999999949
690883.7444,8090.871799999964
690990.3504,0
691083.5529,0
691320.3294,0
691430.2891,32761.008500000113
691715.1442,7718.326299999957
691809.074,0
691865.7289,0
691982.7783,0
692136.3847,0
692241.2532,8868.185100000002
692262.9481,9949.34149999998
692311.6916,0
692374.4589,0
692418.4965,0
692844.7852,0
693260.669,2316.632100000046
693556.9541,1619.0165999999736
693577.1961000001,0
693611.3777,0
693747.412,11262.930999999982
693804.9935,5660.828649999923
693976.0454,6694.619299999904
693989.5828,0
693998.0205,0
694182.6841,0
694523.5834,845.3813000000082
694617.1984999999,0
694772.2828,5150.223600000027
694883.0067,3236.8427000000374
695232.1087,0
695303.5708,759.9902999999467
695364.1381,0
695455.1321,9429.764399999985
695556.6543,0
695719.0981,1133.9253999999491
695727.6602,19225.81890000007
695840.3119,0
696050.7232,1986.048999999999
696180.8975,0
696313.8057,4584.166900000069
696413.0873,677.4605000000447
696584.3776,0
696819.3722,15532.928699999931
697063.8991,13698.847300000023
697108.6693,2988.5513999999966
697200.2466,8223.67949999997
697240.3555,2277.7384999999776
697626.8613,11035.939400000032
697837.4678,1134.9581999999937
697944.4378,9032.527299999958
697994.3714,1200.0388999999268
698057.0917,4956.055300000007
698261.384,4549.757199999993
698290.2458,7986.9059000000125
698320.0546,3784.411700000055
698746.766,5292.9222999999765
698853.4158,4050.619399999967
699234.1226,2131.4098999999696
699235.2987,3987.2706999999937
699371.801,2156.723299999954
699496.0831,3152.3696000000928
699799.9715,0
699817.9146,7520.304400000023
699887.4827,4219.606000000029
700056.8619,1964.5692000000272
700072.2264,9648.00290000008
700277.5244,12007.510899999994
700419.9329,4681.907299999963
700426.2068,7432.655700000003
700596.5089,3420.9320999999763
700802.2462,4037.488900000113
700877.7885,2698.027699999977
700955.3623,6946.516900000046
701112.5347,718.5299999999115
701171.9185,0
701331.8432,3827.031399999978
701676.6402,5058.083100000047
702220.6526,5652.668516666745
702303.2292,13218.298699999927
702391.1075,119.893100000103
702492.9473,4325.084399999934
702601.3196,10126.968800000031
702903.3942,3660.2927999999374
703077.0448,3500.0853999999817
703431.2593,9355.307900000014
703927.5326,8375.7304
703992.5744,2642.657200000016
704016.7396,2598.9510999999475
704596.7558,7758.991200000048
704640.5103,828.1782999999123
704942.7284,582.4679000000469
705378.311,3930.498900000006
705401.6154,2305.250800000038
705449.2647,2628.77070000011
705537.4104,8188.2486999999965
705582.5115,13170.356400000048
705632.7008,524.6986000000034
705723.131,2247.8121000000974
705904.8581,1171.7423999999883
705999.3831,14427.59719999996
706254.9104,8051.791900000069
706532.8739,9400.125899999985
706551.5665,3462.0233999999473
706602.7227,16534.303000000073
706680.2924,0
706877.0661,0
707118.702,11455.268700000015
707163.0648,2884.974099999992
707230.5164,11153.851799999946
707389.1336,1518.2685999999521
707486.5275,1932.4466000000248
707796.7639,7212.893299999996
707925.5351,6633.560899999924
708588.2179,3151.037500000093
708597.659,9267.500499999966
708637.6019,5589.600600000005
708729.4712,0
708744.0067,7541.348600000027
709324.4996,1949.671399999992
709603.3696,1253.1958999999333
709868.9586,6643.917699999991
709977.6102,12279.147499999963
710049.9567,1271.5377999999328
710453.023,0
710767.4429,2436.4392000000225
710774.8732,3291.3742000000784
710846.8701,8734.863199999905
710946.025,2892.6541000000434
711416.0855,10759.677000000025
711454.7018,13863.941900000093
711591.2023,1608.2456999999704
712617.7231,0
712667.366,1449.5410000000848
712790.4746,15817.039499999955
713253.6126,1109.7251999999862
713334.1706,780.1742999999551
713377.1897,11912.202900000033
713468.662,1804.6820000000298
713620.7636,8090.76099999994
713923.276,17238.18539999996
714032.5941,6964.238200000022
714307.7907,12101.790500000003
714541.0217,4513.946200000006
714663.3226,17920.77059999993
714744.6625,9235.873900000006
714771.9479,5521.0493000000715
714939.1535,17663.646200000076
714984.543,16017.969599999953
715037.3127,17132.415400000056
715688.2956,20122.783799999976
715843.1332,1892.674100000062
716312.3196,11399.293700000038
716321.9893,7119.6107000000775
716632.3045,3085.5061999999452
716736.1093,19689.55449999997
716757.9882,14671.310400000075
717499.0717,3605.5309000000125
717736.86,2636.211099999957
717774.2669,11958.713199999998
718090.7728,1508.81520000007
718157.2124,12401.946599999908
718157.2812,4762.024099999922
718541.95,3598.689599999925
718643.9528,1419.0000999999465
719037.1985,3927.238900000113
719263.6387,22446.52567500004
719317.1266,4730.7328999999445
719588.7536,10142.88160000008
720089.2717,7047.379000000074
720347.1476,4839.603600000031
720465.9664,4343.788500000024
720690.8816,21035.402299999958
721550.063,2697.206200000015
721713.8104,6828.609599999967
721788.1519,7725.905000000028
721868.7633,3747.725199999986
721899.3874,17261.39379999996
722127.9513,9256.383099999977
722413.3386,5595.744599999976
722556.2009,1483.6675000000978
722570.2829,20456.766100000008
722876.7016,5517.515000000014
722907.0456,15333.489899999928
722946.9229,10529.22470000002
723150.6409,8721.434699999983
723537.9845,18462.715199999977
723619.4671,2924.89300000004
723677.7207,15164.076199999894
723730.766,5271.80139999988
723814.6544,21057.41929999995
724096.7715,3765.7462000000523
724242.9467,21065.17479999992
724364.617,11120.690199999954
725142.9314,9649.732433333294
725420.2695,6292.481500000111
725473.6173,3274.720500000054
725639.3944,13993.739100000006
725811.7641,4674.332200000063
725814.0409,3580.293500000029
725965.7529,12895.557399999932
726294.2228,4306.832900000038
726336.9586,23848.31110000005
726465.2268,13729.06939999992
726571.2164,6883.811800000025
726925.8694,2205.0603999999585
726940.0885,8084.410899999901
727010.686,2567.925099999993
727015.4494,9306.879799999995
727285.1601,5136.967799999984
727352.8871,2505.5045999999857
727432.3387,1562.9727999999886
727544.7842,15120.747399999993
727597.2416,12689.064799999935
727726.989,2188.5026999999536
727802.3903,15964.595499999938
727818.6234,16088.587100000004
727987.1848,2328.3819000000367
728183.6235,2870.9884999999776
728762.3154,4298.891866666614
728876.412,4086.597599999979
728904.37,3711.5496000000276
729223.2112,0
729245.4773,22769.767366666696
729330.2415,3708.264300000039
729331.104,14546.321600000025
729389.2189,15413.413500000024
729431.9505,1703.560700000031
729441.4065,4145.520900000003
729651.5587,2411.8493000000017
729900.8005,11791.932600000058
730125.7891,15536.347500000033
730258.6425,17190.889099999913
730404.6267,10516.521999999997
730476.1678,8786.167900000117
730685.0416,11265.175099999993
730889.8162,3862.675500000012
730908.978,2273.0544000000227
731098.0901,12062.78740000003
731249.2698,11113.451499999966
731331.0296,0
731365.0277,3174.797099999967
731444.5385,8096.880400000024
731695.2369,4430.216899999999
731709.3699,3193.7611000000034
731741.8636,1942.1371999999974
732030.2965,16661.87750000006
732051.8507,7104.169899999979
732258.054,5881.353600000031
732355.614,11830.496699999901
732618.7195,5115.753400000045
732646.0933,3070.4843999999575
732686.8814,4736.075199999963
732712.4575,605.5245000000577
732735.5663,23520.37479999999
732999.9539,21997.043599999975
733202.1811,3540.528600000078
733565.9317,15707.110733333277
733623.3772,21620.739500000025
733679.6924,12616.50660000008
733857.222,25296.06939999992
734303.6049,0
734618.4641,0
734653.4008,18697.67889999994
734868.005,2228.395499999984
734916.0867,5496.243799999938
735048.482,0
735198.0573,0
735220.2746,4499.5723
735243.5867,4921.274600000004
735526.423,0
735810.3126,4716.9809999999125
736303.4724,0
736375.0803,12725.516700000037
736624.8016,6445.338199999998
736692.6837,15283.999000000069
736842.105,29978.995099999942
736954.4247,6435.168500000029
737078.5469,3361.9528999999166
737083.2067,3571.5638000000035
737274.5186,12429.908499999903
737369.7388,8413.624000000069
738170.1694,5628.744999999995
738208.5794,0
738231.5528,6719.275799999945
738325.9572,14409.211299999966
738362.1243,6297.8135000000475
738394.508,12438.865899999975
738483.7577,7992.336699999985
738641.9636,5590.429899999988
738926.2485,23291.488699999987
738977.44,18759.536399999983
739032.935,11576.786700000055
739035.1049,14386.66260000004
739083.4482,16401.988000000012
739337.7006,0
739468.6832,6837.842799999984
739721.7121,29616.926199999987
739783.4782,8597.751799999969
739804.6141,0
739883.5198,6124.343899999978
739957.4038,12316.615800000029
740063.6099,13998.60149999999
740104.7723,11738.103499999968
740221.7001,0
740380.113,38587.59620000003
740492.6516,6553.3597999999765
740606.6721,0
740635.8447,21495.927000000025
740657.7162,1825.781100000022
740668.221,18845.04350000003
740693.6616,10667.38870000001
740821.2198,14732.080399999977
740837.3236,7210.540700000012
741253.2223,6078.396300000022
741946.6923,5451.190700000036
742050.2154,5594.5150999999605
742143.4437,7190.782399999909
742184.1532,21194.41399999999
742670.1673,8363.985199999996
742852.5371,0
743043.0879,9117.605500000063
743177.1751,11259.20550000004
743303.5333,9114.560500000021
743316.7062,12314.536700000055
743383.1093,0
743425.3507,9939.788899999927
743611.5642,0
743822.9114,9157.33309999993
743981.1705,9413.109399999958
744479.9061,12179.890200000023
744716.7613,6479.693899999955
744757.8941,0
744784.6548,0
745061.8654,8089.403000000049
745099.1021,9739.396700000041
745239.1573,11636.01529999997
745348.6165,0
745360.4097,6291.492199999979
745693.5254,6853.748900000006
745721.8589,10558.329099999974
745757.1077,12579.474800000084
745794.7242,0
745960.5573,10858.045700000017
746331.7305,13047.29469999997
746373.8596,17383.256333333324
746414.9087,0
746489.4179,12677.340899999952
746685.3543,22314.290700000012
746732.275,9474.911399999983
746913.3799,9420.449900000007
747065.8173,3840.996700000018
747562.136,7354.445000000065
747621.5213,13668.543700000038
748516.5269,23050.919600000023
748609.4566,8724.482799999998
748712.8279,8620.968300000066
749202.7929,13233.594799999963
749254.7737,18231.639700000058
749337.1309,9072.13089999999
749338.7541,9521.469700000016
749614.8585,10388.521899999934
749680.599,30106.9482000001
750190.8757,8259.429600000032
750434.8132,12112.423999999999
750510.3006,13941.00669999991
750887.5884,8420.22880000004
750942.8097,16146.644499999937
751228.5069,9193.201500000083
751334.161,0
751378.4104,9332.910900000017
751416.1212,7692.730900000082
751494.2393,6423.6258999999845
751596.963,14922.844900000026
751700.1943,0
751786.3998,14175.454499999993
752096.045,7728.63180000009
752374.775,13227.36970000004
752548.4673,0
753103.9813,14717.623299999977
753235.2915,10102.049500000081
753363.066,14208.397699999972
753659.6806,31363.253350000014
753839.369,0
753992.7282,5677.517800000031
754085.6061,6518.7021999999415
754192.7865,12216.264199999976
754232.9553,6935.867300000042
754365.8017,29186.28979999991
754534.2891,26988.88890000002
754867.0468,7105.331400000025
754951.4596,13405.231199999922
754976.9859,15286.391199999955
755271.9072,40345.27780000004
755276.8587,7852.84719999996
755421.8194,9433.862500000047
755436.4621,8779.707999999984
755988.2887,19942.951699999976
755993.7856166667,0
756437.475,7563.081400000025
756519.6748,16672.350700000068
756570.9793,0
756619.2988,22802.656933333375
756648.2844,24299.2108
756674.518,0
756719.2317,21574.425099999993
756846.112,7682.8595000000205
756852.4653,9430.045000000042
756896.4493,0
757062.1786,9126.446299999952
757236.5376,4928.278800000087
757279.1071,0
757279.9336,18910.993600000045
757281.7751,0
757661.922,14850.546500000055
757946.3061,9908.169700000086
757946.3366,4669.101600000053
758182.411,30527.413100000005
758222.4157,13880.337700000033
758265.261,4565.820200000075
758281.7496,10720.957700000028
758408.2665,9054.886599999969
758486.9866,25326.693899999955
758591.159,24398.834999999963
758703.6161,7381.9203999999445
758789.0846,17045.009999999893
758805.405,6266.037000000011
758856.608,16776.529300000053
758941.1714,0
759311.9199,12670.467999999993
759331.0016,0
759648.771,14503.25569999998
759879.6221,4471.472300000023
760118.718,7769.328600000008
760158.5097,11085.416400000104
760422.7177,5344.887199999997
760548.9444,8220.07070000004
760637.4234,3276.125999999931
760808.9248,0
761104.1597,24822.186400000006
761281.1492,23261.564699999988
761327.5962,8733.807600000058
761436.959,5724.558799999999
761464.2398,3555.6128000000026
761604.3628,9410.930099999998
761929.6151,15552.879700000049
762163.7763,5592.871400000062
762331.9976,11550.737100000028
762468.8714,0
762552.0857,288.67250000010245
762847.1236,7508.364500000025
763015.6075,4362.265400000033
763134.1178,6110.608400000026
763424.2666,10870.274100000039
764569.0527,0
764858.4778,15033.709700000007
765109.1666,13078.850199999986
765115.456,7652.93180000002
765128.2559,7635.303500000038
765451.5497,11095.708600000013
765521.8992,9861.878499999992
765537.2902,0
765578.2366,0
765581.3603,14001.703699999955
765597.8463,8200.034600000014
765834.3705,18715.576099999947
765848.7141,6198.777499999967
766158.6963,23985.157499999972
766362.1039,5577.636399999959
766408.1076,11062.200059999945
766515.9699,7036.588100000052
766599.1739,26385.972600000096
766627.4944,11956.848499999964
766660.1233,9474.420700000017
766758.4082,0
766759.5824,11204.094299999997
766836.1924,0
767087.2817,0
767097.6453,15165.747699999949
767108.764,10912.494499999913
767123.0073,10092.117399999988
767227.4896,18249.027000000002
767323.014,3410.173979999963
767332.4557,7531.575200000079
767352.0507,13876.11380000005
767566.7345,0
767601.0016,7490.721724999952
767639.7758,4907.689299999969
767698.6112,7083.835700000054
767912.5098,7694.2804166666465
767930.1042,4122.024499999941
768161.5233,18704.3382
768162.9061,10726.10129999998
768214.4679,6738.381600000081
768435.1049,0
768535.1114,7164.817100000102
768583.1723,9913.29177999997
768896.0189,5590.078199999989
769067.4779,27839.52680000011
769120.5915,6531.912099999958
769146.6008,15363.94570000004
769181.2629,9013.1152
769431.2896,5314.511200000066
769777.56005,0
770285.6442,5457.471299999976
770999.3598,13613.581499999971
771043.2451,14744.06959999993
771169.5624,13116.358400000026
771397.4964,5185.331199999899
771527.7501,1352.7584999999963
771600.8677,13302.431099999929
771636.1953,4968.091000000015
771652.943,5958.767599999905
771676.8519,27059.12479999999
771718.3896,6714.441899999976
772190.6524,3663.689699999988
772383.1666,6132.327000000048
772412.4652,13420.19689999998
772499.6705,7418.987199999974
772535.3673,12559.799200000009
772638.7208,17913.443899999955
772670.6625,36855.276199999964
772803.9465,5074.635299999965
773339.7115,8190.323899999959
773429.0523,6795.118299999973
773671.4908,5703.96669999999
773680.9917,5858.399300000048
773849.0127,10415.752699999954
773875.2106,6758.193599999999
774008.5169,13796.096699999995
774100.2947,4025.700499999919
774450.2384,3943.797600000049
774510.3678,30579.957900000038
774790.6141,4156.7510000000475
774791.7002,6794.588099999935
775382.4854,9250.86109999998
775475.1974,30033.59819999989
775924.6586,5589.933899999945
776016.8203,3105.6012000000337
776125.0616,6752.657600000035
776176.0348,15281.771700000041
776266.978,5705.805500000017
776304.1399,5051.199799999944
776365.8688,7350.716200000024
776509.0853,6708.652700000093
776556.2348,3039.874199999962
776593.8064,1689.5135999999475
776668.7089,14370.396100000013
776916.9456,13014.638299999991
777470.5285,17280.04099999997
777505.6709,5566.77760000003
-----Simulation END-----
