-----Simulation 0-----
172836.1796,0
172876.6852,0
172900.3311,0
172957.0338,0
173016.2619,0
173189.13422,0
173245.5815,0
173282.039,0
173342.5778,0
173509.1574,0
173554.9524,0
173620.6537,0
173861.9241,0
173947.23080000002,0
173968.5945,0
174087.1794,0
174147.72759999998,0
174279.3178,0
174385.6465,0
174600.4229,0
174916.0495,0
175459.6189,0
175612.17016666668,0
175616.6051,0
175733.80849999998,0
175846.0084,0
176016.22948,0
176043.76178333332,0
176111.2416,0
176130.8421,0
176630.55430000002,0
176939.3607,0
177016.5649,0
177066.9751,0
177221.753,0
177291.0896,0
177305.1417,0
177350.15409999999,0
177406.2559,0
177416.4365,0
177561.3952,0
177613.2527,0
178020.896,0
178371.2326,0
178597.69520000002,0
178678.6669,0
178951.922,0
179088.1092,0
179142.09769999998,0
179321.9348,0
179362.0321,0
179555.6189,0
179702.4373,0
179724.7977,0
179840.3856,0
179852.3193,0
179950.6162,0
180078.0558,0
180269.84769999998,0
180282.6404,0
180511.55430000002,0
180601.1661,0
180605.01799999998,0
180661.7304,0
180784.058,0
181025.7865,0
181493.1705,0
181593.3026,0
181855.9119,0
181858.23820000002,0
181877.4635,0
181899.99420000002,0
181924.1286,0
182135.6799,0
182201.983,0
182546.88348,0
182658.936,0
182677.0418,0
182948.735,0
182990.8979,0
183061.59,0
183235.1624,0
183339.3058,0
183384.5819,0
183814.2658,0
183835.7609,0
183917.2751,0
183927.5436,0
183989.1987,0
184136.3614,0
184314.7841,0
184357.3422,0
184705.98739999998,0
184979.6546,0
185049.5894,0
185141.006,0
185156.27909999999,0
185422.5541,0
185490.4761,0
185592.16879999998,0
185865.8572,0
185899.5447,0
186350.649,0
186756.6764,0
186879.23369999998,0
187036.3185,0
187044.0901,0
187090.2053,0
187174.13270000002,0
187310.9572,0
187462.2919,0
187706.2831,0
187922.0354,0
188081.8666,0
188182.5519,0
188190.7749,0
188446.58980000002,0
188581.5129,0
188636.5656,0
189077.1667,0
189094.766,0
189170.4912,0
189198.8473,0
189259.4098,0
189418.2798,0
189481.7668,0
189527.5991,0
189579.49180000002,0
189697.8456,0
189749.171,0
190140.33120000002,0
190408.1198,0
190411.2427,0
190475.0418,0
190512.56579999998,0
190609.6605,0
190669.334,0
190760.0945,0
191098.7993,0
191235.4306,0
191304.14789999998,0
191385.6166,0
191544.0905,0
191573.53960000002,0
191811.74180000002,0
191872.8556,0
192002.8474,0
192037.2008,0
192243.5157,0
192338.0165,0
192380.5752,0
192406.7054,0
192715.0864,0
192749.22090000001,0
192833.1489,0
193003.9372,0
193062.1497,0
193129.2824,0
193333.11,0
193376.23450000002,0
193446.142,0
193570.38640000002,0
193618.9021,0
193940.9684,0
194493.26189999998,0
194505.049,0
194906.6408,0
194925.10749999998,0
194931.07809999998,0
194960.3536,0
194990.6529,0
195132.9056,0
195353.6746,0
195406.2778,0
195631.3912,0
195814.6738,0
195906.5868,0
195978.5237,0
196205.2819,0
196647.2591,0
196667.0721,0
196982.1146,0
197146.3658,0
197208.494,0
197573.3996,0
197603.46600000001,0
197611.3542,0
197900.142,0
197932.2327,0
197935.5185,0
198155.4977,0
198683.5918,0
198757.4872,0
198787.4619,0
198900.8765,0
199020.5858,0
199186.4659,0
199434.0603,0
199502.06900000002,0
199778.54379999998,0
199840.9799,0
199879.7055,0
200007.272,0
200023.7879,0
200195.5094,0
200305.72090000001,0
200509.61729999998,0
200668.245,0
200764.58789999998,0
201078.1592,0
201313.4546,0
201340.8873,0
201696.8611,0
201706.5723,0
202035.9743,0
202222.2988,0
202331.7252,0
202402.6569,0
202618.911,0
202677.1361,0
202730.7898,0
203250.0689,0
203257.8591,0
203659.12,0
203737.1401,0
204395.0512,0
204407.8029,0
204793.0547,0
204914.799,0
205329.60820000002,0
205427.0889,0
205464.67560000002,0
205469.3569,0
205665.9656,0
206079.6966,0
206290.67810000002,0
206332.9736,0
206723.8877,0
206847.5356,0
206895.3802,0
207045.67859999998,0
207148.5601,0
207356.3086,0
207708.426,0
207792.555,0
207876.8561,0
208021.39049999998,0
208070.166,0
208093.9521,0
208146.82020000002,0
208298.1929,0
208367.887,0
208572.7648,0
208639.30180000002,0
208799.12339999998,0
209146.32630000002,0
209380.5105,0
209499.1415,0
209533.4535,0
209593.0558,0
209688.4245,0
209777.149,0
209798.4865,0
209827.9245,0
209828.0386,0
210155.0478,0
210163.498,0
210180.5461,0
210260.20429999998,0
210360.6011,0
210376.3819,0
210789.6067,0
210800.991,0
211281.1147,0
211455.8135,0
211457.449,0
211693.4855,0
211837.1061,0
211895.0257,0
212032.13150000002,0
212076.1187,0
212117.5887,0
212277.474,0
212541.5321,0
212558.4738,0
212573.80670000002,0
212602.6637,0
212704.583,0
212734.646,0
212816.404,0
212836.7526,0
213090.1666,0
213286.6076,0
213321.5384,0
213407.8702,0
213423.0943,0
213501.351,0
213641.2176,0
213824.2018,0
213932.2104,0
214000.315,0
214199.2144,0
214479.0082,0
214521.4964,0
214578.5875,0
214859.7321,0
214927.5713,0
215076.0031,0
215161.3082,0
215220.4327,0
215721.7581,0
215757.65649999998,0
215875.7368,0
215999.3979,0
216094.7086,0
216177.6409,0
216415.4287,0
216467.6325,0
216666.0519,0
216669.8578,0
216937.317,0
217086.7525,0
217134.1783,0
217134.68060000002,0
217308.501,0
217334.5386,0
217479.0932,0
217754.0189,0
217761.0781,0
217830.2017,0
218112.3959,0
218177.8375,0
218268.2601,0
218412.9272,0
218638.4847,0
218639.9108,0
218814.2163,0
218961.9111,0
219233.4984,0
219261.5933,0
219318.9962,0
219465.8503,0
219744.5773,0
219863.6827,0
220167.5214,0
221194.8739,0
221205.8735,0
221445.3642,0
221708.9985,0
221807.27360000001,0
221947.935,0
222131.1184,0
222166.8908,0
222236.309,0
222423.25400000002,0
222642.6196,0
222662.78720000002,0
222735.657,0
223295.2617,0
223436.8049,0
223566.7569,0
223695.9132,0
223803.0326,0
224173.5004,0
224329.5414,0
224495.9161,0
224683.8816,0
224746.5787,0
225067.1084,0
225199.6832,0
225370.2913,0
225729.1062,0
226110.5713,0
226180.1968,0
226253.536,0
226359.3189,0
226414.2118,0
226643.8352,0
226741.75,0
226823.00400000002,0
226878.9034,0
227014.9227,0
227220.822,0
227281.3745,0
227296.3744,0
227474.7475,0
227494.43660000002,0
227650.9197,0
227743.5696,0
227998.52730000002,0
228152.3352,0
228403.2371,0
228630.3115,0
228676.72580000001,0
229092.985,0
229147.6676,0
229147.702,0
229302.0049,0
229524.05359999998,0
229646.72063333335,0
229688.5866,0
229691.5036,0
230166.8461,0
230373.4995,0
230402.4341,0
231003.5806,0
231075.1098,0
231104.8347,0
231205.5357,0
231308.777,0
231510.9407,0
231536.87290000002,0
231601.8822,0
231702.1201,0
231893.1942,0
232260.41820000001,0
232294.7518,0
232664.0105,0
232744.9482,0
232802.12050000002,0
232834.94586,0
232865.8697,0
232965.7527,0
233135.2946,0
233230.5117,0
233266.9138,0
233321.0679,0
233387.86119999998,0
233558.8017,0
233685.0048,0
233995.687,0
234227.8916,0
234264.4618,0
234440.4798,0
234441.0176,0
234648.3264,0
234803.2374,0
234894.0458,0
234937.652,0
234998.508,0
235043.9062,0
235108.3372,0
235124.60330000002,0
235173.1475,0
235333.1826,0
235423.52539999998,0
235480.7873,0
235556.0971,0
235571.5539,0
235894.2289,0
236102.387,0
236215.9199,0
236293.5075,0
236320.0757,0
236325.3478,0
236398.6717,0
236585.3504,0
236710.7512,0
236957.76951666665,0
236965.8635,0
237199.2434,0
237276.4688,0
237676.6922,0
237678.5259,0
238036.2091,0
238198.4918,0
238598.6421,0
238599.9713,0
238669.3404,0
238791.38189999998,0
238881.9222,0
239105.1471,0
239253.3722,0
239398.4481,0
239646.051,0
239987.2604,0
240019.7125,0
240152.75579999998,0
240279.1669,0
240373.2827,0
240623.478,0
240720.767,0
240815.584,0
241194.9902,0
241902.7862,0
242558.28639999998,0
242670.7364,0
242790.905,0
243036.8725,0
243487.2512,0
243797.9116,0
243877.2966,0
243891.4933,0
243965.4197,0
243976.267,0
244251.5842,0
244328.93170000002,0
244362.8456,0
244426.6766,0
244670.4264,0
244905.8076,0
245025.13569999998,0
245360.6808,0
245466.0031,0
246207.5144,0
246235.2885,0
246244.9453,0
246301.06900000002,0
246315.2372,0
246742.0648,0
246798.6187,0
247428.2925,0
247468.2228,0
247962.0439,0
248176.40350000001,0
248186.435,0
248254.6042,0
248360.0937,0
248499.9439,0
248559.55109999998,0
248689.6828,0
248907.0962,0
248964.8442,0
249338.2471,0
249404.2108,0
249488.8632,0
249564.23113333332,0
249579.6773,0
249784.6028,0
249857.6351,0
249943.4934,0
250098.6181,0
250101.6615,0
250144.2076,0
250298.8429,0
250392.6121,0
250514.6655,0
251005.6841,0
251012.85588,0
251032.82048333334,0
251266.9528,0
251321.4933,0
251766.6998,0
251913.2071,0
252138.05969999998,0
252172.0767,0
252179.9829,0
252238.0421,0
252308.9639,0
252354.2966,0
252559.1775,0
252625.35330000002,0
252638.21289999998,0
252710.5311,0
253324.9092,0
253366.5336,0
253397.2793,0
253455.58018333334,0
253472.7221,0
253693.816,0
253783.5157,0
253907.1424,0
254017.9389,0
254038.8665,0
254046.35366666666,0
254063.6999,0
254181.04379999998,0
254276.1608,0
254365.0841,0
254518.1597,0
254729.1312,0
254735.4843,0
254758.6105,0
254892.8314,0
254946.5478,0
255001.14860000001,0
255104.0045,0
255256.4125,0
255596.2613,0
255700.0252,0
255795.1812,0
255822.6367,0
256077.6207,0
256158.7652,0
256284.6158,0
256357.5365,0
256454.4996,0
256803.0026,0
257108.2684,0
257144.323,0
257421.5828,0
257441.714,0
257455.6951,0
257514.1914,0
258079.48903333335,0
258118.5577,0
258178.989,0
258202.9099,0
258296.3911,0
258342.60878,0
258526.5735,0
258595.428,0
258772.6635,0
258782.34769999998,0
258809.5997,0
258897.0228,0
259080.8638,0
259824.3724,0
259845.2734,0
260588.7557,0
260684.7053,0
260720.7946,0
260765.13079999998,0
260771.2805,0
260853.94079999998,0
260910.9718,0
260927.6999,0
261088.2633,0
261098.6704,0
261135.7913,0
261282.1001,0
261324.962,0
261449.1559,0
261566.45549999998,0
261589.5297,0
261611.75160000002,0
261759.2221,0
261927.7078,0
262027.568,0
262118.2015,0
262405.099,0
262421.4251,0
262434.1309,0
262444.0216,0
262511.7422,0
262513.6642,0
262526.3182,0
262679.2117,0
262780.0733,0
262941.866,0
263067.3392,0
263187.3738,0
263612.07513333333,0
263641.7826,0
263679.2525,0
263734.6724,0
263866.0847,0
264294.4599,0
264369.381,0
264501.3562,0
264583.4165,0
264751.697,0
264753.5189,0
264844.6347,0
264859.3489,0
265093.1121,0
265166.2778,0
265545.411,0
265559.5436,0
265581.8208,0
265678.1995,0
265797.5845,0
266043.7412,0
266284.3408,0
266347.81059999997,0
266351.3894,0
266557.1829,0
266576.6518,0
266620.0544,0
266636.7506,0
266750.2047,0
266796.479,0
266852.9458,0
266878.5559,0
267044.4943,0
267061.8136,0
267235.1311,1.2255000000004657
267263.7419,0
267344.2464,0
267362.1461,0
267383.5595,0
267518.892,0
267660.7981,0
267800.3849,0
267996.5488,0
268077.5249,0
268275.3551,823.5361999999732
268282.6295,1470.4268999999622
268460.4243,0
268550.6181,0
268722.0955,0
268744.2922,0
268749.0789,0
268968.246,0
269318.07409999997,0
269461.0958,0
269709.6045,373.36019999999553
269760.7285,1754.0163000000175
269801.9116,0
269911.612,0
269928.3501,0
269957.5375,0
269968.0483,2111.2499000000535
270225.0749,0
270299.3016,0
270364.1372,290.96789999998873
270434.2198,0
270449.4024,0
270543.07955,0
271103.7881,1452.806500000006
271239.0684,1878.8542000000016
271412.3075,0
271685.3544,0
271699.525,0
271880.2409,0
272052.0505,0
272064.9039,0
272209.6599,2086.5879000000423
272232.4951,2551.4679999999935
272417.8752,0
272584.0375,159.7935999999754
272789.1736,0
272848.879,3108.6144000000204
272910.0535,0
273066.0762,0
273162.9689,0
273371.2996,3066.752700000012
273441.63430000003,0
273658.0544,0
273736.29720000003,0
273916.2341,0
274082.8803,850.4422999999952
274460.0402,1586.545299999998
274531.3188,0
274576.7557,0
274587.8912,4049.4592999999877
274880.7762,0
274942.24,2131.065899999987
274954.73503333336,0
275001.6323,1523.739820000017
275230.2835,0
275379.1615,0
275477.03520000004,0
275508.486,0
275843.8054,0
276027.7388,0
276326.18200000003,0
276836.2593,0
276921.6998,0
276948.4899,0
277037.7739,4578.18399999995
277060.1667,2705.752199999988
277072.6279,0
277292.1602,4471.451100000006
277447.8092,0
277522.5423,0
277524.5466,0
277704.974,0
277842.7135,0
277962.5114,0
278041.1904,3657.3723000000464
278143.9891,0
278257.4947,0
278325.7134,0
278362.9998,0
278426.5898,7771.6802000000025
278800.8368,3223.661699999997
278886.702,0
279416.9238,4431.948899999959
279697.138,0
280220.2606,0
280591.9577,0
280832.1753,5535.152799999982
280866.4318,4808.652400000021
280970.8737,0
281150.7177,0
281260.4496,0
281668.0046,0
282047.9888,0
282195.8922,2304.3779000000213
282251.5717,0
282385.4256,0
282507.3637,2080.314399999974
282617.2013,0
282712.8762,0
282749.9436,0
282781.6612,0
282822.9301,0
282854.8514,1928.4992999999668
283227.2464,0
283590.1879,7615.303000000014
283903.1414,0
284360.9042,0
284399.3415,0
284641.7724,0
284725.4321,1749.3108999999822
285126.8361,0
285161.4216,0
285164.249,0
285298.0198,1841.4899333333597
285456.4336,3861.348799999978
285902.9704,0
285992.7809,9370.177599999995
286762.68590000004,0
286804.4818,1781.5706000000355
287041.5713,0
287061.8046,4034.37579999998
287224.1317,6238.481400000048
287706.0644,985.8661999999895
287711.31,0
288353.7461,0
288412.314,2903.7513000000035
288698.6633,517.0914000000339
289251.6639,1608.5260000000126
289307.3605,0
289307.6174,0
289456.0173,1974.263500000001
289809.7142,0
290073.0477,0
290635.7941,0
290700.5247,1975.251099999994
290727.24425,0
291070.1577,0
291175.3576,0
291234.5221,0
291272.5753,11260.21940000006
291470.1363,11599.435600000026
291536.4671,3928.404099999985
291716.9514,0
292366.7604,0
292445.6824,0
292702.6841,4302.198000000033
292809.322,0
293430.8644,6243.925400000007
293472.23600000003,0
293591.2469,0
293744.4463,7770.649700000009
294117.5829,12014.173999999999
294210.5701,0
294231.5112,0
294259.5658,0
294433.7085,0
294494.5994,0
294517.5332,2473.339399999997
294705.8788,7095.361900000018
294824.8466,3085.604699999967
294996.8136,0
295370.4794,5071.75079999998
295728.8117,5119.004000000015
295751.3464,5099.337200000009
295752.7449,5091.555999999982
295846.2687,6460.52860000002
296210.9814,0
296737.3135,9282.639999999956
297043.7169,8764.875300000014
297062.1256,5416.753200000036
297107.1352,11678.386500000022
297324.05,5163.831699999981
297417.8639,5154.847799999989
297724.7836,6604.773900000029
297883.7939,0
297950.2532,5189.84169999999
298047.1441,5156.114899999986
298598.1471,5144.755000000005
298667.8993,10228.136999999988
299016.7602,5166.323700000008
299195.9933,3269.907499999972
299203.0745,5175.984999999986
299234.5539,3831.693499999994
299337.7492,5180.453299999994
299658.0879,1127.7912999999826
299756.0589,0
299814.7064,2630.301000000036
300108.0773,3291.2922000000253
300110.7684,3185.940499999968
300228.5794,5771.829700000002
300640.2266,5169.347599999979
300644.725,3302.922433333297
300670.015,2269.7124000000185
300861.871,0
300941.9679,5144.727200000023
301085.2484,5168.7978
301448.4467,0
301501.231,0
301592.6097,5241.204899999953
301823.2515,0
301886.977,4735.715600000054
301953.2307,4611.046000000031
302068.2207,5181.104899999977
302160.2133,5158.253800000006
302447.0635,1990.4391000000178
302448.3929,950.1683999999659
302461.7894,0
302597.3029,0
302701.3918,5161.746199999994
302800.7144,2016.838300000003
302857.0367,0
302919.0508,5159.0642000000225
303073.103,0
303306.4128,5177.480099999986
303338.5269,0
303948.2353,0
304015.1118,0
304110.1649,2266.054999999993
304273.9784,3304.2151000000304
304301.2449,0
304332.9615,2673.320699999982
304457.665,2105.8224000000046
304533.1714,0
304598.9435,5163.52019999997
304723.0391,5155.407300000021
304862.9541,0
304940.29110000003,0
304959.8402,6300.47729999997
304959.8899,5152.836399999971
305091.5396,0
305198.051,2080.7092999999877
305214.0775,10312.883499999996
305285.128,0
305309.7352,2097.527599999972
305330.0808,4767.907799999986
305361.1956,5149.6883999999845
305426.2708,1422.7562000000034
305568.3448,5163.432100000035
305819.7848,1419.1201000000583
305838.0889,3848.6371999999974
306190.9217,17196.84480000002
306281.3802,3262.4666000000434
306586.6177,2096.1488000000245
306613.7047,977.6574999999721
307313.7871,3816.802500000049
307531.0797,1943.6760999999824
307614.4203,992.2305000000051
307779.2568,5155.912899999996
307821.2963,0
308148.6828,1139.0327000000398
308155.6943,2093.235699999961
308253.768,4946.682899999956
308390.8793,1968.1351999999606
308396.5759,0
308430.0456,3281.010500000033
308454.1963,1134.4010000000126
308577.7605,1135.9435999999987
308786.9049,1394.2890999999945
308861.8708,2156.800199999998
308988.7735,5150.594600000011
309014.1672,1134.018299999996
309307.7362,0
309472.1782,5180.4849000000395
309616.5567,2095.0070000000414
309821.8226,5148.456000000006
309878.7839,1129.682199999981
309930.306,2169.1195999999763
310128.2853,0
310557.2918,5200.771400000027
310898.4632,1381.662100000016
310982.5767,1147.5776999999653
311450.9019,0
311597.6218,1150.8644000000204
311849.1847,1182.2086000000127
312010.6062,5167.205499999982
312029.2432,1138.555400000012
312354.4064,2118.7217999999993
312486.6323,1158.34169999999
312577.843,0
312578.3812,0
312651.109,705.6521000000066
312728.3184,3.4429999999701977
312757.4099,0
312768.8682,58.568100000033155
312804.6547,0
313162.5864,1120.7466999999597
313390.7951,1299.4760000000242
313503.3319,1156.7567999999737
313731.009,0
313739.0902,0
314096.6618,1152.6328999999678
314128.681,0
314304.6651,1140.4631999999983
314530.736,17.12819999997737
314808.6769,0
314985.4337,0
315316.9186,1119.4578999999794
315343.6703,0
315384.6797,0
315431.2494,0
315490.1104,0
315683.9192,0
315876.9006,0
316253.0647,0
316458.3078,5205.5821
316544.2362,30.39287499996135
317031.8705,0
317175.1053,138.0683999999892
317205.282,2017.4051000000327
317316.284,68.77249999996275
317613.7551,0
317640.2688,0
317864.605,0
318095.3774,0
318690.2271,0
319097.3528,0
319288.9237,2149.8332999999984
319605.4043,0
319628.1245,0
319787.1921,0
319885.3413,4897.07620000001
319907.5958,0
319944.9022,0
320210.0101,0
320223.8057,0
320267.9561,0
320358.1466,0
320360.9915,0
320644.1493,0
321096.6099,0
321151.1475,0
321167.8021,0
321411.8673,0
321646.9522,0
321789.50954,0
322176.2218,0
322512.50419999997,0
322732.6542,0
322799.2331,0
322943.2308,1852.361200000043
322944.7069,0
323044.1086,0
323084.2051,0
323402.8177,0
323413.8659,0
323453.5335,0
323523.6545,0
323638.5658,0
323683.6962,0
324042.9783,0
324070.1876,0
324271.8085,0
324535.3585,0
324695.14,3000.575200000021
324706.0742,0
324905.31,0
325013.346,0
325258.1533,0
325296.891,0
325333.9876,4445.657200000016
325348.2966,0
325442.0272,0
325592.3881,0
325617.3985,0
325939.6291,0
326257.3554,0
326257.5348,2466.092500000028
326305.8625,0
326409.591,0
326551.74179999996,0
326644.3668,0
326817.3569,0
326865.1121,0
327072.4515,0
327082.9988,0
327569.5533,0
327572.1103,0
327726.3825,0
328031.747,0
328237.7157,587.3711500000209
328305.1457,0
328355.0961,0
328527.53260000004,0
328561.5976,359.4902000000002
328711.209,4481.313599999994
329071.77415,0
329176.49566666665,0
329261.8441,0
329515.53260000004,0
329548.0981,0
329795.3098,0
330046.6143,0
330098.1426,0
330240.4353,0
330293.3929,0
330815.4043,3178.9130000000005
330818.8938,2750.28820000001
330873.01196,0
330888.4831,3593.110900000029
331051.115225,0
331144.8228,4709.495000000054
331327.8385,6486.675500000012
331369.7651,0
331374.38910000003,0
331411.1039,7769.2276999999885
331642.9476,0
331797.8454,0
331802.6655,4993.361800000013
331862.3595,0
331886.2917,0
332193.73589999997,0
332211.5152,0
332354.6251,0
332433.5358,5662.448299999989
332638.1676,0
333102.3462,0
333411.7194,0
333447.7814,0
333849.6032,0
333875.7568,0
333958.2049333333,0
333978.0063,6219.0410000000265
334465.107,0
334835.9982,0
334887.6958,0
334935.89086,0
335127.1564,0
335131.3648,0
335136.1874,5084.1888000000035
335182.3453,0
335369.9412,0
335428.8452,0
335438.3651,0
335713.4462,0
335781.9467,0
335784.8087,0
335830.2063,0
335897.4567,0
335916.2533,0
336054.7766,0
336236.3095,0
336318.4928,0
336343.4827,0
336345.96140000003,0
336405.4542,0
337196.0521,0
337273.2635,0
337352.7679,0
337451.0968,0
337757.926,0
337834.3669,0
337980.7092,0
338087.1726,0
338241.8492,0
338293.1579,0
338452.7847,0
338524.3555,0
338589.9192,3361.8984000000055
338758.0291,0
338825.2212,0
338848.8479,0
338857.0762,0
338872.1961,0
338890.3109,0
338939.029,0
338987.1641,2623.4426000000094
339075.751,0
339099.609,0
339306.92370000004,0
339439.963,784.8589999999967
339657.287,0
339663.8186,0
339686.8141,0
339867.0611,6333.559999999998
339970.5395,0
339979.6342,0
340134.5035,0
340224.0498,0
340797.737,0
340849.3439,0
340947.3727,0
341010.4331,0
341252.8095,0
341519.3225,0
341526.0859,0
341537.4582,0
341539.5012,0
341736.07779999997,0
341780.2652,0
341805.4921,0
341808.278,0
341917.3682,295.8502000000444
341940.5339,7668.135899999994
342012.2395,0
342457.2542,0
342485.0085,0
342561.976,0
342736.9549,0
342751.0168,0
342772.218,0
342787.9937,0
342889.9113,0
343074.4999,0
343123.0304,0
343178.995,0
343233.7412,0
343286.7107,0
343442.873,0
343548.9066,0
343597.6087,0
343633.3146,0
343651.2736,0
343689.4016,0
343995.8673,0
344079.9775,0
344526.9145,0
344648.8637,0
345149.78740000003,0
345192.1928,0
345227.0585,0
345238.0808,5876.451599999971
345309.5651,0
345332.2354,0
345355.0442,0
345364.8334,0
345471.7756,0
345689.3316,0
345838.1607,0
345847.4477,0
346066.0518,0
346121.2604,0
346387.9207,0
346546.006,0
346624.2815,0
346815.2477,0
346859.8405,0
346959.5624,4350.419200000004
347071.8966,0
347150.4181,0
347504.4378,5166.819200000027
347644.9838,0
347687.7992,0
347726.9408,0
348077.00549999997,0
348199.75080000004,0
349238.6499,12388.122100000037
349299.1338,5206.04230000003
349407.4914,0
349447.7345,0
349843.7309,7001.597500000033
349928.1719,3445.7356000000145
350019.41005,0
350035.4834,0
350119.1142,0
350255.5776,0
350286.8167,0
350388.5733,0
350396.8779,0
350440.0035,10940.657499999972
350444.1768,0
350491.3948,2791.177299999981
350506.5458,1463.8938000000198
350545.931,0
350659.762,0
350695.0988,2539.503399999987
351154.2958,0
351195.7043,0
351233.0962,0
351337.2428,0
351452.1849,0
352078.3014,2094.6231999999727
352098.8771,0
352155.0661,0
352200.1186,350.4283999999752
352211.3109,0
352497.5163,10238.543999999994
352884.6582,2114.3984000000055
352978.6676,0
353174.8723,7535.016699999978
353262.6908,12103.821066666627
353531.1872,0
354318.1205,0
354415.9805,0
354425.9837,0
354446.8969,0
354489.1086,1183.7423999999883
354636.5613,0
354841.6862,3815.9662000000244
354993.8129,7514.746400000062
355088.2378,0
355143.1987,0
355328.8197,2099.5467000000062
355338.1454,0
355351.1674,0
355577.7988,5688.441099999996
355648.1068,0
356145.2142,6826.838099999994
356315.6932,0
356475.4581,0
356689.8402,0
356711.6765,98.06709999998566
356809.089,2656.026599999983
356872.5056,0
356940.6564,865.9796333333361
357049.1101,0
357177.8322,888.8253000000259
357345.1646,0
357561.1821,0
357565.924,9070.26000000001
357785.4642,0
357820.9659,0
357840.6374,4682.703700000013
358014.490225,0
358023.7499,2462.630899999989
358111.8394,3209.151899999997
358151.8137,8933.849500000011
358204.5357,0
358698.9086,0
358780.8501,14294.271899999992
358823.4151,15248.799200000009
359359.2886,4559.505500000028
359735.4877,7286.460699999996
359862.1574,6881.205900000059
360058.4997,4930.5236999999615
360244.5556,0
360382.0653,1771.3098000000464
360972.7115,0
361504.9584,2796.6367999999784
361882.2593,4545.526099999959
361899.2825,4131.968200000003
361983.2057,836.554300000018
362006.2671,8519.022500000021
362397.476,14230.2451
362440.5257,753.922900000005
362475.7289,0
362972.2766,0
362987.1527,8248.071999999986
363145.7896,1057.1406000000425
363414.4721,4796.295000000042
363440.9167,1166.3254999999772
363529.3956,2543.0316999999923
363562.0266,9928.690100000007
363854.9996,5216.041399999987
363920.2309,10980.946600000025
364025.611,474.5834999999497
364297.3117,4223.685500000021
364304.7862,3799.14929999999
364307.6402,2179.711500000034
364386.5368,1386.1943999999785
364398.5179,6013.712199999951
364409.9754,3783.32640000002
364444.5606,3922.502000000037
364692.1247,1569.436699999962
365053.0489,3628.1656000000075
365295.1643,8504.181500000006
365640.72,0
365681.9016,3958.0656999999774
366130.4089,0
366970.3169,3412.392899999977
367083.0091,0
367392.508,2252.526499999978
367771.7342,8879.62579999998
367879.2167,10010.34149999998
368194.0525,1613.3654000000097
368508.3453,9654.728699999978
368581.66240000003,0
368723.5131,8131.507099999988
368746.7092,0
369303.2262,10550.462200000009
369340.2408,11948.95576000004
369369.679,7825.677800000005
369443.1301,16946.61320000002
369519.9179,8757.61599999998
369552.5955,7668.99589999998
369577.5594,4417.586600000039
369810.6603,10457.112399999984
369867.5631,1392.7536000000546
369966.0117,3252.9966999999597
370074.8101,12232.086699999985
370154.4221,5260.324800000002
370268.1263,3105.831499999971
370327.1198,9981.858000000007
370380.9046,7038.191500000015
370487.7794,6028.417599999986
370685.733,12434.806299999997
370790.3547,13369.555400000012
370881.2831,5816.08189999999
371330.5022,0
371369.1234,0
371390.7624,4615.087600000028
371469.1475,0
372201.17579999997,0
372487.0398,12883.86380000005
372517.3823,2240.70199999999
372576.2598,10163.503200000036
372817.7061,4594.4902
373214.2817,9786.02509999997
373380.487,13282.740300000005
374087.3087,0
374390.4928,3778.4609000000055
374476.3516,6489.39850000001
374630.0878,5703.261599999969
374781.3386,16981.328100000042
375319.0023,15327.743199999968
375359.1697,3670.958100000047
375378.682,3778.304199999955
375649.922,9122.204700000002
375833.68,0
375894.4565,14383.483199999959
375973.3072,4283.300199999998
375986.4005,20060.25899999996
376008.367,15681.87440000003
376083.1921,0
376283.6243,10814.172699999996
376682.0114,4341.391400000022
376684.9211,23061.181899999967
376690.6388,11238.515500000038
376980.7247,13487.234200000006
377536.4876,13837.152699999977
377575.5386,11873.440400000021
378019.9085,5272.387099999993
378305.8572,17204.99800000002
378379.6732,4627.860900000029
378532.3582,4736.249000000011
379002.902,10566.737100000028
379046.7458,723.9303999999538
379177.16863333335,0
379299.2175,12508.507800000021
379329.2298,16149.52919999999
379332.4567,4406.613199999963
379350.5671,3464.4724999999744
379355.9923,3504.7646999999997
379591.9556,12120.879199999967
379864.6082,3242.9904000000097
379944.9639,3682.819683333335
380185.6492,4893.7961999999825
380214.2243,11839.739700000035
380241.6397,15083.135699999984
380515.7748,4252.211899999995
380560.6213,12130.910800000012
380598.526,9021.969099999988
380654.7919,6103.791399999987
380831.2821,9381.119699999981
380869.4446,12370.56839999999
380933.1788,2502.299699999974
381288.1056,8158.6468999999925
381924.5848,8870.669700000028
382309.6862,1974.2054999999818
382584.9888,2835.8046999999788
382607.9533,5415.848899999983
382957.9092,7901.249000000011
383079.8042,12627.876500000013
383233.8482,5749.311800000025
383331.8108,3336.597599999979
383349.7584,6466.16459999996
383367.0541,29676.433600000048
383683.5903,4855.016799999983
383819.4014,13824.535599999945
383910.546,0
383914.0931,2855.963999999978
384059.9747,3704.544733333343
384261.3463,937.3852999999654
384721.4781,0
385004.5643,0
385211.7851,0
385353.5465,4808.254399999976
385537.1274,16853.033400000015
385674.4012,17743.56210000004
385743.2065,12669.04269999999
385753.5098,0
385909.1243,4187.667400000035
385937.8213,8872.480900000024
385954.4108,0
386046.9404,0
386371.3844,2901.3698999999906
386570.7653,10086.969100000046
386573.2013,11578.895000000019
386647.0083,1942.3306999999913
387006.4166,1920.7320000000182
387015.0015,8652.277999999991
387118.4972,6129.119499999972
387175.1062,12343.320399999968
387552.1934,3434.4270999999717
387714.8437,24207.636600000027
387814.7054,8389.452199999942
387871.8206,0
388124.5691,11770.695899999992
388136.0276,14630.978299999959
388315.7559,0
388316.2791,5933.913399999961
388383.1001,0
388397.2304,0
388452.7205,3870.2670999999973
388541.2432,15761.95630000002
388623.9195,19283.92220000003
388666.1472,3947.468899999978
388815.7428,11602.395900000003
388857.1057,6791.282200000016
389052.017,8584.858599999978
389276.195,1705.1059999999707
389390.6086,19684.50769999996
389463.2706,21574.063800000004
389576.6092,10870.461399999971
389674.6753,2206.065100000007
389707.8072,2164.2811999999685
389787.0823,20247.98814999999
389851.4892,0
390156.816,12655.300300000003
390290.8783,4993.536499999987
390361.9006,13989.815200000012
390381.2634,0
390431.2613,3056.942000000039
390469.2841,0
390505.7061,0
390545.1215,14188.8174
390567.8671,7889.206299999962
390746.1621,5884.692900000024
390819.0644,23812.93379999994
390945.9189,437.9419999999809
391219.998,2140.294099999999
391387.0709,252.12729999999283
391410.6685,6177.1260000000475
391462.2915,0
391477.0701,1740.9574000000139
391482.2674,4316.756500000018
391790.243,0
391832.4039,0
392167.125,16719.087899999984
392307.5264,3427.168799999985
392315.9049,0
392319.4678,1613.7462999999989
392367.0906,876.6987000000081
392382.0041,3288.838700000022
392446.2841,3511.904899999965
392521.17,2086.258700000006
392704.1577,1955.6970999999903
392721.4337,563.7593999999808
392776.9803,2613.5495999999694
393049.9596,1895.7837999999756
393298.1223,2938.8091999999597
393318.6081,7025.7929
393355.1357,17419.155499999993
393949.0965,7562.338800000027
393991.8222,1162.632020000019
394143.5264,12069.533499999961
394239.0305,0
394304.2519,2278.3324999999604
394319.3551,2962.7691999999806
394388.9177,7148.362399999984
394905.0162,3939.250400000019
394970.7858,0
395149.3984,526.4637166666798
395347.5676,21654.05230000004
395576.2355,6599.144499999995
395744.3229,5798.7285000000265
395899.8059,0
395908.7639,1137.8405000000494
395930.42590000003,0
396064.0194,7684.892699999968
396307.0174,8799.5968
396486.3136,6724.7740999999805
396589.4589,4892.910200000042
396705.8959,2275.598400000017
396915.0252,2112.391499999969
397242.43,0
397265.4983,398.8555000000051
397567.1596,8803.74920000002
397872.8442,13728.629000000015
397924.017,7314.130100000009
397968.7237166667,0
398389.9251,316.87859999999637
398487.4465,821.1098000000347
398837.4128,18037.04349999997
398943.6444,5289.339500000002
399028.8209,0
399117.2473,0
399143.5822,0
399224.98470000003,0
399375.3632,12733.274399999995
399588.6174,19430.826499999966
399741.8094,0
399756.8052,0
399971.8809,4002.0617999999668
400400.1851,4497.867900000012
400406.563,177.25430000002962
400444.75430000003,0
400464.0286,0
400566.2996,3460.98880000005
401110.172,4037.1587500000023
401267.4135,125.73100000002887
401325.8749,16576.21749999997
401668.1792,15532.131800000032
401713.1337,5675.113699999987
401771.0195,923.7578000000212
401960.5095,2640.588300000003
402086.6282,2816.012999999977
402335.4726,8200.962499999965
402695.555,6464.468500000017
402701.85908,0
402907.8206,2633.417379999999
403048.7049,0
403254.5359,0
403382.433,6391.146100000013
403522.0725,25412.962100000004
403843.3158,0
403945.0925,7189.106600000057
403991.0674,0
404186.4508,17547.586499999976
404448.3076,0
404589.1357,0
404661.582,3396.537000000011
404695.5475,14828.706000000006
404763.5939,6189.543499999971
405103.5462,1179.5568999999668
405222.8495,9293.708100000047
405375.6518,0
405584.4538,2717.1506999999983
405668.305,12537.422499999986
405785.9278,21127.76649999997
406094.2782,28833.393700000015
406097.0051,0
406685.0526,10078.80800000002
406792.3104,3574.4721000000136
407154.6661,3079.697999999975
407265.4742,5631.206499999971
407269.8308,3417.258299999987
407270.3721,15182.539699999965
407286.8168,4551.202433333325
407335.6166,25355.322199999995
407388.8576,8608.635420000006
407396.0232,4249.896599999978
407426.0852,4588.909299999941
407609.8022,2894.2647999999463
407739.7158,1057.9934999999823
407823.9584,17892.88339999999
407876.5872,3295.1869000000297
408173.1333,6601.382899999968
408336.236,15687.046199999982
408417.24569999997,0
408823.5846,0
409587.3736,6528.142233333318
409746.8708,24030.534399999946
409972.867,14060.883100000035
410050.256,7322.567299999995
410361.2597,8579.561999999976
410501.0345,3515.8778000000166
410502.0891,9542.283499999961
410508.0333,7404.191500000015
410823.6381,2356.0795999999973
410909.2526,5237.796499999997
411072.3637,8856.012899999972
411453.6893,7898.708800000022
411463.3671,3313.5359999999637
411502.4355,2980.82560000004
411552.775,9992.453200000047
411695.714,0
411702.5692,0
411850.7204,987.869000000006
411950.26,22059.653700000024
412087.6211,5933.955599999987
412129.2975,2129.7967000000062
412180.6236,3670.4168000000063
412208.5401,13208.320199999958
412535.3575,14321.554199999955
412795.6189,3467.7044999999925
412847.7539,13479.497199999983
412850.889,7057.761700000032
413251.3798,0
413256.3491,0
413314.554,940.7693999999901
413321.9876,0
413377.2826,4343.62559999997
413771.0753,4851.56216666667
413952.3645,20670.60790000006
414082.7782,0
414204.6606,1293.3854799999972
414324.0886,2940.459600000002
414531.048,14279.665600000008
414565.0188,0
414669.3573,454.9484999999986
414684.7749,5899.973900000041
414717.1633,11694.780100000033
414797.0883,0
415203.3925,0
415235.8135,6269.359400000016
415560.3364,10131.227199999965
415619.5395,14992.121500000008
416003.0986,3631.8751000000047
416115.8025,3313.940399999963
416116.3613,1248.266799999983
416279.5586,35254.76819999999
416367.2668,6920.478699999978
416466.9624,3031.6566000000457
416534.8639,1843.123099999968
416548.2691,10026.905099999974
416960.4265,1252.734999999986
417397.8299,9254.579100000032
417892.4859,3771.224600000016
417988.615,5808.154299999995
418205.3233,10066.437399999995
418245.5959,1494.0610999999917
418260.8799,1841.7987999999896
418324.6233,503.7411999999895
418464.7349,10734.677399999986
418516.00043333333,0
418935.5061,1689.3081999999704
419294.4804,7593.990600000019
419470.5684,18051.160999999964
419484.8048,4587.131599999964
419587.2868,0
419713.5884,6342.925500000012
419771.4158,496.8180000000284
420329.312,8749.664499999955
420440.5708,2406.107799999998
420463.8342,13939.456199999957
420604.8467,0
420633.1069,1243.8180000000284
420690.7432,0
420836.4657,2525.176600000006
420859.8023,10797.21649999998
420905.0429,10969.38559999998
421169.6149,5373.289399999951
421625.1296,14936.305200000003
421701.5658,6961.416099999973
421918.2153,0
421993.2386,14304.6777
422044.635,3834.490700000024
422060.5906,9961.469299999997
422168.8195,3402.461099999957
422581.8495,16418.557100000035
422923.7331,1945.2237000000314
423092.4803,3670.8748999999953
423192.0783,2501.0143999999855
423222.0764,15424.343700000027
423235.9586,9693.593200000003
423270.3073,0
423469.8573,3012.90969999996
423517.6099,0
423590.3815,0
423745.1414,0
423903.8918,6055.555099999998
424044.9525,0
424259.8801,4384.3131000000285
424342.3439,0
424495.5304,0
424533.99,1135.3409000000102
424741.1722,875.850599999947
424842.1632,4669.556900000025
424901.09373333334,0
424959.6922,21749.206799999985
425666.2487,1474.6765000000014
425753.623,13027.334700000007
425797.7277,0
425843.8637,6940.859599999967
425944.006,0
425948.0197,11304.740500000014
426108.4569,1253.089799999958
426517.8206,1982.3351999999722
426645.3775,11752.574800000002
426653.069,2416.005899999989
427064.3142,3601.8294999999925
427258.2374,7348.8036999999895
427347.1467,3257.278299999947
427633.4827,2606.128399999987
427761.3825,1881.5312000000267
427982.7091,3037.0611999999965
428548.9069,1737.767600000021
428740.6987,3018.770499999984
429150.2254,16623.52879999997
429760.879,6207.004400000034
429786.7901,23663.484599999967
429996.0514,0
430140.2648,13506.825699999987
430283.8953,5306.259299999976
430296.6956,24262.14789999998
430445.7975,2162.5731999999844
430466.3705,0
430612.9941,21354.701899999985
430625.6917,13904.953500000003
430628.9529,0
430951.3747,1113.383600000001
430967.8906,3654.5866999999853
431333.2404,4402.114200000011
431477.5893,7019.141599999974
431665.3917,0
431693.2233,5054.523099999991
432032.8301,1155.1712000000407
432158.0402,12666.704700000002
432934.4764,10323.86009999999
433254.2574,12699.002399999998
433820.289,9248.12069999997
433903.1053,9067.782899999991
433966.2979,13052.684999999998
434109.7547,15213.602699999989
434139.653,6499.858499999973
434188.2083,4969.409999999974
434260.1643,15577.864300000016
434539.4693,8054.746900000027
434543.1234,19423.10009999998
434590.992,11966.211100000015
434746.0512,8125.310200000007
434798.7446,4995.745999999985
435288.4006,9549.372800000012
435393.6769,8443.65380000003
435982.348,14724.331680000003
436250.801,7617.078499999945
436318.0667,6660.65280000004
436496.6623,15444.661000000022
436617.2941,10130.24430000002
436684.1602,8443.290199999989
436848.4073,9369.828100000042
437002.9789,11488.344899999967
437024.3699,13603.411299999978
437033.4742,14582.055999999982
437381.2393,7292.544900000037
437510.2022,35625.45020000002
437860.143,23754.732099999965
438428.9382,0
438532.5501,10202.457200000004
438576.7717,9098.161699999997
438732.5653,6652.377800000017
438971.5278,9205.861999999965
439000.1517,16398.908599999966
439093.2577,8478.869400000025
439130.0933,11317.143099999987
439366.6336,8609.54879999999
439443.157,17337.776899999997
439486.4548,5510.70120000001
439488.6183,6021.066899999976
439844.585,23787.275100000028
439885.3101,19172.9142
439888.5869,13138.460499999986
439956.2466,19273.15889999998
439978.7742,11337.941599999962
440315.7437,7691.116099999985
440475.4719,8197.05290000001
440484.8467,6800.527499999967
440571.0287,7737.21590000001
440594.7948,7493.348499999964
441172.6442,9340.995200000005
441228.7434,9135.240499999956
441243.0866,10222.208299999998
441340.6977,7748.310200000007
441448.7521,7504.026099999959
441461.8208,7927.425899999973
441750.8433,7207.902799999982
441772.9598,5412.062900000019
441943.6267,13300.809100000013
441943.8062,10365.958700000017
442175.7236,5626.881300000008
442361.9821,8795.799900000042
442498.1358,16946.75259999995
442542.1554,14943.345700000005
443051.0423,12190.209599999944
443361.9027,7884.132799999963
443512.7435,8924.798100000015
443676.5162,13082.38990000001
443777.4535,11880.539999999979
443964.0554,9463.374300000025
444112.8356,14524.589399999997
444387.1338,6893.950799999991
444477.6755,0
444599.7831,7650.033600000024
445288.4048,7834.306299999997
445351.0693,38222.049699999974
445367.6719,12930.199800000002
445557.7286,9169.098100000003
445657.8114,13898.142300000007
446271.7005,17055.49859999999
446428.1612,8696.481599999941
446698.7818,10766.83230000001
446750.9447,22049.89989999996
446922.4984,11972.033999999985
446941.278,17450.286199999973
447217.3829,10173.381200000003
447405.0418,9383.782600000035
447682.3271,9545.200399999972
448260.0431,11679.550900000031
448299.8569,18439.88750000001
448908.3484,9035.462300000014
449285.8023,14936.700099999958
449306.5807,15690.816500000015
449321.3916,9198.586699999985
449886.625,15734.246600000013
449983.058,11032.891500000027
450235.8918,10595.335900000005
450255.2319,12654.882299999997
450291.3431,10626.892500000016
450300.7648,20934.482500000042
450309.3931,14610.48099999997
450372.0307,16860.506700000027
450544.167,15544.651700000046
450546.8392,9437.053599999985
450563.3744,9933.234599999967
450595.724,10712.74099999998
450615.0589,11471.411399999983
450681.207,11234.09580000001
450700.1383,15751.225999999966
450851.2959,19825.355900000024
451485.8717,10715.010899999994
452202.1244,23037.226399999985
452267.9998,10612.373900000006
452651.4063,14023.39009999996
452976.5368,12943.930200000003
452995.8998,15213.587700000033
453091.7201,14020.059099999955
453192.0103,10723.39890000003
453222.6492,15179.537599999981
453234.9823,22540.286499999987
453263.5985,11889.474500000011
453371.8309,14541.629200000025
453618.3463,15091.617999999959
453637.4053,12931.551199999987
453772.3925,12827.662100000016
453832.4115,19580.681299999997
453989.817,10705.83169999998
454111.883,9847.60109999997
454163.8915,15185.631500000018
454247.6038,15479.30839999998
454664.4546,10414.5858
454834.9525,18224.875899999985
454861.0193,18325.853799999983
454938.6607,9330.386300000013
455560.0426,9767.770900000003
455735.4975,11568.57309999998
455889.7424,11471.583600000013
456785.6415,19392.90890000004
456967.8233,21604.576899999985
457270.4618,16801.00390000001
457709.6061,18291.456199999957
457717.6292,17112.194799999997
457783.5382,11227.421000000031
457789.0009,12322.280800000008
457810.4108,11127.535499999998
457862.9039,21596.612833333318
458092.6403,17273.188200000033
458106.4037,13491.476400000043
458378.6482,19972.717400000023
458404.401,12492.920600000012
458459.2852,10738.657799999986
458513.239,13573.04759999999
458563.3545,10554.809200000018
458868.9807,18644.05660000001
459214.2693,28601.53204999998
459257.4386,12411.991500000004
459788.8426,10899.234683333314
459863.3636,13547.995799999975
459873.9446,11410.027799999982
459926.1983,19560.993299999973
460108.8979,12126.813199999975
460170.5039,26191.714200000046
460326.0178,12647.606699999946
460854.5266,24066.50139999995
460940.7183,14260.973600000027
460960.0661,19316.738699999987
461083.6724,18141.97689999995
461119.4822,12187.645799999998
461126.3665,13554.42320000002
461197.9424,15797.201300000015
461514.7253,11459.283499999961
461827.0499,20384.728999999992
461886.9088,13316.565999999992
461903.4764,16406.493599999987
461951.6517,11297.58269999997
461977.7554,12476.146600000036
462064.8241,14718.886300000013
462482.2832,18095.81939999998
462491.2858,20669.941500000015
462728.9705,15232.580499999982
462905.2108,11681.038
463102.038,18688.353520000004
463131.7801,14683.473899999983
463395.6258,25599.100999999966
463441.7838,14660.80819999997
463493.2968,15118.543600000034
463650.0941,13241.361199999985
463668.4435,16664.445799999987
463820.5363,12128.91459999996
464115.4772,13893.593200000003
464324.1386,15246.039700000023
464370.558,31796.385300000024
464670.5678,19668.3909
464777.1853,11719.991000000038
464787.8895,13177.647899999982
465112.0784,29591.630599999975
465223.0922,16884.809300000023
465252.3953,12655.66949999996
465364.9046,28281.280800000008
465436.2766,18523.881199999945
465560.4536,17756.874500000034
465581.8454,11737.65869999997
466404.5695,17790.994000000006
466406.2204,22695.676899999962
466554.9384,14799.621199999994
466974.4211,23117.362900000007
467452.7091,16124.63519999996
467901.4679,27622.22690000001
467916.034,18240.665500000003
468316.6427,15131.148000000045
468337.494,25664.72529999999
468927.4855,18805.95510000002
468989.0226,14708.187800000014
469287.4774,20352.346299999976
469371.6778,19561.4461
470034.5387,26400.724799999967
470055.6002,18975.24489999999
470096.0779,17879.30549999996
470096.8047,18578.743099999963
470341.7359,27185.626800000027
470344.5637,19810.157799999986
470345.6103,11841.943299999984
470374.631,11999.774700000009
470395.0078,14336.13089999999
470433.1675,13087.973799999978
470477.2524,21548.91440000001
470572.9635,17789.47610000003
470708.5032,17523.210199999972
470892.6809,33623.818099999975
471013.4451,14729.550199999998
471130.0841,15442.3125
471251.5426,18042.363299999968
471375.7203,14295.283499999961
471570.9044,18453.1667
471710.0952,14903.035999999964
471766.9726,29057.8505
471835.4685,21501.599099999992
471948.4336,9733.026499999978
471955.6222,17839.101800000004
472069.5834,26298.671300000045
472469.4623,7593.793400000024
472987.0403,7749.9136999999755
472990.6954,18087.656600000046
473110.1827,19312.18550000002
473156.0793,12019.919999999984
473170.1097,19508.845499999996
473399.8271,20452.18670000002
473730.548,13553.462500000023
473901.3367,21791.44319999998
473925.6622,10974.130400000024
474170.9403,26284.580000000016
474382.0355,9734.516699999978
474556.5887,25078.75410000002
474630.1833,10095.25059999997
474782.349,26643.359400000016
474947.112,10251.523125000007
475126.1099,1664.258199999982
475593.0207,23561.807900000014
475798.0656,21289.08679999999
476191.5695,35108.31384999998
476249.5166,28465.660399999993
476326.954,11641.766100000008
476342.8216,19784.256900000037
476445.6863,8011.74450000003
476477.5346,8031.508000000031
476553.7824,25410.34620000003
476595.5366,7786.107099999965
477123.5584,23874.016100000008
477330.0986,7845.675800000026
477331.533,9296.484999999986
477348.481,12805.56170000002
477358.9242,9101.663100000005
477393.1287,3215.2872000000207
477399.7568,24803.498999999953
477519.8499,20937.14559999999
477743.9127,22220.184899999993
477970.9163,13708.493900000001
478453.2583,27911.041399999987
478592.2606,8911.939199999964
478699.4125,15049.55919999996
479237.5468,12703.61109999998
479448.3913,9983.233800000045
479635.8504,11809.684899999993
479861.4167,20392.980500000005
480130.8376,11845.080100000021
480155.2618,28350.51873333333
480510.2072,85.77939999999944
480545.1957,8662.705799999996
480595.188,29682.170100000047
480629.6962,12768.1005
480839.224,17896.58600000001
481140.4362,26323.13559999998
481447.5436,19322.15379999997
481504.8759,2581.840599999996
481682.847,13417.901200000022
481926.6647,22333.658800000034
481990.0627,13097.944499999983
482005.3983,24880.91889999999
482222.3535,19557.579700000002
482264.6932,1514.8497999999672
482288.7318,8409.4188166667
482433.6774,11966.739599999972
482437.1683,20549.8615
482737.9659,23637.727600000042
483284.3581,28746.77900000004
484259.386,12125.247700000007
484448.6092,2429.4998999999953
484494.4626,12230.251800000027
484592.5616,18724.3848
484854.3151,41307.21470000001
485564.069,24816.287500000035
485988.1804,10142.695699999982
486269.032,11773.558799999999
486341.3431,3328.0645999999833
486352.0566,653.8020000000251
486444.7529,25029.785600000003
486654.0092,13617.910999999964
486740.7987,8112.964699999953
487038.5925,22759.230900000024
487162.1002,10576.759699999995
487179.5269,12141.697800000024
487594.3841,14394.264399999985
487686.6231,17442.978700000036
488145.7619,24975.964099999983
488154.8495,32509.95750000002
488184.4931,6758.751500000013
488487.332,20428.992000000027
488643.6504,43229.47689999995
488655.9402,16941.398800000024
488856.8056,0
488897.6918,11630.407299999963
488964.9751,31332.77470000001
489043.4645,21153.088999999978
489130.4468,34931.59009999997
489281.6299,13106.553399999975
489565.5927,27735.938999999955
490110.052,10037.284800000023
490188.6729,10037.508600000001
490887.3366,14169.144899999956
490934.6507,22388.427000000025
490952.1815,10038.646699999983
490985.2684,0
491109.8478,19574.938599999994
491145.246,10237.869599999976
491157.8358,18204.71259999997
491173.391,22219.031599999988
491283.4404,8491.24119999999
491409.7368,12820.037899999996
491507.7437,15727.152200000011
491563.3023,0
491631.5932,21281.859799999977
491632.7769,14816.511699999974
491887.8712,20817.062800000014
492077.0785,0
492079.0147,37899.10519999999
492105.1446,11399.77429999999
492380.3414,11420.530399999989
492816.1121,11510.993600000045
492823.7591,19113.34580000001
492857.7151,17525.237799999944
493094.4944,11930.291400000046
493185.7184,13491.33030000003
493366.9057,11961.944399999978
493530.663,0
493559.0224,0
493569.6931,10827.26059999998
493576.6004,14544.295700000017
493596.669,27882.738499999978
493752.7488,16404.42080000002
493984.5431,25294.46710000001
494246.6199,12218.8419
494282.4946,9319.209299999988
494816.3881,12380.477100000018
494830.2852,11968.479999999981
495079.518,0
495227.4627,0
495653.4442,3791.607900000061
495823.2403,0
495909.205,23298.48940000002
495992.7118,32465.536199999973
496056.6441,12898.147199999948
496121.3592,15074.61440000002
496206.7985,7367.958199999994
496231.6407,9440.982900000003
496246.4021,13114.687099999981
496462.547,7442.0642000000225
496699.964,30620.98299999995
496939.7258,8327.055600000022
497352.6412,11656.742400000046
497481.2872,13560.26800000004
497674.8366,0
498293.8666,9106.15730000002
498494.5104,11170.203700000013
498602.5375,19618.875499999966
498624.0384,17676.27933333337
498744.6057,11772.011800000037
498804.632,13734.486999999965
498806.6526,19157.719999999972
498931.285,37647.573799999955
499036.7905,9807.983000000007
499157.0811,5321.728200000012
499292.8844,0
499424.3841,27496.257100000046
499458.4083,14939.775900000008
499619.3848,9594.585599999991
499639.7059,9610.68829999998
499732.619,9470.259100000025
499766.4602,16940.013599999947
499940.5473,22567.84309999994
500107.5721,8902.115300000005
500115.5906,34124.8872
500178.9963,11998.171499999997
500408.3684,23439.836100000015
500448.0018,34179.62680000003
500645.1044,11854.346200000029
500711.057,15460.460699999996
501065.7509,11472.300899999973
501257.0756,13119.239899999986
501319.4032,1118.0304999999935
501363.9887,28777.098899999983
501433.1372,38314.90210000001
501689.703,27046.884499999986
501912.8569,11163.054600000032
501938.8113,10790.361199999985
502108.7693,10328.773099999991
502210.6227,18574.01980000001
502323.698,8921.997499999998
502430.0926,11914.627600000007
502500.8605,12549.429000000004
502547.3441,10696.328700000013
502777.4294,18360.0196
502821.4089,18036.277899999986
502865.5895,2040.349600000016
503321.679,7233.022600000026
503355.1618,19867.7022
503538.9634,31736.004799999995
503633.6077,17279.450299999968
504132.5818,6712.007699999958
504193.5946,12676.002700000012
504208.9565,21782.612999999954
504449.4415,3197.694666666677
504513.5522,5198.428399999975
504662.1979,14348.209100000036
504732.8578,3538.7486999999965
504762.5328,25301.654899999965
504904.707,15460.924300000013
504941.8719,4892.320400000026
505094.0408,9413.762099999993
505356.7603,8309.42730000004
505382.4912,12211.93439999997
505410.4637,6860.586900000053
505736.4374,2863.7651999999653
505875.0644,17162.04099999997
506106.7403,4539.482699999993
506273.5786,5044.302200000035
506285.7212,6945.907900000049
506353.7993,3614.899000000034
506414.5111,6292.5768999999855
506502.3039,11997.511400000018
506973.1906,5213.841999999946
507026.3921,29644.05959999998
507042.9102,10576.551599999948
507089.2804,2205.6814000000013
507291.9775,13808.402199999953
507452.6943,3062.815499999968
507519.0058,36432.78409999999
507557.3784,2793.2980999999563
507787.2456,2203.9766999999993
507795.5233,5766.9982999999775
508120.0125,6867.824500000046
508269.5185,12949.108799999987
508284.7163,2746.7440999999526
508907.4725,4779.171700000006
509009.9685,7420.271999999997
509031.2205,31092.265799999994
509051.844,18961.651499999978
509163.4861,13682.350199999986
509678.6367,3903.3594999999623
509716.9161,2275.6075999999885
509800.1353,4683.833600000013
509916.957,2785.4193000000087
510053.9024,5029.114800000039
510165.1074,39520.5931
510520.01,11675.257900000026
510550.8237,5433.705900000001
510840.6063,3890.7416000000085
511054.4987,20772.902499999967
511105.9219,5855.900900000008
511152.1024,9408.582299999951
511200.1547,8411.897400000016
511349.8922,3381.829399999988
511557.8532,6640.143199999991
511769.4978,5131.465199999977
512068.664,3555.564000000013
512199.1546,5476.234400000016
512285.7329,38922.71419999999
512318.876,5066.085399999982
512355.5322,4819.747100000037
512412.7485,5089.6329999999725
512524.0457,18175.011766666663
512561.3677,4716.4755000000005
512799.6026,4782.55349999998
512848.7794,4262.268400000001
512868.3349,16957.534600000014
513293.6882,38005.20789999998
513334.2337,17267.58389999997
513504.6648,3670.4075000000303
513705.2065,5300.972999999998
514111.1385,23673.696400000015
514327.514,15764.741200000048
514355.6052,7164.4529999999795
514400.6379,6936.960399999982
514441.4738,6304.078359999985
514658.5067,3184.7348000000347
514666.1023,7457.454800000007
514688.276,3462.858200000017
514714.417,3206.8045000000275
515038.1957,4671.080399999977
515134.4473,6017.486700000009
515206.2508,4136.590599999996
515412.4699,12957.74410000001
515854.6967,5201.24099999998
516144.3081,5349.665500000003
516214.6986,4214.948800000013
516546.1349,11770.99530000001
516643.7353,15411.478599999973
516729.4989,1906.1520000000019
516836.8413,15510.654699999955
517129.9691,47179.865499999956
517458.9861,9895.444099999964
517618.4668,9533.9277
517628.4708,6211.5848000000115
517649.0474,3609.549699999974
517751.0082,4997.875199999951
517890.1335,5167.822900000028
518036.9332,8264.370000000054
518144.7609,5216.439899999998
518395.9053,17564.405900000012
518705.9454,21495.877700000012
518803.2766,11707.2647
518950.2366,25033.49310000002
519092.8051,13717.545199999993
519157.6225,5697.854999999981
519160.8651,12590.723999999987
519425.5666,3910.895600000047
519517.3899,4720.380999999994
519551.5446,22823.589299999992
519738.7443,1181.0278000000399
519943.3651,15328.297399999981
519965.8988,4015.303600000043
520260.4958,7764.6716000000015
520379.6626,4520.090099999972
520419.4904,9647.739500000025
520924.6834,7100.241399999999
521096.4034,5586.420600000012
521205.6784,25428.221299999976
521297.9433,4430.12089999998
521427.9644,28640.291000000027
521486.7596,13820.154099999985
521628.9237,4139.416499999992
521785.6664,11577.962300000014
521923.358,10812.848899999983
522119.8077,5603.14850000001
522277.4664,5112.1861999999965
522356.3731,7874.435500000021
522546.1973,23275.89639999997
522599.3465,7214.478999999992
523435.3434,21809.21789999999
523539.4021,6618.571400000015
523554.29,2527.472599999979
523577.5843,5138.650399999984
523588.2349,4716.819099999964
523864.977,2596.9055999999982
523985.0874,4535.813000000024
524003.0491,8633.37599999999
524109.6387,11068.563200000033
524163.7462,10534.493299999973
524340.0341,7107.043900000048
524433.7029,6061.195100000012
524585.2372,19280.31329999998
524607.8657,13372.869899999932
525186.7093,2786.770499999984
525250.257,11712.29469999997
525845.3813,33145.634300000034
526566.3265,4777.75549999997
526782.0335,11086.416800000006
527129.1493,8558.37260000006
527157.8097,4912.664699999965
527407.3096,6939.213600000017
527467.8435,22451.873299999977
527766.9173,4670.625699999975
527778.801,7735.956999999995
527873.6451,4511.527099999948
527922.2511,4693.569499999983
528000.532,6144.337899999984
528355.8262,7851.036599999992
528670.7312,8282.97940000007
528752.3886,12298.674299999955
529112.4452,9296.782799999928
529123.8861,6710.419400000013
529367.4897,5266.355500000063
529917.9582,16169.775900000008
529953.4475,20122.0098
530295.5967,8715.07494999998
530414.7234,21406.281100000022
530753.6286,38676.989500000025
531246.3254,6609.055999999982
531343.1443,15424.827200000058
531378.3203,14604.501500000013
531444.7782,6088.0603999999585
531807.5615,7578.207799999975
532146.1831,9695.72510000004
532638.9269,14275.632799999963
532991.4498,6977.782899999991
533038.2279,11794.718800000031
533125.8866,7703.828299999936
533324.0233,13623.436099999992
534084.9662,9925.262800000026
534261.0523,20066.309699999983
534451.7384,25625.520500000042
534503.8254,18712.863199999963
534852.0808,7887.711699999985
534901.865,7680.335199999972
534934.1742,11861.87109999999
534957.2345,7725.712100000004
535229.2451,8197.495799999917
535285.2128,15693.374499999976
535290.3649,10885.05288000009
535756.0831,9908.084100000095
535791.9865,22821.15240000002
536107.6187,12442.146100000013
536347.8736,15772.286500000046
536486.439,9872.14730000007
536564.8972,12382.270666666678
536642.6256,25817.116800000018
536900.765,19369.587800000038
536963.0085,10944.63619999995
536986.3482,9558.399700000067
537266.032,14422.14870000002
537473.6779,9901.83990000002
537591.7406,9995.763500000001
537624.2926,16359.017600000021
538065.7722,10175.390600000042
538368.2702,10049.27390000003
538397.2517,11916.14870000002
538678.0557,9303.818100000033
538719.7856,12607.75589999999
538741.3566,21622.887600000016
538852.34,10344.697700000019
539039.6676,16668.93180000002
539233.3718,11096.442299999995
539290.1703,8523.098299999954
539466.2008,15538.998000000021
539681.708,10242.688100000028
539856.6674,17382.856100000034
539968.8012,8986.75119999994
540009.4487,23967.211499999976
540032.5378,6727.754500000039
540096.6148,6985.244100000011
540195.7497,14495.92100000009
540280.6829,9687.023600000073
540477.137,18404.96259999997
540858.1484,9724.103999999934
541058.9907,8417.48589999997
541343.6631,8240.817900000024
541712.0456,8140.025499999989
542036.6852,15269.577499999898
542229.6173,8136.640400000033
542611.0485,29700.02045000001
542756.4616,18093.455599999987
542773.9806,11724.794600000023
542791.2569,18782.432100000035
542804.526,12556.72359999991
542830.2234,16429.9608
542837.7764,8781.186499999953
543016.7099,11133.1777
543385.5402,12119.1054
543433.8465,9083.875699999975
543451.1961,12761.581599999918
543601.102,15150.742599999998
543773.0918,15350.808000000077
544098.5554,9264.398799999966
544449.2185,9428.700599999982
544839.3451,9696.654600000009
544957.1485,9410.852399999974
545490.3088,10546.722500000033
546199.336,15595.83189999999
546244.643,10918.906200000085
546346.6042,22596.84508333326
546470.7129,10266.856400000048
546755.1459,18941.415000000037
546947.8726,12879.326099999947
547266.3532,10462.660299999989
547276.5528,7161.6059999999125
547282.7948,16993.865100000054
547287.9385,7734.771300000022
547645.8242,8316.767100000056
547699.9281,7664.05130000005
547707.2565,6716.923399999971
547822.8379,11952.880600000033
548226.0406,13512.269899999956
548481.9539,5570.9366000000155
548534.4107,12676.943800000008
548588.0347,19440.104300000006
549057.4531,7071.552100000088
549362.1858,18723.129499999923
549685.6037,13440.919899999979
549714.1756,10184.37109999999
549825.0788,18206.70530000003
550156.8523,12081.987399999984
550506.3398,15057.575499999919
550562.0735,12664.4445000001
550565.8465,10337.445999999996
550820.162,10675.931300000055
551167.9925,10816.994800000102
551231.6965,15790.993799999938
551309.5116,22085.98470000003
551316.5855,14258.115700000082
551354.9616,10972.020600000047
551421.2656,11329.188533333363
551530.6508,26800.069900000002
551616.099,28677.266100000008
551711.4185,18921.66988333338
551740.694,21880.880400000024
551765.7147,33902.90985
551794.4984,9094.110500000068
551886.752,11148.340800000005
552099.8637,9751.267600000021
552218.9545,27567.938199999975
552419.6997,17414.730899999966
552434.35,18955.65260000003
552576.9896,9652.323399999994
552714.1708,8648.218200000003
552731.716,11143.352799999993
552750.1581,7551.711499999976
553043.2604,8679.553200000082
553114.6885,14552.022400000016
553341.1107,21868.15399999998
553434.4773,12169.631200000062
553603.3059,20650.312000000034
553700.7657,7763.285900000017
554272.9725,13411.767400000012
554281.6213,10922.41559999995
554330.2498,13022.356000000029
554496.605,10832.886300000013
555080.1625,22386.02390000003
555120.0524,18499.607200000086
555413.9964,18822.65189999994
556023.0435,7336.928900000057
556083.3474,14188.879399999976
556276.1304,3808.116000000038
556362.0613,13502.59859999991
556400.9352,8241.058699999936
556496.9255,35831.72730000003
556626.3117,4933.589299999992
556764.2148,26206.692099999986
557155.9757,1990.329599999939
557201.3335,11749.405199999921
557320.985,13540.20730000001
557413.0365,1497.3810999999987
557479.7889,10756.686900000088
557611.7366,10158.382599999895
557692.3242,1935.0722999999998
557976.3124,30126.313000000082
557986.8256,9624.783700000029
558059.8563,32494.808899999945
558109.0303,25980.27509999997
558135.0496,15738.174499999965
558615.346,1574.487300000037
558650.2019,12715.180599999963
558840.7986,11706.812799999956
559024.1061,17266.433100000024
559028.9799,19033.20350000006
559079.7959,13242.42810000002
559081.6726,12637.100000000093
559371.5396,11926.167200000025
559403.6758,10867.435899999924
559575.0572,14467.140300000086
559731.1814,0
560173.3184,14904.106099999975
560223.1547,15078.04859999998
560266.2784,2826.3410999999614
560274.7916,19770.34990000003
560277.5821,1587.6485999999568
560344.6321,12173.393800000078
560348.7591,10471.014000000083
560538.606,7638.379000000074
561036.5161,0
561325.0267,37894.23410000006
561665.3701,1578.4126999999862
561744.5321,12956.22789999994
561811.6355,0
562105.2791,0
562328.3838,11176.350999999908
562395.7792,21848.9412
562457.5756,41185.33089999994
562976.2872,0
563146.5611,13872.903400000068
563316.6297,0
563473.4752,28830.422299999977
563998.0626,32254.819000000018
564081.5909,14668.301800000016
564285.7717,17868.9902
564555.5656,27841.205399999977
564575.3675,20416.890300000086
565068.8637,11473.983400000026
565304.064,11031.006500000018
565314.5811,9957.089899999904
565453.6613,22765.401700000046
565500.9089,12587.209000000032
566073.9833,24149.71470000001
566145.7493,21902.342500000028
566408.428,18142.479300000006
566515.2408,4932.89870000002
566559.0518,11169.476600000053
566598.2597,0
566669.4421,0
566823.6103,12709.208199999994
567318.5603,10432.69960000005
567796.1405,22226.159400000004
568085.4606,0
568089.2154,15870.429000000004
568299.4549,20144.71629999997
568477.8746,15657.078166666673
568485.7669,0
568860.4164,29331.478200000012
569118.839,34879.95940000005
570080.605,13952.172299999977
570123.3669,0
570324.7471,18326.37520000001
570425.4781,14980.011499999906
570434.8942,18393.91559999995
570614.537,27619.77740000002
570712.8708,18829.646000000066
570794.1185,23868.824799999944
570846.2857,24615.128200000036
571285.9556,21617.0956
571367.8897,36369.57810000004
571559.3021,30176.494199999957
571702.1676,30488.186800000025
571724.1561,21389.42830000003
571758.5539,14714.012800000026
571930.3586,30273.107000000076
572128.3079,16640.864100000006
572164.7976,1690.2098000000697
572194.3304,17155.160000000033
572332.6402,0
572395.4445,15379.37639999995
572406.9202,15090.426800000016
572679.7536,17753.669100000057
572941.4756,0
573053.8835,14538.057099999976
573203.8358,25060.793900000048
573256.6802,1761.6162999999942
573320.0296,17043.389900000067
573435.0299,27710.14399999997
573661.1857,20524.99040000001
573746.5348,36511.889800000004
573954.0669,0
574117.9336,5439.957799999975
574152.6189,22147.342399999965
574312.2293,25602.724599999958
574900.0368,32882.75100000005
574903.3909,16129.343499999959
575014.9469,0
575058.9926,18571.921699999948
575146.3539,24292.474999999977
575151.9278,17168.32119999989
575279.2163,25952.238399999915
575345.4366,22831.502699999954
575488.3817,13091.944000000018
575516.8527,23292.189200000023
576201.6136,14584.183700000052
576272.7456,16619.325900000054
576384.8192,39297.76659999997
576483.7674,0
576553.4121,27203.0858
576651.3504,17464.016399999964
576696.2681,0
576960.2691,19524.200700000045
577099.9244,12967.597200000077
577173.6054,0
577519.615,39199.157400000026
577595.7478,25166.195599999977
577648.7347,14558.275200000033
577765.621,16410.452800000086
577777.3902,24755.186400000006
578080.5059,18527.527299999958
578138.6493,18718.81110000005
578402.0312,17818.678399999975
578439.4814,14835.782600000035
578451.1826,15272.900699999998
578608.6533,37630.684099999955
578621.6286,0
578694.1997,15429.692599999951
578868.502,25189.21120000002
579021.1729,27568.515800000052
579309.3673,24347.997500000056
579317.5044,4532.208600000013
579385.98,10756.370200000005
579461.7583,14526.28059999994
579654.4608,27066.462100000004
579899.0944,11933.567399999942
580069.392,20908.62619999994
580077.4672,13638.402599999914
580083.7653,27356.748599999934
580425.4094,10499.732899999944
580531.6061,11968.589700000011
580775.2839,26196.67100000009
580930.3109,35574.96909999999
580946.017,33779.15280000004
580996.6196,17670.120999999926
581368.1764,15505.832500000019
581602.1613,11244.910299999989
581843.1503,13052.194200000027
581903.4591,11950.048999999999
582052.4833,15519.788100000005
582153.9976,35156.90619999997
582639.0016,19821.785399999935
582954.0508,0
582980.4568,19202.150400000042
583132.3342,12087.220300000045
583406.6406,22065.26640000008
583597.0207,0
583630.7061,15615.273575
583644.4277,16383.188500000047
583917.5443,32659.682399999932
583931.0218,11129.476400000043
584016.7656,10971.87340000004
584127.2556,13066.269300000044
584290.5376,21213.342700000037
584364.4365,0
584410.96,25931.517200000002
584523.9319,14142.927799999947
584553.6949,12408.31839999999
584708.3337,26057.677599999937
584756.8599,9936.499900000053
584914.844,19482.21920000005
584938.4938,10271.92470000009
585109.2008,30075.403700000024
585126.0482,18020.464624999906
585187.0826,8517.09899999993
585216.8682,8343.23470000003
585493.7583,16697.328499999945
585725.9894,7311.071099999943
585787.1084,8421.895699999994
585918.6606,0
585918.8265,7166.277999999933
585966.984,30016.29640000011
586031.1211,7994.940059999935
586045.256,0
586106.5277,7575.878099999973
586310.7406,21628.43790000002
586345.7825,3618.587899999926
586362.4837,15609.465399999986
586422.8865,13942.084499999997
586488.5128,22826.364500000025
586508.9365,1164.367579999962
586914.978,25186.02899999998
586993.9912,0
587112.5594,13926.237700000056
587331.1443,9042.774500000058
587392.8446,11501.5625
588152.5908,8073.190599999973
588447.6081,27458.995799999917
588669.3884,9118.294700000086
588865.7526,11118.591600000043
589002.4422,29123.453000000096
589183.1388,31722.918699999922
589244.1572,6123.537100000074
589317.0025,7938.532499999972
589329.0847,19918.32290000003
589348.8936,29530.09509999992
589685.2014,33987.09220000007
589792.2734,12940.410299999989
590052.1267,19111.523799999966
590271.8019,12316.506399999955
590335.4974,16842.442299999995
590343.4834,19521.846600000048
590417.4964,8114.963499999954
590509.188,11723.368499999982
590588.306,4786.102399999974
590643.0966,1356.8499000000302
591010.9515,11022.38870000001
591079.2787,27819.016300000018
591336.1571,7246.157333333278
591441.4914,28791.67260000005
591669.3381,9133.72100000002
591711.0299,7557.518799999962
591960.1498,3048.935999999987
592029.2031,7602.999000000069
592078.6306,10654.824900000007
592108.0073,622.8488000000361
592475.7023,8646.848499999964
592506.6798,35083.885699999984
592556.2501,14107.298899999936
592663.3936,5683.475999999908
592906.8601,4205.322400000063
592952.4301,27358.02159999998
593060.8206,0
593205.943,3995.8810999999987
593238.6531,21435.612100000028
593292.6156,6383.558100000024
593325.5757,3606.0043000000296
593393.2897,6352.283633333282
593422.5088,2883.649999999907
593433.0357,10486.187800000072
593886.552,18960.895699999994
593897.4578,5297.990899999975
593971.0337,7130.594800000079
594121.1206,10166.329099999974
594392.1647,1052.3217999999179
594445.3655,5658.847499999916
594782.8905,32889.13009999995
594912.084,6121.114200000069
594957.6761,14364.817200000049
594988.4868,4419.747199999983
595099.2216,4808.176919999998
595128.8804,9003.655000000028
595436.5727,10771.539500000072
595780.857,0
595796.2639,13465.498000000021
596280.145,16389.072400000063
596455.0965,8124.444400000037
596791.2573,8877.808400000096
596836.88,6010.626900000032
596937.8399,12397.870250000036
597103.6541,3050.866299999994
597573.0982,9149.646700000041
597584.9578,0
597908.0586,0
598334.9264,5956.826699999976
598335.6125,16232.787699999986
598592.7818,21938.879199999967
598691.708,14330.725899999961
598835.6561,8445.435400000075
598883.5555,25381.708199999994
598946.616,4819.307099999976
598975.6226,8926.949400000041
599250.6543,13150.098400000017
599306.6583,17378.68200000003
599363.0248,11794.791100000031
599548.0017,20120.50919999997
599716.024,6020.912499999977
600029.7696,22017.373099999968
601322.4826,28316.899800000014
601376.6082,19938.956300000078
601450.8284,4024.1785999999847
601505.6237,7140.73470000003
601736.3823,10742.231600000057
602073.8903,3046.4338999999454
602116.9684,9232.958500000066
602229.4291,6315.338499999954
602271.0384,5262.776199999964
602327.8721,23483.677000000025
602402.308,6515.46120000002
602540.4691,11784.009899999946
602558.3009,23447.165299999993
602870.5303,3625.9440000000177
602988.8455,28470.994799999986
603104.5854,9692.399600000004
603159.9508,24660.2537
603221.3543,10286.054000000004
603982.6264,7924.259399999981
604081.5245,4638.505600000033
604224.9231,9992.732100000023
604540.9947,10617.57189999998
604785.9408,7660.9042999999365
605298.0633,5008.632500000065
605582.987,11083.940399999963
605626.2517,5884.9050999999745
605695.5935,4712.691200000001
605813.7243,8141.54429999995
606393.5995,11641.758299999987
606498.6523,28801.769899999956
606608.7641,4729.629799999995
607039.4977,13190.42359999998
607146.0814,14411.961600000039
607245.0444,8449.600700000068
607249.308,8512.724399999948
607407.4839,27355.782000000007
607539.4897,19064.516300000018
607554.1419,9835.9473
607618.0223,5279.15129999991
607900.8838,4648.563999999897
608135.4102,4901.144900000072
608247.9101,23693.900900000008
608476.4596,3639.3945999999996
608498.2285,10195.39811666659
608518.2248,10680.453600000008
608629.1365,18233.870980000007
608652.6133,9397.317500000005
608883.0064,13427.031699999934
609131.5852,17199.844099999988
609438.9994,7235.922999999952
609818.5915,6719.530999999959
610062.8623,20659.484000000055
610386.8953,9090.205699999933
610905.146,10368.023333333316
610970.581,17995.157800000045
611086.1035,5730.63069999998
611220.4667,19008.366700000013
611343.0002,6946.486600000062
611348.5047,4532.619700000039
611444.7744,12587.003999999957
611759.8332,16172.368800000055
612182.065,19372.095799999894
612239.3212,6567.042600000044
612307.1636,18131.184299999964
612585.8554,5541.142800000031
612632.8075,6516.5945000000065
612655.8172,6243.103100000066
612915.8878,4889.554899999988
613087.773,42353.43969999999
613171.7882,6712.045299999998
613461.3004,9908.873299999977
613846.2608,5825.009200000088
613870.6032,13675.070799999987
613972.0347,23021.05569999991
613982.1725,5688.930300000007
614021.2024,22061.29629999993
614182.0919,14520.950899999938
614211.7581,9132.975099999923
614282.6461,9565.897600000026
614541.8326,6275.23179999995
614765.8114,5595.319900000002
614834.0392,6243.962000000058
615307.0286,4803.36819999991
615455.268,5327.457500000019
615717.732,5123.199299999978
616148.6738,16819.277899999986
616215.4584,15521.856299999985
616618.51,8889.405466666678
616675.8804,14278.973499999964
616798.6319,5541.652899999986
616890.8286,5697.612500000047
617147.621,13884.405400000047
617538.8422,12742.053799999994
617783.2753,9674.51099999994
617924.791,17679.199000000022
618074.5229,19343.680599999963
618695.257,6867.176499999943
618859.3869,18219.3088
618905.8973,8811.130199999898
619034.7659,14528.415000000037
619245.7202,6413.120299999951
619253.0124,9053.73470000003
619407.536,12699.471099999966
619578.9409,13486.229700000025
619602.7258,7698.731099999975
620113.2395,27544.65650000004
620453.3779,7855.437900000019
621041.177,7574.139700000058
621089.8373,6207.0942000000505
621332.7748,7107.4473
621503.3587,9528.366900000023
621605.9355,18538.636200000066
621656.3272,12402.73900000006
621767.2825,9094.943100000033
621960.5955,10614.141300000018
622002.7463,7373.551699999953
622520.2972,13320.637800000026
623042.106,17699.27760000003
623525.8394,7530.379800000112
623612.06,11143.328200000105
623723.1027,15107.442200000049
624149.756,12490.32660000003
624175.1005,8381.166199999978
624216.1799,9011.61659999995
624384.5708,7531.482699999935
624435.6971,9457.813399999985
624488.0366,9127.547799999942
624820.2338,8499.226100000087
624871.6765,8771.460599999991
624905.3352,8061.661199999973
624958.6904,16231.88069999998
625146.324,10086.237100000028
625236.2955,17941.846699999995
625564.4507,7816.057600000058
625701.041,22229.48729999992
625790.8468,9573.985900000087
626334.9543,14255.599999999977
626734.6539,8559.864700000035
626913.0371,11905.964999999967
626938.6369,17437.855900000082
626946.9576,11395.654800000018
626974.0596,22825.81150000007
627088.563,15075.154499999946
627193.251,6443.420900000026
627532.7483,10672.860699999961
627884.3671,11308.572000000044
627943.3343,12209.459599999944
628037.4905,13522.78609999991
628087.5023,21045.03150000004
628118.412,9437.622399999993
628159.9921,8030.671800000011
628278.3792,23107.03879999998
628375.3764,8112.71669999999
628447.2137,8774.75020000001
628463.6367,9667.664700000081
628472.8827,10695.235699999961
628505.475,5718.524199999985
628732.4792,17460.974599999958
629235.7019,11128.804899999988
629241.1984,10015.02919999999
629594.165,8987.679800000042
629717.6881,27787.407600000035
629736.9626,9407.97399999993
629751.476,8237.178300000029
630093.012,19226.24119999993
630175.1466,8685.45689999999
630330.1906,22400.10879999993
630382.5553,9023.11499999999
630597.9372,21868.677200000035
630763.3955,12934.377299999935
630850.5942,20058.56460000004
630996.3849,15441.4375
631056.6874,6337.093100000056
631215.0995,8852.07620000001
631253.0322,7413.082399999956
631304.6508,7808.207499999902
631596.3162,7126.336899999995
632087.2726,14099.040099999984
632279.1632,6309.454899999895
632406.8569,8182.108899999992
632446.9919,20309.81520000007
632448.4734,7871.0321000000695
632656.9542,15459.299899999984
632796.9508,7125.60699999996
632955.6047,18874.71140000003
632990.4745,12388.104799999972
633644.8534,16159.013400000054
633681.6498,27337.52720000001
634200.7123,7414.134300000034
634340.4474,8300.248399999924
634747.0049,12392.219800000079
634963.0413,7239.1732000000775
635167.8152,25469.2098999999
635249.9817,12669.317700000014
635266.6715,8829.32500000007
635519.3584,5742.285799999954
635929.0924,13189.503799999948
635995.4429,10240.042100000079
636759.7772,15173.194600000046
636762.7006,9727.931099999929
636804.5076,14620.83440000005
636996.5569,15932.35950000002
637268.5749,25156.711899999995
637500.5038,8571.64209999994
637519.0493,22839.2429999999
637612.6003,41195.77470000007
637649.819,11475.723899999983
637826.3057,9897.957599999965
638448.6893,8408.206999999937
638770.2065,8032.421299999929
638891.7769,12981.482500000042
638953.6051,24832.44940000004
638981.1873,7865.58349999995
639168.3687,8668.81640000001
639340.4058,7475.349899999914
639585.7846,14876.930000000051
639726.6872,18590.77390000003
639952.5098,24597.994599999976
640229.2707,24316.621599999955
640245.6459,10297.015000000014
640555.4258,17353.042999999947
640658.4649,18252.31189999997
641009.9632,32937.5
641257.8021,18133.651599999983
641288.9101,20322.83230000001
641339.8224,22708.566599999904
641390.2998,26289.917600000044
641704.6698,10057.741299999994
641861.4215,24403.377000000095
641988.584,6261.504500000039
642207.8751,14067.515999999945
642213.9315,16485.126699999906
642663.7605,13001.961899999995
642870.1277,17525.916199999978
643185.8201,12603.939200000023
643197.4558,8894.368000000017
643346.874,40543.84999999998
643579.2073,42266.306166666676
643829.0339,12220.478899999987
643921.4398,15077.84260000009
644449.0346,0
644580.2056,12953.987500000047
644782.2605,11671.321400000015
644847.0,9376.032000000007
645088.9296,14869.070300000021
645099.3953,13219.366900000023
645118.8643,17583.79350000003
645630.9275,31528.4902
645677.0461,19779.632500000065
645814.2306,25698.020600000047
646000.6556,23136.05130000005
646137.6519,13161.666599999997
646145.4608,18296.223600000027
646153.5796,10702.77190000005
646163.5832,23911.68689999997
646186.1684,18836.41379999998
646538.736,17977.733400000026
646719.7321,11889.571300000069
646805.0104,14264.053900000057
646871.2644,10749.704200000037
646996.7563,10027.037299999967
647317.4535,2985.8601999999955
647335.114,17296.123699999996
647368.6527,20978.510699999984
647510.2454,17437.032000000007
647774.9999,11251.154500000062
647788.3437,19607.340199999977
647789.8883,11873.25800000003
647897.4682,18486.288900000043
648129.389,25568.850199999986
648130.0984,24045.77210000006
648224.1289,12854.371700000018
648275.9887,17610.09230000002
648311.0126,7344.924100000062
648378.1276,12615.132100000046
648536.2578,16521.392200000002
649060.6819,25914.69504000002
649803.7282,16220.539499999955
650114.2067,25023.72860000003
650303.0181,3527.595299999928
650448.6371,10354.539100000053
650571.9863,14337.095699999947
650719.0711,12722.830599999987
651343.0982,15669.94709999999
651374.1114,11272.70071666676
651422.0206,0
651466.9523,19748.670799999963
651682.4687,17857.715399999986
651795.881,21235.05130000005
651899.9692,12682.249700000044
652221.1001,11803.042020000052
652374.2603666667,0
652441.1557,24912.06880000001
652461.1138,11035.291100000031
652473.5667,17876.400599999935
652566.0446,11498.94140000001
652808.7767,20575.789800000028
653579.2367,13314.891999999993
653670.653,11553.760899999994
653683.329,16961.862900000066
653750.2409,10682.331799999927
653844.7434,13907.853000000003
653949.9579,16043.425600000075
653971.5165,10108.62659999996
654133.0093,13980.136600000085
654217.0009,10738.79019999993
654298.6225,16751.353700000094
654354.1204,22847.25060000003
654610.5786,10024.695799999987
654805.833,10758.936299999943
654814.9432,22013.927799999947
654948.5176,11466.457000000053
655031.9857,20135.270099999965
655228.4755,15244.380199999898
655430.3064,13747.201566666714
655503.8105,24350.5392
655606.4962,11372.629700000049
655735.7154,13187.824999999953
655764.5462,11409.341200000024
655772.6157,8891.187099999981
655896.059,30797.48080000002
656156.4268,13885.607700000051
656178.3383,17947.459499999997
656484.9645,9997.898000000045
656492.2935,18162.98880000005
656599.4907,10780.20849999995
656801.2782000001,0
656808.8113833333,0
657097.5256,14557.962400000077
657189.827,17473.753500000108
657234.8075,10010.01919999998
657241.0963,0
657301.407,8316.934299999964
657457.2411,7842.722999999998
657551.0786,9663.307900000014
657699.3919,21739.25
657719.8088,9237.579200000037
657810.2681,12046.591599999927
657968.5182,13852.598800000036
658031.8455,9722.816700000083
658058.0563,23396.26760000002
658231.8755,0
658611.2621,22745.372300000046
658694.0651,13843.93770000001
658938.3543,11506.666199999978
658997.9866,0
659001.6322,8409.686800000025
659102.4628,12891.414299999946
659163.2678,18016.83030000003
659164.1099,0
659288.5902,27422.55946666666
659331.5026,26077.328299999936
659640.3756,20836.826100000064
659646.1983,12926.352799999993
659702.6412,11447.56369999994
659749.1314,9225.609399999958
660221.7407,8519.20689999999
660806.4347,10846.693699999945
660823.6313,10473.097900000052
660839.2003,20171.260899999994
661476.4219,9349.506799999974
661534.947,8577.956500000088
661599.0344,9479.506000000052
661644.4379,7731.370200000005
661736.1319,8938.009900000063
661812.7356,9689.501000000047
662063.7363,11964.749899999937
662092.5916,19045.342999999993
662186.4449,12501.137699999963
662258.2657,14464.334399999934
662321.4214,0
662379.5846,39564.652
662997.8256,6644.29429999995
663005.0255,32142.399800000014
663218.2047,12812.56500000006
663243.0236,23336.087899999926
664058.2277,20735.18430000008
664280.6283,14519.413699999917
664401.5881,9311.656799999997
664470.7725,11630.182700000005
664505.9359,0
664710.5422,20090.290400000056
664762.2155,28041.582400000072
664816.6307,23885.18519999995
664868.9331,13320.146399999969
664887.4279,13837.208600000013
664979.9133,21027.783599999966
665065.1217,11315.766000000061
665392.6414,0
665664.185,32515.556400000118
666045.4716,14986.159400000004
666428.7621,13773.684600000037
666846.557,9467.853300000075
666848.0225,12241.575399999972
666956.4349,9995.162899999996
667137.3499,33149.4645
667251.5629,10468.731099999975
667266.0152,10584.341800000053
667485.9357,11170.949900000007
667947.1404,615.5444000000134
667997.1929,0
668033.5657,11159.344099999988
668394.2516,13475.997800000012
668454.8167,8669.358799999929
668557.7393,5359.369233333389
668773.8563,20580.986900000018
668799.4909,8003.403500000015
668837.4159,11965.352674999973
668845.4754,11583.614399999962
668885.4971,10009.138000000035
669173.3434,18706.791899999953
669487.9064,11598.551800000016
669583.3119,10802.768299999996
670034.5098,0
670036.1837,18932.83070000005
670230.5985,29970.734699999914
670248.1513,8188.651799999992
670358.8778,12813.918700000038
670371.0112,9264.325899999938
670401.6191,16062.955900000059
670405.6032,15665.614700000035
670487.738,13195.904333333368
670530.9581,6966.741299999994
670788.9553,34689.9264
671302.9838,0
671354.5085,11006.2267
671563.9741,0
671854.6049,14328.557600000058
671867.2085,9049.083600000013
671872.2616,12448.07919999992
672209.124,8283.044099999941
672211.0321,9790.799200000009
672260.2298,15595.529699999955
672471.0959,24298.11599999992
672507.0951,29982.855300000054
672912.0222,26846.027899999986
673016.7932,9289.821699999971
673049.5552,0
673085.858,14584.559099999955
673296.4111,10359.130300000077
673370.1391,27331.215199999977
673609.9522,23303.97700000007
673961.0692,19722.852900000056
674128.6347,7700.709499999997
674242.4401,7936.41929999995
674391.0945,17747.29839999997
674410.734,9059.348200000008
674484.2614,15944.941099999938
674509.363,9494.156599999988
674598.2206,6387.081200000015
674941.9463,18352.246599999955
675081.7563,15275.39029999997
675117.1264,11988.330599999987
675254.661,36494.900799999945
675550.4031,15219.385699999984
675697.1847,8421.272400000016
675767.8736,9008.162500000093
676420.6731,8275.360600000015
676445.5146,25087.67830000003
676866.9963,0
677042.0876,8999.864700000035
677269.1842,23556.204499999993
677446.1488,9033.517499999958
677592.8245,6783.687399999937
677710.3854,6319.055900000036
678034.6006,16094.913399999961
678072.086,0
678123.0359,0
678129.394,13690.932099999976
678174.9599,0
678377.8869,0
678454.6591,16605.76190000004
678699.02,16329.908900000039
678983.968,12700.929400000023
679121.8282,9574.548300000024
679280.9392,25802.494799999986
679416.4959,9401.430799999973
679506.0655,10100.9473
679623.9155,10949.82460000005
679679.0943,13786.294600000023
679694.896,28654.88029999996
679963.5186,7989.903799999971
680103.0732,5942.646899999934
680154.2677,9287.94849999994
680199.7053,8521.959299999988
680404.6769,0
680526.3854,6953.100700000068
680533.1359999999,0
680553.998,12085.919800000032
680642.9918,0
680720.0635,4570.775200000033
680760.4187,7856.078700000071
680763.9467,7328.036399999983
681016.1507,5250.832599999965
681157.3767,0
681168.4712,16396.987399999984
681302.3028,9345.854999999981
681338.164,8350.574999999953
681346.6627,5267.279499999946
681438.9106,7571.873724999954
681463.315,3359.2537999999477
681826.7742,3201.233600000036
681937.8172,5445.188700000057
682022.8548,17435.598499999964
682183.9084,19674.94849999994
682232.1675,6359.019100000034
682296.8656,7966.932099999976
682506.1626,4350.806100000045
683310.027,17091.680599999963
683340.9446,0
683535.4989,13039.483600000036
683550.1337,0
683625.5214,5614.396399999969
683717.8724,4252.1875
684104.7623,2695.355899999966
684178.8126,4483.546316666645
684187.2186,6268.109320000047
684214.3094,24840.29520000005
684592.2924,0
684598.8483,5297.746399999945
684731.8603,8114.77919999999
684896.6577,23362.09050000005
685052.6144,1539.1291999999667
685133.3743,12115.592900000047
685448.4577,28653.392300000065
685710.9083,23836.570000000065
685762.5275,15509.469799999963
685939.3135,4924.396200000076
686200.262,30923.585300000035
686580.1508,8663.984599999967
686638.3175,20634.56408000004
687001.6121,18787.93929999997
687049.9426,6601.8133999999845
687495.5996,19808.959900000016
687568.6194,12139.930399999954
687593.686,814.764599999995
687655.4507,9483.250600000028
687932.6964,34055.76839999994
687992.8418,0
688043.32,8921.146799999988
688050.3219,8890.219599999953
688083.5295,21572.733499999973
688358.1532,9309.23789999995
688570.9939,19804.08959999995
688647.156,4580.89850000001
688769.228,29629.27560000005
688859.2522,0
689074.9018,6636.996999999974
689148.6202,3590.150499999989
689298.6883,0
689447.0804,22021.821099999943
689499.8244,11596.932900000014
689504.3974,1850.0628000000725
689788.168,2661.3936999998987
689859.0155,18108.625
689883.7358,6749.66399999999
689895.9717,0
689983.2662,2255.1491999999853
690057.0605,15817.267899999977
690085.3552,6072.373499999987
690382.7704,13329.32209999999
690418.4038,2765.6538999999175
690575.9158,2260.7894000000088
690711.6668,3391.6263000000035
690904.4484,8557.382800000021
691040.3161,5637.307200000039
691042.8728,2986.3227999999654
691158.6432,0
691265.5238,1735.0429000000004
691376.2791,2821.8175000000047
691552.4698,6970.149600000004
691727.0886,28497.623299999977
691779.5216,1605.4163999999873
691941.3114,7220.53740000003
692091.2417,18488.092799999984
692114.5357,3843.916599999997
692369.3498,2738.9297999999253
693082.7704,2666.382900000084
693160.8612,7317.8913000000175
693669.2833,1789.1125000000466
694070.9543,12403.663300000015
694111.2455,5258.232399999979
694440.8129,4095.8958000000566
694715.3714,3882.1904999999097
694743.596,13068.722700000042
694870.5367,12675.898600000073
695129.9513,3411.56959999993
695239.5341,7631.215500000049
695270.3962,0
695400.5983,16220.25589999999
695468.6873,11627.75020000001
695633.9501,8544.56435
696009.1378,8230.875
696420.3202,17084.191799999913
696532.9785,3757.4734999999637
696615.9141,4761.392000000109
696947.4367,6896.885799999931
696979.6081,9771.598200000008
697016.5228,12152.689100000076
697239.9599,21277.91260000004
697287.3398,27683.542999999947
697385.4348,4782.641999999993
697519.0712,5550.230899999966
697643.0074,3818.083800000022
697725.1921,10972.140999999945
697941.7978,6415.505599999917
698201.1261,2817.4037000000244
698525.2636,21802.72359999991
698606.3058,4185.878799999948
699007.8812,4518.238599999924
699185.0381,11427.873299999977
699481.8627,4661.605100000044
699584.4324,11558.793600000092
699793.9571,8677.16009999998
699864.7583,4473.7500999999465
699954.706,4091.8212999999523
700035.1324,5329.032299999963
700082.4901,8501.499400000088
700525.0532,3360.234599999967
700707.3506,17479.053900000057
700734.3649,3504.52640000009
701102.6938,5357.908000000054
701131.5274,5275.96120000002
701137.945,3917.5688999999547
701325.1094,16834.8973999999
701457.604,4289.134300000034
701646.1323,3994.1226000000024
701871.9582,4423.875
702066.5845,6775.427400000044
702096.2185,37806.850600000005
702408.8086,6853.698100000038
702603.6711,11103.342400000081
702635.8277,3391.031100000022
703003.9733,4388.910199999926
703046.5252,12079.06130000006
703142.8894,12815.210100000026
703191.3264,7708.2188000000315
703299.7099,7117.102500000037
703317.2701,13206.3125
703333.4408,39012.97589999996
703613.9532,4251.48749999993
703702.1173,6409.948300000047
703815.7403,16295.778299999889
703848.772,4571.8601999999955
704069.4123,6352.230499999947
704191.7832,8675.677399999928
704346.994,13625.245599999907
704442.1438,10772.777200000011
704587.6037,25570.445699999924
704761.8605,7303.9993999999715
704774.4769,11742.963699999964
704834.9899,9906.90850000002
704900.0307,10400.360499999952
705048.5285,6043.90830000001
705253.6737,6184.886500000022
705699.3716,11414.048199999961
705711.0761,5180.6864999999525
706026.2594,3171.229900000035
706082.7135,7190.8554
706095.8125,13832.080399999977
706160.2539,8308.405700000003
706342.2661,6039.664100000053
706588.323,6419.024099999922
706725.5823,5678.821300000069
706759.6555,2547.8425999999745
706852.615,5779.476999999955
706988.9037,6217.364400000079
707371.4722,7606.640799999936
707770.4477,7375.144700000063
707792.9496,5361.2997000000905
707823.5903,4750.460000000079
707875.7236,2339.1204000000143
708215.0092,3292.512699999963
708262.0988,12202.395600000047
708438.0951,5859.70570000005
708651.4725,8112.660099999979
708833.3865,3296.0365000000456
708902.6144,4288.672399999923
708921.5355,4126.052200000035
708937.4246,4747.327260000049
709518.4811,1710.5965999999316
709590.756,11467.101400000043
709975.6675,10142.582799999975
710051.4659,4735.834299999988
710054.8351,13249.708800000022
710165.2393,7024.068100000033
710345.1659,12857.33440000005
710594.2968,7348.528599999961
711040.2383,3199.0106999999844
711045.2365,31365.05489999999
711274.2324,19685.380400000024
711352.1232,2741.1967000000877
711687.9306,4895.128299999982
711904.6348,22510.47840000002
712003.068,1373.3352999999188
712069.1936,6148.063599999994
712591.4954,10099.725500000059
712881.0329,9134.531300000031
713041.8618,4266.667099999962
713075.3146,22469.20285
713374.7736,5424.033999999985
713932.6053,15206.645200000028
714304.5972,3275.002199999988
714308.7177,16896.779300000053
714372.0477,18651.230899999966
714504.4224,3972.6201000000583
714540.8342,2399.507100000046
714551.8222,5458.301399999997
714887.1416,5333.132299999939
715031.66,4655.165900000022
715128.9841,23076.626900000032
715652.381,16862.298500000034
715822.3174,7174.102300000028
715905.6428,3323.170400000061
716437.2441,10691.599000000046
716924.8012,19008.208600000013
716929.5455,9871.079299999983
717092.7767,2856.4459000000497
717095.2172,4933.677399999928
717160.3762,6832.675400000066
717468.7594,11557.29330000002
717765.6889,4877.885799999931
717891.0516,4148.115499999956
717927.2686,21560.19709999999
717931.1716,9999.885600000038
718009.9546,1958.8813000000082
718203.1338,2598.3035999999847
718362.6437,6877.213100000052
718404.1908,10420.761799999978
718619.6598,7399.522899999982
718802.9491,22398.86869999999
719020.6419,10458.634000000078
719022.2533,3153.389499999932
719294.6707,6826.071899999981
719500.4736,16773.14730000007
719658.6203,3390.735699999961
719742.5992,32421.965800000005
719892.4729,6914.650200000033
720043.5688,2236.831200000015
720101.4008,6558.699999999953
720744.9282,5008.433499999926
720782.9655,11473.841400000034
721197.7535,9052.525699999998
721251.7936,10584.018700000015
721357.581,3576.285600000061
721574.5013,6470.282099999953
721804.9146,6603.682900000014
721877.2148,2729.8829999999143
722448.4547,4223.821299999952
722590.0264,13827.265999999945
722715.5372,10043.435599999968
722821.4857,17084.79099999997
722903.8475,19130.964800000074
722989.1908,12917.824400000041
723054.7458,7166.904300000053
723184.1074,27634.181899999967
723243.022,10771.575300000026
723611.1716,5095.01099999994
723787.5055,17114.247199999983
723889.234,21562.096300000092
723956.089,7635.352700000047
723997.9129,8331.094599999953
724007.8093,19328.819359999965
724009.1049,13526.497700000065
724563.3155,32221.360700000077
724692.9527,7158.625400000019
725175.5945,8095.581099999952
725542.2386,11680.733000000007
725655.1369,14651.0205000001
725742.6832,18728.4034999999
726211.6932,6131.117699999944
726262.3938,6078.484899999923
726280.4142,9983.716299999971
726441.4347,5184.883499999996
726546.2762,6749.537999999942
726575.1066,16533.774900000077
726583.9303,8354.342799999984
727086.4077,3409.653399999952
727173.3691,4839.861999999965
727245.4491,9701.365299999947
727499.707,1894.4386000001105
727610.0605,27834.072000000044
727717.5816,12573.552299999981
728511.4766,6053.866700000013
728662.3725,6895.829000000027
728760.9969,8928.451100000064
728814.103,5592.598600000027
728837.4311,12112.104600000079
728993.6852,17693.119899999932
729537.3004,28435.23299999989
729726.6363,5597.289899999974
729918.0016,10250.410399999935
730113.2275,9103.059100000071
730185.4134,13981.379699999932
730352.9453,15097.675900000031
730388.2389,6340.03899999999
730427.0988,10108.307900000014
730637.2671,7601.212600000086
730752.2775,39615.27960000001
731052.0226,8633.387800000026
731052.1751,10460.824000000022
731095.7997,1106.762299999944
731099.6236,12042.768400000059
731127.4967,40654.73670000001
731554.7067,11692.881799999974
731695.4611,4762.272499999963
731756.8619,3980.6334999999963
731824.1148,11927.24139999994
731935.4807,6432.192500000005
732389.3846,6932.255800000043
732482.6565,18609.370200000005
732677.1418,8457.043199999956
732685.6125,5735.675700000022
733077.8151,8119.567799999961
733113.5155,0
733288.6797,9686.426600000006
733492.7906,0
733514.3805,8679.127800000017
733776.8165,11607.201799999923
733908.7522,4678.315999999992
733923.8389,7300.377600000007
734498.927,4761.766999999993
734768.6105,15039.329299999983
734801.203,6495.307999999961
735030.3381,14624.064500000095
735373.6748,21487.76040000003
735397.9756,23698.22140000004
735771.3501,7324.734300000011
736132.162,6229.444000000018
736505.8959,11351.368200000026
736681.8139,7285.037199999904
736815.0546,7132.410200000042
737132.2124,3342.467100000009
737678.4373,3405.8854000000283
737722.4313,10461.982300000032
737963.6995,7790.959900000016
738339.3602,9986.336499999976
738814.5612,18802.504799999995
738988.4014,17555.139299999923
738993.8597,17195.77980000002
739086.847,13728.670999999973
739474.3881,12923.69339999999
739493.7582,0
739802.8146,565.2547999999952
739874.2795,21884.328299999936
739955.8067,0
740085.6358,14563.584000000032
740100.0965,15758.393799999962
740103.4638,11136.537699999986
740134.1201,2567.7594999999274
740191.3338,9569.137899999972
740267.413,14775.363199999905
740361.3403,28332.0466
740497.1802,23907.46219999995
740510.9028,0
740692.9741,0
740737.5369,23973.52279999992
741181.2026,20310.810899999924
741382.8613,24131.098800000036
741442.9647,0
741453.6351,8903.695499999914
741610.4854,9762.268799999962
741872.9395,9306.268900000025
741893.6093,15442.107500000042
741911.3096,16096.240500000073
742118.0683,828.6943000000902
742162.9854,18133.50430000003
742283.7973,8331.407400000026
742308.7624,619.2149999999674
742375.7338,16355.744900000049
742465.5701,10591.82070000004
742801.7257,10503.45809999993
742805.2868,9824.747100000037
742822.9598,11269.972699999926
742890.186,11431.499700000044
742988.4538,9436.217399999965
742994.407,20534.61719999998
743011.6317,21768.7537
743249.0472,0
743366.0336,10815.449499999988
743855.464,16421.55310000002
744159.098,10948.478499999968
744269.6989,18759.079099999974
744386.0415,14569.174500000081
744482.0055,0
744594.0423,11925.170999999973
744665.7973,10137.12089999998
744748.6582,25058.80429999996
744753.3562,14261.779900000081
744786.1032,12073.451299999957
745085.4612,10846.984400000074
745267.0283,14071.763000000035
745313.864,11271.349399999948
745739.7656,11705.34970000002
745911.4315,19386.400900000008
745946.9833,6247.645000000019
746070.9334,11817.421699999948
746230.5554,17164.578499999945
746289.606,26548.858899999992
746513.397,31067.93279999995
746652.2131,19505.28740000003
746680.5001,33889.55009999999
746859.7996,39580.59340000001
746863.5773,12144.493900000001
746904.4957,11688.542399999918
746990.4214,17708.457399999956
747089.6975,26669.582700000028
747100.3865,4054.41240000003
747221.4584,18234.34580000001
747293.525,12630.377399999998
747632.6204,8565.868099999963
748032.7578,16377.087200000067
748038.5285,12384.444299999974
748157.7748,11244.819000000018
748158.6988,10109.985600000015
748269.5055,11517.224099999992
748444.436,12234.022299999953
748733.3207,11887.355200000107
748785.3122,12322.24060000002
749114.5854,0
749415.714,12348.582900000038
749521.4087,12078.499500000034
749591.2544,15196.897699999972
749610.6533,12796.875400000019
749754.2403,11551.946999999927
749803.0929,14247.7910333334
749812.6893,8932.055599999963
750022.117,11655.545999999973
750208.7839,0
750209.7379,25446.062999999966
750294.1407,9754.277299999958
750460.1498,19106.209499999997
750708.7286,16119.445300000021
750748.0439,11213.101900000009
750853.5534,16740.023999999976
750917.7673,14329.789799999911
750925.8958,22301.486900000018
751055.0495,12823.892599999905
751098.4241,14097.332899999921
751162.4709,0
751263.0495,20345.190799999982
751610.5976,27700.555799999973
751874.0881,7978.005000000005
752379.1923,10553.997100000037
752737.1046,20425.685100000002
752769.8106,21849.762400000007
753315.9843,11931.74840000004
753429.5358,22307.25769999996
753443.8054,11649.738799999934
753600.6464,0
754146.0358,12862.023199999938
754173.0811,17460.940599999973
754280.3609,16075.889800000004
754497.7071,7031.398599999957
754521.6126,13528.834099999978
754610.7124,26153.197899999912
754638.075,16393.466399999917
754649.1086,0
754727.3258,0
754888.8594,16406.08559999999
754889.5624,0
754956.9476,8123.238299999968
755574.3104,19026.93459999992
755595.3864,9880.191499999957
755644.5961,0
755717.4474,8310.729799999972
755930.3448,0
756081.9487,11399.305099999998
756107.3306,14036.102199999965
756492.6,25246.118999999948
756525.7583,14855.68319999997
756544.9893,26525.28190000006
756647.8824,17359.25939999998
756654.6394,7853.700100000016
756692.9562,7386.620800000033
756833.2736,30594.841999999946
757110.7686,0
757182.9043,9959.349000000046
757435.3738,22579.064199999906
757580.8946,19087.007400000002
757888.9676,0
758002.0455,0
758144.8567,7892.364500000025
758236.82,10053.970099999919
758303.1893,9433.780999999959
758358.9041,19770.80012000003
758458.0033,22752.04649999994
758458.5716,9374.342999999993
758631.6726,12898.600399999996
758729.6759,15868.648600000073
758896.8507,11228.585899999947
759074.209,8753.466600000043
759134.8154,9683.717499999912
759451.3088,8152.607300000032
759456.3465,24745.257199999993
759682.6239,10396.070300000021
759734.7209,15591.618299999973
759779.9235,27254.312400000053
759913.5922,8345.660499999998
759914.1662,8989.910799999954
760031.8036,9073.43869999994
760033.8069,7528.076000000001
760072.0933,7566.328699999955
760200.0249,6174.735699999961
760391.2932,0
760434.2377,10362.307100000093
760451.028,0
760727.8995,17907.7742000001
760771.7602,8256.11930000002
760776.7946,0
761082.9569,0
761336.8135,21091.91200000001
761354.0864,22423.0784
761715.7081,7334.210200000089
761790.6459,0
761885.9186,9728.224524999969
761958.2589,12206.421199999982
762028.0491,9620.139099999913
762076.9464,17204.52600000007
762244.0791,19624.021300000022
762474.6216,11202.955799999996
762659.1107,9304.826999999932
762725.5071666667,0
762795.9004,13027.635100000072
762815.9441,7419.66539999994
762859.2843,8210.485000000102
762873.8992,0
762907.2273,8055.2643999999855
762991.5752,10260.2402
763051.2762,28891.8689
763409.459,10337.889700000058
763426.1077,25461.32209999999
763476.8958,5862.083700000076
763659.8678,22809.249700000044
763835.873,13823.968800000031
763918.8103,11751.950700000045
764272.3482,5901.01800000004
764479.3423,27395.706200000015
765157.9001,30345.531499999925
765182.1261,7081.81660000002
765432.639,11992.232499999925
765567.214,7387.51800000004
765749.7611,16928.727324999985
765893.9322,13221.64140000008
765898.76,8077.306300000055
766158.4472,0
766164.85,3772.056099999929
766301.3924,7549.944200000027
766385.9552,7406.705799999996
766427.1291,17297.75860000006
766444.971,4808.097100000014
766735.5797,28423.332599999965
767225.4195,17210.426699999953
767723.1076,4676.33620000002
767773.6875,7433.218200000003
767851.7565,10734.00430000003
768041.4668,0
768066.3387,8688.79059999995
768106.342,12201.399599999888
768277.1332,24252.18590000004
768306.5166,32323.767200000002
768357.6514,8850.298499999917
768434.2868,12234.067399999942
768485.3517,20243.825599999982
768572.7235,12485.46239999996
768734.0476,6993.275699999998
768957.9831,5990.299699999974
768962.2994,29761.143099999987
769587.3469,20739.67280000006
770489.5936,22313.589200000046
770497.3032,2140.706099999952
770520.9851,3089.389599999995
770662.1859,4540.483899999992
770842.9227,7793.959299999988
770898.2729,23780.1716
771250.4858,16358.91009999998
771721.6284,16301.500900000101
771949.3775,5145.249599999981
772316.231,4824.394700000063
772322.9921,13261.39300000004
772537.5901,14127.04560000007
772721.5238,4165.173899999936
772773.8485,11222.842799999984
772804.0629,13813.744799999986
773328.005,18056.325900000054
773390.8649,4679.574499999988
774840.3069,6844.158599999966
774875.576,15562.020099999965
775006.9857,13846.066599999904
775123.9396,1830.3154000000795
775203.6772,5899.780600000056
775207.9646,5077.62659999996
775256.7861,17566.385800000047
775500.6053,9227.9580000001
775581.9221,13565.760200000019
775793.498,4866.760300000082
775827.3599,9605.982200000086
775970.176,9889.084900000016
775989.1844,5517.0620000000345
776007.555,8589.525699999998
776074.7473,11791.506900000037
776114.743,12126.685799999977
776140.0649,21195.604399999953
776496.203,23265.70809999993
776517.215,4659.8606000000145
776530.7314,17273.651900000055
776604.6994,6492.301800000016
776772.8968,18695.995099999942
776830.2253,21440.323100000038
776875.6235,3717.296100000036
777026.1083,5129.571799999918
777133.8845,22041.247100000037
777139.9289,13631.708700000076
777190.777,8999.90399999998
777381.0645,6879.326299999957
777405.488,4078.3503999999957
-----Simulation END-----
