-----Simulation 0-----
172800.4137,0
172814.8273,0
172843.10570000001,0
172984.2083,0
173130.1146,0
173213.2058,0
173268.9732,0
173294.4663,0
173354.19819999998,0
173843.82,0
173859.6362,0
173950.6042,0
174226.70620000002,0
174270.1462,0
174306.6525,0
174563.25773333333,0
174625.9803,0
174782.0869,0
174891.4751,0
175446.6756,0
175512.6623,0
175965.6506,0
176105.8608,0
176255.87900000002,0
176548.9008,0
176572.9185,0
176584.0078,0
176807.1641,0
177118.8,0
177155.5001,0
177464.6947,0
177487.3689,0
177532.9571,0
177635.6472,0
178321.3961,0
178689.0053,0
178944.78399999999,0
178991.2425,0
179062.4042,0
179226.7405,0
179396.7127,0
179433.9978,0
179444.2044,0
179495.4532,0
179597.3009,0
179695.79450000002,0
179710.7934,0
180124.077,0
180328.2653,0
180563.7147,0
180740.0086,0
180836.1462,0
180839.8725,0
180958.8756,0
181110.5938,0
181324.1299,0
181355.08669999999,0
181546.69150000002,0
181621.67695,0
181663.3549,0
181798.3688,0
182010.9643,0
182018.4386,0
182110.71169999999,0
182113.6064,0
182211.2121,0
182508.7709,0
182511.1928,0
182693.9062,0
182796.6732,0
182939.25,0
183078.972,0
183079.6576,0
183334.0307,0
183399.6889,0
183572.3117,0
183584.551,0
184001.8393,0
184014.5777,0
184038.0495,0
184056.579,0
184149.27730000002,0
184150.35570000001,0
184263.0483,0
184308.003,0
184449.5003,0
184458.95549999998,0
184731.3309,0
184852.4192,0
184929.7412,0
184949.9475,0
185058.6102,0
185107.598,0
185262.2534,0
185522.5424,0
185653.1463,0
185710.73859999998,0
185807.4504,0
186728.2254,0
186736.3118,0
186780.599,0
187020.9621,0
187252.8478,0
187340.14620000002,0
187571.7518,0
187741.404,0
187822.0948,0
187937.4518,0
188025.082,0
188202.8576,0
188740.5392,0
188788.9847,0
188834.7843,0
189057.1005,0
189066.3332,0
189117.7057,0
189395.3498,0
189468.5457,0
190058.71529999998,0
190291.29989999998,0
190346.9124,0
190409.8933,0
191384.595,0
191685.1944,0
191809.4166,0
191943.2162,0
191992.6482,0
192000.6243,0
192003.3096,0
192036.5519,0
192132.8458,0
192177.5577,0
192262.9497,0
192320.5069,0
192363.191,0
192447.3364,0
192613.2078,0
192680.7691,0
192687.562,0
192830.6436,0
192937.73142,0
193122.9751,0
193173.7193,0
193201.8126,0
193356.5906,0
193633.6801,0
193648.8745,0
193682.5878,0
193774.4308,0
193828.627,0
193972.8021,0
194042.17369999998,0
194062.8721,0
194389.5871,0
194785.9527,0
194789.7543,0
195212.5872,0
195301.6141,0
195425.9329,0
195732.39,0
195776.4988,0
196020.41210000002,0
196053.2154,0
196191.13319999998,0
196233.5461,0
196258.0516,0
196542.8772,0
196683.4018,0
196766.7628,0
196878.04200000002,0
196956.2002,0
196994.4058,0
197005.3979,0
197011.7974,0
197124.0635,0
197179.3362,0
197528.8518,0
197726.248,0
197745.6162,0
197829.6245,0
197888.3769,0
197918.2362,0
198066.654,0
198163.524,0
198186.5478,0
198197.0332,0
198248.1869,0
198328.412,0
198474.52659999998,0
198581.8768,0
198645.2108,0
198668.0448,0
198701.6842,0
198722.4613,0
198775.527,0
198813.5677,0
199097.0982,0
199147.65110000002,0
199157.2384,0
199167.338,0
199305.4536,0
199477.023,0
199492.53953333333,0
199667.4141,0
199901.77909999999,0
200361.76799999998,0
200677.0249,0
200738.832,0
200739.3588,0
201297.608,0
201350.2015,0
201567.4765,0
201596.9462,0
201626.5854,0
201646.2585,0
201889.0464,0
202001.2223,0
202078.96120000002,0
202100.0677,0
202256.5847,0
202371.9596,0
202707.2759,0
202877.7929,0
202932.072,0
203011.0672,0
203216.8981,0
203333.6336,0
203373.4493,0
203424.8315,0
203578.0361,0
203663.59159999999,0
203691.1012,0
203860.6817,0
204018.6689,0
204233.20753333333,0
204288.5479,0
204536.4681,0
204684.75089999998,0
204992.0844,0
205098.0954,0
205109.8058,0
205163.7137,0
205482.0211,0
205619.8922,0
206100.8166,0
206301.1359,0
206326.5346,0
206433.5412,0
207336.9707,0
207415.04619999998,0
207463.5988,0
207563.9173,0
207736.8816,0
207944.39286666666,0
208165.77785,0
208391.8707,0
208525.0717,0
208956.23249999998,0
208988.5537,0
209032.8859,0
209130.7106,0
209471.5974,0
210241.3936,0
210274.78879999998,0
210513.47639999999,0
210526.0155,0
210555.3675,0
210755.9714,0
211076.7353,0
211231.9544,0
211267.1392,0
211367.07294,0
211415.2019,0
211441.2249,0
211535.0302,0
211580.2352,0
211629.51073333333,0
211946.19770000002,0
212870.7562,0
212986.6705,0
213208.898,0
213282.3601,0
213680.5385,0
214807.8509,0
215292.85820000002,0
215359.83990000002,0
215444.4155,0
215519.2855,0
215780.80359999998,0
215896.4289,0
215931.82630000002,0
216006.57,0
216402.1617,0
216832.5918,0
216976.1174,0
217103.7424,0
217192.7052,0
217323.4042,0
217335.8454,0
217535.02039999998,0
217769.91019999998,0
217945.48440000002,0
218187.0873,0
218204.4316,0
218645.63880000002,0
218647.635,0
218736.2835,0
218817.75780000002,0
219027.972,0
219205.0583,0
219530.644,0
219574.71659999999,0
219603.8418,0
219756.48330000002,0
219885.134,0
220165.107,0
220291.5547,0
220393.19689999998,0
220565.6898,0
220662.2094,0
220676.1301,0
220705.2979,0
220723.4912,0
220891.13426,0
221310.8489,0
221314.9137,0
221857.64870000002,0
222094.1292,0
222307.1775,0
222405.4369,0
222958.7648,0
223197.51646666665,0
223254.0267,0
223360.5368,0
223687.4117,0
223919.4351,0
223936.3022,0
223948.6464,0
224086.0814,0
224100.9418,0
224418.507,0
224755.7011,0
225029.8522,0
225140.6262,0
225152.9397,0
225386.0024,0
225433.207,0
225538.5307,0
226227.39860000001,0
226227.86320000002,0
226462.795,0
226589.9876,0
227206.0689,0
227243.2015,0
227285.6305,0
227361.81829999998,0
227612.93458,0
227764.8592,0
227895.0948,0
228048.8971,0
228279.5215,0
228443.82,0
228593.9676,0
229015.47906666665,0
229211.2614,0
229382.5957,0
229456.645,0
229587.0759,0
229774.6567,0
230269.8832,0
230416.9163,0
230619.7396,0
230846.0022,0
231431.0394,0
231797.26390000002,0
231899.878,0
232154.5362,0
232191.0072,0
232419.8869,0
232963.3255,0
233098.7888,0
233702.9657,0
233763.4602,0
233782.4155,0
234165.540975,0
234629.4718,0
234744.6637,0
234797.9364,0
234823.5239,0
234840.7574,0
234964.05359999998,0
235050.6003,0
235117.1857,0
235132.4653,0
235149.0657,0
235229.7637,0
235412.3639,0
235515.7582,0
235547.9987,0
235857.7762,0
236064.6088,0
236155.8996,0
236373.7842,0
236795.4926,0
236901.87780000002,0
236962.6108,0
237067.9621,0
237178.3424,0
237905.2489,0
237926.9174,0
238031.8149,0
238197.4751,0
238233.769,0
238368.7893,0
238507.2123,0
238845.6655,0
238876.5848,0
238947.4279,0
239320.0864,0
239500.4599,0
239528.5217,0
239581.43195,0
239937.7898,0
239968.45,0
240036.08289999998,0
240094.701,0
240460.1181,0
240542.9371,0
241110.0225,0
241600.01630000002,0
241698.7176,0
241728.3922,0
241876.4255,0
241900.7238,0
241996.9484,0
242328.2821,0
242977.068,0
242985.4009,0
243187.1988,0
243397.041,0
243429.73598,0
243771.1797,0
244066.6578,0
244358.62410000002,0
244519.22673333331,0
244666.8451,0
244918.8551,0
245115.228475,0
245243.3275,0
245288.28065,0
245389.70799999998,0
245491.4245,0
245728.2754,0
245935.5825,0
246163.6838,0
246206.3137,0
246359.5122,0
246456.8673,0
246686.2342,0
246987.688,0
247012.0571,0
247078.0534,0
247321.9421,0
247363.98729999998,0
247615.0137,0
248365.7102,0
248814.3826,0
249111.7339,0
249263.0146,0
249542.61255,0
249609.7232,0
249749.2755,0
249984.6061,0
250382.4614,0
250450.2238,0
250840.7189,0
250846.9263,0
251033.66389999999,0
251220.0123,0
251278.788,0
251488.6348,0
251769.3458,0
251824.7781,0
252020.7225,0
252087.1442,0
252334.0925,0
252536.1503,0
252622.116575,0
252911.9341,0
252947.0218,0
253292.7991,0
253558.5601,0
253734.4096,0
254412.2784,0
255199.6511,0
255329.9166,0
255614.38,0
255674.1092,0
255999.0402,0
256178.5416,0
256286.2959,0
256647.2035,0
256686.7265,0
256841.1068,0
256872.9557,0
257211.91139999998,0
257340.3894,0
257501.2489,0
257613.1303,0
257630.8969,0
257744.4944,0
258909.1216,0
258971.1681,0
259183.2422,0
259216.0049,0
259338.6606,0
259428.6215,0
259657.9577,0
259682.8078,0
259879.4165,0
259903.7451,0
259993.0657,0
260116.9841,0
260306.5894,0
260312.827425,0
260448.21039999998,0
260732.4886,0
261260.1888,0
261367.6067,0
261491.6074,0
261637.6972,0
261641.7485,0
261824.2069,0
261891.6752,0
262199.8176,0
262208.20160000003,0
262693.1724,0
262927.1707,0
262944.053,0
263282.5706,0
263433.4389,0
263479.4493,0
263498.5615,0
263843.8772,0
264153.6218,0
264197.8441,0
264533.4386,0
264536.1398,0
264611.1657,0
264650.053,0
264929.9496,0
264957.1434,0
265077.1472,0
265155.0652,0
265197.35970000003,0
265245.4486,0
265394.726,0
265491.7391,0
265600.1576,0
265897.4587,0
266069.1956,0
266151.3251,0
266181.4288,0
266302.15989999997,0
266484.9257,0
266760.954,0
267318.3493,0
267415.93940000003,0
267587.5501,0
267779.6943,0
267836.754,0
267905.59750000003,0
268067.0878,0
268087.2937,0
268124.5208,0
268466.6227,0
268515.9554,0
268665.4409,0
268854.6827,0
268941.9416,0
269106.8736,0
269231.8994,0
269361.3998,0
269513.5256,0
269964.8413,0
269967.7568,0
269967.8778,0
270008.7558,0
270302.1743,0
270440.762,0
270486.559,0
271185.668,0
271227.8883,0
271306.28496666666,0
271430.4018,0
271472.6704,0
271543.8898,0
271717.2988,0
271847.794,0
271980.3366,0
272072.2769,0
272101.2258,0
272334.7747,0
272502.8283,0
272505.206,0
272541.90009999997,0
272657.9592,0
272664.2401,0
272811.2634,0
273022.885,0
273045.2265,0
273125.7271,0
273195.7899,0
273556.2896,0
273594.23829999997,0
273770.4073,0
273780.10360000003,0
273864.352,0
273880.9385,0
273915.0291,0
274004.4213,0
274032.2578,0
274099.89269999997,0
274134.3657,0
274161.5911,0
274209.8184,0
274448.9438,0
274560.4461,0
275076.2514,0
275093.2966,0
275102.0905,0
275160.4344,0
275187.1018,0
275484.42209999997,0
275492.6056,0
275612.963,0
275879.7799,0
276071.3711,0
276083.4372,0
276096.4765,0
276153.9526,0
276961.2881,0
277076.6478,0
277094.4404,0
277143.72,0
277209.5932,0
277314.514,0
277464.677,0
278165.3535,0
278203.94550000003,0
278383.0916,0
278500.979,0
278836.3049,0
278862.1298,0
279018.0037,0
279132.7282,0
279148.3673,0
279186.4209,0
279256.1978,0
279365.22,0
279524.9115,0
279696.0729,0
279749.2401,0
280362.1225,0
280568.6681,0
280647.4718333333,0
280819.37549999997,0
280836.0016,0
281166.1723,0
281270.4379,0
281495.51159999997,0
281495.9154,0
281555.7325,0
281605.8778,0
281821.5538,0
281905.2318,0
281978.4543,0
282061.6961,0
282118.63289999997,0
282351.5095,0
282353.1319,0
282446.8576,0
282569.5534,0
282582.0745,0
282663.3862,0
282782.0986,0
283374.4486,0
283394.9756,0
283423.5229,0
283504.7157,0
283683.3231,0
283920.8878,0
284014.3418,0
284085.6331,0
284124.90630000003,0
284176.5608,0
284184.2176,0
284344.6714,0
284405.8484,0
284485.0173,0
284561.7828,0
284622.5926,0
284710.0833,0
284722.15989999997,0
284738.3691,0
284780.479,0
284813.69180000003,0
284815.8825,0
284941.8742,0
284986.5655,0
285012.9507,0
285046.5325,0
285271.7238,0
285363.9144,0
285481.6486,0
285552.9891,0
285903.5209,0
285973.8022,0
286008.2652,0
286349.5104,0
286662.4241,0
286831.7868,0
286841.3033,0
287408.2767,0
287718.458,0
287725.08019999997,0
287977.4646,0
288058.0624,0
288272.0461,0
288532.484,0
288549.86,0
288628.6103,0
288643.0184,0
288835.2382,0
289193.6015,0
289294.5441,0
289347.8761,0
289510.80090000003,0
289563.8828,0
289649.2104,0
289649.4194,0
289796.136,0
290000.6437,0
290372.7728,0
290459.4095,0
290778.83389999997,0
290814.6494,0
290822.7156,0
290839.1696,0
290857.2652,0
290871.11470000003,0
290922.48236,0
291571.3651,0
291682.1386,0
292182.294,0
292183.5333,0
292282.9256,0
292525.7202,0
293012.3524,0
293237.496,0
293307.0769,0
293355.9182,0
293359.9896,0
293448.5907,0
293589.9163,0
293709.853,0
293850.2352,0
293892.04720000003,0
293892.8415,0
294496.7501,0
295000.3156,0
295115.2321,0
295265.2625,0
295393.0418,0
295462.16969999997,0
295767.6926,0
296192.6359,0
296213.98623333336,0
296229.0672,0
296599.8263,0
297070.62679999997,0
297156.3739666667,0
297202.5562,0
297304.4374,0
297496.9232,0
297529.2709,0
297711.2186,0
297745.4662,0
298136.1435,0
298463.7246,0
298685.7842,0
298896.3642,0
299265.0908,0
299286.5647,0
299339.216,0
299388.7846,0
299497.0905,0
299603.0325,0
299679.36950000003,0
299780.66969999997,0
299788.9481,0
299815.8056,0
299819.95519999997,0
300097.9536,0
300123.8714,0
300202.6256,0
300420.3593,0
300432.5131,0
300571.1104,0
300587.7781,0
300732.3893,0
300873.3968,0
301087.3737,0
301232.9861,0
301434.2392,0
301673.2086,0
301823.4014,0
301954.9698,0
302266.333,0
302846.4657,0
302881.4934,0
303159.4922,0
303883.5969,0
303980.4367,0
304187.9389,0
304189.82519999996,0
304441.6066,0
304936.5326,0
305197.0652,0
305316.3313,0
305321.3711,0
305430.5723,0
305464.26780000003,0
305716.6182,0
305885.5754,0
305946.0292,0
306439.9564,0
306452.19918,0
306552.7021666667,0
306901.5998,0
307278.2943,0
307527.1248,0
307707.77516666666,0
307813.4315,0
307876.7072,0
307926.323,0
308297.2385,0
308394.4588,0
309251.2082,0
309477.1828,0
309723.19,0
309865.0351,0
309938.5792,0
309985.922,0
310265.4118,0
310539.2388,0
311189.6297,0
311872.1535,0
311904.0374,0
311952.8479,0
312074.10250000004,0
312122.6371,0
312209.20279999997,0
312452.9379,0
312719.1346,0
312789.2752,0
312919.853,0
313114.5745,0
313356.5068,0
313412.1257,0
313814.80460000003,0
314011.1393,0
314063.3368,0
314776.6364,0
314801.8455,0
315066.5028,0
315148.7925,0
315713.566,0
315870.7635,0
316350.4828,0
316450.555,0
316490.6838,0
316542.7273,0
316605.3596,0
316650.106,0
316737.6419,0
317268.2528,0
317692.3789,0
317709.7399666667,0
317711.754,0
317999.7531,0
318409.7101,0
318497.6571,0
318511.4088,0
318789.146,0
318826.8091,0
318937.4188,0
319069.3992,0
319079.55689999997,0
319086.2186,0
319521.0573,0
319552.7711,0
319691.6838,0
320042.0742,0
320344.651,0
320568.4218,0
320603.5881,0
320768.9406,0
320969.0323,0
321050.7382,0
321074.5425,0
321284.50789999997,0
321594.7962,0
321681.1623,0
321871.3503,0
322139.0758,0
322739.0212,0
322861.3433,0
322884.8469,0
323061.7387,0
323082.9294,0
323125.2462,0
323273.9661,0
323358.9312,0
323816.8839,0
324058.5783,0
324202.5202,0
324217.3911,0
324555.1145,0
324780.184,0
324830.748,0
324949.6585,0
325456.4886,0
325457.9595,0
325777.624525,0
326135.24666666664,0
326283.4814,0
326344.7298,0
326561.57790000003,0
326720.5236,0
327005.08653333335,0
327125.9403,0
327253.657,0
327273.829,0
327564.49,0
327671.56200000003,0
327922.2631,0
328003.0392,0
328054.397,0
328167.596,0
328205.1027,0
328216.2255,0
328272.7001,0
328302.6574,0
328318.9995,0
328528.9029,0
328791.9552,0
329177.9851,0
329500.9974,0
330444.4335,0
330560.7282,0
331118.1285,0
331194.376,0
331284.4453,0
331622.899,0
331644.0507,0
331664.29096,0
331703.4396,0
331798.0171,0
331909.2414,0
331995.26670000004,0
332071.6941,0
332246.95149999997,0
332410.7084,0
332441.7032,0
332607.1613,0
332971.9042,0
333184.6861,0
333240.7621,0
334080.5442,0
334635.8073,0
334762.547,0
335066.8553,0
335353.8622,0
335399.7619,0
335490.452,0
335669.588,0
336000.3853,0
336108.7268,0
336695.1725,0
336781.1297,0
337052.3484,0
337607.8252,0
337690.5512,0
338072.0911,0
338299.9829,0
338472.5539,0
338787.2986,0
338829.78729999997,0
338916.476,0
338927.9359,0
338943.5348,0
338973.3667,0
339125.885,0
339367.5501,0
339438.2296,0
339449.8087,0
339476.6638,0
339771.0322,0
339835.8682,0
339910.8727,0
339971.6455,0
340247.1629,0
340398.1175,0
340454.5293,0
340676.3012,0
340768.8312,0
341087.292,0
341104.6549,0
341179.8846,0
341252.69575,0
341320.0764,0
341335.159,0
341388.0071,0
341500.6042,0
341575.217,0
341585.2046,0
341588.6859,0
342245.0278,0
342263.8761,0
342334.2334,0
342663.8012,0
342709.4434,0
342822.3239,0
342923.7187,0
343052.4431,0
343137.6325,0
343231.4435,0
343343.9775,0
343360.9212,0
343442.9896,0
343496.6986,0
343598.853875,0
343975.3327,0
344032.5568,0
344258.6845,0
344375.9187,0
344482.6713,0
344509.1365,0
344519.9567,0
344527.2994,0
344889.514,0
344977.5967,0
345189.2381,0
345371.6814,0
345417.5951,0
345726.021,0
346116.888,0
346159.7363,0
346194.3195,0
346231.9812,0
346576.7036,0
346601.5641,0
347436.8351,0
347795.0842,0
347901.6456,0
347911.2499,0
348060.1879,0
348140.9108,0
348264.3721,0
348266.3216,0
348357.1709,0
348467.3751,0
348636.8382,0
348637.8565,0
348701.7646,0
348769.1708,0
348788.4772,0
348969.8094,0
349154.746,0
349181.0302,0
349360.6376,0
349364.0712,0
349500.7936,0
349502.7306,0
349544.0905,0
349577.8201,0
349652.53,0
349991.3332,0
350103.0529,0
350143.45175,0
350355.204,0
350432.8799,0
350784.3428,0
350786.0171,0
350807.4565,0
350947.1295,0
350952.2785,0
351238.0119,0
351323.9897,0
351410.831,0
351416.0369,0
351485.7699,0
351502.8027,0
351662.154,0
351726.4618,0
351945.6311,0
352014.7307,0
352032.5068,0
352123.7032,0
352385.8436,0
352594.3129,0
352865.6529,0
353028.8371,0
353143.7967,0
353236.32660000003,0
353392.3164,0
353867.9499,0
353965.911,0
354367.4289,0
354561.6167,0
354761.4038,0
354826.10970000003,0
354914.8434,0
355001.0874,0
355183.8881,0
355253.1185,0
355256.2456,0
355274.5786,0
355382.6549,0
355441.6519,0
355467.0794,0
355985.6563,0
356191.1323,0
356193.8664,0
356250.2631,0
356254.6283,0
356258.7953,0
356337.8444,0
356445.0552,0
356608.7593,0
357119.516,0
357444.5983,0
357669.6166,0
357717.2121,0
357925.1919,0
358055.0516,0
358076.1263,0
358100.0699,0
358122.6074,0
358477.8775,0
358568.9388,0
358669.4526,0
358906.7061,0
359024.2102,0
359056.5528,0
359076.5894,0
359174.5106,0
359223.5213,0
359368.41732,0
359503.01529999997,0
359781.3312,0
359965.9519,0
360158.3447,0
360447.9834,0
360564.8444,0
360758.9778,0
360786.9868,0
360849.5696,0
360869.996,0
360914.8225,0
360981.5062,0
361076.0893,0
361149.609,0
361276.6639,0
361372.2442,0
361443.6077,0
361816.5482,0
361818.7321,0
361899.3301,0
361966.5022,0
362087.1897,0
362182.8209,0
362330.6724,0
362334.366,0
362687.7622,0
362721.3845,0
362859.9609,0
362913.8755,0
362965.9411,0
363074.9956,0
363084.1348,0
363132.4912,0
363140.2039,0
363333.7335,0
363354.3744,0
363871.4498,0
364090.5101,0
364091.9073,0
364248.42960000003,0
364248.8956,0
364438.2541,0
364450.5936,0
364819.4249,0
364960.6528,0
365024.1649,0
365076.70530000003,0
365104.11056666664,0
365335.2837,0
365355.7791,0
365360.1511,0
365370.9584,0
365383.4495,0
365398.2745,0
365411.2532,0
365558.7715,0
365619.012,0
365735.5868,0
365828.6741,0
365901.20050000004,0
366008.9179,0
366260.6928,0
366270.4699,0
366346.9131,0
366521.47609999997,0
366631.7827,0
366889.9784,0
367102.6239,0
367198.1668,0
367544.03859999997,0
367550.5701,0
368078.3271,0
368179.2318,0
368288.8992,0
368481.4338,0
368513.1113,0
368522.0502,0
368540.3211,0
368689.7307,0
368795.0121,0
368890.0283,0
369043.7883,0
369135.2833,0
369318.4374,0
369393.8815,0
369421.7664,0
369807.523,0
369839.0718,0
369945.5136,0
370294.1051,0
370378.4444,0
370700.6643,0
370702.2818,0
370835.3034,0
370903.1824,0
371040.8887,0
371087.0044,0
371509.783,0
371660.3315,0
371732.6171,0
371960.808,0
372126.247,0
372189.7635,0
372281.8985,0
372407.5359,0
372477.0859,0
372519.7027,0
373162.3085,0
373175.0316,0
373279.2358,0
373383.3218,0
373495.44330000004,0
373564.4137,0
374026.1574,0
374108.2562,0
374192.7313,0
374404.687,0
374669.3066,0
374693.4865,0
374704.9841,0
374865.7362,0
375070.9361,0
375191.171,0
375268.027,0
375400.4496,0
375554.4344,0
375748.3509,0
375913.9074,0
376057.9007,0
376106.7037,0
376361.9751,0
376449.7508,0
376645.8943,0
376687.5965,0
376823.4635,0
377049.5816,0
377310.0856,0
377420.1129,0
377430.6566,0
377869.7761,0
377997.3393,0
378198.8126,0
378231.3283,0
378308.8482,0
378563.51399999997,0
378669.0334,0
378812.6829,0
378832.0069,0
378855.8974,0
379053.17949999997,0
379085.2185,0
379511.97239999997,0
379564.7099,0
379573.6898,0
379587.4531,0
379711.4756,0
380201.94330000004,0
380302.7245,0
380547.3473,0
380686.2754,0
380791.2734,0
380926.103,0
381026.2107,0
381145.7092,0
381248.1299,0
381271.3063,0
381368.2144,0
381681.0579,0
381787.539,0
382037.8503,0
382165.9758,0
382380.7234,0
382486.3033,0
382751.67960000003,0
382761.4221,0
383104.1218,0
383128.8629,0
383896.7834,0
384257.4346,0
384380.06680000003,0
384423.5412,0
384475.72248,0
384851.5285,0
384992.0902,0
384999.20279999997,0
385284.1813,0
385585.5807,0
385814.0602,0
386072.3844,0
386499.7656,0
386615.4159,0
386754.5882,0
386813.5418,0
387178.1882,0
387310.3256,0
387634.2511,0
388541.4583,0
389154.78,0
389272.375,0
389452.6061,0
389642.2046,0
389654.8491,0
389772.22995,0
389983.983,0
390208.8522,0
390499.78709999996,0
390520.677,0
390712.6368,0
391046.1175,0
391203.2928,0
391402.1142,0
391474.1046,0
391810.5641,0
391846.6375,0
392418.0457,0
392622.9053,0
392685.7105,0
393146.0908,0
393964.9279,0
394370.9331,0
394650.021,0
394767.9948,0
394805.6742,0
395025.17079999996,0
395076.09866666666,0
395269.0291,0
395354.9045,0
395569.4632,0
395609.6152,0
395633.1213,0
395937.4414,0
396020.9077,0
396090.25704,0
396167.5214,0
396333.7181,0
396335.4531,0
396340.8363,0
396399.7991,0
396545.32066666667,0
396588.2069,0
396607.04720000003,0
396713.25930000003,0
396751.9891,0
396774.3068,0
397168.4369,0
397310.1492,0
397590.1557,0
397865.1179,0
397869.7896,0
398076.4663,0
398131.3963,0
398328.6378,0
398357.5693,0
398521.3937,0
400073.8183,0
400299.595,0
400350.32660000003,0
400559.5048,0
401016.9252,0
401290.3583,0
401476.835,0
401587.3757,0
401704.1323,0
401763.0443,0
401803.4619,0
401898.5663,0
401911.97,0
402178.2064,0
402587.6512,0
402683.0695,0
402846.0489,0
402859.1986,0
403205.89509999997,0
403313.3759,0
403320.9723,0
403589.2424,0
403814.6465,0
404086.1323,0
404156.28359999997,0
404980.60736,0
405153.07389999996,0
405421.0368,0
405702.9854,0
405721.3219,0
405759.1089333333,0
405760.7738,0
405939.3434,0
406131.3015,0
406335.499,0
406388.9125,0
406396.7743,0
407020.0637,0
407103.0168,0
407181.5477,0
407279.4711,0
407707.7099,0
407909.9628,0
408040.7871,0
408084.7664,0
408086.9358,0
408175.7902,0
408489.3807,0
408771.303,0
408790.0441,0
408803.3095,0
408964.7311,0
409253.2048,0
409525.0359,0
409702.4019,0
409787.6973,0
409865.8252,0
410104.0699,0
410209.0037,0
410305.8392,0
410320.4226,0
411380.3681,0
411551.1874,0
411839.0215,0
411935.4929,0
412379.2782,0
412504.7324,0
412547.3301,0
413640.6364,0
413737.2231,371.8779000000213
413819.6028,0
414328.7136,0
414370.5356,0
414463.8146,0
414901.1255,0
415079.2666,0
415268.9036,0
415364.8562,0
415500.2561,0
415530.4736,0
415857.5815,0
415863.4764,0
416053.8821,0
416087.2565,0
416144.32026,0
416195.2841,0
416211.1905,0
416276.5362,0
416556.1711,0
416680.6303,0
416935.46054,0
417151.3724,0
417198.3977,0
417461.7519,0
417563.9292,0
417842.0127,0
418033.72609999997,0
418085.8399,0
418104.6696,0
418280.6421,0
418406.9032,0
418437.0166,0
418506.3872,0
418558.2034,0
418777.4846,0
418869.2323,0
419873.0773,0
420112.0546,0
420226.3955,0
420376.7125,0
420468.6262,0
420472.1216,0
420838.987,0
420843.0523,0
420890.6309,0
421109.4098,0
421328.8818,0
421538.05446666665,0
421653.3214,0
421834.5225,0
421970.3661,0
422059.0165,0
422124.3176,0
422416.2358,0
422450.1718,0
422469.5152,0
422500.1336,0
422534.1397,0
422687.5143,0
423057.9039,0
423122.0085,0
423131.1421,0
423523.1709,0
423585.0835,0
423669.196,0
423811.6872,0
424073.8306,0
424366.1814,0
424421.2685,0
424429.2282,0
424622.8224,0
424704.96388,0
424773.5674,0
424824.7669,0
425232.7681,0
425395.2534,0
425616.34388,0
425659.403,0
425968.4805,0
425995.931,0
426038.5547,0
426346.6963,0
426352.0321,0
426582.91052,0
427039.4969,0
427063.5898,0
427122.7973,0
427202.4459,0
427241.6003,0
427293.9931,0
427468.3588,0
427925.59380000003,0
428138.471,0
428275.695,0
428378.7219,0
428629.3466,0
428768.9349,0
428868.6021,0
428975.0898,0
428976.3124,0
429143.9004,0
429188.6496,0
429253.0504,0
429455.7462,0
429488.3005,0
429504.5549,0
429544.9983,0
429738.1798,0
429895.7477,0
430015.5131,0
430026.4684,0
430239.753825,0
430436.05,0
430729.8948,0
430944.6201,0
431039.6021,0
431139.2301,0
431482.3305,0
431483.5185,0
431495.4649,0
431587.1087,0
432201.0135,0
432484.5762,0
432762.7553,0
433038.8463,0
433112.1153,0
433475.0204,0
433743.57420000003,0
433765.7591,0
434259.6813,0
434338.1878,0
434389.70129999996,0
434585.8148,0
434608.3881,0
434650.5594,0
434769.9468,0
434871.0684,0
434907.301,0
435189.3108,0
435716.5078,0
435784.1628,0
435852.331,0
436049.8214,0
436170.2682,0
436567.4371,0
436569.0887,0
436721.59578,0
437005.1966,0
437039.8686,0
437063.8056,0
437483.2079,0
437725.228,0
437869.8292,0
437952.61089999997,0
438012.3539,0
438103.626,0
438117.2925,0
438147.1657,0
438268.7051,0
438343.4432,0
438697.5935,0
438775.4746,0
438881.962,0
439151.7123,0
439362.8729,0
439402.9268,0
439528.7511,0
439549.4011,0
439872.7731,0
439986.6455,0
440104.05090000003,0
440140.1353,0
440221.8116,0
440346.0956,0
440417.6786,0
440506.6735,0
440703.2973,0
440842.6014,0
440929.43929999997,0
440939.07660000003,0
440953.08030000003,0
441294.092,0
441306.48829999997,0
441558.9109,0
441658.4649,0
441816.25800000003,0
441854.2927,0
441910.9471,0
441936.7156,0
441940.8225,0
441942.9013,0
442016.1909,0
442156.6084,0
442261.7788,0
442371.6017,0
442388.823325,0
442555.8349,0
442811.5084,0
442840.3754,0
442979.2002,0
443267.7083,0
443469.7736,0
443646.20019999996,0
443894.8157,0
443899.89029999997,0
444374.7868,0
444399.0105,0
444716.8828,0
444772.3725,0
444797.2444,0
444797.9686,0
444851.6029,0
445276.3844,0
445614.0232,0
445758.3,0
445806.3689,0
445873.0969,0
445911.0341,0
446146.8558,0
446246.2038,0
446258.823,0
446363.2333,0
446462.1125,0
446648.9531,0
446870.3966,0
446875.8564,0
446882.7263,0
447082.3787,0
447346.0052,0
447350.1537,0
447426.8097,0
447439.3838,0
447557.5641,0
447705.2074,0
447843.0965,0
447847.3121,0
447857.9932,0
447949.1922,0
448042.4832,0
448113.6585,0
448187.3727,0
448436.832,0
448506.68216666667,0
448777.3637,0
449049.356,0
449243.3544,0
449327.485,0
449427.4216,0
449449.8885,0
449541.8163,0
449668.8418,0
449752.0445,0
449759.4321,0
449818.9771,0
449898.4412,0
449919.8412,0
449921.8068,0
450004.39269999997,0
450169.3251,0
450271.1473,0
450418.4807,0
450543.4709,0
450680.3523,0
450731.42339999997,0
450744.0465,0
450802.4851,0
450853.3691,0
451061.6345,0
451120.0701,0
451655.0572,0
451959.7265,0
452017.9597,0
452083.5384,0
452113.6111,0
452209.1324,0
452305.5288,0
452407.8186,0
452600.5679,0
452618.8229,0
452621.097,0
452757.3664,0
452939.6823,0
452952.4903,0
453001.2919,0
453091.3112,0
453109.918,0
453223.0808,0
453279.4881,0
453309.1726,0
453367.6926,0
453431.9699,0
453715.5356,0
454590.524,0
454784.4697,0
455144.792,0
455167.6591,0
455169.5593,0
455196.3756,0
455223.236,0
455270.7406,0
455455.1942,0
455467.3137,0
455488.19539999997,0
455551.454,0
456115.8203,0
456180.0195,0
456182.0588,0
456370.5626,0
457045.122,0
457124.0716,0
457226.59750000003,0
457268.60959999997,0
457373.9268,0
457622.6185,0
457853.8337,0
458039.6867,0
458128.1737,0
458341.8591,0
458501.9264,0
458802.7001,0
458939.995,0
459063.0381,0
459569.71290000004,0
459572.5697,0
459602.3611,0
459719.708,0
459744.4833,0
459764.2508,0
459901.0893,0
460232.8043,0
460332.4809,0
460368.7869,0
460404.7914,0
460413.088,0
460563.2745,0
460611.056,0
460756.1409,0
461140.42350000003,0
461282.615,0
461340.7213,0
461599.80460000003,0
461646.4011,0
461710.1919,0
462536.4842,0
462669.1751,0
462721.2746,0
462905.09719999996,0
462908.2154,0
463127.6159,0
463136.4093,0
463179.02040000004,0
463207.5785,0
463244.675,0
463279.0058,0
463387.5835,0
463437.0262,0
463452.8453,0
463488.8777,0
463771.0986,0
463867.2169,0
463955.4223,0
463977.8272,0
464120.2277,0
464348.5493,0
464486.1006,0
464579.5507,0
464695.6498,0
465026.1359,0
465089.5148,0
465293.5096,0
465427.8118,0
465609.5941,0
465610.2237,0
465671.1677,0
465756.8997,0
466246.4949,0
466513.7699,0
466531.9467,0
467337.2013,0
467509.469,0
467641.2446,0
467852.2354,0
468108.0913,0
468829.7378,0
469019.66969999997,0
469065.2526,0
469149.0838,0
469212.092,0
469247.6324,0
469490.5823,0
469676.3705,0
469732.2245,0
469765.7502,0
469977.3757,0
470177.8587,0
470309.3096,0
470605.5083,0
470609.3855,0
470708.37309999997,0
470837.02509999997,0
471129.0427,0
471206.7455,0
471367.2388,0
472049.5284,0
472109.0705,0
472139.324,0
472180.6956,0
472243.4041,0
472291.0102,0
472386.5681,0
472625.7852,0
472745.8626,0
472932.1751,0
473271.8585,0
473571.6517,0
473818.0157,0
474038.9573,0
474112.348,0
474185.561,0
474457.3392,0
474991.8451,0
475097.6361,0
475412.4942,0
475424.9329,0
475892.4961,0
476013.80319999997,0
476576.33400000003,0
476681.2343,0
476774.389,0
476870.1227,0
476871.3166,0
477058.6439,0
477295.83900000004,0
477657.5687,0
477745.0273,0
477830.6005,0
477892.58400000003,0
478002.2162,0
478013.1701,0
478073.8874,0
478586.0045,0
479058.6183,0
479099.5008,0
479474.9843,0
479621.0875,0
479985.6916,0
480155.5701,0
480404.5063,0
480672.0135,0
480734.5422,0
480923.3487,0
480999.3577,0
481091.8192,0
481334.08259999997,0
481438.0886,0
481714.451,0
481765.6702,0
481891.0801,0
481891.7385,0
482472.4772,0
482658.7422,0
482772.3118,0
483419.0082,0
483536.2894,0
483649.1994,0
483651.71369999996,0
483711.39890000003,0
483747.8035,0
483829.2831,0
483920.41566666664,0
484186.929,0
484291.3907,0
484346.5322,0
484440.856,0
484539.2319,0
484548.18264,0
484807.0662,0
485377.8038,0
485418.2553,0
485481.5967,0
485517.6881,0
485615.5199,0
485660.86995,0
485708.76670000004,0
485884.0636,0
485931.2535,0
485935.0324,0
485941.1953,0
486188.81844,0
486321.9188,0
486326.2179,0
486459.393,0
486465.03500000003,0
486524.0573,0
486768.5292,0
487387.2899,0
487403.5397,0
487810.1521,0
487834.356,0
487865.4608,0
487922.0968,0
488248.6988,0
488270.775,0
488272.5677,0
488599.0348,0
488968.319,0
488981.028,0
489139.6094,0
489287.5619,0
489402.8154,0
489412.91024,0
490582.8576,0
490804.8641,0
490805.6447,0
490925.207,0
491261.8187,0
491482.8811,0
491492.1466,0
491780.7493,0
491958.81680000003,0
492070.8957,0
492679.1717,0
492979.1725,0
493118.5689,0
493140.16000000003,0
493377.3001,0
493609.650375,0
493708.224,0
493854.7628,0
493862.9489,0
493961.8595,0
494879.7625,0
495048.1335,0
495147.4867,0
495621.7369,0
495693.6355,0
495729.26910000003,0
496238.2734,0
496305.0203,0
496395.2611,0
496475.2599,0
496505.0571,0
496854.788,0
496921.5463,0
497066.2155,0
497085.8176,0
497647.5608,0
497809.7651,0
497833.7663,0
497897.55079999997,0
498019.2833,0
498132.2556,0
498148.2806,0
498497.2853,0
498770.5948,0
498821.58513333334,0
498892.6567,0
499207.6372,0
499257.9987,0
499386.5316,0
499626.5757,0
499755.6709,0
499759.3569,0
499885.9028,0
500178.4887,0
500368.6493,0
500657.7661,0
500697.3767,0
500876.2419,0
500908.4991,0
500929.0705,0
500969.3234,0
501134.16229999997,0
501512.0299,0
501593.1971,0
502198.9154,0
502712.364,0
503021.0848,0
503216.599925,0
503369.8754,0
503492.9908,0
503602.8368,0
504093.8449,0
504255.4297,0
504357.35860000004,0
504682.052,0
504868.2966,0
504957.2341,0
505026.4226,0
505132.6524,0
505314.7736,0
505723.4663,0
505749.9601,0
505961.6879,0
505975.4509,0
506165.2061,0
506419.7214,0
506596.2135,0
506743.5492,0
506997.7305,0
507340.8252,0
507483.115475,0
507553.9557,0
507663.7639,0
507937.8804,0
508430.3224,0
508451.21869999997,0
508605.2152,0
508706.311,0
508999.7285,0
509005.4521,0
509091.3649,0
509211.5965,0
509287.3923,0
509544.505,0
509684.6244,0
510411.9856,0
510775.9311,0
510899.8876,0
511136.49343333335,0
511356.9321,0
511516.3155,0
512318.9746,0
512408.1737,0
512649.4242,0
512910.8627,0
512978.2153,0
513312.6585,0
514084.02139999997,0
514174.1274,0
514229.9529,0
514395.451,0
514554.2591,0
514827.0373,0
514838.22380000004,0
515392.5991,0
515719.4273,0
516116.3131,0
516268.9902,0
516304.4453,0
516306.5177,0
516543.1797,0
516968.698,0
517069.6585,0
517075.1049,0
517090.7896,0
517095.4593,0
517407.606,0
517408.5362,0
517578.3142,0
518228.9207,0
518318.5134,0
518639.3023,0
518711.4148,0
518889.0861,0
519243.6666,0
519459.8183,0
519596.3145,0
519618.9585,0
519653.259,0
519817.4729,0
520037.6363,0
520091.7899,0
520115.7724,0
520358.9819,0
520379.7119,0
520450.659,0
520931.5311,0
521074.5773,0
521128.8932,0
521228.4403,0
521375.6888,0
521793.1905,0
522073.9952,0
522158.45676,0
522160.9265,0
522161.8751,0
522408.304,0
522438.88300000003,0
522471.7406,0
522670.7023,0
522802.2582,0
522820.7094,0
522946.7485,0
523105.2059,0
523523.3831,0
523619.0228,0
523655.6755,0
523824.3527,0
523833.54839999997,0
523911.0708,0
524113.39906666667,0
524665.3205666667,0
524824.9433,0
524942.0402,0
525160.3774,0
525222.4719,0
525421.7813,0
525560.2253,0
525596.5236,0
525612.7197,0
525644.757,0
525695.8765,0
525741.3891,0
525760.2903,0
526073.2119,0
526093.4148,0
526150.3511,0
526372.5001,0
526401.8076,0
526545.1046,0
526676.5601,0
526744.8901,0
526830.3779,0
527190.7888,0
527244.6303,0
527278.0986,0
527283.1037,0
527291.7136,0
527301.7208333333,0
527381.3389,0
527969.3944,0
528058.9676,0
528079.5407,0
528112.2146,0
528123.7416,0
528253.5307,0
528538.1945,0
528590.1436,0
528736.9357,0
528825.2123,0
528839.7319,0
528841.452,0
528854.9507,0
528981.5764,0
528990.9124,0
529073.7841,0
529230.4199,0
529289.9365,0
529311.0411,0
529409.7867,0
529506.4713,0
529531.4334,0
529614.5886,0
529685.1188,0
529687.6216,0
529709.2981,0
529747.8289,0
529933.4282,0
530265.3202,0
530388.8665,0
531023.7984,0
531110.5883,0
531299.792,0
531367.9083,0
531401.7278,0
531445.4794,0
531668.1743,0
531858.1323,0
532036.9584,0
532458.9517,0
532616.098,0
532687.7575,0
532748.6391,0
532752.6466,0
532838.49,0
532986.8053,0
533019.4546,0
533168.6762,0
533316.9269,0
533326.0071,0
533405.9992,0
533411.9835,0
533441.5451,0
533543.6892333333,0
533869.74,0
533911.4209,0
533995.5509,0
534002.8696,0
534105.0373,0
534326.7687,0
534598.3708,0
534801.6067,0
534882.3456,0
535007.0336,0
535093.9381,0
535099.029,0
535111.3286,0
535135.1316,0
535188.7006,0
535246.7661,0
535320.5852,0
535344.9768,0
535353.2585,0
535512.6599,0
535548.0441,0
535748.4085,0
535796.4823,0
536005.7111,0
536258.402,0
536333.1313,0
536484.8389,0
536519.707,0
536567.9343,0
536574.1235,0
536745.438,0
536894.6867,0
537041.874,0
537100.4488,0
537614.323,0
537633.1905,0
537674.4571,0
537705.9149,0
537945.8589,0
538080.9604,0
538100.1791000001,0
538115.3525,0
538160.1931,0
538214.9288,0
538215.3181,0
538365.2021,0
538455.2912,0
538569.7853,0
538585.8438,0
538758.5427,0
538817.689,0
538856.0068,0
538860.341,0
538986.488,0
539003.6582,0
539044.4691,0
539269.6289,0
539284.6106,0
539457.7034,0
539616.5521,0
539639.589,0
539798.3301,0
540360.0203,0
540421.1788,0
540520.4219,0
540699.471,0
540750.7405,0
540798.53,0
540835.6115,0
540846.8647,0
540860.6144,0
540938.2549,0
541146.6734,0
541714.3728,0
541799.8128,0
542159.2113,0
542209.5764,0
542213.3623,0
542319.4745,0
542356.8626,0
542357.6409,0
542620.5963,0
542842.5359,0
542965.3393,0
543153.3019,0
543201.1301,0
543348.549,0
543539.6372,0
543592.2222,0
543664.7067,0
543952.155,0
544063.7546,0
544269.6702,0
544282.1641,0
544325.5148,0
544356.336,0
544457.8776,0
544491.2427000001,0
544640.9246,0
544691.8389,0
545227.1546,0
545271.3264,0
545474.0913,0
545520.1993,0
545745.9735,0
545793.9715,0
545819.0281,0
546046.7485,0
546053.4106,0
546361.7802,0
546518.6225,0
546531.5501999999,0
546728.7779,0
546737.5177,0
546875.1222,0
547065.5688,0
547502.6901,0
547536.2598,0
547631.7894,0
547973.0359,0
548084.421,0
548120.4974,0
548382.6244,0
548420.896575,0
548430.4924,0
548528.27,0
549137.6215,0
549443.5247,0
549712.568,0
549864.9885,0
549979.9057,0
549996.6381333333,0
549998.4086,0
550363.8507,0
550436.179,0
550714.9208,0
550940.2596,0
551140.4085,0
551221.6036,0
551307.5268999999,0
551503.5764,0
551507.6033,0
551563.1493,0
551565.4907,0
551640.5462,0
551956.8735,0
552014.6143,0
552063.9654,0
552120.9288,0
552404.8199,0
552469.0853,0
552670.7681,0
552715.5373,0
552913.1965,0
553048.2243,0
553812.9533,0
554245.7396,0
554314.8194,0
554615.1755,0
554623.0935,0
554638.2257,0
554905.7644,0
555200.8315,0
555289.0433,0
555672.5692,0
556214.7657999999,0
556262.2086,0
556278.8548,0
556388.2398,0
556864.2508,0
556920.8231,0
557181.8256,0
557567.4124,0
557862.4433,0
557917.0967999999,0
557990.024,0
558212.8571,0
558220.3826,0
558666.7136,0
558901.5377,0
558913.4503,0
558922.463,0
559626.0819,0
559690.7586,0
560045.1989,0
560559.7689,0
560863.2996,0
561499.263,0
561521.7139,0
562237.2204,0
562274.1046,0
562369.0427,0
562705.3662,0
562815.8312,0
562895.4131,0
563046.1546,0
563095.5666,0
563117.1233,0
563130.0809,0
563542.9044,0
563568.8311,0
563591.8481000001,0
563774.7565,0
563792.3015,0
563850.3604,0
563875.2443,0
563950.1519,0
564671.1594,0
564679.0591,0
565046.8935,0
565067.3473,0
565237.4631,0
565559.4233,0
565631.9917,0
565719.7412,0
566296.0394,0
566469.9605,0
566714.6121,0
566788.1486,0
566851.2548,0
566897.1126999999,0
567017.0359,0
567111.8292,0
567268.8445,0
567326.0301,0
567389.7059,0
567460.8199,0
567660.0098,0
567679.1685,0
567816.5368,0
568327.9006,0
568490.4382,0
569362.9662333333,0
569378.3969,0
569725.3976,0
569833.9604,0
569895.3142,0
569991.5291,0
570000.3489999999,0
570026.6042,0
570047.9098,0
570322.9009,0
570408.3245,0
570535.5118,0
570539.3766,0
570953.15,0
571074.418,0
571074.8574,0
571232.8612,0
571329.6548,0
571479.6764,0
571844.414,0
572016.5157,0
572025.1867,0
572122.5402,0
572395.9298,0
572506.6824,0
572612.0004,0
572633.6274,0
572749.4516,0
573095.9659,0
573100.285,0
573337.5601,0
573363.0923,0
573396.42015,0
573494.0549999999,0
573639.6635,0
573987.4081,0
574002.2234,0
574227.9518,0
574431.7469,0
574524.283,0
574632.1804,0
575016.696,0
575124.5784,0
575213.4052,0
575432.1404,0
575956.4946,0
576142.3759,0
576430.2682,0
576432.123,0
576598.5243,0
576663.0261,0
576689.2301,0
577294.4,0
577771.829675,0
578560.3658,0
578564.0977,0
579448.8864,0
579548.6212,0
579882.8064,0
579925.9169333334,0
580097.6506,0
580273.7178249999,0
580527.1801,0
580657.0700000001,0
580817.6681666666,0
581287.4219,0
581397.8613,0
581512.8568,0
581748.9163,0
581845.5895,0
581919.0608,0
582166.1255333333,0
582821.0368,0
582995.9174,0
583178.7324,0
583231.8051,0
583626.6489,0
583646.2908,0
584100.5501,0
584146.5293,0
584167.0898,0
584454.5834,0
584595.4573,0
584690.882,0
584961.9062,0
585029.8777,0
585364.6896,0
585546.4168,0
585598.746,0
585637.6292,0
586525.0882,0
586586.8986,0
586727.6712,0
587469.2454,0
587721.0004,0
587915.9529,0
588221.1235,0
588266.107,0
589538.9049,0
589666.5838,0
589858.964,0
590129.0826,0
590391.10086,0
590469.7697833333,0
590576.4029,0
590923.2097,0
591056.6644,0
591175.5579,0
591179.2231,0
591299.9772,0
591316.9878,0
591331.7604,0
591451.4331,0
591581.695,0
591649.2956,0
591938.0075,0
591962.3207,0
592095.1523,0
592168.0332,0
592212.3312,0
592663.9799,0
592835.0856,0
592874.451,0
592961.9302,0
593591.1513,0
593615.7928,0
593666.3975,0
593686.9187,0
593967.9166,0
594366.3457,0
594415.9077,0
594422.9004,0
594560.3333,0
594595.4861,0
594801.2378,0
595005.0983,0
595148.5056,0
595578.143,0
595654.9997,0
595693.513,0
596103.477,0
596368.25,0
596397.5177,0
596428.9688,0
596594.8883,0
596802.2465,0
596899.6211,0
597022.4119,0
597058.5145,0
597235.948,0
597293.9743,0
597384.9168,0
597388.5215,0
597804.4953,0
597834.1038,0
598135.5294,0
598606.4278,0
599023.8913,0
599061.8685,0
599103.9237,0
599151.0049,0
599203.8576,0
599358.7502,0
599533.5793666666,0
599592.5344,0
599693.5852,0
600043.9509,0
600187.0471,0
600314.6783,0
600383.6227,0
600799.4124,0
600807.423,0
600826.92292,0
601099.255,0
601147.1536,0
601197.7657,0
601339.7497,0
601341.8609,0
601417.603,0
601728.3761,0
601747.8898,0
601830.41,0
601878.9704,0
602209.4294,0
602294.4735,0
602306.3788,0
602349.4962,0
602498.6956,0
602501.2779,0
602511.7417,0
602606.8867,0
602645.8011,0
602714.0798,0
602737.3377,0
603304.3982,0
603591.6352166666,0
603684.1697,0
603886.0088,0
603935.4762,0
604239.5161,0
604244.6461,0
604415.3903,0
604492.0827,0
604948.2501,0
605005.758,0
605047.9044,0
605325.9086,0
605456.5759,0
605573.9034,0
605632.3763,0
606193.448,0
606471.3728,0
606671.4616,0
606740.007,0
606925.2493,0
607321.0155,0
607472.3474,0
607597.3893,0
607626.8213,0
607778.8618,0
607782.3107,0
607841.2829,0
607898.7948,0
607915.9727,0
608122.5295,0
608185.2421,0
608844.1377,0
609032.7567,0
609288.0744,0
609302.1676,0
609322.9861,0
609345.6357,0
609475.7219,0
609676.8417,0
609797.3160999999,0
609975.9687,0
610862.173,0
611029.6139,0
611104.0218,0
611252.4047,0
611334.7665,0
611338.8528,0
611384.7805,0
611428.9288,0
611434.6140000001,0
611602.515,0
611607.5859,0
611770.0174,0
611975.714,0
611995.5805,0
612100.0171,0
612470.5603,0
612733.0731,0
612904.8724,0
612996.1463,0
613163.818,0
613271.8911,0
613323.63,0
613519.4536,0
613529.1579,0
613551.202025,0
613583.7253,0
613618.1964,0
613633.5479,0
613932.9608,0
614268.0657,0
614351.4234,0
614359.9929,0
614387.8653,0
614405.1081,0
614576.304,0
614901.3017,0
614918.4754,0
615507.2642,0
615786.1022,0
615804.2956,0
615901.95384,0
616191.8124,0
616217.4868,0
616264.8896,0
616373.6107,0
616824.5263,0
616988.2696,0
617047.0962,0
617091.6731,0
617133.8864,0
617219.3703,0
617225.8957,0
618325.8703,0
618354.0809,0
618358.2805999999,0
618392.7451,0
618485.6412,0
618623.3821,0
619050.4065,0
619137.6632,0
619201.5484,0
619256.7485,0
619405.2632,0
619519.7566,0
619592.4272,0
619682.4596,0
619701.1361,0
620180.2574,0
620364.4873,0
620699.9731666667,0
620721.5258,0
620813.7244,0
620967.8177,0
621276.3751,0
621316.289,0
621353.4432,0
621594.9245833333,0
622110.3475,0
622183.5773,0
622633.117,0
622647.7317,0
622808.7168,0
622817.8549,0
622992.6884,0
623037.1256,0
623225.3239,0
623295.1342,0
623719.1353,0
623769.3525,0
623863.8028,0
623875.747,0
624037.8871,0
624178.2447,0
624187.0144,0
624333.4092999999,0
624786.8256,0
625101.4104,0
625138.6738,0
625353.635,0
625456.9757,0
625474.0017666667,0
625518.9157,0
625533.0245,0
625684.7544,0
625689.3411,0
625883.7727,0
626045.4767,0
626046.2407,0
626184.7117,0
626199.8504,0
626208.6596,0
626436.7803,0
626631.5586999999,0
626751.938,0
627165.8271,0
627424.652,0
627533.8773,0
627607.6107,0
627918.4248,0
628014.623,0
628152.5083,0
628252.2845,0
628290.5967,0
628586.9138,0
628715.0737000001,0
628811.1176,0
628978.7829,0
629178.1115,0
629270.1778,0
629437.1081,0
629990.7796,0
630040.7139,0
630125.2131,0
630196.8196,0
630266.3197,0
630406.3254,0
630547.3189,0
630588.4521,0
630610.0732,0
630708.1458,0
630805.0011,0
630817.2941,0
631060.4018,0
631223.2981,0
631356.8255,0
631934.3527,0
632296.9594,0
632316.2686,0
632543.1435,0
632572.9611,0
632581.5923,0
632783.8204,0
632811.3503,0
632822.5656,0
632823.768,0
632920.5448,0
633259.0284,0
633463.6865,0
633587.0265,0
633612.2702,0
633839.5732,0
633939.4782,0
633958.2854,0
634120.8644,0
634261.9136,0
634262.7302,0
634429.0382,0
634726.4841,0
634732.8657,0
634985.7939,0
635087.7953,0
635095.9343,0
635143.7082,0
635179.584,0
635588.0074,0
635624.6051,0
635625.6082,0
635672.4042,0
635721.3910000001,0
635829.2183,0
635834.4955,0
635892.0252,0
636144.5064,0
636221.9069000001,0
636245.9908,0
636280.9196,0
636550.9738,0
636567.4927000001,0
636682.7271,0
636962.4125,0
637144.2634,0
637201.6372,0
637398.744,0
637458.5042,0
637510.9801,0
637623.4863,0
637629.4939,0
637644.1713,0
637990.3968,0
638138.3002,0
638685.3061,0
638794.8698,0
638881.9024,0
638914.2797000001,0
639050.7899,0
639059.2319,0
639206.9461000001,0
639611.7934,0
640034.2817,0
640040.6411,0
640184.2094,0
640692.054,0
640753.8551,0
641110.7143,0
641600.0582,0
641716.5083,0
642061.8283,0
642450.6459,0
642710.5943,0
642791.7646999999,0
642868.1876,0
642940.7469,0
642974.662,0
643066.9113,0
643263.5947,0
643295.6242333334,0
643373.9839999999,0
643593.1312,0
643836.9566,0
644007.1848,0
644063.0809,0
644190.4922,0
644331.3943,0
644404.7143999999,0
644443.7424,0
645250.0663000001,0
645340.8065,0
645499.0638,0
645692.342,0
645699.8164,0
645812.3145,0
645997.8701,0
646635.1342,0
646676.6829,0
646973.4525,0
647005.01836,0
647449.8752,0
647460.6731,0
647588.0599,0
647862.6194,0
648041.5304333334,0
648085.4410999999,0
648270.5425,0
648626.7048,0
648819.5108,0
648951.64325,0
649262.7002,0
649422.0594,0
649423.2038,0
649505.8321,0
649572.205,0
650019.7311666667,0
650118.3565,0
650333.9612,0
650437.5804,0
650529.4398,0
650622.5579,0
650722.1355,0
650979.9922,0
651288.0045,0
651340.6477,0
651358.5782,0
651551.7349,0
651707.2864,0
651987.1944,0
652111.8746,0
652455.6422,0
652511.7468,0
652525.3429,0
652726.354,0
652779.7114,0
652915.1522,0
653120.6418,0
653126.1383,0
653135.308,0
653302.4573,0
653538.3037,0
653620.9084,0
653700.9752,0
653960.3238,0
653977.9073,0
654020.6074,0
654086.1531,0
654519.4534,0
654697.0514,0
654964.2329,0
654989.6657,0
655339.8885,0
655803.2949,0
656282.7109,0
656351.2672,0
656482.9538,0
656608.3843,0
656743.6036,0
656783.6411,0
656801.6245,0
657249.9426,0
657304.2052,0
657368.2668,0
657637.6778,0
657744.3123,0
658456.9128,0
659061.2123,0
659188.382,0
659399.7155,0
659729.3941,0
661701.9223,0
661820.1,0
661916.44805,0
661995.5484,0
662042.4133,0
662305.7208,0
662433.7003,0
662449.1237,0
662613.7889,0
662639.4161,0
663022.1357,0
663284.9642,0
663336.4651,0
663349.0191666667,0
663598.5622,0
663647.3823,0
663777.5784,0
663903.907,0
663936.9903,0
664113.2253,0
664353.5393000001,0
664467.9611,0
664584.2169,0
664602.3513,0
664676.803,0
664874.7886,0
665429.0104,0
665480.0263,0
665629.5933,0
665828.9966,0
666008.5082,0
666325.6398,0
666686.9484999999,0
666733.914,0
666761.113,0
666833.3246,0
666846.2993,0
668015.595,0
668681.2201,0
668693.694,0
669139.1365,0
669175.3932,0
669285.3656,0
669314.6289,0
669326.8879,0
669345.6866,0
669356.3356999999,0
670275.1668,0
670462.312,0
670862.1502333333,0
670969.7897,0
671213.0511,0
671445.1322999999,0
671641.3393,0
671934.2877,0
672302.3506,0
672423.019,0
672456.805125,0
672472.1888,0
672708.48275,0
672846.2051,0
672880.469,0
672897.7938,0
673214.724,0
673750.7205833333,0
673886.6795,0
673944.0769,0
673995.1365,0
674071.561,0
674135.3164,0
674505.185225,0
674726.01888,0
674768.1537,0
675022.4077,0
675384.4127,0
675466.8827,0
675489.2767,0
675589.3565,0
675603.5392,0
675842.3019,0
675928.4103,0
676204.9605,0
676374.7139,0
676394.8898,0
676575.5325,0
676652.5002,0
676827.9767,0
676967.924,0
677117.4541,0
677363.318,0
677660.7953,0
678120.8461,0
678131.0675,0
678319.8444,0
678398.6989,0
678416.8846,0
678558.8045,0
678732.6486,0
679110.0233,0
679645.3128,0
679736.5930999999,0
679785.8558,0
679825.954,0
679935.7163,0
680045.2935,0
680365.8054,0
680757.0475,0
680824.1572,0
680926.2109,0
680982.5799,0
681275.1196,0
681297.2372,0
681379.1713,0
681387.6762,0
681398.7278,0
681428.1335,0
681435.4134,0
681728.7147,0
682625.456,0
682704.2613,0
682775.9664,0
682922.5513,0
683066.7093,0
683981.9449,0
684092.8977,0
684127.0422,0
684350.3863,0
684876.545,0
685145.6941,0
685270.0660999999,0
685341.3574,0
685442.3162,0
685535.4268,0
685579.652,0
685763.8623,0
685910.0987,0
685983.5689,0
686033.008,0
686052.9821,0
686124.2742,0
686497.1771666667,0
686588.6139,0
686608.8596,0
686610.6893,0
686638.2281,0
686786.3757,0
686826.0886,0
687235.1596,0
687341.7738,0
687737.1152,0
688254.218,0
688692.7844,0
688749.4945,0
689062.7271,0
689215.8166,0
689246.4267,0
689253.7737,0
689399.0464999999,0
689510.0662,0
689540.7975,0
689819.5436,0
690137.06462,0
690279.1694,0
690287.8719,0
690410.1591,0
690490.3859999999,0
690552.9332,0
690681.6017,0
690831.0865333333,0
690918.0407,0
690944.6951,0
691391.8816,0
691515.5944000001,0
691570.9108,0
692111.1277,0
692139.3154,0
692286.7773,0
692433.4335,0
692717.779,0
692777.2791,0
692783.4051,0
692810.0751,0
693308.3447,0
693414.6157,0
693466.8578,0
693547.6993,0
693694.2943,0
693845.328,0
694078.4386,0
694205.3842,0
694346.7683,0
694981.1938,0
695210.451,0
695303.237,0
695306.7335,0
695346.5162,0
695353.0541,0
695431.2119,0
695441.1761,0
695470.0981,0
695507.556,0
695762.0554,0
696117.58,0
696119.5348,0
696457.2664,0
696472.8761,0
696511.1318,0
696543.3802,0
696584.172,0
696621.3633,0
696764.8148,0
696816.5192,0
696831.4533,0
697154.3119,0
697291.6722,0
697657.2012,0
697758.3,0
697887.5963,0
697963.4901,0
698185.1827,0
698210.86495,0
698299.9873,0
698373.5783,0
698599.0847,0
698808.1844,0
698902.7546,0
699004.2513,0
699030.1485,0
699079.3133,0
699147.2049,0
699402.5684,0
699504.414,0
699576.3557,0
699712.1547,0
699768.3557,0
699882.9699,0
700032.5208,0
700125.383,0
700206.6061,0
700317.8982,0
700466.3388,0
700715.2371,0
700724.4237,0
700818.3034,0
700886.1707,0
700918.2407,0
700937.3655,0
701090.897,0
701167.9338,0
701369.8374,0
701480.673,0
701681.2146,0
701846.7738,0
702171.4725,0
702299.0535,0
702384.4407,0
702416.2888,0
702456.5906,0
702549.7626,0
702694.3071,0
702960.256,0
703055.8098,0
703111.8378,0
703291.2501,0
703580.4385,0
703793.778,0
703833.9612,0
703891.6866,0
703909.5494,0
704179.9679,0
704313.1441,0
704336.4727,0
704350.7934,0
704408.2259,0
704485.1422,0
704823.904,0
705062.607,0
705063.2629,0
705160.7046,0
705453.901,0
705495.6619,0
705554.4509,0
705618.0986,0
705820.7142,0
705878.9594,0
706276.7486,0
706449.2966,0
706725.1036,0
706799.78185,0
706958.6602,0
707024.4137,0
707028.0429,0
707082.5989,0
707162.308,0
707174.822,0
707443.5415,0
707504.1875,0
707535.3209,0
707745.2452,0
707750.0287,0
707955.498,0
708071.4744,0
708121.9514,0
708509.5639,0
708885.7355,0
708919.807,0
709117.7661,0
709235.0114,0
709414.7503,0
709423.0734999999,0
709490.70628,0
709606.3278,0
710133.2654,0
710325.4409,0
710508.1671,0
710580.9,0
710591.2751,0
710695.1979,0
710737.1358,0
710797.3957,0
710850.6265,0
710956.0528,0
710975.4905,0
710992.6234,0
711008.1196,0
711109.1754,0
711238.1199,0
711378.5411,0
711536.0847,0
711889.382,0
711982.2661,0
712006.1356,0
712188.1429,0
712259.4728,0
712623.9832,0
712633.9088,0
712748.6609,0
712854.3647,0
712974.4407,0
713096.6637,0
713408.5987,0
713519.4724,0
713547.8568,0
713685.1937,0
713819.0615,0
714155.0069,0
714177.5699,0
714345.7932,0
714417.3097,0
714642.5242,0
714716.4573,0
714864.0273,0
714971.4205,0
715090.7689,0
715181.0143,0
715246.1497,0
715463.0229,0
715528.4783,0
715578.2015,0
715720.0561,0
715750.3648,0
715799.6749,0
715864.5004,0
716022.0397,0
716188.0837,0
716361.6355,0
716630.3305,0
716691.8837,0
716919.9859,0
716973.7692,0
717012.2119,0
717125.2706,0
717234.7535,0
717463.3696,0
717500.2384,0
717733.9243,0
717865.8618,0
718203.8529,0
718290.812,0
718316.5634,0
718375.0797,0
718989.0479,0
719344.4818,0
719368.051,0
719473.3176,0
719630.3406,0
719660.2353000001,0
719857.3665666666,0
720539.0922,0
720556.5776,0
720579.9079,0
720621.8082,0
720662.3076,0
720682.4583,0
720683.1992,0
720815.7329,0
720832.2168,0
720906.1299,0
720928.9307,0
720941.9628,0
721177.3603000001,0
721557.4353,0
721607.0611,0
721685.8315,0
721827.9603,0
721872.5912,0
722002.2073,0
722188.5623,0
722359.6485,0
722532.0226,0
723038.8188,0
723261.7297,0
723755.647,0
723819.8674,0
723895.6415,0
724233.3418,0
724403.2822,0
724654.6015,0
724676.7879,0
724865.5997,0
724938.696,0
725238.4181,0
725521.538,0
725611.6322999999,0
725907.8182,0
726077.4081,0
726125.6732,0
726266.4723,0
726373.8296,0
726463.1233,0
726605.1138,0
726799.5615,0
726907.9907,0
726945.559,0
726954.967,0
727026.6716,0
727030.7711,0
727135.2963,0
727291.6976,0
727369.1757,0
727618.8426,0
727750.2252,0
728083.0934,0
728196.3111,0
728289.3910000001,0
728358.3928,0
728385.4703,0
728441.3645,0
728851.3449,0
728978.8555000001,0
729170.3366,0
729623.461,0
729883.0509,0
729965.3756,0
730521.1103000001,0
730525.9391,0
730566.4733,0
730610.7173,0
730851.241,0
730990.0211,0
731124.8095,0
731149.1622,0
731258.2768999999,0
731656.2621,0
732269.2495,0
732270.63,0
732365.3262,0
732903.5914,0
733368.6171,0
734079.5458,0
734204.1134,0
734992.4628,0
735011.0787,0
735296.0943,0
735512.7413,0
735677.1393,0
735701.3891,0
736101.7749,0
736363.329,0
736376.0327,0
736576.4851,0
736645.2348,0
736747.7291,0
736855.2169,0
737221.1396999999,0
737331.7499,0
737458.4226,0
737488.6329,0
737855.5237,0
738079.2251,0
738692.9801,0
738816.3796,0
738928.3394,0
739017.7837,0
739099.0919,0
739302.124,0
739545.4889,0
739751.4055,0
739767.3358,0
739914.6488,0
739936.7031,0
740649.4955,0
740668.5435,0
740845.1023,0
740851.8089000001,0
740941.2524,0
741325.0741,0
741412.9144,0
741507.5021,0
741713.7742999999,0
741781.0667,0
741984.2437,0
742294.2266,0
742598.7991,0
742712.9225,0
742879.0877,0
742907.8413,0
743146.9264,0
743171.4696,0
743456.303,0
743695.3343,0
743753.3263,0
744206.4945,0
744439.9731000001,0
744518.9584,0
744819.1788,0
745418.4838,0
745430.7139,0
745447.7195,0
745551.8377,0
745818.9327,0
746248.9107,0
746289.7451,0
746435.78236,0
746598.1392,0
746908.1138,0
746943.6739,0
747456.0724,0
747698.4782,0
747891.9809,0
747902.0684,0
748159.5109,0
749209.8854,0
750367.8478999999,0
750583.1246,0
750652.3065,0
750718.842725,0
750884.6492,0
750949.6768,0
751089.308,0
751262.102225,0
751336.3492,0
751620.1536,0
751865.0936,0
752425.9469999999,0
752737.8587,0
752749.4854,0
752785.9164,0
752965.1542,0
753348.6189,0
753685.9003,0
754330.3136333333,0
754405.06348,0
754827.9761,0
754844.7307,0
754976.7322,0
755082.1089,0
755339.2202999999,0
755705.6547000001,0
756064.8001999999,0
756139.0566,0
756220.5092,0
756450.5828,0
756511.1902,0
756660.03842,0
757429.0694,0
757635.9331,0
757848.5832,0
758515.5408,0
759069.4044,0
759198.8997,0
759364.453,0
759373.8849,0
759851.571,0
759932.9469,0
760068.8814000001,0
760110.1134,0
760876.4373,0
761088.739275,0
761325.465,0
761582.318,0
761678.4,0
761718.0144,0
761737.1388,0
761738.6364,0
761778.2396,0
761967.027,0
762044.5189,0
762103.9499,0
762147.1196,0
762164.8815,0
762416.9704,0
762471.4809,0
762525.1998000001,0
762557.116,0
762770.0725,0
762858.5727,0
763526.0893,0
764106.6668,0
764631.0821,0
764900.9125,0
764907.5191,0
765084.9942833333,0
765139.443,0
765236.6444,0
765467.0825333333,0
765607.6361,0
765663.6348,0
765697.7738,0
765698.8617,0
765911.7526,0
766457.8973,0
766694.2395,0
766930.6458,0
766962.297,0
767075.057625,0
767101.9579,0
767208.3764,0
767533.7614,0
767605.0072,0
767821.2764,0
768013.0687,0
768039.9262,0
768232.0349,0
768590.8199,0
768627.7882,0
768748.1225,0
768861.0601,0
769033.5875,0
769305.8674,0
769325.38445,0
769422.6289,0
769492.6386,0
769785.5442,0
769822.9389,0
770568.4488,0
771093.7163,0
771093.7535,0
771132.7886,0
771198.8416,0
771809.5316,0
771833.831,0
771917.5095,0
772118.0267,0
772215.4066,0
772281.6034,0
772897.52508,0
772907.4032000001,0
772997.838,0
773000.5188,0
773124.9222,0
773249.4922,0
773259.1919,0
773739.1452,0
773775.0725,0
774073.23,0
774090.2681,0
774100.9296,0
774180.4581,0
774695.5203,0
774947.191,0
774989.5176,0
775072.3951,0
775123.5703,0
775342.4848,0
775381.8427,0
775622.5391,0
775636.8185,0
776343.2941,0
776419.7712,0
776582.5528,0
776877.5291,0
777053.9674,0
777091.1098,0
777106.635,0
777123.7685,0
777274.8755,0
777401.5199,0
777461.7042,0
777489.2934,0
777592.3182,0
-----Simulation END-----
