-----Simulation 0-----
173131.5897,0
173245.6394,17461.485799999995
173492.6227,0
173514.4623,0
173533.925,19186.670849999995
173589.5299,0
174135.192,0
174141.9556,0
174153.8324,19806.86560000002
174179.3856,0
174367.81,0
174417.9108,20319.477400000003
174456.30479999998,0
174478.9543,0
174572.055,0
174690.8368,0
174826.0095,23944.988399999973
174995.2611,27859.55739999999
175074.5521,0
175139.9964,0
175243.5635,27526.35249999998
175510.3398,21769.030699999974
175551.5775,20496.479300000006
175615.9536,23688.0833
175631.90529999998,0
175718.8086,0
175798.4073,0
175814.5297,19898.687020000012
175873.1901,0
176017.5513,0
176075.6597,0
176123.8792,20223.599499999982
176335.7009,0
176473.7018,0
176476.9753,0
176483.3119,0
176601.8365,22686.186000000016
176688.7925,1410.4213000000163
176785.8862,0
176810.9532,22713.08110000001
176816.309,0
176915.8302,0
177014.0022,0
177120.8631,23435.89049999998
177145.5248,0
177259.9362,0
177263.9367,0
177267.7955,30599.54190000001
177548.5613,0
177582.8378,0
177656.7909,0
177673.9634,25152.027700000006
177746.2384,0
177748.4996,0
177793.1181,0
177819.6088,22424.422099999967
177929.87410000002,0
178451.4105,20861.55720000001
178519.0822,0
178645.3328,0
178698.7335,0
178700.5606,0
178813.1024,30375.218800000002
178820.7043,22853.454600000026
179063.7439,0
179086.634,0
179173.3586,0
179286.3234,24798.321399999986
179402.6556,0
179472.2623,34543.788700000005
180125.33980000002,0
180164.3485,0
180465.541,0
180471.6005,0
180639.9291,0
180682.6645,0
180942.9904,22671.452300000004
181142.6651,25123.722166666674
181378.111,0
181462.4585,0
181590.5513,23183.36599999998
181602.6721,23657.421100000007
181674.3693,23339.886599999998
181819.45799999998,0
181895.2123,0
181919.994,0
181971.8032,1072.200600000011
182173.7362,0
182253.1692,23533.40220000001
182336.3355,525.6284999999916
182459.4657,0
182681.5355,30228.040299999993
182833.6641,0
182949.0808,3532.8994999999995
182958.7247,25960.750299999985
183006.2682,0
183390.5444,0
183475.7086,24316.369400000025
183607.2574,2630.1140000000014
183622.9779,361.9155000000028
183731.473,25304.021500000003
183774.0739,34.4657999999763
183810.0018,0
183874.9488,4184.312800000014
183932.1045,28201.928199999995
184061.9438,1285.937900000019
184120.9752,0
184191.4482,684.8583000000217
184418.1023,25177.508899999986
184426.1736,0
184870.9036,0
184879.8989,736.2085000000079
184926.6396,27015.861799999984
184935.8749,0
184988.096,0
185185.8774,1902.046000000002
185199.628,0
185418.1596,24139.477400000003
185545.6131,34226.07349999997
185878.1502,26017.0245
185948.0491,27777.274200000014
186202.189,24416.76550000001
186444.4619,0
186476.5843,10347.06819999998
186559.559,30298.750300000014
186751.225,3749.623900000006
186856.8504,1866.469699999987
187059.6214,42417.98700000002
187420.7599,30965.500700000004
187469.5027,2992.5573999999906
187500.3429,0
187596.948,27980.94080000001
187658.0176,0
187711.3428,497.7189000000071
187727.6816,1814.5395000000135
187922.9199,560.5570000000007
188243.9467,0
188321.1583,2608.434200000018
188576.6542,26658.30039999998
188614.3921,27846.909199999995
188902.4643,26287.37419999999
189252.7861,3851.8447999999917
189326.655,26322.77230000001
189333.997,0
189391.9044,1412.0235000000102
189415.1071,31350.530499999993
189428.4855,3721.6992000000027
189599.6719,26066.7004
189701.6851,28879.869000000006
190321.7792,2969.0111000000034
190966.7521,27901.179900000017
191257.4305,34309.79019999999
191361.9618,27733.39849999998
191391.3338,32275.488799999992
191411.4119,28144.901899999997
191465.7488,28809.429119999986
191489.3846,8943.875
191628.6215,28153.072000000015
191737.7755,1919.0810999999812
191843.5522,29166.488299999997
192024.3724,34299.337300000014
192099.26929999999,0
192231.6127,2257.2803999999887
192241.7999,28259.260500000004
192883.6191,27992.439400000003
192910.7987,27447.074200000003
193097.8359,5159.645699999994
193099.967,6735.633300000016
193279.9592,9044.506800000003
193355.1109,28219.790799999988
193367.6952,5292.429399999994
193408.0338,30989.319300000003
193555.4744,963.4553000000014
194233.4198,29775.911900000006
194271.9696,37870.92830000003
194276.8705,4602.348800000007
194429.975,29534.323200000013
194524.0283,6280.800199999998
194525.4315,29479.46220000001
194633.8802,6676.045400000003
194641.2228,5829.690499999997
195254.216,28791.641999999993
195664.4652,4060.5903000000108
195804.3494,4892.8343999999925
195813.2925,32473.30780000001
195945.8066,28157.577300000004
196198.9642,0
196263.1915,7627.409699999989
196364.1281,24381.77230000001
196380.704,28316.367200000008
196476.8195,0
196513.2653,30212.535899999988
196789.5609,33229.39260000002
196890.8036,5920.769525000011
197051.953,0
197069.4403,29389.670199999993
197207.8434,6329.449400000012
197523.1176,0
197532.4904,35823.53435
197662.1718,33942.89170000001
197680.9261,11293.681000000011
197797.1457,32989.72810000001
197809.0789,29432.1887
197947.0237,34060.7696
197957.1687,6030.5384000000195
198333.222,12490.787799999991
198648.2159,5532.7633000000205
198731.5974,36979.42679999999
198826.1715,6929.555999999982
198837.5644,36272.40703999999
199003.1866,5882.427399999986
199071.2312,30583.267200000002
199296.9027,31222.20060000001
199398.3066,41481.91200000001
199681.8855,37070.03510000001
199692.5308,46175.5172
199726.2769,35207.4099
199877.4597,8638.821200000006
199917.148,9001.544599999994
199966.2827,2716.430400000012
199979.4674,16381.69829999999
200360.9947,11961.757700000016
200420.0774,33815.36010000002
200514.0613,33448.458199999994
200656.0511,8204.4957
200700.6812,10015.501899999974
200733.5195,38237.8781
200744.4449,0
200763.7327,7607.350799999986
200810.7256,8671.65830000001
200830.4385,8385.15399999998
201193.8425,36394.38889999999
201395.2124,32676.291399999987
201429.7298,30676.307700000005
201432.3276,31668.791299999983
201439.3432,0
201633.1847,9305.774000000005
201652.6019,36168.129000000015
201686.4147,31635.771600000007
201773.0895,32622.47649999999
201907.426,32768.226200000005
201953.4456,7962.094600000011
201954.6777,9621.563699999999
202036.2969,29672.842799999984
202195.1205,29582.568100000004
202295.2944,20783.075500000006
202548.2756,16768.68179999999
202560.4228,16292.531275000016
202584.1525,27699.8033
202663.2974,34136.976200000005
202825.3362,12113.753100000002
202906.5173,7577.7718999999925
203068.2746,14632.009300000005
203341.4325,36557.12299999999
203375.9226,13938.645599999989
203386.8134,13941.847900000022
203456.1898,31307.48180000001
203591.0404,13423.736700000009
203639.2422,6700.323499999999
203743.9369,31270.910999999993
203831.2383,35772.51203333333
203905.5792,6903.4761
203910.4912,9884.998900000006
204024.3458,12940.774400000024
204191.4977,7713.238200000022
204211.6399,31807.154500000004
204311.1168,29892.145899999974
204391.571,7388.57699999999
204537.3163,14244.84110000002
204687.5704,34643.06719999999
204722.7272,28099.2408
204871.4619,27876.137999999977
204955.3444,12424.789300000004
205162.9177,6305.82209999999
205516.6123,30213.76060000001
205785.8506,6890.1866000000155
205820.601,10898.819400000008
205831.8219,36159.25450000001
205989.7632,39961.111399999994
206142.9181,8499.640500000009
206214.9997,35696.00259999998
206313.5274,30080.605499999976
206592.238,0
206687.4119,7936.825899999996
206694.2895,33310.84620000003
206960.1132,31921.906499999983
207006.6661,13383.625800000009
207094.6686,40646.619399999996
207119.9035,9285.990199999971
207222.4233,14155.970949999988
207405.6338,12669.797300000006
207518.1519,31106.751099999994
207572.0849,17741.620800000004
207796.9272,19804.511200000008
207867.7571,9305.265799999994
207980.0438,35247.02450000003
208077.9271,36380.480299999996
208238.0593,14067.293199999986
208294.2869,32823.63380000001
208583.3847,21738.877600000007
208620.7471,14508.397100000002
208651.1619,30941.162299999996
208655.8478,18120.478699999978
208712.7797,36404.97690000001
208968.7322,36751.87710000001
209090.1657,34452.40220000001
209210.6494,31835.06449999998
209252.806,39201.61720000001
209287.1905,39175.452900000004
209589.8616,9022.975600000005
209791.3767,0
209812.9722,38454.586899999995
209844.343,31286.050099999993
209856.659,14500.551000000007
209862.1221,38029.9571
210077.8327,9575.24549999999
210331.0279,31998.954899999982
210344.8948,18709.498699999996
210345.7577,31146.788299999986
210523.3598,30900.569700000022
210856.1192,9700.089299999992
210944.4648,17134.254999999976
211148.2302,0
211186.0532,10601.026600000012
211533.504,32731.707399999985
211553.1424,40440.2966
211561.6347,32355.695000000007
211822.3349,13537.372499999998
211840.7887,18310.501699999993
212085.3659,37834.68520000001
212102.1501,15054.543999999994
212253.6817,18122.372199999983
212295.0696,37981.03589999999
212344.2881,33020.35310000001
212415.0502,36546.725999999995
212490.7424,31363.079599999997
212603.1694,41818.8627
212672.3556,33809.436400000006
212675.238,34843.5503
212735.3561,13298.72140000001
212835.5682,37417.48329999999
212974.5859,31195.560200000007
213114.4569,30226.26019999999
213452.4708,33267.35440000001
213459.0934,10409.910499999998
213575.5963,35061.05840000001
213698.4848,10689.350399999996
213737.6212,9182.616799999989
213747.5706,20367.98490000001
213753.5566,34047.81390000001
213821.5273,11247.277399999992
213822.797,12704.781699999992
213833.3883,34941.25219999999
213934.1609,11598.225499999971
214041.8422,32269.53640000001
214050.6847,16034.617900000012
214188.5644,18241.433500000014
214339.6358,10046.782199999987
214437.2336,0
214525.6902,12694.434800000017
214548.2326,45251.375100000005
214580.3854,32403.916599999997
214666.631,11756.338400000008
214727.8624,38868.56210000001
214847.2066,33594.88500000001
214960.0577,39712.380600000004
215057.8243,34271.11680000002
215244.8385,21814.2757
215389.0574,35247.27739999999
215459.0293,11680.603499999997
215468.6222,36621.253400000016
215617.3741,28066.510500000004
215809.5305,29333.581000000006
215876.7023,39229.60190000001
215973.7887,9409.22530000002
216103.1908,33184.9596
216311.1384,40374.500899999985
216627.1085,18928.593800000002
216675.4306,20923.584399999992
216781.1053,33339.65669999999
216804.6543,32288.48609999998
216933.74,30158.074200000003
217008.2899,44499.461700000014
217008.6893,18784.2169
217103.035,14688.093800000002
217237.436,37864.577699999994
217313.3326,19089.6771
217357.0835,11594.780499999993
217506.9844,30328.500299999985
217786.49,32792.5949
217912.7032,19423.15359999999
217971.4125,30689.663900000014
217999.5571,34838.709900000016
218052.9299,0
218110.528,12872.180499999988
218136.4298,10815.95670000001
218224.2071,11472.480099999986
218360.1148,32760.08190000002
218704.4467,30391.834999999992
218761.5017,0
219006.0668,21487.313999999984
219030.2771,42401.44020000001
219117.847,10982.87970000002
219151.3757,35439.6428
219276.5384,22454.086699999985
219342.0353,18596.38519999999
219467.21816666666,0
219744.6891,13933.47589999999
220052.7022,10738.944399999978
220069.6804,47138.72100000002
220132.2281,31384.3744
220203.4933,34347.73730000001
220494.2285,49947.17110000001
220540.1405,11890.81110000002
220748.0069,19165.546000000002
220881.8586,40139.92070000002
221001.5549,31028.482099999994
221051.6965,32316.190700000006
221077.4585,35185.4112
221166.9371,48922.80780000001
221307.4473,32310.428400000004
221659.9345,17232.295799999993
221980.8126,20956.15049999999
222172.1534,19516.966000000015
222243.7893,14671.133100000006
222438.2913,32025.811200000026
222554.4737,36386.36110000001
222618.488,19077.612699999998
222685.4362,31726.165999999997
222776.122,14249.802200000006
222786.35,43158.1471
222823.4636,12606.353799999983
222844.6851,16929.670199999993
222921.7953,23405.752199999988
222947.116,31816.598800000007
223043.6274,18395.155299999984
223065.7799,33234.34819999998
223241.0552,32725.939400000003
223289.6127,35680.0821
223375.909,17594.266300000018
223482.6921,44509.48179999998
223716.1454,16174.9375
224022.5692,18299.5643
224031.0938,40981.06230000002
224039.6633,32065.858199999988
224073.2588,13660.26450000002
224130.6138,35463.2776
224218.9632,47726.364499999996
224246.02,38278.989700000006
224293.4819,35710.7997
224732.7772,33102.95750000002
224785.3704,15652.289300000004
224826.7505,37768.648199999996
224888.7434,19420.57130000001
224914.0938,31501.474599999987
224931.1347,38443.30229999998
224933.5997,12824.75039999999
225001.5004,3704.2402
225121.2253,33329.45069999999
225196.1387,33986.481700000004
225206.3946,12139.43849999999
225306.0078,38620.664699999994
225402.3601,34810.2151
225610.4395,39673.8217
225667.1438,33152.33559999999
225879.5597,35687.53390000001
226329.0157,43914.1911
226453.1865,35679.60110000003
226512.8337,23626.793399999995
226667.9926,44056.71470000001
226804.7353,18102.367499999993
226893.2862,25792.35070000001
226929.8404,27573.054399999994
226971.224,16162.420899999997
226981.6094,47188.86409999998
227009.5849,18668.905299999984
227482.5838,15333.514399999985
227683.9972,23676.04190000001
228050.2583,19477.361799999984
228191.1514,33700.751099999994
228290.471,17751.670399999974
228396.7296,13943.89009999999
228434.3773,17816.452099999995
228557.2571,13626.714699999982
228586.9484,19171.28269999998
228689.4671,16559.931299999997
228792.619,38673.542199999996
229022.3106,38096.88989999998
229178.9122,49389.16057499999
229247.9075,13064.580300000001
229314.7225,20926.149399999995
229354.9372,34012.36339999997
229390.4464,42609.74119999999
229468.5925,34729.8106
229486.846,40477.41669999997
229511.0288,34737.17499999999
229613.7086,38414.8487
229725.0958,26150.107600000018
229756.2403,30043.601400000014
229795.8286,36769.24160000001
230152.5,17557.017200000002
230206.5591,17536.648199999996
230461.1077,50728.38029999999
230529.8858,11558.620799999975
230784.994,27893.69810000001
230863.5043,14561.08230000001
230863.8439,43619.422099999996
230895.9259,27100.0325
230928.8258,38403.77739999999
231388.6704,25290.876600000018
231425.5063,53407.60500000001
231732.8495,41765.081400000025
231908.4448,42090.0472
231927.9168,36793.43590000001
232122.0526,13400.574299999978
232129.4372,15890.513299999991
232561.0103,40185.68580000001
232763.8392,9538.459999999992
233317.7569,37957.54820000002
233536.2152,21414.41339999999
233665.4401,38619.603
233898.8696,14482.560700000002
234076.0042,44957.457200000004
234128.2851,36278.1918
234197.019,37403.94500000001
234443.0741,14678.922250000003
234507.9245,40141.7757
234536.2495,37635.9669
234599.6724,15613.993300000002
234726.7918,39725.37760000001
234746.1424,36707.512800000026
234809.8373,37380.6507
234870.4422,46317.70879999999
235002.6623,23356.15400000001
235505.747,46223.83840000001
235568.2295,24484.57129999998
235600.6915,16571.660799999983
235672.7412,24208.67969999998
235778.3719,16628.65789999999
236378.8752,34197.8389
236482.4101,40454.66030000002
237077.8009,23158.665000000008
237204.4877,17604.033120000007
237317.0735,19609.94649999999
237452.1134,21673.172099999996
237456.7768,18277.195299999992
237654.3814,42026.89560000002
237747.2427,38928.19510000001
237829.2654,37995.07490000001
237885.3786,27080.816699999996
238199.1717,18273.22
238268.0629,29650.498699999996
238320.909,39776.623100000026
238420.5263,39864.12299999999
238523.4577,18729.0
238589.3581,41251.83560000002
238627.3191,17842.04309999998
238751.4686,39734.9363
238761.288,34454.4215
238804.6632,43783.5638
238810.7027,41218.2408
238990.6098,38156.5361
239198.413,41692.716799999995
239273.1424,42593.6103
239289.8258,25360.3162
239446.3065,0
239656.4033,24504.59460000001
239760.3521,49183.1109
239833.1718,42382.273199999996
239967.9488,45350.56560000003
239970.9333,48872.6991
240211.6279,20284.742
240272.6332,21781.273000000016
240277.011,39611.168200000015
240295.0463,19327.027599999972
240314.9619,43988.586899999995
240501.8434,37579.18187500001
240577.1038,43683.357099999994
240577.1824,19721.341799999995
240686.072,46987.54719999997
241052.1597,41204.4001
241084.7376,19072.915600000008
241161.6655,44407.77600000001
241168.673,35855.7274
241182.5228,0
241415.4287,0
242133.547,41004.99769999998
242579.9295,41838.33559999999
242629.4107,46718.355299999996
242879.666,42303.83979999999
242945.6238,27508.965800000005
243058.2306,31438.372900000017
243087.3504,42514.2187
243383.9176,21431.461299999995
243428.9827,16409.913100000005
243562.2599,21254.78039999999
243715.0435,39041.37299999999
244021.9775,29166.274000000005
244200.2353,24150.102000000014
244219.4828,29554.784199999995
244415.6886,43737.721900000004
245324.7276,44519.614100000006
245694.6529,22156.019299999985
245940.6411,30129.087666666688
246342.1213,48194.71859999999
246413.9876,26188.60069999998
246640.9234,47596.13759999999
246821.4371,25607.622700000007
246844.6226,49427.72270000001
247154.313,25326.636200000008
247188.1741,23570.510500000004
247228.7024,45055.0447
247448.6508,47471.77470000001
247449.368,24738.57269999999
247474.9429,34671.3927
247819.6528,47185.56400000001
247923.5438,23223.571599999996
248004.5334,35619.744399999996
248307.98,46968.239900000015
249669.0104,48405.733800000016
249732.2098,34418.979900000006
249768.3369,48543.8174
249961.098,26015.225199999986
250054.1758,0
250507.4664,49686.672300000006
250692.8099,38625.36809999999
251173.7238,54184.008325
251257.3662,46868.952099999995
251262.6389,29515.06409999999
251581.9111,53726.072599999985
251700.841,26750.35799999998
251768.7348,48499.427800000005
251787.8472,49828.83659999998
252110.9622,50159.09830000001
252203.2975,28047.155499999993
252287.9827,47334.625100000005
252537.2288,49884.57020000002
252591.853,53801.475999999995
252943.9562,27427.39989999999
252960.2886,55280.04610000001
253211.9193,47034.92010000002
253271.9568,26078.992100000003
253790.6486,30082.565599999973
253843.1022,51182.97929999998
254170.1226,48277.693100000004
254217.177,28843.793600000005
254658.4855,26431.96000000002
254837.6225,48074.9185
254924.5756,49152.16260000001
255233.4378,31463.102200000023
255787.4554,47769.09576
256024.5815,53170.2482
256025.3115,27690.83400000003
256140.5643,29936.722899999993
256383.563,35684.3774
257118.2568,53644.6354
257432.0204,56610.72816
257499.4531,55874.04150000002
257657.519,35295.841799999995
257733.6343,50504.7769
257925.4866,39538.47100000002
258291.3662,28781.99714999998
258482.4849,53322.34880000001
258482.5825,50258.193299999984
258561.9062,51415.81639999998
258650.2163,28083.228100000008
258958.6197,28504.735200000025
258994.5546,33266.17420000001
259058.2691,28631.560100000002
259171.8347,51658.155
259216.326,50232.2328
259612.2007,49487.50199999998
259827.0294,49903.342399999994
260091.2895,56057.902500000026
260187.1644,38748.42570000002
260256.2855,59489.7237
260359.2589,51192.8658
260380.8572,29409.027099999978
260403.2923,29806.171000000002
260874.2543,39206.942500000005
261147.5059,33945.716533333325
261537.0081,0
261600.7967,62574.60200000001
261684.5689,51001.68930000003
261700.856,37003.19889999999
261702.4118,36019.6557
261712.5012,37100.45629999999
262410.2438,31111.592999999993
262828.1717,38409.35520000002
262961.7356,51761.6275
263287.5739,55396.08230000001
263290.8092,51047.201900000015
263611.5041,50815.48150000002
263657.513,34303.317899999965
263678.3477,61452.58289999998
264169.6372,64935.76019999999
264198.0458,28856.239100000006
264336.6932,41573.38329999999
264475.8888,31690.134699999995
264510.4192,32122.405800000008
264725.4256,53846.6986
264764.5549,31578.091799999995
265274.5807,52538.758700000006
265571.6617,31193.247100000008
265679.8588,27619.68119999999
265977.8426,31642.99489999996
265992.0078,0
266214.6053,64613.29310000001
266231.8798,53547.256259999995
266334.9086,44199.79350000003
266337.3016,52365.408400000015
266899.183,35706.81020000001
266996.0644,43254.37819999998
267015.2366,32813.37270000001
267034.8202,32409.526900000026
267216.4754,17592.6936
267645.1822,62478.65199999997
268440.3905,45983.5514
268482.8508,31504.374300000025
268608.9103,60031.78659999999
268714.4428,53995.59370000003
268752.8874,32512.4363
268928.6287,37867.70880000002
269261.2151,55024.50649999996
269334.3651,50172.495799999975
269596.59400000004,0
269721.8256,34774.194299999974
269736.1618,37767.69510000001
269745.2214,35668.41699999999
269901.5464,58522.689399999974
269994.9924,35861.6581
270175.3609,33721.77140000003
270404.488,32947.5723
270545.3577,55397.74429999999
270556.4269,38119.30910000001
270695.2689,33205.70120000001
270723.7582,40903.664499999984
271000.0663,38780.153500000015
271205.7812,58397.99390000003
271422.7703,65444.182699999976
271878.1607,55607.302800000005
272113.2962,34657.82149999999
272146.3463,56238.606299999985
272326.2746,65396.82329999999
272504.8431,34398.19520000002
272638.4098,57973.966600000014
272643.2356,34790.904500000004
272697.6417,34689.15229999996
272893.3699,58821.36349999998
272952.422,34534.07470000003
272974.1586,35240.15560000003
273054.863,41026.009699999995
273204.2256,62186.3193
273275.3858,36190.53249999997
273664.1876,33487.23750000002
273959.6714,35456.31029999998
274052.9116,59922.30099999998
274233.8689,36325.59890000001
274265.1736,56715.03119999997
274505.9124,50928.83029999997
274601.3492,64576.49789999999
274861.6382,60081.693899999984
275256.6469,34745.9307
275477.7474,10052.633299999987
275559.979,56604.316899999976
275621.6554,33131.42079999999
275952.7398,33935.500099999976
276040.6312,57770.26430000001
276120.6558,61514.0496
276143.5892,32262.28529999999
276292.0966,31924.0055
276330.6203,34694.56230000002
276507.38,62982.808099999995
276543.8038,26148.31409999999
276812.136,36670.34340000001
276886.5792,33543.51799999998
277320.4026,67288.51309999998
277608.736,36974.74079999997
278000.88300000003,0
278278.9793,35279.47230000002
278390.511,37588.71523999999
278439.2467,60461.54520000002
279015.7046,60376.01509999999
279377.7036,48193.205000000016
279417.9292,59735.72098000001
279432.5396,65767.93010000003
279497.2114,59502.41819999996
279637.0231,60333.7579
279680.5222,60327.942100000015
279700.4773,74711.55850000004
279950.6771,72162.72799999997
280058.8671,32492.440099999978
280157.0864,61922.11019999997
280256.0477,33327.75649999999
280287.0052,33692.54010000001
280311.6119,0
280719.7586,33495.99729999999
280743.3543,38587.59539999999
280893.6039,69261.47509999998
281036.0622,41010.5307
281078.3634,59863.46789999996
281292.7299,32713.223099999974
281433.4627,33593.05149999997
281674.9406,40914.79569999996
281867.4745,59690.57130000001
281950.761,60750.25829999999
282295.0838,39790.303000000014
282807.3038,62671.89499999999
282974.284,32039.98729999998
283338.8015,61697.94409999999
283437.0581,43905.02140000003
283500.9793,58520.59520000001
283524.6725,64772.94129999998
283682.1952,34997.159400000004
283792.6761,71679.81869999997
283914.9068,63006.364
283947.0756,68690.1065
284069.9616,60247.99399999998
284127.5988,34882.024999999965
284296.3629,62851.40480000002
284490.6916,34937.677000000025
284513.2059,37136.42420000001
284606.0906,0
284626.6344,64745.3627
284667.144,60583.23019999996
284725.9134,33438.003600000025
284830.2553,34893.44040000002
284838.266,66415.5937
284884.3837,48675.985800000024
284990.1732,63377.99875000003
285244.9677,65176.72609999997
285259.4636,33022.70000000001
285310.8156,57179.491899999965
285366.5058,59513.36109999998
285778.9751,57687.47217999998
285924.0143,57717.73729999998
286183.744,57762.17080000002
286186.9187,34995.29139999999
286331.3693,40292.726800000004
286430.4567,58846.486724999966
286504.6543,47830.48329999999
286517.8011,57626.18149999998
286787.3093,57335.84740000003
286844.0701,61104.936200000026
287185.3209,36580.55619999999
287418.207,43144.80719999998
287463.6317,42308.20290000003
287522.5903,69404.30209999997
287558.4078,64778.65210000001
287627.3729,41225.97940000001
287720.0826,59550.32920000004
287755.2472,48141.01789999998
288046.6099,57846.08799999999
288107.0871,62359.1617
288393.1485,57700.61945
288562.0191,69130.70169999998
288594.0156,33269.198399999994
288640.5399,38088.78019999998
288826.7988,37982.433699999994
288827.3796,67873.88429999998
288828.2533,57854.84989999997
288902.3167,59676.837300000014
288928.0473,45183.88459999999
289309.0999,33261.24339999998
289346.2771,63235.46003333334
289359.018,38822.86769999997
289369.4097,37383.20820000002
289378.7785,34718.1887
289466.0188,5867.126600000018
289573.6829,70390.098
289633.1908,55152.44869999998
290162.7845,33664.0515
290243.8431,59649.9987
290392.1937,63481.82510000002
290551.3623,36037.69449999998
290739.3535,54354.82340000002
290762.3502,57426.62879999998
290963.7251,56970.94794999997
291060.1166,21278.62109999999
291088.3205,66624.93179999996
291262.9531,54429.29819999999
291371.927,54460.061600000015
291406.4726,33277.11109999998
291436.7437,78936.1219
291591.4404,31476.54640000002
291626.137,37243.683499999985
291676.6305,35451.19670000003
291689.8813,31611.3756
291733.6568,53172.8481
291810.0782,55909.77649999998
291874.3352,46349.14129999996
291875.323,42571.60889999999
292194.8671,55005.846299999976
292600.6719,53906.34780000002
292763.2132,69108.10690000001
292944.5567,34443.56700000001
293039.3387,71394.16880000001
293067.0711,61600.96960000001
293100.6237,29728.542000000016
293121.6802,54633.73749999999
293123.4717,40317.09759999998
293213.439,75236.22730000003
293244.3677,60730.30900000001
293285.9074,54024.31000000003
293436.36,41949.91929999998
293437.91,33283.549499999965
293458.6742,54046.55130000002
293469.1798,32890.29329999999
293530.1261,31748.200599999982
293580.1343,50138.35959999997
293754.7737,59327.25170000002
294021.4923,43898.35089999999
294111.3288,56444.54450000002
294228.3484,0
294445.5247,77065.9105
294507.6057,45514.57050000003
294559.7868,61175.60089999999
294644.1634,60019.90910000002
294657.355,56681.78089999998
294727.3836,38635.65830000001
294810.6314,55942.792600000015
294813.6754,57265.37820000001
295080.0811,30221.127099999983
295161.6438,34118.67000000001
295327.0554,63352.754200000025
295438.187,51969.92543999996
295558.6812,56392.12319999997
295659.6611,55910.99750000003
295688.7084,66615.10990000001
295763.4081,71333.6801
295951.7603,36235.93020000003
296076.9856,32086.961100000015
296077.7705,32231.327099999995
296325.6112,30667.339899999963
296393.8917,84056.05949999997
296465.4131,30337.930700000026
296505.2282,52464.76060000001
296556.6693,55538.01150000002
296600.5415,52526.782999999996
296614.5121,71383.6739
296650.5052,56131.615900000004
296663.9661,61089.90090000001
296784.6509,44657.52180000002
296794.0459,79124.83080000003
296940.9069,52648.26139999999
297083.9336,35627.7053
297350.4786,56310.14599999998
297573.264,44415.734600000025
297639.8179,36778.835700000025
297712.9792,33798.80040000001
297760.0083,58368.64499999999
297829.4349,29632.44339999999
297855.1243,64469.26840000003
298105.8406,54407.58314999999
298121.5737,41450.86050000001
298194.6476,49970.27190000002
298204.3156,52531.95159999997
298287.9616,76689.73589999997
298442.3564,30236.602799999993
298515.624,51286.015799999994
298615.1663,57762.444299999974
298637.2825,44808.97409999996
298795.2016,63892.225199999986
298838.785,38417.38799999998
298971.5147,51720.40649999998
299145.8346,53232.19769999999
299199.8524,76636.15279999998
299263.8321,50847.06959999999
299450.5336,74305.60800000001
299541.5811,56298.05009999999
299574.0609,42218.27619999999
299669.3749,30133.86869999999
299697.1028,50903.73509999999
299905.9658,61371.398000000016
300250.3177,51284.11010000002
300250.5239,43775.605899999966
300303.3273,39052.42600000001
300331.4444,63179.289299999975
300379.6605,50377.6005
300641.8569,52514.3658
300670.9907,60880.84370000003
300761.916,59962.43040000001
300854.2436,51601.212499999994
300891.0456,32588.857100000023
301020.4516,49269.15049999999
301370.5831,50380.048499999975
301612.6958,31722.946999999986
301724.761,32854.875300000014
301779.8323,54544.15890000001
301848.4707,46090.05900000001
301901.1448,51634.788
301917.6012,35080.04139999999
301922.9819,49805.14030000003
302068.1626,32956.197799999965
302191.2509,37838.96889999998
302274.6492,57919.72279999999
302375.1453,81974.03329999998
302389.1732,39620.0515
302465.956,31603.492000000027
302679.5181,31433.72019999998
302731.358,43453.70480000001
302747.2182,59779.79629999999
303048.0565,52991.95380000002
303223.794,31653.318900000013
303301.7357,33341.32919999998
303746.7344,32162.12710000004
303783.1971,35687.319299999974
303935.1185,34154.34029999998
304065.5882,43997.4638
304416.5944,43357.6557
304436.8471,31864.010899999994
304497.5398,37699.78780000005
304926.2256,36747.06109999999
305092.0024,54761.33960000001
305169.9676,35424.50689999998
305290.988,53886.048300000024
305401.389,43596.566100000025
305473.0941,59615.22649999999
305479.0539,40769.88870000001
305506.2461,33610.86339999997
305778.5023,46287.49650000001
305820.1353,31725.631500000018
305914.8268,53170.130599999975
305944.2336,32233.509499999986
305948.7305,34165.5441
305952.5905,54833.39619999999
306085.1066,52352.234
306118.6123,33504.84330000001
306133.6587,58910.071400000015
306186.4638,38755.52960000001
306466.1536,57486.92100000003
306799.865,45811.04679999998
306854.95,51643.82030000002
307083.4571,54640.160659999994
307176.7755,51378.145299999975
307222.3601,43278.994999999995
307281.7204,32087.166199999978
307335.3296,30107.675099999993
307611.6234,66461.07739999998
307733.2621,32704.455799999996
307771.5651,58825.51560000001
307985.0115,59520.88620000001
308128.5567,39473.297699999996
308134.3731,52563.05290000001
308292.0352,53617.2855
308293.8799,53454.92360000001
308406.9255,71582.00420000002
308434.4181,56215.71350000001
308576.6757,57149.65850000002
308902.5778,51697.23120000004
308911.0709,52108.4681
309056.1943,53545.80549999996
309501.1145,38178.18370000005
309583.7314,32187.082599999965
309967.2029,56549.72419999997
309967.7383,0
310061.1875,38012.01370000001
310207.9713,36136.673499999975
310297.0268,50259.69089999999
310433.263,87505.78199999998
310485.8292,56859.58139999997
310517.6791,33052.1495
310536.7362,39505.48629999999
310567.6486,31836.083400000003
310571.8499,59574.70449999996
310716.584,33197.481699999946
310745.6458,57348.0031
310763.6243,42509.55130000005
310787.8584,50349.15340000004
310818.2336,60654.03149999998
310938.2011,36629.04330000002
311041.5613,52891.43790000002
311129.5772,52768.183699999994
311204.3136,42324.59340000001
311401.6649,81159.79499999998
311610.784,52152.541019999975
311750.6804,38958.202500000014
311776.855,36476.4938
311963.1394,57261.3211
311987.8146,33253.383050000004
312009.3781,39630.082799999975
312056.677,41362.100200000044
312198.0826,37233.48330000002
312265.501,60000.30209999997
312302.0286,63644.26270000002
312338.2349,51114.15319999997
312392.5795,32907.06669999997
312574.8041,37399.98570000002
312789.642,63758.58369999999
312888.521,69323.92910000001
312896.289,36876.70199999999
312975.362,51017.20240000001
313135.5727,33526.6716
313280.1145,52789.39970000004
313282.7149,51245.25560000003
313290.9957,52290.24530000004
313334.232,35682.59820000001
313335.058,56210.158000000025
313355.9655,58606.76859999998
313386.8545,38139.549100000004
313443.9412,57258.27530000001
313733.8571,54327.61780000001
313763.6129,37296.9057
313781.4369,54685.205424999964
313871.2662,59797.105300000025
313941.567,64854.67089999997
313975.8648,53070.38279999996
314086.9459,34370.85739999998
314196.6556,57495.142900000006
314238.8542,79402.4055
314531.1865,33387.258700000006
314604.5636,38865.010100000014
314791.3877,51733.1813
314917.1729,60995.369999999995
315022.7762,53185.265000000014
315036.1241,36969.36290000001
315058.0768,64757.41729999997
315125.4712,70619.76370000004
315148.4778,40214.83289999998
315314.6321,51246.01120000001
315425.4379,51585.44200000004
315606.3978,42257.67119999998
315625.7015,57195.96920000002
316030.4249,51458.18030000001
316053.0694,50945.326899999985
316090.5361,51496.2635
316165.5743,37114.54019999999
316374.2044,53071.82549999998
316559.2873,51633.93470000004
316826.106,73207.42790000004
316875.4565,65232.89319999996
316895.5331,34779.058699999994
316960.0094,34260.72139999998
317109.1643,71085.34230000002
317111.8331,43352.77159999998
317221.4841,52661.143700000015
317232.2455,50233.086899999995
317370.9364,41381.06099999999
317406.9237,41687.01679999998
317491.6678,51932.423899999994
317556.3162,50760.7954
317578.0634,54106.95379999996
317607.5533,47644.44690000004
317926.581,42273.50709999999
318086.1808,0
318363.4045,51913.10600000003
318460.3058,34897.3419
318546.93,52014.02739999996
318554.7757,51271.312399999995
318739.9979,7062.925400000007
318883.351,38582.76740000001
318981.0518,69988.94826666667
319141.655,56930.11480000004
319249.7226,0
319320.1033,64337.52840000001
319401.2858,65591.68040000001
319446.7532,43046.00899999996
319511.0988,65513.908199999976
319699.4048,40464.63060000003
319889.0417,60520.543600000005
319993.8892,49779.23139999999
320415.2491,35574.89770000003
320801.5483,52510.13630000001
321022.0446,69287.52580000003
321047.5677,64178.82800000001
321100.6857,52786.70449999999
321239.4662,38496.24210000003
321332.7779,62841.211099999986
321499.6906,41522.352599999984
321508.5457,64418.575900000025
322074.4627,58403.11050000001
322165.004,65632.2195
322179.8509,50219.4302
322326.0036,53725.798899999994
322358.5771,53528.71730000002
322619.226,43056.83370000002
323093.9736,59181.71380000003
323137.7448,36877.08720000001
323148.5897,43564.197000000044
323334.8537,57051.201
323622.874,61529.2286
323692.8694,54191.4583
323702.8407,58487.41889999999
323748.701,39009.53749999998
323789.4931,56694.78100000002
324047.1572,46831.9926
324070.9643,39451.346299999976
324093.2175,37445.41510000004
324167.3045,38249.28130000003
324362.4052,42808.039899999974
324518.9061,45052.056700000016
324652.7722,40803.51199999999
324719.03,64594.19490000003
324738.6191,55899.888800000015
324746.5044,40346.30839999998
324960.6885,48082.04060000001
325196.5586,53997.63169999997
325299.5706,54659.568299999984
325714.649,43892.18469999998
326027.1723,54254.97509999998
326086.897,64498.9081
326175.2221,54700.422900000005
326398.8703,63283.029700000014
326410.1814,60746.36210000003
326875.9036,89981.27760000003
327196.6743,43043.26160000003
327373.7214,54146.4166
327438.7552,65213.44920000003
327996.4977,41353.298699999985
328461.4964,44438.830000000016
328683.1101,53324.73729999998
329036.59,63618.31900000002
329355.2669,51142.104300000006
329456.4814,54167.138399999996
329792.5706,63837.50909999997
329984.7337,43650.768500000006
329999.6115,54750.33559999999
330025.3886,40328.11420000001
330424.6622,58719.59465000004
330724.0417,42619.268700000015
330941.35,55404.84249999997
331072.8374,47118.408800000034
331180.9535,51677.1213
331404.645,47411.23840000003
331668.6985,44183.20010000002
331703.7346,43814.94590000005
331868.5817,44049.614300000016
332245.9414,62698.7562
332392.0502,0
332469.473,48231.0576
332573.4003,56641.86679999996
332778.3251,63911.48250000004
332910.8976,62996.67300000001
333052.0217,57370.77369999996
333471.9468,62916.816300000006
333610.9786,65156.913
333946.6504,43037.828299999994
333947.1245,57387.3529
334030.4007,59979.3309
334291.605,62853.83230000001
334540.1289,44079.55449999997
334572.0456,57339.83289999998
334646.8809,54602.702899999975
334817.2047,43692.883700000006
334941.1132,44182.55530000001
335035.4128,52642.29349999997
335118.3467,42224.4448
335201.685,40883.45919999998
335244.3366,49304.034799999965
335529.6385,40889.2806
335607.7276,60410.0723
335716.0958,59626.07429999998
336023.8132,66603.87780000002
336048.1685,46371.82000000001
336442.4728,64651.2536
336488.5898,57707.23430000001
336864.5535,0
337034.1539,59342.120399999956
337215.5399,62192.94129999995
337300.9303,59170.580799999996
337580.3076,60627.22570000001
337729.1389,43720.8076
337730.7466,47982.262800000026
337756.8091,64932.84340000001
338323.0773,53307.34450000001
338408.6888,70543.90600000002
338408.9315,51228.65169999999
338417.2687,59945.66950000002
338448.9405,43535.3309
338732.8745,70786.5906
338801.2047,71291.30609999999
339054.5691,43943.08130000002
339463.9959,59904.525999999954
339588.9771,49223.172300000035
339628.4045,52676.20410000003
339690.8347,73158.89419999998
339908.8912,55434.01270000002
339991.8813,43701.890000000014
340097.2838,0
340391.8382,0
340464.3215,59159.181900000025
341224.2807,65000.20319999999
341488.4146,73411.5479
341743.6519,43661.97729999997
342005.5856,50447.865500000014
342059.735,60630.61780000001
342091.4022,62431.672499999986
342153.1748,52207.260899999994
342209.8503,62521.169999999984
342315.2778,52261.35959999997
342617.9422,52607.199199999974
342624.1143,44239.47770000005
342922.2594,63650.827499999956
342927.3335,44407.61599999998
343065.6404,36716.85369999998
343127.9077,43113.55349999998
343188.2664,44978.75770000002
343247.2865,0
343393.1045,65543.39130000002
343685.9235,0
344417.8787,68902.5134
344446.6381,65293.39169999998
344647.4731,65551.72469999996
344732.2105,46520.409199999995
344859.4347,57722.20519999997
344955.0772,61767.514599999995
344963.4629,58948.56329999998
345640.9343,66583.70280000003
345690.2281,29523.9559
345737.953,48076.33039999998
345826.1327,45892.715200000035
345862.0324,62097.004600000044
346648.0563,46656.5111
346688.315,46157.82159999997
346790.387,48444.418999999994
346948.066,46379.50390000001
347173.8368,64152.36540000001
347189.4003,45932.94179999997
347250.5689,46119.73230000003
347361.8452,67679.46909999999
347389.5927,0
347556.4565,52712.633700000006
347612.8819,46779.02113999997
347659.4905,67024.54450000002
347758.0604,46294.52429999999
347834.1177,68800.4889
347939.3454,47294.76799999998
347977.8498,65991.40039999998
348137.7512,46002.10810000001
348426.7412,70155.82890000002
348757.8058,47581.46509999997
348787.4449,65189.798100000015
348909.2187,65686.58160000003
349519.6328,47062.831200000015
349682.6392,15969.283299999952
350224.1252,46820.00469999999
350308.6072,47146.19280000002
350383.3393,65444.328899999964
350501.4495,22830.52309999999
350571.5303,62594.58419999998
350769.5519,68237.4436
351011.2317,64680.93060000002
351037.9923,55519.15259999997
351125.9032,49640.3811
351228.9095,66993.87690000003
351422.2673,67933.60740000004
351517.8208,52309.20510000002
352103.6369,78519.43719999999
352518.8492,49084.93943999999
353176.2334,46144.55390000006
353345.725,50159.63579999999
353925.1382,48083.913699999976
354102.941,44905.92129999999
354185.4714,67642.7341
354214.5439,59363.376099999994
354236.512,60636.54190000001
354363.5727,75666.40110000002
354485.216,70807.65390000003
354576.7078,47043.52369999996
354581.8262,68332.8285
354739.9438,72032.21760000003
355038.6147,51742.84909999999
355077.4775,74437.66579999996
355078.0436,54662.10339999996
355288.2402,46530.2353
355405.3513,68048.45999999996
355418.0336,52955.98150000005
355861.8168,73033.01549999998
355947.121,44854.471966666635
356203.1616,47128.69809999998
356264.0126,75457.54130000004
356456.3094,45120.65220000001
356580.4308,47538.86229999998
357083.9643,45435.96769999998
357137.2262,54095.03369999997
357395.875,45993.80560000002
357495.6358,66275.78959999996
357931.912,48839.17240000004
357963.231,68408.19950000005
358260.6403,63813.82900000003
358423.2714,47471.98250000004
358425.2697,74105.50579999998
358507.9615,47958.331200000015
358657.702,60925.409400000004
359189.8485,75966.87020000006
359244.9629,77717.32209999999
359249.6609,45316.77860000002
359314.0214,71933.8566
359529.8716,79644.65470000001
359541.0695,78132.5417
359547.8822,51486.995200000005
359566.0165,70317.25490000006
359602.7997,45600.668399999966
359717.4326,47878.1041
360048.7458,67905.59989999997
360250.3303,69170.17069999996
360403.6935,49078.168000000005
360545.7895,82928.48870000005
360660.924,48409.3921
360810.5955,63630.96590000001
360921.6795,52722.82270000002
360953.226,66816.0686
360988.3727,65885.98869999999
361116.8146,64567.06569999998
361147.5058,63557.25709999999
361329.5219,32579.57679999998
361565.1903,67696.343
361642.6126,50489.89120000001
361687.5512,79560.11309999996
361748.1557,46519.835699999996
361886.4216,64740.77059999999
361937.9216,851.2684000000008
362050.9208,46995.89550000004
362119.0368,44714.82000000001
362164.7455,61588.993400000036
362264.0662,52837.0539
362327.1033,57167.577300000004
362328.8045,49450.088400000066
362519.2987,66650.42800000001
362590.6557,66604.56099999999
362741.4898,50596.625
362928.26,0
363083.629,65441.91279999999
363146.966,47937.22240000003
363443.5499,74999.46149999998
363666.6261,80440.3077
363862.5717,65143.16139999998
363896.2677,45106.59050000005
364044.1938,45848.52289999998
364099.6551,48710.799099999946
364226.843,58656.28110000002
364514.429,80746.29759999999
364526.7276,73263.22719999996
364542.3402,71243.67209999997
364555.0959,72449.6386
364596.1973,68697.821
364865.8604,55352.13030000002
365055.8967,66555.83789999998
365145.1832,69943.68210000003
365171.5982,46249.49875999999
365230.0005,51000.02420000004
365604.2892,71244.86859999999
365685.5292,52812.778699999966
365856.6866,66887.96630000003
365985.9736,45318.96670000005
366423.0053,75708.66840000002
366679.5183,44953.546900000016
366758.2589,62723.820999999996
367090.8649,67247.78639999998
367241.9487,64357.31910000002
367382.7335,45813.521099999954
367510.3055,66780.97030000004
367858.2484,0
367908.2876,43977.86339999997
367990.5614,48307.73570000002
368014.529,46475.249699999986
368194.18,78391.13309999998
368200.6815,51790.84289999999
368226.9479,69962.82872500003
368500.485,64064.41529999999
368789.0099,69205.005
368975.8477,50197.61319999996
369005.3994,0
369025.7475,64808.813599999994
369143.0641,50039.087300000014
369163.4746,40642.14300000004
369438.5699,49875.15649999998
369483.696,64136.08639999997
369526.8884,42491.94530000002
369676.799,61455.70689999999
369719.8854,50401.14660000004
369758.0101,54159.8603
370316.7014,76967.61129999999
370320.2832,51717.527
370978.192,71730.36809999996
371174.3322,42671.876099999994
371303.3453,65594.59029999998
371357.8936,42442.956200000015
371398.0689,71089.9953666667
371493.3705,83587.01060000004
371536.9042,79953.9494333333
371635.3595,59134.894900000014
371726.3863,42890.0429
371781.9697,42183.97649999999
371820.2112,43009.129600000044
371890.6735,72490.02199999994
371980.2526,64666.601000000024
372253.9292,48874.313399999985
372381.48,66208.99969999999
372585.5393,80301.60190000001
372613.601,42516.118600000045
372792.0057,45197.7941
372816.8275,49186.49310000002
372826.0249,69742.24480000004
372862.8573,49786.39689999999
372929.1686,42615.996999999974
372933.217,66224.06540000002
372995.4826,64674.78480000002
373105.586,75189.4032
373136.3214,43361.39110000001
373136.5974,42617.63300000003
373347.1055,75243.55420000001
373398.1474,49482.9313
374286.402,90402.71129999997
374476.9135,41824.12970000005
374517.3014,39051.448199999984
374543.6829,69577.88020000001
374559.6834,49484.071200000006
374620.3405,66815.96259999997
374624.0177,71435.68930000003
374661.6119,64743.55910000001
374750.2638,40300.20919999998
374760.1037,41553.06699999998
374761.8634,65151.58439999999
374775.7433,39460.41559999995
374806.2012,55021.4277
375200.4112,45422.44339999999
375452.3605,40468.43410000001
375513.0624,65778.43709999998
375518.2776,46126.00719999999
375567.6934,71941.02350000001
375779.3717,68978.75390000001
375801.968,69622.16509999998
375833.2518,75678.79630000005
375864.8724,67850.37339999998
375920.7188,41180.14319999999
375959.3291,62870.28409999993
375964.6605,41735.49709999998
375966.4762,54554.312399999995
376098.6539,76099.54359999998
376223.5835,40817.216599999985
376383.2185,70077.0625
376418.4335,61422.716199999966
376448.6239,42130.556900000025
376465.5061,50635.116500000004
376718.445,69076.14059999998
376875.2046,39490.134499999986
377060.5098,39549.8248
377211.3409,42614.71460000001
377293.1108,63791.717000000004
377321.09,41298.32020000002
377442.9977,67592.76519999997
377521.9987,72987.97479999997
377533.3101,49905.87599999999
377688.9234,54483.48250000004
377691.4782,62650.96610000002
377717.7096,62256.31599999999
377816.1182,39918.07760000002
377993.011,36605.18670000002
378079.6957,75655.86359999998
378217.2659,44410.077300000004
378422.0714,51951.82949999999
378505.9677,42830.89559999999
378512.317,39286.625899999985
378672.8557,0
379010.795,43056.76919999998
379072.2318,36484.76170000003
379173.5618,47583.74170000001
379187.1755,49367.0674
379301.9094,37743.0883
379363.4886,28094.359200000006
379373.9268,36585.307900000014
379374.4143,40393.22590000002
379425.0374,41163.760299999965
379443.5395,72649.5073
379537.7151,65177.78139999998
379584.3197,65873.17749999999
379833.128,62802.10350000003
380188.8942,48047.83899999998
380306.5716,44429.515000000014
380377.9991,72796.2623
380533.4525,63867.83640000003
380569.3169,38357.896299999964
380577.1966,80195.74300000002
380666.2745,64554.29119999998
380947.3667,60996.6422
380982.0059,63462.429399999965
381154.3506,64738.72570000001
381306.6852,34863.616500000004
381355.2934,37000.32990000001
381368.1001,62851.25649999996
381426.0753,41517.69990000001
381522.0082,52176.72869999998
381542.0996,43680.98150000005
381555.2681,32660.275199999975
381627.3181,72100.65639999998
381682.5934,31929.76715000003
381738.4628,50332.47389999998
381905.1369,73140.18650000001
382155.941,68389.0662
382203.3771,73352.3456
382294.8169,39085.16689999995
382350.9225,74975.4449
382460.7658,65141.95519999997
382617.8879,33687.68239999999
382819.2119,62016.14110000001
382955.3327,32378.629800000053
383054.2218,63204.35989999998
383149.9365,54195.0931
383340.5405,46096.524800000014
383376.6786,76470.7979
383419.2663,33451.917200000025
383510.4385,41634.8285
383583.7184,63405.31150000001
383771.8862,72228.68839999998
383780.7619,44358.823199999984
383909.1215,66470.73300000001
384058.1873,67311.54859999998
384067.7902,0
384083.0938,68252.57649999997
384119.9158,48144.8958
384137.6214,73558.0736
384206.7923,58898.03369999997
384212.4202,42174.933699999994
384230.9226,45161.279099999985
384390.0624,67077.7194
384405.3132,39474.337499999965
384436.385,76787.7917
384466.3778,64345.806700000016
384546.5018,69274.7904
384580.4988,83768.14993333333
384602.5654,72020.48620000004
384663.7329,38341.63500000001
384782.7152,10363.446200000006
385035.5894,38647.56660000002
385140.6691,70379.37299999996
385182.4865,18641.431299999997
385235.4714,60530.62089999998
385261.8735,60095.42999999999
385394.5418,35572.93949999998
385475.3289,33650.42590000003
385517.8442,59006.51610000001
385661.7527,54007.7194
385717.8949,54994.340000000026
385818.51,80683.44880000001
385856.01,83759.82550000004
385893.9371,62099.56649999996
385968.6442,63070.360599999956
386139.8266,34908.05559999996
386434.5321,65871.96049999999
386483.1694,32960.65870000003
386607.2957,63879.981499999994
386792.0664,32909.53390000004
386892.8999,37555.539300000004
387097.872,62347.769899999956
387104.3919,63169.81059999997
387140.44,31431.041800000006
387314.8614,45851.3444
387394.8494,61198.369000000006
387419.1424,32254.876500000013
387557.3438,61285.03119999997
387599.8649,48652.3346
387667.9397,59111.8677
387744.8842,59744.12719999999
387962.18,31697.69299999997
388051.5345,57038.685600000026
388248.0076,37647.846699999995
388288.4538,32505.741900000023
388333.2346,60213.3861
388341.8238,66116.77370000002
388629.5297,44777.59909999999
388763.1932,48596.39720000001
388865.3122,86928.1482
388885.3077,83926.47010000004
388984.1506,61492.74229999998
389236.5117,62863.66719999997
389239.7711,55186.50430000003
389503.6241,31562.710100000026
389821.6082,60839.43350000004
389887.3187,79513.45799999998
389987.1878,63494.933499999985
390351.3575,62284.78080000001
390351.8117,52176.41020000004
390353.3642,61410.75630000001
390395.1743,59424.11970000004
390424.4585,58689.81949999998
390702.2105,37260.28580000001
390721.7968,66287.8577
390827.4006,61672.76309999998
390964.4817,37891.1581
391104.5967,58918.34330000001
391243.5019,34119.985799999966
391452.4042,66479.78759999998
391460.6599,85117.46919999999
391462.1307,39014.48259999999
391469.3238,60645.82723333337
391581.5387,31790.970799999952
391619.9652,43080.249899999995
391753.9885,44274.36929999996
391772.7906,61018.58270000003
391874.9965,31485.900000000023
391906.5965,32048.381200000003
392088.5879,35191.50099999999
392171.5675,37377.043000000005
392291.6265,42084.18979999999
392347.7309,47361.02390000003
392378.8422,58329.71350000001
392494.0806,36959.02309999999
392629.6665,32674.378299999982
392695.192,41440.400399999984
393028.7736,58985.02309999999
393286.2609,57477.808299999975
393718.8461,57876.96800000005
393775.9054,56827.406099999964
393917.5829,67802.13509999996
393931.6461,58118.48330000002
394456.6415,59833.500950000016
394470.0609,64781.718399999954
394499.6235,55419.62909999996
394522.2015,40093.08300000004
394588.9567,77351.27269999997
394672.4766,56082.10220000002
394691.6563,60312.55169999995
394704.8602,35881.331999999995
394783.7813,43962.1262
394820.3708,40955.197999999975
394873.3657,32568.782600000035
395131.9108,44170.889000000025
395153.0498,32754.39639999997
395193.1741,70486.42379999999
395244.8384,34296.9987
395356.9818,68952.16560000001
395438.5866,37037.970700000005
395643.7053,60045.141399999964
395723.2559,56486.46239999996
395836.3195,57036.70019999996
395850.3385,59821.341599999985
396125.8986,33860.06390000001
396382.0103,48962.35630000004
396463.0184,80227.49979999999
396561.0672,76713.97619999998
397171.4228,62512.0049
397219.3386,57091.85800000001
397276.9718,74258.72119999997
397330.2589,58342.187399999995
397416.3033,33930.77760000003
397654.2681,56265.884299999976
398226.0471,72311.08730000001
398246.0001,35314.50449999998
398405.8037,36599.32870000001
398536.6031,66821.45919999998
398643.3434,67947.64910000004
398836.921,34090.348
398852.0379,44789.70669999998
399072.9574,42705.8149
399132.671,35741.18809999997
399167.6112,58538.58989999996
399318.89,85359.48670000001
399329.8129,33875.7328
399348.8515,39929.3174
399422.4823,40553.08469999995
399522.8018,52186.97220000002
399522.8907,68228.31400000001
399696.1784,59878.842799999984
399962.8597,59052.109999999986
400098.1527,53762.95989999996
400118.1272,36685.69030000002
400239.0894,34329.07990000001
400259.4662,85713.03300000005
400431.9778,0
400699.917,85858.76410000003
400795.2145,35022.030099999974
400951.5261,68242.65020000003
401078.3088,57708.658200000005
401164.7553,63136.878800000006
401193.1326,38952.086300000024
401197.4373,57405.633900000015
401204.4599,66625.79570000002
401471.3252,82075.7023
401512.7896,38108.601800000004
401533.5088,48626.6875
401585.0534,32960.496999999974
401610.1801,69591.06390000001
401733.7919,75795.7501
401796.273,89241.37829999998
402028.5025,59465.706599999976
402180.8994,90748.36069999996
402221.3764,59474.223
402357.7162,36804.51270000002
402457.7704,60050.28019999998
402530.859,86906.80439999996
402616.9899,59838.8138
403263.9217,0
403272.1985,62915.60379999998
403400.5861,72096.85220000002
403609.9755,0
404013.1137,64437.01000000001
404050.4305,62280.817500000005
404094.9721,85532.15710000001
404230.5335,65568.03870000003
404455.1323,39930.557099999976
404744.1791,40224.47769999999
404982.5452,68048.29599999997
405205.1127,62867.2475
405280.8193,68860.73819999996
405507.75,60142.2071
405570.7718,65942.94290000002
405733.7335,0
405758.4727,63978.32799999998
405865.0911,61797.1029
406169.6004,65397.1961
406205.395,3300.2330000000075
406347.66,48837.21799999999
406850.5241,60506.3922
406898.622,66923.72629999998
406909.0415,66828.52620000002
407289.3898,46277.773199999996
407348.0069,52791.86469999998
407416.4993,38034.32050000003
407438.9609,49061.81640000001
407478.7181,53727.9473
407532.2675,68818.38320000004
407558.2962,57776.80619999999
407578.9924,58166.93119999999
407693.2279,71234.98940000002
407759.6161,43781.734
407825.5344,61805.09450000001
407909.7276,37474.21139999997
408000.8023,56718.08519999997
408014.637,40439.93599999999
408067.6033,42863.38709999999
408115.9308,66409.0037
408135.2872,47043.93570000003
408270.6965,41406.73379999999
408334.0921,68656.13449999999
408427.3906,68545.20520000003
408583.7638,43546.02290000004
408610.9333,1832.4403999999631
408714.2337,37079.52409999998
408733.9604,72015.06039999996
408995.8903,57440.11300000001
409007.9877,64710.885899999994
409065.2279,44534.13050000003
409068.0648,39470.72609999997
409168.9351,50741.946400000015
409902.1377,73114.53600000002
410046.5515,54260.82699999999
410402.7698,68116.39480000001
410572.7725,49767.875100000005
410715.0292,59721.02500000002
410780.7786,37781.23060000001
410897.7913,45027.55979999999
411142.9809,38032.2831
411349.9862,44429.980299999996
411668.361,45553.15009999997
411844.7858,36958.419999999984
412019.2542,63166.96309999999
412089.0149,51485.898400000005
412217.6094,64609.693499999994
412353.9991,73242.45180000004
412354.4113,49026.55369999999
412563.4827,38258.30959999998
412666.8655,44051.44040000002
412705.784,55365.4105
412811.6442,35975.31409999996
412975.1734,63611.898000000045
413236.9701,45037.43179999996
413248.3205,36916.76349999994
413369.4823,47762.65009999997
413474.7286,40439.010299999965
413547.8821,56752.561999999976
413629.2307,65209.098
413694.8028,66706.20740000001
413901.1443,63674.504000000015
414523.1922,62091.25640000001
414876.1214,38118.105700000015
414998.9706,70202.6212
415167.0301,63738.56179999997
415462.3737,36039.90830000001
415519.7497,35672.404099999985
415523.8054,60843.394299999985
415545.0829,67771.06269999995
415603.3703,39274.07790000003
415634.4585,34824.34779999999
415714.8183,66112.0698
415728.613,47157.893900000025
415943.8932,43011.03080000001
415952.883,63488.84969999996
416135.1239,68808.6592
416356.9586,37532.70680000004
416645.8222,63797.73276666668
416694.4319,37448.172700000054
417241.5414,75630.2378
417424.2643,65763.70679999999
418256.1428,47528.41190000001
418528.9899,63892.90719999996
418536.4857,67541.83990000002
418557.2087,62198.65530000004
418851.9155,82658.68200000003
418878.5428,64996.80699999997
418930.2888,37877.93359999999
419070.7721,0
419087.6422,38930.995400000014
419123.6116,63796.79629999999
419171.3577,0
419178.4777,48552.14539999998
419374.4151,63018.15359999996
419382.8418,0
419382.9743,71366.47320000001
419687.6922,67086.22590000002
419791.1143,35565.38440000004
419834.9411,40714.27169999998
420554.4594,43245.4093
420884.7083,69405.92310000001
421017.2398,37389.77839999995
421166.4447,40544.53899999999
421772.6869,69903.65729999996
421916.4734,0
422025.5511,39646.751899999974
422255.6425,38279.37070000003
422264.0506,68740.86360000004
422264.8818,72586.44439999998
422474.183,66023.97120000003
422483.6656,75292.51209999999
422555.5488,64763.657999999996
422687.53,65741.40110000002
423108.0022,73150.52590000001
423526.7444,67358.52040000004
423889.5829,67181.82579999999
424004.2079,65182.84419999999
424308.8117,66317.90390000003
424314.5544,44339.0343
424582.0534,65724.93099999998
424811.3345,49253.336299999966
424985.6056,43685.09049999999
425031.0633,73321.45909999998
425091.2873,68587.20370000001
425127.3139,39602.19469999999
425183.2728,66771.0564
425221.3059,38894.546849999984
425248.8385,68656.60870000004
425404.8313,56592.687200000044
425593.4093,40904.60580000002
425681.0568,68343.08790000004
425794.1214,71069.08380000002
426111.842,64990.08370000002
426171.3399,0
426354.2637,68093.08140000002
426493.06,64887.4682
426740.7672,0
426839.2802,38620.79879999999
427123.6167,71719.57910000003
427200.0483,54504.23270000005
427350.497,44279.05619999999
427535.7138,44350.190900000045
428183.5256,57318.08916666667
428440.6873,66648.61069999996
428625.8926,43107.21350000001
428671.5663,66730.59899999999
428925.7359,67681.94640000002
429042.5113,71121.55489999999
429587.6402,45153.83030000003
429658.4628,50815.8138
429833.2637,42338.8138
429870.4208,17286.856900000013
430029.2723,69914.86670000001
430285.528,67502.11319999996
430394.3679,75625.6276
430435.9429,44634.75570000004
430563.3663,68004.3492
430581.1882,47070.82860000001
431035.6408,41600.52179999999
431128.1625,41057.71749999997
431409.5922,43234.89530000003
431679.8924,74140.93560000003
431881.9735,42240.98700000002
431897.9265,41733.01819999999
432079.0718,50463.025399999984
432095.7533,47609.19669999997
432296.4136,42357.71680000005
432369.9954,68726.24479999999
432646.7467,74551.51199999999
432676.545,42685.019099999976
432678.487,1521.9969000000274
432991.7514,57635.68729999999
433026.0785,43953.47489999997
433238.4846,69491.32140000002
433268.1939,74057.00030000001
433561.5438,73075.86979999999
433754.2069,77556.29339999997
433892.7225,40220.49929999997
433989.928,43188.41889999999
434004.0451,44373.369599999976
434099.0983,57387.903099999996
434263.6291,42255.1066
434311.2318,42950.07699999999
434870.6028,75295.603
434878.5869,70445.9264
435468.0179,71933.31389999995
435489.9431,70122.44179999997
435517.1968,44865.606700000004
435553.843,41806.73450000002
435571.4476,73506.90610000002
435764.5885,72597.12719999999
435798.8798,47244.951100000006
435819.7724,42041.31142500002
436059.8618,41980.36180000001
436244.0561,42166.30859999999
436341.9665,42039.74819999997
436394.3376,73898.59670000005
436428.3566,74373.82380000001
436664.8744,41242.533599999966
436795.3907,80915.31959999999
436924.4374,70193.98739999998
436955.1486,71195.81690000003
437252.2752,44753.1765
437476.383,39868.24701666663
437932.7552,72068.95380000002
438008.4249,70185.886
438022.2064,42231.54550000001
438113.67,28612.303399999975
438153.3898,42009.66119999997
439175.9445,41150.354839999985
439594.9704,46018.39260000002
439826.5373,83494.12800000003
440366.5237,49412.682299999986
440566.5091,41970.41600000003
440835.921,61847.69029999996
440991.7874,52678.331799999985
441361.5695,51330.168799999985
441631.9573,74488.46620000002
441697.6178,47513.975600000005
441740.9872,78940.5796
441898.1564,78760.43479999999
441916.7615,44332.66960000002
442649.1731,75560.31430000003
442808.8674,78218.58769999997
442963.7829,51450.70019999996
443069.0867,43916.17239999998
443159.2481,77739.48007500003
443541.0103,69754.12950000004
443559.253,0
443699.5907,44094.23720000003
443942.7296,44098.750300000014
443953.7217,44067.7144
444015.7891,44821.345499999996
444428.1449,73796.82089999999
444468.6157,44873.08420000004
444562.9967,75342.94150000002
444596.162,44487.50920000003
444603.4315,52730.80330000003
445084.461,59900.8285
445163.6658,74433.16490000003
445218.352,55659.11009999999
445306.8274,45244.005000000005
445748.4423,46951.226200000034
445888.31,43700.73339999997
445978.4048,76418.33490000002
446074.985,45779.405099999974
446240.5747,45515.99922
446646.0103,77344.244
447045.3626,78925.44439999998
447150.5126,51298.5049
447595.2294,81094.6582
447754.8644,44357.08860000002
447796.1446,76199.71010000003
448463.68,77376.68609999999
448672.4885,83557.26949999994
448725.7764,79406.5195
448788.9902,45280.4694
448948.993,47330.60380000004
448978.0361,53567.51240000001
449155.5183,53706.861199999985
449288.4477,64844.3541
449442.6718,68441.68370000005
449566.2365,82825.66599999997
449662.3256,44190.671700000006
450203.8559,46802.82800000004
450436.3181,46226.886
450466.6038,44153.641
450934.511,79657.02769999998
450999.9656,77351.11290000001
451070.2412,48057.563599999994
451240.7908,45321.25900000002
451278.7515,87887.7548
451288.8073,84482.41599999997
451724.8177,58409.833199999994
451736.7892,44878.34009999997
451879.4526,87123.79264
451995.5723,52019.664699999965
452000.2104,49215.06209999998
452058.0721,77810.72239999997
452238.191,44340.01000000001
452653.8634,47194.87069999997
452878.2904,77113.97850000003
453106.0252,77154.408
453248.8454,33317.06059999997
453330.0329,47902.115049999964
453406.2374,43656.488580000005
453492.0168,79923.07919999998
453699.4246,50059.36200000002
453952.9244,49160.691700000025
453969.0145,88006.6028
454040.7734,46833.97352499998
454432.1547,76700.7487
454581.7839,79824.17540000001
454587.6951,42267.71039999998
454640.6385,77540.27370000002
454742.0132,85253.36209999997
454751.8526,78032.80550000002
454859.7574,76883.63699999999
454961.444,46684.74160000001
455094.8687,83260.92469999997
455407.0878,82337.58749999997
455748.3418,59737.35879999999
455770.0866,45918.58799999999
455791.0189,90772.52190000005
456003.8844,0
456313.0072,82736.94579999999
456447.3414,83426.32039999997
456476.3748,42620.33779999998
456826.3223,76233.42609999998
457112.0616,86211.85029999999
457249.0619,77212.68442499998
457430.2162,48132.110199999996
457441.1313,49031.88170000003
457549.6424,89726.8713
457597.3905,44681.097099999955
457663.7025,47784.73790000001
457754.0335,51573.82660000003
458147.0291,86375.68040000001
458211.9839,76636.4484
458445.9411,48633.54349999997
458492.2623,42695.725800000015
458524.9418,41587.283999999985
458595.4233,44449.78110000002
458607.1231,78787.6664166667
458652.1422,43955.30009999999
459125.7025,42526.2291
459448.8592,46433.54489999998
459562.3173,45030.56109999999
459656.0913,81446.02369999996
459877.5507,75425.27770000004
460160.9315,87162.89760000003
460258.5251,78794.12320000003
460265.2556,74895.24099999998
460350.1098,45285.7598
460539.5202,43236.36140000005
460741.2488,54701.69040000002
460847.2091,63887.03729999997
461021.0243,43641.58639999997
461166.7971,49699.99160000001
461201.7604,90904.83920000005
461547.9185,83645.26340000005
461865.5261,76496.00050000002
462529.0022,77074.95649999997
462629.1164,42471.36290000001
462768.3852,44529.3407
462776.2079,62770.93669999996
462783.945,44138.45380000002
462844.4002,45776.99859999999
463051.1682,43101.30490000005
463254.51,43178.09840000002
463265.4854,56576.70770000003
463279.2674,45532.76030000002
463291.0436,77280.43309999997
463307.0928,47568.19469999999
463379.7808,75286.51790000004
463439.3205,48484.16649999999
463512.64,73469.56920000003
463517.5786,46143.154633333324
463587.6943,78268.22889999999
463693.1268,87670.90370000002
463820.0328,49830.25569999998
463832.9744,86663.74229999998
464261.5267,57343.869275000005
464315.5402,46825.3861
464485.4844,76322.83860000002
464693.6973,84498.66330000001
464712.5447,49388.982800000056
464783.9099,56558.12240000005
465018.2908,42970.5931
465094.9278,76362.39730000001
465102.6161,89252.92319999996
465458.7449,102205.83049999998
465539.6669,74576.32140000002
465581.419,0
465704.6207,47568.23940000002
465856.3762,48664.83779999998
465903.7355,57591.840000000026
465921.9279,41202.3321
465966.7116,37487.33679999999
465981.4152,73705.31949999998
466041.3235,59569.990099999995
466180.5116,71362.74950000003
466259.2356,86902.48055000004
466273.2629,73632.02229999995
466355.5109,40192.19280000002
466412.6835,41981.96119999996
466486.782,50256.79389999999
466563.8854,43920.260233333334
466595.4801,81894.8946
466651.5695,85434.83379999996
466702.6012,64781.31059999997
466762.1092,77545.6005
466822.9077,41956.33759999997
466905.3725,81074.32399999996
467302.1205,83662.7499
467303.0352,38295.92089999997
467413.3542,94665.44829999999
467550.6057,70354.4045
467693.2216,38772.85593333334
467706.0452,56706.24280000001
467839.3155,42774.41000000003
467902.8297,58987.5454
468013.1414,38459.98700000002
468023.4041,77668.7352
468032.2231,72716.8273
468032.701,75409.8799
468255.0187,75643.9572
468329.0976,39144.4068
468412.5495,63254.63870000001
468504.0901,44381.4436
468776.019,68712.48689999996
468946.5303,48861.044799999974
468986.1746,75114.45580000005
469011.1718,38314.20290000003
469057.538,74447.12460000004
469188.1572,71887.16879999998
469226.2089,47953.128200000036
469234.6497,47385.913700000034
469691.6724,50478.764800000004
469781.2648,48090.27100000001
469819.8998,73540.8774
469819.9314,39811.15769999998
470076.4104,43036.909999999974
470097.2202,70524.33970000001
470126.8051,53912.506799999974
470157.6483,37282.28539999999
470186.6053,91354.83899999998
470396.3592,39258.89809999999
470443.9066,76140.56179999997
470585.4388,83864.42009999999
470805.1495,43789.52140000003
470837.4518,78009.37089999998
470884.1616,36866.77740000002
470916.0248,86398.77110000001
470945.9649,78268.27270000003
471048.3365,42520.34389999998
471101.9368,79940.81450000004
471217.0648,91594.36169999995
471231.6439,107017.17840000003
471326.5444,75363.66080000001
471445.1146,35309.71629999997
471499.305,79463.32159999997
471581.4035,44229.3285
471676.4245,100745.38590000005
471763.5647,51524.63010000001
471777.0934,73321.54859999998
471829.494,36299.78610000003
471960.5077,68852.83150000003
472048.4101,81210.745
472115.8821,35503.00319999998
472134.647,68654.2977
472188.6036,56604.6237
472370.3454,37613.13399999996
472487.1851,66870.14529999997
472493.8078,66628.75660000002
472619.1119,66317.4093
472630.2378,35005.845299999986
472695.34,79495.79608
472730.8204,36462.25330000004
472781.2021,97852.1409
472856.2249,37941.100999999966
472952.9104,43631.39029999997
473072.4269,84015.9829
473087.7099,42819.74940000003
473386.0939,69820.5686
473460.2055,34950.34269999998
473508.364,66418.60240000003
473560.8281,36027.67699999997
473578.3768,41595.663300000015
473877.6723,71481.56589999999
473896.1312,37128.34789999999
473927.5251,37692.81830000004
473982.9054,67213.45629999996
474000.0377,76740.87719999999
474030.6688,33452.72019999998
474046.8572,44942.29510000005
474093.7385,89211.84329999995
474110.8562,57874.207999999984
474130.4578,36695.02799999993
474182.5782,50263.1606
474210.4854,38037.48820000002
474289.5502,65661.15409999999
474373.2234,35005.495400000014
474602.1636,33841.21260000003
474683.6925,44818.74710000004
474790.0409,34342.89060000004
474953.6365,67983.00589999999
475088.0068,36851.6348
475224.2237,36941.399999999965
475312.3708,45445.521299999964
475317.449,63994.148000000045
475363.6494,67726.67330000002
475456.4926,34891.88439999998
475530.5529,68104.32290000003
475536.561,87908.65110000002
475571.7359,69624.4289
475913.2525,44528.62169999996
476057.0849,41925.787699999986
476342.4266,35773.946200000006
476408.7868,96048.52730000002
476586.5646,35163.59940000001
476630.5528,34459.45429999998
476648.1939,65080.7856
476765.6224,75391.4105
476799.8438,37635.24329999997
476882.2954,65546.09130000003
476945.3368,79643.46579999995
477044.8682,48612.59830000001
477205.9431,45528.443899999955
477280.912,95018.10869999998
477345.1457,70083.29149999999
477358.3879,32320.57639999996
477456.3942,58942.6054
477500.811,42473.871599999955
477539.1847,42052.14679999999
477733.8003,78765.28960000002
477875.0271,75211.92700000003
477900.8528,80303.58649999998
477925.0315,72085.01519999997
478021.6279,48078.012000000046
478053.2761,68017.58040000004
478206.6606,81340.48210000002
478369.3591,32449.274199999985
478398.7863,80390.36739999999
478403.2487,67594.07150000002
478456.8358,32310.68609999999
478492.4193,72071.60810000001
478582.877,67886.93049999996
479079.6832,40075.50410000002
479137.2215,66568.98999999999
479284.5364,67584.2757
479315.8383,33248.26530000003
479373.0602,75590.2573
479570.3557,40744.28590000002
479663.4421,94305.83519999997
479666.1399,73617.85970000003
479884.9536,66708.08189999999
479972.3703,73610.57250000001
479972.8948,33043.73730000004
480075.3537,73410.34639999998
480158.023,77058.6274
480239.474,58562.50939999998
480409.9275,41086.19069999998
480498.6993,91208.91799999995
480529.2951,99710.951
480634.7905,55579.346699999995
480636.7879,39450.239500000025
480750.1151,63790.176800000016
480842.6133,33085.68000000005
480926.4472,47238.3995
481068.7021,66279.09360000002
481148.8989,73138.49029999995
481327.9681,72125.46029999998
481353.208,34946.93669999996
481407.4315,66928.386
481613.7105,33330.24819999997
481815.0756,62994.90349999996
481987.7853,65128.51749999996
482034.2986,67086.94879999995
482102.4453,76389.70059999998
482144.4112,65616.1496
482164.3153,67902.34580000001
482183.5841,63230.27779999998
482561.4274,63162.851399999985
482575.407,45946.54580000002
482788.4691,42348.86329999997
482944.9389,68098.17596666666
483122.7219,39239.253000000026
483176.9201,63308.5638
483462.604,67565.8272
483552.4307,62634.57170000003
