-----Simulation 0-----
172854.2996,0
172874.3929,0
173121.7874,0
173127.0823,0
173187.172,0
173189.1215,0
173257.1484,0
173412.1108,0
173580.8826,33972.95690000002
173581.78759999998,0
173961.8788,0
174059.9262,0
174136.2734,0
174210.1055,0
174342.7336,0
174377.79602,0
174413.957,0
174591.3298,0
174704.9253,0
175088.1359,0
175139.1276,0
175311.8718,0
175396.2929,0
175415.926,0
175477.3755,0
175520.9175,0
175583.4577,0
175634.5887,0
175694.0784,0
175794.04379999998,0
175814.5914,0
175933.6534,0
176261.6194,0
176456.4165,0
176522.7758,0
176570.66999999998,0
176679.5328,0
176723.2858,0
176809.7181,0
177126.164,0
177459.176,0
177674.21169999999,0
177928.843,0
177929.3348,9043.87810000003
177986.6778,0
178360.4091,0
178399.1555,13163.22649999999
178430.2317,0
178524.9088,0
178678.8181,0
178761.311,0
178776.4181,5835.980700000015
178871.6898,0
179450.23739999998,0
179584.3786,14088.8468
179770.6775,0
180009.6893,0
180197.80533333332,0
180333.2414,0
180412.8615,0
180552.93959999998,0
180633.4593,0
180683.55109999998,0
180850.79129999998,0
180932.39250000002,0
181040.8595,0
181078.4146,792.2508999999845
181085.5587,0
181188.1637,0
181235.5883,9002.823200000013
181380.1294,6778.1947999999975
181410.953075,0
181435.2107,0
181451.6785,0
181485.5685,30169.009499999986
181499.1036,0
181540.79580000002,0
181548.6869,0
181567.7259,0
181694.6328,0
181764.3151,0
181788.5758,0
181873.0854,0
182283.5333,0
182322.0283,0
182368.0971,0
182572.3584,2174.8972000000067
182608.23859999998,0
182732.2152,0
182765.5456,0
182774.7624,0
183042.4327,9149.973999999987
183174.2737,0
183249.9752,0
183472.0187,12799.171499999968
183637.91820000001,0
183756.69939999998,0
183767.0782,0
184157.2852,0
184224.86800000002,0
184235.27,0
184588.9864,0
184851.2358,0
184906.66950000002,0
184951.275325,0
185343.7063,7047.870999999985
185364.2282,0
185399.9443,0
185409.02240000002,0
185458.4364,0
185498.366,0
185547.01,0
185599.5377,0
185629.9601,0
185682.098,0
186285.5231,0
186330.3041,0
186986.0251,0
187002.6044,0
187002.6521,13800.752999999997
187211.63880000002,0
187515.7391,0
187535.8537,0
187539.9752,0
187540.56530000002,0
187579.84,0
187585.8347,2840.421800000011
187664.5899,0
187941.85869999998,0
188252.1059,0
188530.3031,0
188697.6741,0
188991.2763,0
189515.4026,0
189580.6142,0
189680.4197,14416.467100000009
189739.9678,19442.340200000006
189806.7091,0
189978.3764,0
190285.9096,0
190382.6007,0
190387.8933,0
190401.8437,0
190613.22710000002,0
190758.0707,0
191235.7943,0
191285.97950000002,0
191304.9822,0
191314.2292,0
191467.66700000002,0
191511.9683,0
191566.865,0
191599.0776,0
191869.64010000002,0
191932.7654,0
192319.902,0
192324.45679999999,0
192584.1448,0
192738.5001,0
192838.6319,0
193006.7673,0
193131.1696,17080.199099999998
193223.4772,24161.78640000001
193853.3812,38486.3585
193876.1843,0
194327.4214,0
194431.7492,24071.33989999999
194619.0526,3482.637799999997
194859.8596,0
194967.9419,0
195137.7107,20289.294400000013
195271.9133,12809.911399999983
195623.6937,0
195859.06650000002,0
195997.3882,0
196026.3028,0
196098.9523,0
196622.62099999998,0
196687.7562,0
196733.7455,0
196806.9473,0
197030.3039,0
197116.2831,0
197360.67369999998,0
197612.97269999998,0
197712.37,23004.35070000001
197784.8606,10950.126000000018
197827.6331,0
197926.28029999998,0
198106.4155,0
198419.3881,0
198543.325,0
198830.8716,0
199201.65899999999,0
199213.0794,0
199377.0508,0
199480.7481,2118.372799999983
199777.8008,0
199864.152,0
199868.6268,40107.024999999994
199920.4332,0
200087.0311,0
200213.8273,0
200516.0508,0
200526.6113,0
200672.5819,0
200836.1442,0
200877.6642,0
201165.0391,22361.632400000002
201167.88559999998,0
201311.4913,0
201365.1515,0
201478.7008,31903.288100000005
201481.7398,0
201561.8493,0
201744.8286,0
201903.6458,12317.488799999992
201906.935,0
202306.8886,55701.029299999995
202450.9198,0
202468.9861,0
202523.5969,0
202736.4411,0
203118.9244,54090.113324999984
203231.657,0
203416.4724,0
203484.7555,0
203582.5863,28295.34890000001
204167.38569999998,0
204232.303,0
204336.39556666667,0
204598.53696666667,0
204686.20500000002,0
204955.711,0
205196.6833,0
205418.6888,0
205527.37660000002,0
205598.0998,45809.17439999999
205647.1944,13809.033400000015
205661.0508,5169.951399999991
205948.86729999998,0
206055.19908,0
206224.4659,0
206592.80479999998,0
206703.0135,0
207512.1483,0
207525.3628,0
207538.7677,0
207692.7723,0
207714.14870000002,0
207716.7224,0
207742.0149,0
207841.610275,0
208190.88640000002,0
208411.9398,12479.588799999998
208438.0046,0
208659.8743,28631.23980000001
208750.8961,0
208899.8682,9332.058799999999
208927.2886,0
208979.0904,0
209192.533,0
209498.52289999998,0
209634.2637,0
209638.6619,0
209720.1151,0
209743.6924,0
209857.2311,0
210427.0028,0
210775.5256,0
210803.8227,0
210831.8166,0
210928.3307,0
211487.9458,0
211686.0668,8595.260600000009
211759.44323333332,0
211777.0612,0
211989.03889999999,0
212244.3308,0
212451.853,0
212486.6258,0
212697.3813,0
212698.1385,0
212795.9225,0
212816.30550000002,0
212896.2787,0
212978.0588,0
213113.2958,0
213343.4106,0
213971.57140000002,0
214212.2427,0
214350.66330000001,0
214489.1648,0
214511.7941,0
214521.6838,0
214539.3892,5605.084433333337
214553.9378,0
214599.7088,0
214666.8566,0
214772.6043,24947.1838
214915.35460000002,0
215122.7319,0
215155.4714,0
215231.8983,0
215287.3595,0
215431.6056,0
215581.6874,0
215877.289,2961.557700000005
215957.6066,0
216929.7326,0
216948.33049999998,0
216994.5868,0
217042.8511,0
217289.9567,14256.299300000013
217380.8727,0
217504.3249,0
217526.9255,0
217683.8143,0
217693.1887,0
217749.3387,0
217797.693,0
217900.4843,0
217902.64429999999,0
217988.4708,0
218260.5532,17094.58069999999
218294.7127,0
218397.8413,0
218750.9107,0
218784.6678,8772.325400000002
218873.41592,0
218985.8444,3739.086500000005
219238.8882,15944.816299999977
219246.94936666667,0
219669.9615,0
219770.732,0
219829.163,0
220086.9078,0
220458.0907,0
220500.4736,0
220562.5575,0
220597.8492,0
221001.119,0
221212.1919,8314.608666666667
221221.7514,0
221282.0116,0
221343.0553,0
221400.6154,0
221455.7224,0
221531.472,0
221680.823,0
221770.5159,0
221811.2966,0
221955.8348,13280.331825000001
222042.9936,0
222287.9977,0
222297.5484,0
222458.33,0
222529.6816,0
222597.068,0
222615.2759,0
222617.2039,0
223056.0485,0
223130.2444,0
223200.6296,0
223274.4203,1434.805400000012
223649.0969,0
223737.08825,0
223781.6248,0
223803.1662,0
224195.3317,0
224330.4339,0
224420.926,0
224442.4595,0
224491.608,0
224511.22,0
224599.3737,0
224623.2646,0
224652.9662,0
224721.6323,0
224992.4687,0
225186.7628,0
225242.9296,0
225351.2698,36565.10990000001
225431.7879,0
225467.0544,0
225633.309,0
225674.0525,8153.124899999995
225711.68959999998,0
226372.49469999998,0
226446.6021,0
226899.11563333333,0
226909.02419999999,0
226933.93961666667,0
227509.49725,0
227538.4789,14094.520666666649
227608.9997,0
227769.3577,0
227781.4141,0
228055.3104,25506.14725999997
228094.6233,0
228176.2256,0
228196.1728,0
228274.7778,22831.280600000027
228340.5814,0
228416.9774,0
228519.3618,0
228849.2516,0
228911.899,0
229038.7243,0
229054.9486,0
229349.9453,0
229390.1887,0
229525.54690000002,0
229633.7382,0
229658.3315,0
229812.9198,0
230240.06653333333,0
230251.36479999998,0
230261.0916,1201.8781000000017
230340.5325,0
230470.3743,0
230703.418,0
230723.5898,0
230760.1361,11202.62479999999
230785.408,0
230847.8719,0
230852.8298,0
231154.0566,0
231313.173,0
231770.3488,0
231813.5835,0
231817.0914,0
231989.2114,0
232030.0079,0
232058.4386,0
232106.5432,19233.02621999997
232173.4773,0
232174.4199,0
233159.72580000001,0
233506.8786,0
233567.5196,0
233628.6955,0
233683.28889999999,0
233702.59649999999,0
233747.3833,0
234129.86920000002,0
234655.31,0
235167.4614,0
235491.4138,0
235508.2171,0
235630.02419999999,0
235742.8107,2132.5887999999977
236024.8249,0
236183.1774,0
236201.5308,0
236271.5889,258.43899999998393
236307.604,0
236400.1702,0
236599.1319,0
236614.7876,0
236946.0234,0
236977.7434,0
237246.948,0
237301.5223,0
237390.65529999998,0
237418.4196,0
237594.5655,0
237929.2925,0
238032.8193,0
238116.2361,0
238307.6717,0
238715.35830000002,0
239040.2404,0
239075.609925,0
239463.4979,0
239601.0655,0
239602.6569,0
239659.03340000001,0
239806.7943,0
240004.0481,0
240213.6044,0
240400.3279,0
240507.2283,0
240948.4374,0
240999.1021,0
241594.8033,0
241638.6714,0
241662.502,0
241696.6525,0
241950.72090000001,0
242155.3524,0
242348.1495,0
242641.7311,0
242834.2051,0
242910.718,0
243117.842,0
243141.5001,0
243241.7168,0
243312.3087,0
243523.5997,0
243652.5782,0
243858.6557,16737.609999999986
244054.780875,0
244583.1407,0
244587.4369,0
244745.5197,0
244814.59470000002,0
244836.4418,0
244988.1488,30905.060466666677
245130.2035,0
245285.5022,0
245418.868,0
245449.94150000002,0
245638.8055,0
245640.95059999998,0
245699.6258,0
245869.0944,0
245882.1969,0
245935.096,0
246039.41389999999,0
246398.0171,0
246471.3246,0
246600.3062,0
246603.7496,0
246822.8432,0
246905.5563,0
246960.8665,0
247416.4668,0
247487.9463,0
247548.0292,0
248867.9601,0
249337.5045,0
249511.9592,0
249572.213,0
249821.9858,0
249861.37,0
249876.4533,0
250041.2061,0
250108.8187,0
250453.3956,0
250814.0873,0
251135.5488,0
251615.521,0
251630.0577,0
251718.83490000002,0
251755.8657,0
251925.2599,0
251943.7113,0
252071.12829999998,0
252220.9224,0
252268.8211,0
252303.38569999998,0
252360.1062,0
252522.0086,0
252567.82630000002,0
252733.2449,0
252753.4819,0
252825.1553,7037.6147000000055
252897.2698,0
252921.2865,0
253103.4377,0
253210.8811,0
253351.8225,0
253369.3167,0
253406.5976,0
253460.3127,0
253591.4554,0
253690.0191,3469.8295000000217
253861.3611,0
253868.4206,0
253929.6782,0
253976.7228,0
254005.9403,0
254245.34889999998,0
254362.27539999998,0
254414.1318,0
254443.3037,0
254475.6827,0
254517.31530000002,0
254564.3353,0
254625.1475,0
254668.0929,0
254782.0659,5924.768699999986
254807.1132,0
255453.1475,0
255486.212,0
255552.3622,0
255839.9399,0
255852.80920000002,0
256019.6103,0
256095.9721,0
256101.9075,0
256160.54369999998,0
256173.0419,0
256345.3007,0
256592.8386,0
256786.912,0
256805.4095,0
256877.12102,0
256986.07140000002,0
257182.8045,0
257287.7469,0
257334.9223,0
257353.1088,0
257458.4937,0
257468.3633,0
257721.1983,0
257811.7995,0
257952.0523,0
258001.8511,0
258034.0032,0
258044.7323,0
258336.13809999998,0
258363.1184,0
258497.3448,0
258566.4872,0
258932.8688,0
259137.2181,0
259428.4159,0
259472.1831,0
259543.5975,0
259723.45620000002,0
259832.7674,0
259884.6077,0
259911.7493,0
259986.2181,0
260122.7891,0
260497.8029,0
260639.51929999999,0
260738.4132,0
260745.4378,0
260793.6428,0
261074.5386,0
261177.8712,12023.437600000005
261319.0772,0
261325.7784,0
261438.83620000002,0
261520.867,0
261698.8215,0
261719.559,0
261773.2697,0
261815.6787,0
261925.9902,0
262233.3745,15275.367999999959
262310.8982,0
262326.1801,0
262375.3477,0
262437.6872,10000.508999999991
262618.3467,0
262843.6073,5274.327299999975
262868.4586,0
262893.0049,0
263043.4407,0
263477.5371,0
263531.4309,0
263555.6787,0
263636.9132,0
263984.4415,0
264124.5564,0
264151.3161,0
264242.9954,0
264692.8047,0
264707.72665,0
264715.8317,0
264841.4265,0
264858.2741,0
264859.1454,0
264936.6202,0
265017.1507,0
265112.55128333333,0
265296.9747,0
265339.0833,0
265345.6475,0
265440.2361,0
265634.2743,0
265637.8468,0
265760.4649,0
266039.00800000003,0
266073.4803,0
266371.0307,0
266406.7894,0
266529.3505,0
266586.7173,0
266620.7072,0
266732.9964,0
266743.7099,0
266773.7253,0
266879.9953,0
266952.2035,0
267020.7302,0
267039.2162,0
267288.795,0
267290.3166,0
267313.521,14522.991299999994
267361.7866,0
267390.7911,0
267738.77760000003,0
267837.3393,0
268088.2528,0
268158.8449,0
268336.9598,0
268489.7959,0
268555.4612,8255.348300000012
268568.8296,0
268601.0241,0
268603.8426,0
268750.4591,0
268854.4024,15224.923800000019
269009.5423,6087.303099999961
269453.2761,11270.929500000027
269837.5192,0
269906.9171,0
270321.06440000003,0
270531.4464,0
271042.0261,0
271116.2663,0
271186.55418,0
271219.6414,0
271305.2661,0
271319.5913,0
271375.8281,0
271546.9631,0
271779.6266,0
271798.3408,0
271868.0023,0
271976.9305,0
272151.9341,0
272166.7152,0
272167.9507,0
272208.6314,0
272504.2361,0
272744.6708,0
272978.1041,0
273087.969,0
273118.3852,0
273275.056,0
273276.0362,0
273284.1979,0
273333.48219999997,0
273593.89,0
273633.654,0
273709.1247,0
273783.1154,0
273831.2081,0
274173.419,0
274177.8952,0
274310.0012,0
274676.7036,0
274732.2317,0
274833.3223,5979.65830000001
274835.3745,0
274909.8061,0
275014.78489999997,0
275081.1262,0
275190.6608,0
275775.3039,0
275878.004,0
276343.4268,7242.338500000013
276356.6928,0
276455.9637,0
276495.8201,0
276759.4205,0
276776.1675,0
276804.4059,0
277150.9229,0
277286.4061,0
277554.9109,0
277674.9928,0
277773.0927,0
277941.9306,0
278108.9568,0
278421.1291,1829.7913000000408
278631.0795,0
278752.912,0
278903.3481,0
279154.9615,4871.852133333334
279232.1509,0
279300.0291,0
279385.4276,0
279411.0703,23227.91240000003
279444.6167,0
279574.75190000003,0
279687.5449,0
279771.7562,0
279778.341,0
279779.646,0
280080.8264,0
280246.2424,0
280624.3362,20754.76840000003
280856.9049,8158.886500000022
280906.69539999997,0
281213.9642,14649.923899999994
281323.38300000003,0
281453.2277,0
281587.4568,0
281676.4163,26480.91219999999
281691.85349999997,0
281893.99569999997,0
282014.6892,0
282467.0072,0
282815.2082,0
282840.6507,0
283617.6518,0
283990.692,0
284070.2259,32243.83090000003
284295.5119,0
284377.804,0
284585.9196,0
284644.6315,0
284750.06570000004,0
284832.3599,0
284970.415,0
285168.5731,0
285361.9755,0
285445.922,0
285467.8003,0
285544.0455,4162.5713000000105
285572.7201,0
285801.5665,0
285946.7484,0
286193.6516,0
286544.5542,0
286649.5104,0
286768.2934,8901.838800000027
287092.9843,0
287129.7841,0
287131.07458,0
287151.1655,0
287194.0027,0
287328.8054,0
287621.64280000003,0
287630.6338,0
287673.5922,0
287673.8464,0
287681.8468,0
287772.1933,0
288061.2603,52095.93770000001
288079.1775,0
288141.9044,0
288436.6263,0
288528.8663,0
288593.8674,0
288691.0087,9797.054100000008
288852.0402,0
289012.0213,0
289114.9152,29863.727199999994
289423.2425,0
289667.3566,0
289716.2879,12796.552399999986
289732.556775,0
290055.3169,0
290099.9763,0
290191.3935,0
290331.1032,0
290478.3244,0
290534.6754,0
290896.0281,0
290930.1424,0
290945.3177,0
291086.6224,9421.704299999983
291155.3958,0
291399.8369,0
291455.1977,0
291965.1643,0
292438.8105,0
292709.0871,0
293035.9148,0
293138.77780000004,0
293311.8802,0
293561.0708,0
293597.2109,0
293641.7497,0
293769.4693,0
293814.3455,0
294274.9915,0
294380.0956,0
294415.37659999996,0
294523.5249,0
294563.4175,0
294844.2349,0
294898.652,0
294947.7109,0
295076.1432,30279.2684
295427.7533,0
295430.9986,0
295433.736,0
295461.8622,0
295725.45635,0
295741.7864,0
295859.5841,0
296088.7324,691.2972999999765
296133.3159,0
296226.4608,0
296502.4135,0
296539.6859,13649.074800000002
296540.5317,25619.098300000012
296711.3503,0
296921.8058,28427.26819999999
297460.1927,0
297480.7832,0
297544.7528,13721.04620000004
297757.6588,0
297926.2718,44563.07269999999
298110.3977,0
298217.4758,0
298235.5723,0
298314.939,0
298607.6074,0
298712.849,0
298765.7766,0
298804.0186,0
298808.2081,0
298956.424,0
299207.0825,0
299287.7795,0
299360.9049,1823.821100000001
299395.7533,0
299455.9723,0
299504.7749,0
299523.0525,63575.81539999999
299537.2686,0
299699.5368,0
299987.7024,0
300362.5691,0
300486.6094,0
300553.6941,0
300663.7856,0
300858.0885,0
300958.4263,0
301065.0298,0
301070.0402,0
301238.9909,0
301320.57039999997,0
301376.3445,0
301454.4796,0
301664.17350000003,0
301690.5514,0
301881.895,0
302082.5826,43653.615500000014
302091.9005,0
302129.9595,0
302156.2055,12288.263600000006
302288.793375,0
302577.4521,0
302745.9372,0
303022.4522,0
303145.3153,3335.2009600000456
303160.6528,0
303408.9261,0
303713.3287,0
303900.2991,0
304039.3676,0
304073.6563,0
304260.60125,0
304277.0767,0
304435.7769,0
304506.7302,0
304568.78859999997,0
304722.9474,0
304808.6202,0
305111.3111,4074.9259999999776
305145.2235,0
305165.9509,0
305358.6363,0
305406.9952,19632.41870000004
305523.8567,2387.188699999999
305563.5344,0
305598.3874,0
305642.5331,0
305651.3331,0
305786.7171,3888.204700000002
305933.7161,0
306051.8435,0
306111.6977,0
306157.0203,0
306177.9163,0
306260.842,0
306305.3663666667,0
306379.7505,0
306767.967,0
306783.2,0
307240.5621,0
307317.926,0
307330.5757,0
307653.4943,0
307884.8424,0
308048.3822,0
308182.2304,0
308457.13063333335,0
308716.4677,0
308989.5413,0
309258.7069,0
309282.4948,0
309476.5296,0
309519.671,0
309693.89780000004,0
310418.5377,0
310507.1431,9748.713099999994
310579.5,0
311199.4542,0
311290.7891,0
311926.5016,0
312579.389,26944.432500000054
312717.8588,0
312801.1433,0
312826.5493,0
312919.0791,0
313004.3921,27570.06640000001
313142.9953,0
313299.7980333333,0
313424.46694,0
313901.8935,0
313979.1375,0
314046.0772,0
314205.1497,0
314222.8772,0
314373.9794,0
314638.85970000003,0
314968.4871,0
314973.4561,0
314991.51433333335,0
315358.0604,0
315594.6064,0
315614.0249,0
315960.62178,0
316242.3443,0
316370.1252,0
316377.7166,0
316588.7658,0
316898.402,0
316943.49186666665,0
317708.8393,0
317757.1344,3394.283699999971
317777.38670000003,0
317807.2158,0
317930.0671,0
318212.4985,0
318238.7319,0
318440.5413,0
318658.8425,0
318741.14043333335,0
318754.7495,0
318882.4595,0
318923.03306,0
319578.5579,0
319717.1788,0
319746.2001,0
319799.24069999997,0
319828.3527,0
319882.4007,6761.806779999984
320301.2597,0
320435.8833,0
320489.8723,0
320665.9108,0
320717.7711,0
321443.1676,0
321640.0193,0
321681.4549,0
321739.3468,0
321884.7552,0
321931.60970000003,0
321962.0759,0
322017.1432,0
322099.301,0
322165.4086,0
322555.5636,0
322583.5414,0
322610.7478,0
322620.0412,0
322861.3754,0
322888.9121,0
322964.8704,0
323060.7531,0
323309.8103,0
323825.8462,0
323836.3764,0
323917.6842,0
323957.2704,0
324072.4095,0
324311.2069,0
324452.88300000003,0
324731.5482,0
324756.8652,0
324879.1372,0
325186.222,0
325189.0665,0
325899.521,0
325927.7186,0
326368.1002666667,0
326460.0729,0
326584.4672,0
326949.1907,0
327022.1481,0
327148.1881,0
327408.6259,0
327426.6172,0
327514.1236,0
327634.1912,0
327733.67449999996,0
327968.0832,0
328109.3404,0
328406.1553,0
328427.5272,0
328882.0891,0
328929.2021,0
328979.3725,0
329084.4562,0
329208.4646,0
329232.9453,0
329520.0071,0
329530.8949,0
329600.39029999997,0
329627.1555,0
329788.3335,0
329826.3588,0
329937.2486,0
330061.7209,0
330463.9817,0
330677.6503,0
330823.0905,0
330992.0171,0
331004.2481,0
331256.208,0
331305.275,0
331526.6788,0
331801.0962,0
331836.2096,0
331956.9796,0
332025.2672,0
332260.9938,0
332277.9275,0
332501.2538,0
332526.8404,0
332606.7317,0
332908.6866,0
332909.1764,0
332945.0555,0
333097.5171,0
333244.2198,0
333519.2619,0
333528.8432,0
333574.375,6715.097300000023
333604.7215,0
333649.3725,0
333725.0642,0
333768.6241,0
334046.7741,0
334094.9472,0
334311.357,0
334455.6773,0
334820.2822,0
334832.8167,0
334879.7432,0
335367.4782,0
335390.6974,0
335708.1034,0
335725.3081,0
335927.2141,0
336004.618,0
336052.1135,0
336253.6571,0
336498.9245,0
336553.175,13259.42790000001
336612.0377,0
336736.93940000003,0
336831.5681,0
337082.7251,0
337086.2939,0
337268.49199999997,0
337543.1297,0
337726.1169,0
337771.90592,0
338466.1031,0
338476.3797,0
338482.6265,0
338617.8421,0
338691.5714,0
338740.493,0
338742.8354,0
338803.7338,0
338829.1812,0
338858.062,0
339029.5842,0
339063.9685,0
339123.565,0
339153.7106,0
339385.7012,0
339902.76560000004,0
340133.9623,0
340184.9543,0
340244.3688,0
340292.1131,0
340413.3535,0
340420.9254,0
340425.6647,0
340488.4083,0
340719.8,0
340876.6989,0
340913.4544,0
341061.20900000003,0
341247.1678,0
341256.0566,0
341443.2432,0
341607.3517,0
341623.9092333333,0
341665.0417,0
341680.4012,0
341682.2484,0
341961.8239,0
342039.3122,0
342070.1297,0
342087.9322,0
342121.72250000003,0
342175.8957,2061.545199999993
342443.24210000003,0
342500.7241,0
342529.3786,0
342544.988,0
342965.6827,0
343006.7156,0
343114.7403,0
343151.4137,0
343341.7787,0
343388.6785,0
343575.3863,0
343650.1384,0
344040.7052,0
344054.8413,0
344066.2931,0
344165.2639,0
344197.444,0
344200.30449999997,0
344307.25430000003,0
344391.0032,0
344664.7377,0
344889.906,0
345113.2646,0
345182.6995,0
345330.7273,0
345349.3332,0
345367.5432,0
345403.3627,0
345522.1789,0
345934.6939,0
346086.2577,0
346131.2468,0
346146.0016,0
346367.3356,0
346576.1038,0
346696.8418,0
346779.3945,0
347497.819,2022.473100000003
347558.0417,0
347655.8581,0
347721.4037,749.6032000000123
347732.3261,0
347850.4251,0
347911.5958,0
347968.6437,0
347976.2634,0
348137.8811,0
348228.6779,0
348478.552,0
348884.1673,0
348927.3613,0
348964.8416,0
348991.40989999997,0
349002.2032,0
349114.0457,0
349128.6161,0
349148.5869,0
349251.07779999997,0
349264.1774,0
349416.1463,0
349438.7181,0
349511.7265,0
349515.2276,0
349518.4814,0
349627.2799,0
349767.0507,0
350123.3982,0
350242.9167,0
350308.6877,0
350414.0707,0
350613.9923,0
350843.929975,0
350881.67590000003,0
351035.5534,0
351053.0315,7489.465499999991
351073.4096,0
351124.9098,3483.3018000000156
351164.79709999997,0
351448.308,0
351698.80480000004,0
351754.2666,0
351988.56070000003,0
352017.0841,0
352030.3966,0
352044.0025,0
352087.3252,0
352351.30700000003,0
352463.8593,0
352640.4405,10050.167200000025
352757.1393,0
352798.249,0
352911.9067,0
353203.4414,0
353249.07955,0
353398.6932,0
353830.844125,0
354399.9784,0
354443.3865,0
354617.3981,0
354632.4054,0
354668.2814,0
354887.733,0
354961.1903,0
355222.2552,0
355236.149,0
355523.7017,0
355582.0908,0
355786.8164,16294.305200000003
355817.60236666666,0
355976.8247,0
356395.9239,0
356553.5392,0
356582.9699,0
356692.8863,0
356727.6359,0
357014.2274,0
357328.5663,0
357354.6406,0
357356.45160000003,0
357727.6143,0
358194.01029999997,0
358493.5739,0
358515.89639999997,0
358530.66980000003,0
358538.71510000003,0
358643.3822,0
359180.6401,0
359266.8743,0
359272.1155,0
359334.2438,0
359343.5723,0
359409.71770000004,0
359562.8131,0
359563.93940000003,0
359621.0605,0
359622.0267,0
359747.468,0
360038.38910000003,0
360038.5255,0
360530.3418,0
360781.8215,4062.4807000000146
360967.7924,0
361213.6507,0
361358.3312,0
361399.7821,17842.070400000026
361527.0924,0
361644.0976,0
361851.4125,0
361926.5619,0
361943.8123,0
362085.6877,0
362240.0782,0
362357.2469,0
362482.0179,0
362795.3998,0
363161.43559999997,0
363444.1364,0
363612.5238,5874.290900000022
363873.4805,0
363891.907,0
364001.3093,15661.271100000013
364034.6225,0
364333.7199,0
364355.003,0
364711.3419,0
364725.0201,0
364839.4325,775.0239999999758
364845.2976,0
364905.6662,0
364924.7244,0
365283.5104,0
365522.4038,0
365551.6943,0
365610.9951,0
365683.5632,0
365884.48,0
365902.9478,0
365906.4288,15941.54879999999
366043.8991,13738.564599999983
366196.4697,0
366458.440225,0
366501.0128,0
366656.8131,27121.68060000002
366700.01529999997,0
366967.3144,0
367013.6767,0
367042.0814,0
367099.859,0
367126.7806,0
367811.5798,0
367814.0345,0
367833.2621,13652.42339999997
367953.3433,0
368273.9775,0
368459.0129,9355.629399999976
368721.3929,0
368934.5838,0
369077.4588,0
369409.7342,0
369474.5601,0
369539.8225,12743.290500000003
369596.0385,0
369706.35860000004,0
369716.5835,0
369730.9964,0
369819.9623,0
370036.8877,0
370093.9304,4273.198499999999
370130.46499999997,0
370176.96140000003,0
370197.2577,0
370614.4361,0
370990.5867,8444.134099999967
371005.5544,0
371586.7014,0
371866.6852,0
371892.7529,0
371902.4423,0
371904.4319,0
371932.7901,10934.764199999976
372002.5537,0
372032.1642,0
372234.0432,0
372376.1535,0
372455.4942,27317.973500000022
372500.74569999997,0
372553.9125,0
372637.4524,25428.516400000022
372656.44310000003,0
372975.053,0
372976.3269,28042.763099999982
373094.9235,0
373106.2059,0
373157.6051,0
373431.2293,0
373446.5267,0
373597.55,0
373948.4147,0
374035.24100000004,0
374049.6766,0
374469.1254,0
374562.33116666664,0
374696.8061,0
374847.8971,0
374877.3232,0
374961.414,0
375233.6253,0
375238.3614,19215.90419999999
375320.5136,16183.800300000003
375447.1337,0
375708.27139999997,0
375759.9928,0
375969.0095,0
376019.8047,0
376135.795,0
376219.4474,0
376507.8074,0
376634.5291,0
376703.7152,0
376711.4169,0
376796.2182,41459.326699999976
377701.5632,0
377897.46369999996,0
377943.3739,0
378009.5413,0
378437.6304,0
378731.8906,0
379188.872,0
379267.59010000003,0
379358.0898,16592.862200000032
379573.8574,0
379595.019,0
379602.4058,38159.09289999999
379744.1595,0
380173.4956,0
380338.697,0
380481.4702,0
380821.6596,0
381032.1575,0
381056.8765,0
381490.7625,0
381507.6824,0
381517.4336,0
381728.6447,0
381829.4703,0
381930.1736,0
382007.578,0
382016.9265,0
382024.01910000003,0
382102.6678,0
382153.3562,0
382373.7708,0
382413.2006,0
382624.0152,34154.114
382660.6884,0
382758.0944,0
382758.4189,0
382763.6148,0
383076.2139,0
383298.8135,0
383427.4405,30419.595300000045
383556.1476,0
383919.8284,0
384011.388,0
384218.8494,23886.945600000035
384259.6442,0
384507.9302,0
385257.73219999997,0
385335.085,0
385545.2252,0
385560.3565,0
385857.2702,0
385974.0209,0
386160.551,0
386257.4099,0
386397.3313,0
386526.2925,0
386650.7954,0
386943.3389,0
387171.1855,0
387531.5309,0
387584.0168,0
388025.9917,0
388093.9472,0
388208.2024,26641.716200000024
388329.6521,0
388469.303,0
388537.7348,0
388727.4462,0
388946.389,0
388975.0268,0
388994.8196,35028.97289999999
389020.1912,0
389020.8663,23547.03879999998
389041.8584,47140.427600000054
389164.6679,0
389798.136,0
390208.6025,0
390232.7862,38216.7671
390232.95629999996,0
390271.0774,0
390324.7723,0
390373.9838,0
390522.9526,0
390588.3836,0
390616.729,14336.214899999963
390701.9048,0
390723.5446,0
390859.0131,0
390955.5556,0
391222.3296,0
391313.9934,0
391417.78359999997,0
391490.8054,0
391607.3653,0
391700.6091,0
391706.8742,0
391866.64890000003,0
391867.0433,3778.949100000027
391972.8819,0
392558.55819999997,0
392696.2484,0
392719.3338,8153.061400000006
392805.4176,0
392820.6375,0
392904.1455,0
392915.0416,0
392985.7,0
393714.626,0
393730.83640000003,0
393843.3177,2643.5043000000296
393991.1439,0
394481.0838,0
394958.2907,0
395045.986,0
395067.467,0
395138.06799999997,0
395200.9604,0
395352.6911,10772.193099999975
395367.2201,0
395394.1965,0
395587.4527,0
395618.0752,0
395891.5305,0
396010.678,31101.90360000002
396106.4104,0
396128.026,0
396187.7094,0
396266.493,0
396325.1552,0
396400.7811,0
396465.6508,0
396573.2991,0
396707.4924,0
396723.8097,0
396814.0395,0
396917.65108333336,0
397082.8749,0
397363.65,0
398009.41610000003,0
398196.1651,0
398397.0733,0
398583.7222,49151.889599999995
398748.6188,0
398797.8637,0
399238.9276,0
399429.8982,0
399618.8367,0
399917.80079999997,0
400614.3055,42360.960500000045
400741.6665,0
401210.931,0
401266.1425,0
401495.9412,0
401883.4514,0
402149.9975,0
402281.1781,0
402597.6047,0
402637.7535,0
402678.3384,0
402870.9415,0
402981.3813,36655.83280000003
402992.9771,0
402996.9864,0
403217.8371,0
403411.4179,0
403648.9897,28122.287099999958
403892.72876,0
404080.3291,0
404196.2247,0
404288.6179,0
404350.46030000004,0
404447.2247,0
404578.2735,0
404585.16993333335,0
404866.6945,0
405014.5634,0
405263.9359,0
405437.3883,206.00349999999162
405609.5131,0
405799.4568,0
405802.7882,0
406301.7974,0
406603.9216,25264.523999999976
406611.8566,0
406692.8279,0
406773.3212,0
407007.562,0
407214.4655,0
407405.3601,0
407507.3431,0
407616.65548333334,0
407617.6033,0
407689.348,0
407979.8348,0
408075.9681,0
408462.274,0
408763.0937,0
408775.3109,0
408902.2092,0
409069.4714,0
409146.2038,0
409277.6952,0
409387.21,0
409509.478,0
409574.6554,0
409754.1695,0
409945.5014,0
410940.4004,3867.393400000001
410996.31,0
411189.0134,0
411789.66615,0
411907.1915,0
412022.0224,0
412389.7149,0
412506.8188,0
412704.90020000003,0
412785.09653333336,0
412915.2531,0
413374.3052,0
413398.57660000003,0
413515.8223,0
413563.8406,0
413663.2993,44279.340599999996
413757.9501,0
414042.0645,0
414180.4562166667,0
414262.5476,0
414270.57420000003,0
414347.5422,0
414406.755,0
414444.9542,0
414627.9421,0
414649.2844,0
414657.9119,0
414725.0292,0
414852.1267,0
414872.0081,0
414883.1946,0
414918.985,0
415018.1294,0
415105.9747,0
415222.1967,0
415341.7065,0
415608.5047,0
415908.03599999996,0
415975.5343,0
416133.6747,0
416149.1413,0
416364.7109,0
416653.28740000003,0
416870.7654,0
416883.2422,0
417107.16370000003,0
417192.6399,0
417557.37056,0
417667.2926,32651.83619999996
417912.5772,0
417963.9662,0
418030.7943,0
418082.9468,0
418101.9732,0
418181.7935,0
418415.239,0
418473.2389,0
418541.8738,0
418940.9423,0
418975.9317,0
419068.3016,0
419097.4307,0
419242.5183,0
419479.21746666665,0
419985.8864,0
420557.3831,0
420980.5281,0
421125.4681,0
421224.3465,0
421322.3862,0
421330.462,0
421408.0012,0
421619.8499,0
421712.2786,13699.025300000038
422039.98916,0
422335.4986,10363.450899999996
422431.5841,741.7311999999802
422438.6212,0
423137.9173,0
423142.5984,0
423170.2361,0
423230.83759999997,0
423558.5652,0
423673.0011,0
423786.1751,0
423792.1458,0
423798.441,0
424052.3835,0
424235.7333,0
424265.1564,0
424774.28890000004,0
425047.0077,0
425146.2321,0
425219.10349999997,0
425299.9273,0
425580.0329,5366.1348
425603.864,0
425634.708,0
425661.0162,0
425683.2745,0
425777.3942,0
425876.0971,0
425897.0304,0
426127.7189,0
426888.4058,0
426996.9968,0
427082.70900000003,0
427206.1437,0
427244.5969,0
427377.5017,0
427405.2596,0
427747.4058,0
427757.4569,0
427860.2284,0
427894.908,0
428038.0108,0
428102.3333,0
428109.6467,21392.8456
428302.1651,0
428310.8611,0
428332.9497,0
428590.4586,0
428701.2946,0
428854.0945,0
428856.3328,0
428948.1633,0
429061.5156,0
429190.5923,0
429247.3398,0
429343.7773,0
429596.6372,0
429680.6543,0
429751.9214,0
429775.5173,0
429886.7391,0
429903.962,0
430046.5443,0
430084.628,0
430095.502,0
430111.4989,0
430468.4631,0
430521.1357,0
430551.6162,0
430601.6174,0
430641.3062,0
430685.6693,0
430720.1433,0
430834.9215,0
430890.9521,0
430938.7824,0
431100.24679999996,0
431419.7866,0
431505.9052,0
431784.8076,16217.918799999985
431889.6484,0
432129.7416,7368.153920000012
432211.4098,0
432214.2592,0
432344.6911,0
432370.1333,0
432495.1858,0
432634.6523,0
432688.6304,0
432850.9916,0
433010.0987,0
433032.8466,0
433147.26769999997,0
433263.2769,0
433523.12682,0
433941.0295,0
433967.3948,0
434113.2754,0
434266.5688,0
434639.9616,0
434692.0071,0
434839.0533,0
434856.9901,0
434861.6202,0
434883.1654,0
434945.0857,0
435199.8702,0
435595.1159,37857.35229999997
435610.3663,0
435847.3799,5182.0527
435861.4536,0
435943.426,0
435969.4059,0
436107.4985,0
436431.4118,0
436531.8293,0
436751.0752,0
437025.8705,0
437357.9181,0
437525.2386,0
437690.5126,0
437739.855,0
437785.1613,0
437844.7475,0
438080.8219,0
438176.3554,0
438179.9116,0
438521.0474,0
438747.6653,0
438911.1123,0
438914.9537,0
438949.0539,0
439019.3,0
439250.3292,0
439279.8823,0
439802.2638,0
439809.4854,0
439893.70290000003,0
439956.8218,0
440086.2387,0
440195.3333,0
440197.8592,0
440257.7619,0
440335.7531,0
440357.7885,0
441019.9999,0
441047.7282,33156.30350000004
441152.8838,0
441332.966,0
441664.2889,0
441857.2015,2145.0049
442233.8988,0
442241.1258,0
442284.96510000003,0
442335.6125,0
442995.039,0
443223.3371,0
443244.9136,25684.80600000004
443358.717,0
443435.789,0
443537.1836,0
443590.3024,0
443650.1861,0
443709.06,0
443755.3433,0
443806.5633,0
443806.8987,0
443828.9288,0
443862.30079999997,0
444071.4208,0
444201.3157,0
444345.3957666667,0
444366.23,0
444507.6338,0
444648.0161,0
444747.4401,0
445060.97609999997,0
445222.8166,23736.934800000046
445344.4155,0
445522.7592,0
445523.7988,0
445648.4165,0
445785.1683,0
446099.659,0
446391.9558,0
446533.118,0
446581.8237,0
446712.1459,0
446952.84,0
447013.317,0
447089.7008,0
447253.5357,0
447280.9273,0
447304.1149,0
447347.2877,0
447413.6098,0
447538.5834,0
447692.7447,0
447711.5541,0
448142.555,0
448150.9562,37041.120200000005
448158.5018,0
448194.5503,0
448300.3828,0
448314.2131,0
448513.616,26369.88029999996
448708.2552,0
448942.6016,19334.528699999966
448951.9707,0
449029.6556,0
449089.5462,0
449207.0408,14840.406799999997
449578.75333333336,0
449778.6768,0
449892.7121,0
450407.1958,0
450485.3458,0
450606.0859,42100.735400000005
450759.02619999996,0
451111.4085,0
451189.7912,0
451252.1826,0
451367.3504,0
451411.7982,0
451590.2909,0
451885.8893,0
451894.5985,0
452028.7008,0
452110.5494,0
452328.5921,0
452449.9404,0
452576.7694,0
452642.1987,0
452915.2517,0
453174.0245,0
453649.1994,0
453696.1703,0
453851.0608,0
453964.9898,0
454028.21140000003,0
454077.3566,0
454090.3527,0
454373.6395,0
454462.6478,0
454907.9569,0
454918.8465,0
455016.6969,0
455143.5342,2629.811300000001
455244.5361,0
455249.796,0
455459.5384,0
455472.6667,0
455483.1612,0
455666.8827,0
455710.1551,0
455794.1091,0
456051.2596,0
456105.2413,0
456313.17339999997,0
456350.9064,21275.33409999998
456352.4619,21089.803799999994
456811.0778,16308.658600000024
456846.52749999997,0
456894.06440000003,0
456913.2324,0
457130.6022,0
457172.6121,0
457699.6806,0
457721.38320000004,0
457767.9325,0
457911.8226,0
458251.1301,0
458315.9055,0
458406.4985,0
458677.7936,0
458814.871,0
459090.1903,0
459178.6593,0
459212.67220000003,0
459886.1424,0
459990.8198,0
460078.6346,0
460079.6901,0
460132.92319999996,0
460160.314,8309.316200000001
460185.8379,8752.153499999957
460490.7785,0
460506.7772,0
460529.9486,0
460674.351,0
460871.1772,550.4122999999672
461083.6284,0
461161.2212,35271.07110000006
461200.0145,0
461338.6404,0
461383.7216,0
461429.4106,0
461498.1548,0
461644.191,0
461753.1858,0
461787.04099999997,0
461845.12995,0
462018.90249999997,0
462329.2117,0
462361.3455,34548.73389999999
462483.1132,0
462524.8816,0
462724.6349,1814.3366999999853
462781.3667,36710.32640000002
463223.7387,0
463236.236,33719.98819999996
463374.4589,33863.152500000026
463376.31,0
463435.2245,3410.33679999999
463453.8887,0
463627.0539,0
463703.08759999997,0
463703.7314,0
463849.3674,49291.000899999985
464086.8775,0
464367.3744,0
464491.2534,0
464528.0931,0
464593.8315,40068.096299999976
464643.3102,0
464702.1876,0
464810.71,0
464828.8988,0
465059.2607,17032.291399999987
465179.26379999996,0
465573.9339,0
465582.2366,0
465656.793,0
465726.13060000003,0
465730.3483,0
465807.582,29286.584600000002
465960.4807,0
465967.5551,0
466301.514,46156.07032500004
466396.971,0
466404.18799999997,0
466481.2874,12942.595700000005
466642.3958,0
466689.1126,0
466713.879,0
466867.7515,0
467174.1426,389.72260000003735
467240.3246,0
467388.0762,0
467773.9511,0
468072.8288,21771.314500000037
468133.3618,0
468168.50800000003,0
468170.0267,0
468243.6361,40877.66810000001
468888.5056,0
469063.618,0
469100.08,0
469165.7964,0
469171.9461,0
469385.4743,0
469483.0681,0
469719.4753,0
470086.0614,0
470151.7783,0
470161.0529,46451.98739999998
470327.957,0
470329.6902,0
470434.4704,0
470512.0038,0
470541.9194,0
471583.4298,0
471696.6488,0
471863.5039,0
471894.0822,0
472000.0305,0
472057.2362,0
472184.2842,2530.041599999997
472451.4962,0
472680.596,0
472865.1563,0
472922.8702,0
473044.9882,0
473095.7292,0
473121.0972,0
473126.171,0
473293.2599,0
473446.032,0
473633.1294,0
474172.9854,0
474266.8994,9556.583899999969
474564.4354,0
475061.9532,53775.561999999976
475239.0029,0
475908.3563,13806.170999999973
475909.8497,0
475989.3059,0
475993.87296,0
476097.6057,0
476354.8612,0
476366.1584,0
476444.8962,0
476740.1669,0
477277.7523,0
477438.9867,0
477520.4417,0
477566.4921,10242.136899999983
477719.3128,0
478205.3143,0
478272.61214,0
478284.9915,0
478304.1231,0
478488.0092,0
478489.7305,0
478534.3698,0
478620.0235,0
478955.3878,25804.628400000045
479239.51780000003,0
479522.1191,0
479620.5218,0
479626.3465,0
479700.341,26382.25140000001
479936.8842,0
479943.9729,0
480180.4489,0
480345.5383,0
480365.812,0
480658.7012,0
480672.0406,0
480674.77,0
480947.6558,0
480970.2655,0
481152.2875,10047.939599999983
481235.7312,0
481343.882,0
481379.20046,0
481456.50430000003,0
481616.0865,0
481773.729,0
481958.1784,19292.184099999955
482098.8367,2921.321499999962
482287.3655,0
482328.6854,2826.0574999999953
482547.3552,0
482894.1057,0
482897.4238,29889.53350000002
482946.0906,65141.885299999965
483154.30590000004,0
483191.6035,0
483317.2156,48051.00349999999
483332.2819,0
483402.7388,0
483417.5093,0
484085.9388,0
484291.4818,0
484392.7168,0
484582.7604,0
484672.2433,0
484674.7294,0
484689.8362,0
484721.1628,0
485226.6777,0
485369.7202,0
485425.853,31737.863100000017
485433.1089,0
485565.6205,0
485653.0675,0
485859.2839,0
486231.9274,15431.489699999976
486363.5101,0
486426.7232,28374.391799999983
486869.0325,0
486948.0821,12848.67790000001
487193.4399,0
487300.637,0
487770.1509,0
488022.6188,0
488201.4794,0
488613.3317,0
488789.4088,0
488991.0849,0
489161.607275,0
489201.7405,0
489418.0044,0
489652.2398,0
489653.4299,0
489660.9121,0
489720.8583,14651.585000000021
489725.4307,0
489726.572075,0
489868.473,0
489956.3397,0
490091.4973,0
490168.1098,0
490189.0647,0
490218.6545,0
490824.4929,0
490845.0865,0
490974.4126,22519.350924999977
491317.387,0
491545.2774,0
491709.34739999997,0
492090.0745,0
492342.6956,0
492474.2777,0
492749.9442,0
492815.324,0
492835.8682,0
493322.9374,0
493558.769,0
493849.607,0
493908.3784,0
493962.8328,0
494314.6532,0
494636.5213,0
494840.917,0
494853.4223,0
494900.0142,0
495067.3092,0
495468.1497,0
495569.3131,0
495677.4466,0
495762.60730000003,0
495773.6332,0
496364.5734,0
496726.1172,0
496850.1829,4647.136300000013
497037.8085,0
497189.4044,0
497426.8451,0
497639.3448,0
497644.1002,0
497698.5362,0
497765.7864,0
497970.9125,0
498080.6221,0
498088.4521,0
498107.5126,0
498228.0923,0
498385.67579999997,0
498567.2628,0
498695.7842,0
499543.1596,0
499563.2815,0
499615.63910000003,0
499627.81440000003,0
499937.4452,0
499974.195,0
500083.58869999996,0
500200.1027,0
500281.116,0
500376.1762,0
500405.8874,0
500880.63501666667,0
500927.5452,0
501086.7535,0
501123.1139,0
501334.3704,0
501420.056,0
501517.8627,81921.40508333332
501564.7216,0
501584.5085,0
501588.487,0
501606.7288,0
501797.6292,0
501936.1039,47392.408599999966
502008.0753,39699.363700000045
502093.227,0
502161.8117,0
502342.6407,0
502501.5477,0
502706.8304,0
502964.3747,0
502993.204,0
503017.3598,0
503023.8392,0
503981.2254,0
504992.2472,0
505345.0516,0
505434.0037,0
505845.002,0
505855.3465,0
506025.1784,0
506162.3429,0
506231.1681,0
506312.3139,5534.490300000005
506336.3504,0
506603.21270000003,0
506766.69888333336,0
506804.5795,0
506854.8183,0
507014.0241,0
507021.9444,0
507097.71479999996,0
507273.1727,0
507274.8737,0
507288.0511,0
507293.861,0
507547.8529,0
507548.54110000003,0
507586.0049,0
507638.7087,0
507689.3405,0
507697.6479,0
507823.2999,0
507964.81070000003,0
508001.1791,0
508384.3479,0
508613.7743,0
508682.0894,0
509463.3716,0
509788.3076,0
509989.8097,0
510586.7842,0
510601.8624,0
510794.3487,0
510952.3543,0
511031.4561,1252.9130000000005
511034.326,0
511412.6313,0
511673.6018,0
511752.994,0
511822.3748,0
511842.7468,15369.630700000038
511916.0502,0
511933.9114,0
512284.8816,0
512296.5592,1584.489200000011
512382.1259,0
512448.7855,0
512590.4326,0
512720.543,0
512724.925,13503.667299999972
512858.67,0
513187.5794,0
513518.8003,4738.286100000027
513706.0736,0
513761.1514,0
513764.2664,0
514101.8627,0
514237.85109999997,0
514744.937,0
515006.0727,790.5500000000466
515035.4456,0
515081.2084,0
515262.7809,0
515280.8212,0
515306.0808,0
515363.4311,0
515478.0093,0
515613.2374,17391.07579999999
515721.4613,0
515750.2158,0
515754.7473,0
515904.42339999997,0
516293.3367,0
516323.0487,0
516333.6671,0
516347.0468,0
516479.4714,0
516615.418,0
516622.7754,0
516669.92449999996,0
516926.7349,0
516940.3615,0
517221.0245,0
517441.7504,0
517446.03489999997,0
517666.1971,0
517793.2809,0
518055.6787,0
518056.7667,0
518279.8057,0
518328.9929,0
518329.5183,5572.5466000000015
518399.3525,0
518444.0576,0
518665.2385,0
518797.9843,0
518868.12179999996,0
518893.1386,0
518917.2022,0
519098.3772,0
519113.0419,0
519274.4013,0
519501.22875,0
519659.0739,0
519819.5513,0
519876.6318,0
520045.2598,0
520077.1728,0
520088.7889,1634.0019166666316
520120.43319999997,0
520402.7685,0
520425.19909999997,0
520535.3929,0
520719.6159,0
520929.9668,0
520979.1853,0
520988.6962,0
521022.1168,0
521082.8466,0
521163.2426,0
521166.9025,38451.957200000004
521560.3185,0
521678.2048,0
521692.7575,0
521901.2245,0
522157.2363,0
522489.312,0
522613.0635,0
522619.1898,0
522678.0961,0
522692.6429,5295.649600000004
522730.33999999997,0
522770.6129,0
522822.72239999997,0
522893.5071,0
523084.5626,0
523092.2622,0
523140.5444,0
523351.3982,0
523496.0991,0
523545.9123,6978.579100000032
523573.257,0
523697.8002,0
523704.2933,0
523728.0247,0
523738.1353,0
523788.9586,0
523815.6922,0
524164.8871,0
524294.9697,0
524618.7771,0
524774.0702,0
524792.819,0
524800.0574,0
524855.5959,0
524882.2364,7777.898300000059
525065.7477,0
525141.9541,0
525514.5448,0
525701.2775,0
525824.8112,0
525831.3874,0
526010.9046,0
526135.5767,0
526139.1215,0
526235.8203,0
526593.5478000001,0
526603.0787,0
526801.4624,0
526888.1785,0
527316.1224,0
527322.0857,0
527740.71,0
527807.8563,0
527837.9792,0
527944.0935,0
527998.8464,0
528003.4741,0
528127.1502,0
528422.2962,0
528437.2863,0
528533.0254,0
528602.8332,0
528662.6043,0
528676.1858,0
528829.3537,0
529279.9538,0
529497.1367,0
529508.2175,0
529584.4377,0
530355.3407000001,0
530793.5621,0
530865.8839,0
530916.4823,0
530951.01304,0
531059.0872,0
531208.783,0
531279.1243,0
531282.6357,0
531306.4736,0
531353.529,0
531485.2151,0
531608.2493,0
531619.051,0
531644.3219,9939.8566
531742.4394,0
531769.1243,0
531877.0562,0
531966.0096,0
532240.6453,0
532250.7364,0
532334.165,0
532678.6165,0
532869.4271,0
532916.2166,0
532987.1946,0
533026.3595,0
533260.5085,0
533274.0999,0
533403.9909,0
533466.9327,0
533478.2004,0
533538.5385,14329.766100000008
533558.1942,0
533562.7331,0
533698.7727,0
533812.9831,0
533958.7366,0
534081.7216,0
534110.7172,0
534205.5992,0
534250.0264,0
534674.9424,0
534733.9576,0
534785.4978,35212.33439999999
534925.8804,0
535318.9895,0
535610.9144,17289.627500000002
535637.5447,0
535748.0643,0
535833.574,22445.88910000003
536047.887,0
536090.159,44369.231700000004
536148.6343,0
536359.6999,0
536375.7592,0
537013.9727,0
537112.3592,0
537123.6877,0
537210.6623,0
537464.0319000001,0
537573.8755,0
537670.149,0
537744.9562,0
537825.8753,0
538095.3441,0
538140.2822,0
538275.4932,0
538426.1116,0
538540.7252,0
538555.1877,0
538633.4536,0
538639.767,0
538646.4455,0
538827.5754,0
538968.2533,0
539356.3103,0
539521.9488,0
539547.0955,12278.682600000058
539636.9553,0
539664.5621,0
539875.1272,0
540138.0072,0
540239.762,29827.824900000007
540305.6572,0
540376.5103,0
540637.2332,0
541109.2206,0
541363.4128,0
541497.7777,35888.44449999998
541666.5298,0
541773.7299,0
542156.5195,0
542389.4738,0
542550.2644,0
542767.2069,0
543777.0855,0
544001.8308,0
544245.5619,0
544405.6119,2617.6140000000596
545218.2333,0
545303.5342,0
545825.5702,0
545942.503,0
546248.5092,18758.32529999991
546357.0638,5529.7502000000095
546456.811,0
546671.9407,0
546828.2747,0
546838.0271,15060.8777999999
547200.7442,34947.283599999966
547314.994,0
547384.5146,26775.608599999978
547452.9408,0
547627.9197,0
547721.0582,0
547772.1938,0
547868.1477,0
548049.3222,32674.621100000048
548242.5943,0
548329.4354,1244.4242000000086
548421.7616,0
549120.7116,0
549149.6076,0
549159.3251,0
549345.6419,33583.62650000007
549475.2555,0
549613.4949,0
549672.7758,12065.127499999944
550035.5322,0
550358.6837,24330.808100000024
550514.7605,0
550548.3267,0
550689.1113,0
550798.5765,0
551125.7648,0
551177.3025,0
551212.5243,0
551263.5176,0
551288.3711,0
551330.4587,19810.87049999996
551437.6661,0
551450.9192,0
551487.5988,0
551680.5838,0
551771.7324,0
551946.07996,0
551987.8386,39111.62420000002
552081.8552,0
552313.3156,0
552334.6353,0
552367.9968,52366.992499999935
552509.2957,0
552520.9007,0
552531.807,0
552602.3916,0
552646.9481,0
552684.9498000001,0
552756.0873,49872.788300000015
552786.8924,0
552802.1905,0
552905.7638,0
553317.5816,0
553544.2523,0
553865.4147,0
554018.1541,0
554154.144,41765.30669999996
554258.1812,0
554310.4372,0
554404.5893,0
554435.0842,0
554765.7286,0
554766.106,0
554766.49275,0
554849.0679,0
554881.5512,0
555068.5439,0
555373.13,0
555477.1343,0
555510.3125,11687.792499999981
555660.8075,5190.705599999987
555900.0912,129151.2647
555967.2784,0
556220.5177,0
556246.5956,0
556303.8755,0
556336.7971,0
556652.7342,0
556699.7053,0
556984.9792,0
557183.7367,0
557348.1345,0
557483.8606,0
557778.5815,50365.01509999996
557880.6884,0
557899.8094,0
557899.8233,0
557971.8802,48907.27040000004
557980.2017,0
558135.3042,0
558389.5187,0
558441.7603,24772.659800000023
558586.8247,0
558593.6382,0
558793.8056,0
558939.6933,0
559072.1728000001,0
559154.9239,0
559408.7925,0
559523.7257000001,0
559683.7951,0
559687.9242,0
559800.1561,0
559819.6281,0
559874.0136,0
560145.8542,0
560310.1828,0
560373.5422,0
560796.8171,0
560928.8523,0
561253.6545,10165.785599999945
561285.4688,0
561708.1334,0
561721.8226,0
561787.0721,0
561813.5359,0
561890.3011,0
561981.6202,0
562030.7397,0
562412.4383,0
562485.4919,0
562931.2248,0
563107.9898333333,0
563165.2138,26742.237100000028
563445.7963,0
563491.3001,5508.471699999995
563592.9702,13471.599999999977
563954.7409,38697.50939999998
564357.3642,0
564448.9105,0
564614.8305,0
564760.7799,0
564771.3773,0
564879.0586,0
565840.2041,0
566019.7244,0
566026.7935,0
566096.1384,0
566289.5959,0
566362.2675,0
566464.9188,9273.745600000024
566528.8672,0
566621.0879,17581.3162
566692.6292,0
566715.0168,0
566801.1451,0
567149.0144,0
567163.3341,0
567216.5774,7675.063299999922
567292.1695,0
567442.1134,0
567605.5087666666,0
567759.5852,0
567929.0717,15355.909199999995
567954.8604,21285.251700000023
568067.5513,0
568072.3493,0
568345.4669,0
568404.876,49258.073050000065
568499.6486,0
568717.0537,12486.787700000103
568773.2177,0
568778.9334,0
568948.6809,2674.3132500000065
569002.9506,0
569145.0173,0
569369.3249,0
569455.7471,34342.280299999984
569873.2191,3360.0562999999383
569925.6111,0
570030.0933,0
570106.2982,0
570490.8179,0
570514.0249,0
570657.8103,0
570743.8871,0
570834.6949,0
570849.4037,0
571140.998,0
571192.2986,0
571264.0732,0
571384.6405,0
571419.869,0
571456.1283,28425.311299999943
571684.6982,0
572129.9427,0
572137.6857,0
572301.678,0
572316.1546,0
572504.7931,0
572810.5101,0
573182.691,0
573412.8445,0
573447.1249333334,0
573769.9452,22385.493499999982
573983.8637,7810.586299999966
574054.5345,0
574226.4985,0
575145.1070666667,0
575722.2358,0
575733.3318,0
575747.0238,0
575887.6721,0
576028.2772,0
576065.7781,0
576145.5591,0
576225.3001,0
576514.4133,0
576578.3557,0
576589.356725,0
576620.3039,31564.4874000001
576763.2517,0
576818.0035,0
576988.8614,0
577239.3027,0
577241.6595,0
577387.0976,0
577994.782,0
578322.6952,0
578393.1451,0
578444.4031,0
578878.2773,0
578892.9132,0
579105.1249,0
579465.5791,0
579685.0552000001,0
579724.1932,0
579744.3008,0
579749.6876,0
579782.3465,0
580326.8941,0
580501.2203,0
580598.8269,0
580810.3927,0
580869.509,0
580968.1125,0
580999.0799,0
581213.1476,0
581676.6315,10547.28489999997
581716.9942,0
581966.9658,0
582037.272,0
582265.7931,0
582291.77,0
582532.5649,0
582661.1734,0
582713.0237,0
582757.6525,0
582819.7057,0
583014.4063,0
583362.5595,0
583363.9105,0
583428.9663,0
583502.8529,0
583721.0617,0
583941.2721,0
584009.1882,0
584070.1065,0
584504.0512,0
584764.5591,0
584900.6227,0
584965.35185,0
585256.1308,0
585450.6049,0
585535.9176,0
585605.9851,0
585802.3037,0
586264.2135,0
586462.3722,0
586568.6921,9436.242083333316
586670.372,0
586703.7376,0
586969.7301,0
587036.506,0
587296.3758,0
587358.0366,0
587409.4713,0
587617.6804,0
587720.246,0
588160.091,0
588254.2784,0
588335.7311,0
588451.4973,0
588522.3728,0
589061.0183,0
589079.4833,0
589115.4959,0
589623.3673,0
589750.8585,0
589856.5548,0
590055.6642,0
590304.1029,0
590477.0335833334,0
590630.7903,0
590696.9452,0
590728.3083,0
590952.167,0
591032.1524,0
591758.1755,0
592088.0622,0
592265.2511,0
592498.809,0
592715.6912,0
592725.7937,0
592829.9851,0
592961.1904,0
593017.5687,0
593209.5085,0
593295.4461000001,0
593299.301,0
593344.158,0
593362.5018333333,0
593607.9195,0
593647.9879,0
593731.8181,0
593980.3613,0
594084.2867,0
594120.4849,0
594148.9594,0
594174.7812,0
594492.52385,0
594601.8842,0
594632.0856,0
594682.5674,0
594913.2267,0
595392.6349,0
595435.8259,0
595445.5498,0
595665.4802,0
596196.9785,0
596271.4426,0
596327.8331,0
596538.0933,0
596975.1311,0
597114.375,0
597183.7826,0
597279.4318,0
597305.3018,0
597511.1536,0
597724.3658,0
597739.1548,0
597795.6938,0
597890.0387,0
598320.6151,0
598395.948,0
598443.786,0
598451.4244,0
598702.601,0
598838.049,8974.08600000001
598894.7516,0
599567.2413999999,0
599656.576,0
600376.2473,0
600406.7745,0
600429.7056,0
600579.5798,0
600783.1431,0
600906.7582,0
600921.4175,0
601021.1078,0
601084.9736,0
601339.5865,0
601425.627025,0
601823.3315,0
601831.0289,0
601919.8663,0
601954.5494,0
602133.4003,0
602148.4713,0
602181.6121,0
602248.8535,0
602730.1808,0
602890.9486,0
603206.0967,0
603378.77,0
603425.5175,0
603436.4333,0
603575.726,0
603751.004,0
603816.9459,0
603858.9799,0
604088.6346,0
604541.3344,0
604557.6525,0
604587.7645,0
604742.3239,0
604755.3486,0
605158.9313,0
605212.923,6199.681499999948
605512.23,0
605814.5948,0
605990.2101,0
606006.0866,0
606007.3498,0
606025.4083,0
606272.9421,0
606282.8043,0
606391.0487,0
606473.2227,0
606707.7418,0
606803.4537,0
607041.6915,8412.845999999903
607051.4416,0
607120.6187,0
607122.6317,4207.501799999969
607352.4684,13109.512600000016
607361.3351,0
607572.9421,0
607873.539,0
607966.4018,0
607982.5926,0
608053.471,0
608696.1468,0
608727.989,284.6200999999419
608739.2572999999,0
608888.5956,0
608922.2631,0
608996.2484,0
609069.5673,0
609130.4173,0
609218.6249,44156.67610000004
609264.2913,0
609412.4192,0
609636.3949,0
609816.443,0
609904.6751999999,0
609916.3954,0
610109.8678,0
610120.0907000001,0
610167.03,0
610217.0825,0
610396.9207,0
610426.5064,0
610486.6064,0
610615.753,0
610793.5515000001,0
610798.0131,0
610993.2367,0
611020.1864,0
611199.8827,0
611258.9912,0
611362.6594,0
611529.585,0
611608.0103,0
611788.746,0
612609.5043,0
612628.8262,0
612638.6268,0
612744.1331,0
612778.1113,0
612836.5576,0
612934.3806,0
613001.3269,0
613073.3025,0
613190.2208,0
613303.4641,0
613422.7586000001,0
613485.4986,0
613534.433,9105.282699999982
613581.2688,0
613695.3572,0
613799.9749,0
614132.464,0
614152.4298,0
614180.3712,0
614311.6915,0
614333.2073,0
614488.8439,0
614599.3888,0
614635.2639,0
614780.4472,0
614816.8946,0
614884.7405,0
614923.8259,0
614990.8585,0
615066.2661,0
615115.8411,0
615171.2494,0
615240.0483,0
615313.1856,0
615463.5713,0
615523.7666,0
615664.3087,0
615897.3467999999,0
615933.8076,0
615934.7149,0
615983.2952,0
616119.5429,0
616239.5885,0
616261.8327,0
616286.2180999999,0
616324.6939,0
616538.5179,0
616645.6726,0
616736.8177,16490.619399999967
616758.6968,0
616925.3427,0
617240.2422,0
617425.6939,0
617497.4445,0
617600.1636,0
617676.7459,0
617874.1514,0
618050.9747,14647.323700000066
618056.6015,0
618251.8404,13254.025799999945
618415.8503,0
618420.6584,0
618427.6146,0
618513.4646,0
619090.775,0
619099.5266,0
619135.737,3713.375
619158.9521,0
619289.7521,29980.72100000002
619328.6781,0
619340.8236,0
619469.028,0
619791.5552,15144.429199999897
619811.829,0
620117.8505,0
620245.832,0
620276.9487,0
620360.3475,0
620460.3608,0
620512.394,0
620546.9434,0
620597.3638,0
620625.4133,0
620811.5365,0
620819.6669,0
620870.4271,0
620957.6162,0
621062.3347,0
621096.5271,0
621098.8311,0
621111.4149,0
621404.0017,0
621437.4775,0
621735.6417,0
621889.1839000001,0
622153.7195,0
622214.9457,0
622301.7905,0
622344.9293,0
622346.0952,55886.366566666635
622457.5168,0
622578.3506,0
622747.9253,0
622759.2331,0
622760.8641,0
623013.9359,0
623427.9327,47111.08310000005
623593.0668,0
623751.7371,0
623797.4149,0
623971.0013,0
624057.3013,0
624199.2456,0
624670.3455,0
624673.1663,0
624722.7751,0
624817.6389,0
624917.7598,0
624921.6401,0
625001.4338,0
625032.0157,0
626272.7639,0
626488.8739,0
626575.0496,0
626599.583,0
627054.3249,27689.909300000058
627355.2975999999,0
627595.3267,0
627599.8572,0
627664.8616,0
627669.2073,0
627695.2644,0
627730.1695,0
627846.8399,0
627865.8847,0
627918.6203,0
628094.7888,21120.845899999957
628459.0267,0
628611.6085,0
628668.9113,0
629083.7097,0
629088.9869,13959.099500000011
629551.6607,25682.87750000006
629731.133,0
629732.8596,0
630130.5771,0
630449.8506,0
630507.2177,23024.48080000002
630583.8338,0
630598.0649,20560.988000000012
630723.523,0
630726.605,0
630914.0919,0
630971.0629,0
630984.792,0
631139.4022,0
631231.7855,0
631303.7748,0
631384.2831,9273.204900000012
631542.4572,0
631753.2147,0
632088.1953,0
632128.3962,0
632203.9238,0
632364.336,0
632664.9257,30788.99410000001
632668.2035000001,0
632851.5834,0
633037.9087,0
633054.7604,0
633182.0586,0
633203.7854,0
633390.5838,38892.33030000003
633436.9514,11592.560100000002
634029.2032,0
634213.0652,14891.275999999954
634338.7392,0
634452.7408,0
634517.6446,0
634920.9586,0
635276.2509,0
635280.166,0
635650.6066,0
635900.8659,6168.831000000006
636198.4724,0
636264.8941,0
636805.0264,0
636971.9537,0
637110.2678,0
637280.9643,0
637311.9557,0
637699.5291,0
637724.6446,0
638275.8531,34043.416099999915
638293.3467999999,0
638647.8507000001,0
638666.782,0
638753.74606,0
639195.9855,0
639442.9121,0
639816.0164,36309.46789999993
639894.3176,30702.484699999914
639983.9128,0
640337.5337,0
640473.8796,0
640556.2708,0
640607.6843,32679.483899999992
640686.7142,0
640774.7578,0
640791.3988,0
640870.6085,0
640956.0512,0
640986.1718,0
641083.9885,0
641316.2471,0
641446.8119,0
641627.068,0
641641.2961,0
641796.5112,31284.881199999945
641831.7104,0
642162.531,0
642198.292,0
642260.3222,0
642267.596,0
642332.7567,0
642481.7364,0
642614.6911,13071.27250000008
642674.8461,0
642896.3048,0
642930.048,13738.730099999928
642930.91,0
643149.1846,0
643307.3799,0
643416.9141,24617.93410000007
643611.7117,0
643686.7488,0
643703.977,0
643782.0903,0
644088.3882,0
644219.0818,19644.37420000008
644285.8341,0
644383.9235,55262.85210000002
644554.7311,0
644642.6688,3691.4425833333516
644648.7197,0
644965.1436000001,0
645103.153,0
645222.66,0
645280.9217,0
645300.058,0
645403.0541,0
645576.371,0
646037.0457,0
646098.9476,0
646184.9032000001,0
646224.9571,75734.06270000001
646244.6986,0
646504.4808,0
646583.6603,0
646756.5435,0
647040.4855,0
647149.4837,0
647355.46146,0
647399.0444,0
647517.5203,0
647782.8229,0
647806.3719,0
648005.4293,31146.699599999934
648157.6106,3820.9875000000466
648279.293,4006.0786999999546
648701.077,0
648814.8894,32213.01319999993
649046.0347,0
649237.5039,0
649545.9507,0
649577.7966,27768.677200000035
649724.3173,0
649784.9240666666,0
649860.3589999999,0
650027.0549,0
650255.4939,0
650349.193,0
650400.5537,0
650509.4747,0
650576.0056,0
650616.2995,0
650850.95714,0
650987.8224,0
651125.6282,0
651187.672,0
651847.2066,0
651889.2723833333,0
651926.7793,0
651942.9988,0
652215.0685333334,0
652249.2161,0
652253.8739,0
652356.4767,0
652443.1594,0
652906.5012,0
652934.5543,0
653047.1497,20680.30979999993
653083.7118,0
653497.7717,0
653517.0466,0
653539.7424,0
653857.877,0
653992.3419,0
654321.001,0
654321.4874,24575.831999999937
654669.8307,0
654729.7922,0
654774.5815,0
654844.148,35673.17280000006
654846.412,0
654893.7426,0
654932.4372,7288.966000000015
654971.4526,0
655045.2937,0
655361.5622,0
655408.3187,0
655429.8709,0
655635.5085,0
655733.4404,0
655759.4057,0
655884.6778,32569.949699999997
655905.3364,0
655938.2964,0
656005.5558,0
656017.9177,0
656233.9423,0
656276.0662,0
656304.9633,0
656572.304,0
656596.1748,0
657024.0378,0
657285.0245,0
657562.6634,0
657702.7559,0
657811.3315,0
657862.6341,0
658051.3618,0
658146.1383,0
658253.6547,0
658526.0248,0
658665.5118,0
658689.4667,0
658837.5214,0
658961.8732,0
659042.2188,0
659517.5211,0
659606.0675,0
659659.6175,0
660017.9082,0
660127.4148,0
660176.0423,0
660245.8493,0
660260.824,0
660374.5464,0
660514.5101,0
660527.7469,0
660563.2282,0
660568.9404,0
660798.2248,102.83769999991637
660871.3159,5263.287300000084
661038.788,0
661275.9632,0
661400.7939,0
661538.8128,0
662075.6493166666,0
662091.7151,0
662123.952,0
662671.4535,0
662824.5516,0
662965.6149,0
663029.446775,0
663077.7717,0
663305.5776,0
663402.9022,0
663474.03,27916.020800000057
663632.9148,0
663705.6934,0
663710.3511,0
663712.7821,0
663795.1972,0
664202.5721,0
664342.1871,0
664449.1131,0
664463.5678,0
664480.6075,0
665449.5893,0
665487.5778,0
665777.6999,0
665952.1902,0
665986.178,0
666043.8551,0
666272.5205,0
666388.7798,0
666412.3933,0
666569.584,0
666750.4906,0
666846.0882,0
666854.5649,5498.751799999969
666908.9545,0
666915.1374,0
667010.8129,0
667051.1382,0
667160.4672,0
667243.759,0
667327.1499,0
667449.9817,0
667566.5986,8393.456200000015
667935.7612,0
668050.3411,0
668305.4254000001,0
668482.7096,0
668859.151,0
668932.0243,6005.923800000106
669119.2782000001,0
669133.1428,0
669174.8896999999,0
669505.863,0
669533.8817,0
669706.1818,5226.591750000021
669994.4592,0
670167.149,0
670339.1155,0
670393.6333,0
670987.7573,0
671153.2934,0
671204.3346,0
671337.5185,0
671375.2996,0
671708.4746,0
671776.3812,0
672094.0246,0
672102.5034,0
672154.0023,0
672477.5667,0
672489.7021166667,0
672617.9585,21447.888799999957
672717.4706,0
672724.6074,7341.646199999959
672884.4485,0
673185.2447,0
673439.7947833333,0
673691.4762,23725.726100000087
673727.6518999999,0
673821.1556,0
673922.7349,0
674178.7719,0
674245.2436,0
674701.9296666667,0
674735.575,0
674868.5076,0
674960.9263,0
675006.9026,0
675011.9279,0
675324.4139,0
675533.559,47961.43440000003
675550.5957,0
675720.5038,0
675857.2324,0
675947.8973,0
675948.2737,0
676169.947,0
676239.1011,0
676528.0785000001,0
676539.723,0
676552.0592,0
676637.0478000001,0
676874.9146,0
676891.5197,0
677113.255,0
677206.8679,0
677487.6347,0
677560.4573,0
677620.1385,0
678015.6673,0
678027.7193,0
678143.4244,0
678161.315,16496.265199999907
678551.5483,22481.60830000008
678767.2577,0
679466.2479,0
679549.0922,0
679586.3831,0
679679.5007,0
680024.0867,0
680050.6016,0
680130.4645,0
680187.8736,0
680684.1413,0
681005.9092,0
681041.8127,0
681110.2842999999,0
681405.142,0
681719.1096,0
681803.876,0
682213.5361,0
682236.3433,0
682517.779,0
682587.6216,0
682606.2739,0
682676.6765000001,0
682831.6683,0
682838.3181,0
682889.2512,0
683110.0869,0
683152.3875,0
683336.8403,0
683425.9534,0
683874.8446,0
683973.9577,0
684110.8007,0
684252.9831,0
684516.2111,19772.11619999993
684535.3355,0
684782.652,0
684849.8811,0
684867.868,0
684886.5714,0
684888.5863,0
685643.2869,0
685740.69542,0
685877.3409,0
685904.3523,0
685916.4063,0
685941.4725,0
686053.9195,0
686090.2544,0
686248.0355,18799.171633333317
686529.414,0
686545.5514,0
686865.6022,0
686945.1636,0
686997.9363,0
687414.5009,0
687438.9052,0
687487.9493,0
687587.3389,0
687743.9587,0
687891.954,0
688155.5496,0
688191.832,0
688244.3895,0
688359.2399,0
688377.3041,0
688515.808,0
688523.5046,0
688602.0228,0
689100.8822,0
689142.5126,8042.713500000071
689458.440725,0
689496.7515,0
689585.4686,0
689633.1269,0
689861.6908,0
689876.3089000001,0
689877.757,0
689887.3787,0
689923.6124,0
690136.2708,0
690423.797,0
690760.3004,0
690810.7172,0
690873.6509,0
691127.1489,0
691266.5615,0
691381.4875,0
691448.4576,0
691773.8728,8950.395600000047
692220.2411,0
692360.0766,0
692755.7166,0
692761.5185,0
692839.6753,0
692994.8626999999,0
693005.3184,0
693097.7513,0
693105.6271,0
693162.11,0
693217.9812,0
693342.3967,0
693364.383,0
693383.8991,0
694250.312,0
694305.5623,0
694439.5231,0
695204.2627,0
695248.6836,0
695383.3166,0
695500.1907,0
695620.5911,0
696025.8755,0
696471.0113,0
696492.0548,0
696526.2637,0
696667.3573,0
696757.6468,0
696831.5427,0
696848.7594,0
696909.6238,0
697026.1595,0
697087.3884,0
697273.0219,0
697515.9211,0
697671.3312,1161.1289000000106
697724.3205,0
697738.0135,0
697841.2136333333,0
697904.3537,0
698107.1742,0
698472.5613,0
698657.3615,0
698738.0214,0
698769.7154,0
699479.3252333333,0
699593.1663,0
699720.2902,0
699731.8424,0
699756.09214,0
699764.0545,0
699768.436,0
700307.7973,0
700320.3136,0
700415.9309,0
700454.9802,0
700718.2128,0
700926.6459,0
700981.1974,0
701262.6871,0
701309.6158,0
701354.5862,0
701563.5782,0
701597.4946,0
701708.1647,0
701939.8682,0
702123.5086000001,0
702315.7501,9783.637999999919
702366.2983,0
702461.6495,0
702526.3833,0
702536.1267,0
702569.8909,0
702731.2059,0
702747.6284,15820.296399999992
703137.7796,0
703205.4016,0
703365.4487,3943.896199999959
703366.8214,0
703484.5047,5917.3288000000175
703976.6762,0
704041.26,0
704087.0569,0
704090.0231,0
704185.0999,0
704411.5192,0
704431.3453,0
704575.4317,0
704668.3583,0
704814.1579,0
704818.2398,2851.531399999978
705021.6256,0
705049.4233,0
705535.4168,0
705638.1526,0
705939.9198,0
706020.5873,0
706041.476,0
706088.4969,0
706263.9971,0
706572.4866,0
706579.9312,0
706618.8451,0
706621.2625,0
707154.7562,22784.865399999893
707205.4062,0
707303.0993,0
707616.6537,4192.455799999996
707632.4438,20863.664300000062
707665.3791,0
707760.3205,0
707803.342,0
707894.014,0
707995.1002,0
708074.5286,0
708173.8521,0
708212.1915,22705.283899999922
708252.8113,0
708365.6313,36310.287699999986
708389.0596,0
708574.5922,0
708735.4094,0
708792.9111,0
708796.5918,0
709133.5537,564.7191000001039
709464.2642,0
710081.1071,2758.593660000013
710165.465,0
710210.5885,0
710267.9519,0
710504.8655,0
710518.1057,0
710861.6411,0
710863.9748,0
710906.3201,0
711006.959,0
711086.6101,0
711195.1799,38064.508499999996
711244.0258,0
711274.0398,0
711291.5801,0
711342.9625,751.2967000000644
711459.5799,0
711471.4729,0
711565.7508,0
711597.3435,0
711877.6635,0
711925.3006,0
712026.1924,0
712237.792,0
712313.8322,0
712360.2935,0
712381.1273,0
712434.8194,12311.081100000069
712469.4613,0
712532.1081,0
712532.2874,0
712601.3768,0
712911.3404,0
712984.9228000001,0
713200.5321,0
713322.765,0
713326.3257,0
713406.5886,0
713703.5377,0
713941.2416,0
714107.8049999999,0
714143.5317,0
714201.6739,0
714336.9017,0
714515.8789,20535.575399999972
714546.9995,0
715097.744,0
715295.7601,0
715358.0086000001,0
715932.0545,0
715964.6166,0
715989.8986,0
716165.7713,0
716326.7474,0
716564.0487,0
716778.3995,0
716807.3921,0
716855.3715,0
716877.6836,0
717340.4113,0
717540.9542,0
717625.6333,0
717738.7246,0
717745.3148,0
717749.6571,0
717911.0733,9849.97900000005
717952.3915,0
717996.8488333334,0
718192.8708,0
718381.9434,0
718442.5687,0
718646.4183,0
718708.3596,0
718759.6575,0
719147.7,0
719171.8179,0
719211.241,0
719275.2554,0
719515.743,0
719592.2478,0
719925.1115,0
720091.3859,0
720183.1929,0
720373.147,2779.4814999999944
720764.781,0
720794.4351,0
721010.9774,0
721054.3106,0
721150.6034,0
721160.5591,0
721160.7469,0
721253.0606,0
721254.0809,0
721511.5702,0
721598.6355,20565.844799999963
721882.6969,0
721922.6506,13309.786800000002
722222.3723,0
722251.8589999999,0
722284.0883,46467.02769999998
722542.2206,0
722623.4373999999,0
722670.5234,33672.027599999914
722766.125,0
722915.7803,0
723172.56558,0
723346.1779,0
723362.0374,0
723618.5669,0
723630.4901,0
723691.5576,25583.837099999888
723775.7068,0
723964.1171,0
724077.0718,0
724220.427,0
724229.7543,0
724342.49045,0
724598.1261,305.13489999994636
724703.4876999999,0
724928.5193,0
725212.5926,0
725326.616,0
725667.9004,0
725696.2095,22043.628200000036
725728.5738,0
725755.3143,0
725839.9244,0
726430.4313,0
726656.8514,0
726798.9532,30428.11049999995
726954.371,0
727123.3201,0
727159.5538,0
727332.5289,0
727705.0983,0
727820.5969,0
728399.6153,0
728498.5602,0
728688.3983,0
728754.8538,0
728829.6247,0
728951.1603,0
729670.289,0
730032.4955,0
730071.1903,0
730323.1652,0
730498.0227,0
730516.9312,0
730668.3723,0
730817.3884,0
730839.0569,0
730870.5288,0
731071.8244,0
731107.9574,0
731222.0647,0
731443.7524,0
731484.6319,0
731820.1910999999,0
731853.8324,22711.645499999984
732102.1942,0
732269.8241,0
732585.2171,0
732802.2704,0
733028.3902,0
733028.4923,0
733205.2813,8575.702500000014
733362.2757,0
733417.6965,0
733658.8539,8137.967799999984
733729.8716,0
733894.7973,0
734288.6061,0
734404.5159,0
734451.733,0
734460.2519,0
734533.5997,5807.9707000000635
734657.2505,0
734756.5186,0
735017.7888,0
735055.4355,0
735440.388,0
735535.922,0
735714.851,0
735783.5588,0
735857.7784,0
735998.5013,0
736010.3742,0
736015.6335,0
736080.167,0
736233.0746,0
736238.7525,0
736292.2445,0
736647.4761,0
736961.7996,0
736981.0435,5574.901599999983
737054.7966,0
737057.6513,36442.255000000005
737384.3313,0
737553.4181,0
737667.4702,0
737836.674,0
737881.0099,0
737938.157,0
737973.5623,0
738057.2734,0
738150.3036,0
738513.5132,0
738550.216,0
738563.2244,0
738629.4445,0
738911.5067,0
738930.9604833333,0
738989.2431,0
739261.2930666667,0
739472.0218,0
739553.6735,6732.26820000005
739794.8433,0
740229.1197,0
740326.841,0
740361.01194,0
740519.961,0
740967.0849,0
741401.0,0
741435.4558,0
741523.1685,0
741647.5393,0
741683.7345,0
741797.9638,0
742251.3519,0
742284.0948,0
742361.6982,0
742516.7289,0
742627.2737,0
742900.9167,0
743151.482,0
743263.9737,0
743399.9382666667,0
743403.5683,0
743412.1126999999,0
743494.0204,0
743914.024,1317.4398999999976
744094.0427,0
744266.4559,0
744368.8427,0
744453.6413,0
744500.6962,0
744569.3626,0
744689.9456,0
744701.2073,0
744890.8675,0
744927.5012,0
744984.2977,0
744995.6863,0
745202.1141,0
745425.7045,0
745487.8974,0
745657.3863,0
746170.778,0
746243.6231,7540.230299999937
746480.2181,0
746600.83385,0
746629.1027,0
747203.8604,0
747205.5453,0
747308.222,0
747342.7321,0
747556.096,0
747570.0148,0
747778.3997,0
747969.163,0
748121.6563,0
748531.8725,0
748848.4854,0
748901.9554,0
748961.0766,0
748970.8302,0
749183.5713,0
749229.8828,0
749749.4131,32557.947399999946
749843.6324,0
749903.8279,0
750110.1295,0
750129.1192,0
750329.4107,0
750346.1923,0
750528.2901,0
750624.6529,0
750690.2523,0
751097.5619,0
751222.3307,0
751580.6536,0
751678.646,0
751843.3908,0
751939.1651,0
752032.3403,0
752530.6907,0
752666.0386,0
753329.1702,0
753438.1686,0
753649.6112,0
753772.5908,0
753786.1585,0
754175.8862,0
754236.3663,0
754351.4523,0
754656.9705,0
754675.2892,0
754677.822,0
754817.8112,0
754838.9812,0
754905.4857,0
755161.6299,0
755463.7745,0
755768.9474,0
755827.2992,0
755967.13666,0
756201.2437,0
756259.1410000001,0
756328.8707,0
756648.7954,0
756671.9119,0
756907.3707,0
757004.5603,0
757054.8565,0
757061.9131,0
757879.2536666667,0
757879.3239,0
757950.2693,0
758007.3589,0
758209.6393,0
758252.0164,0
758270.4544,0
758283.5399,0
758291.1202,0
758318.1023,0
758358.8666,0
758399.9925,0
758420.4398,0
758915.5637,4649.116620000103
758976.128,0
759085.7291,0
759160.4408,0
759193.7334499999,0
759315.8944,0
759515.0866,0
759834.0893,0
759984.4135,0
760304.174,0
760548.379,0
760903.3409,0
760949.7203,0
761015.1864,0
761450.7386,0
761484.8139,0
761501.3956,0
761559.2611,0
761599.5274,0
761793.2939,0
761835.2093,0
761926.6247,0
762147.4034,0
762158.0265,0
762303.6809,0
762374.8321,0
762557.5088,0
762610.5668,0
762679.4662,0
762707.0485,0
762781.0491,0
762848.3609,0
763051.6574,0
763078.4134,0
763439.3954,0
763842.686,0
764660.1435,0
764702.5199,0
765058.7841,0
765292.1118,0
765486.6714999999,0
765581.8812,0
765602.7964,0
765899.3145,0
766106.8616,0
766252.5432,0
766253.0434,0
766445.6954,0
766562.7023,0
766643.4815,0
766707.5156,0
767350.2079,0
767454.2404,0
767471.2351,0
767519.5663000001,0
767537.8101,0
767582.0872,0
767631.6931,0
767642.0168,0
767912.9552,0
767939.0917,0
768103.4381,0
768391.7584,0
768546.9432,0
768607.1341,0
768636.0077,0
768721.4074,0
769022.8718,0
769177.2061,0
769548.9213,0
769577.6554,18195.070600000094
769600.5554,0
769608.2029,0
769648.6949,0
769665.1653,0
770035.1601,11989.705100000021
770138.9181,0
770179.1348,0
770451.131,0
770530.0974,0
770845.4544,0
770853.0397,0
770876.4262,0
771004.2998,0
771082.6805,0
771108.1256,0
771119.8818,0
771281.024,0
771590.7102,0
771861.6091,0
771882.9857,0
771944.1238,0
771985.402,0
772148.821,0
772296.1788,0
772342.2014,0
772372.5672,0
772466.4142,0
772645.3864,0
772710.7077,0
772749.6193,0
772802.0114,0
772880.1463,0
772933.6147,0
773178.3502,0
773360.6294,0
773784.3896999999,0
773791.3301,0
773887.7454,0
773901.6103000001,0
773980.7873,0
774067.5601,0
774212.1675,0
774242.8035,0
774312.5981000001,0
774361.808,0
774627.5482,0
774725.953,0
774949.8889,0
774959.904,0
775037.6796,0
775160.2617,0
775293.3529,0
775347.5307,0
775588.8329,0
775848.8374,0
776527.8307,0
776593.31,0
776748.4316,0
776860.4729,0
776868.8401,0
776977.6543,0
777035.1379,0
777106.1285,0
777119.3684,0
777271.1852,0
777282.9794,0
777328.0451,0
777414.1202,0
-----Simulation END-----
